{"tonal": {"chords_number_rate": 0.0026435952168, "thpcp": [1, 0.569354772568, 0.436614394188, 0.77236187458, 0.4398637712, 0.088473983109, 0.0812420547009, 0.0980242937803, 0.543974518776, 0.972062706947, 0.553128600121, 0.133988365531, 0.105442591012, 0.0740104988217, 0.462406098843, 0.791848063469, 0.412085950375, 0.225155934691, 0.268997371197, 0.122013136744, 0.079483628273, 0.0996484532952, 0.109225258231, 0.330986589193, 0.451649934053, 0.248223125935, 0.13234397769, 0.111293531954, 0.0910446494818, 0.315187603235, 0.554550766945, 0.313126385212, 0.0521507523954, 0.0429457984865, 0.0636162385345, 0.529116749763], "hpcp": {"dvar": [0.0306729506701, 0.0125099578872, 0.00424820045009, 0.0028536177706, 0.00414841482416, 0.0155187109485, 0.0448067300022, 0.0214496981353, 0.0138204973191, 0.0328646525741, 0.0207269843668, 0.00818927399814, 0.00687063578516, 0.00679358281195, 0.0159815251827, 0.0401193760335, 0.0240977909416, 0.00755388103426, 0.00890537258238, 0.00919440202415, 0.0115534095094, 0.0231766141951, 0.0091493409127, 0.012273487635, 0.0133194634691, 0.00640002544969, 0.00701095117256, 0.00747986091301, 0.00833753589541, 0.0170413404703, 0.0225059445947, 0.0127892252058, 0.0121201695874, 0.0117927202955, 0.00800105649978, 0.0143004702404], "mean": [0.161560416222, 0.091224886477, 0.0151933748275, 0.0125116435811, 0.0185336787254, 0.154150590301, 0.29133567214, 0.165873348713, 0.127201348543, 0.225016564131, 0.128148004413, 0.0257756263018, 0.0236687082797, 0.0285579729825, 0.158479183912, 0.283196538687, 0.161146089435, 0.0390355885029, 0.0307191871107, 0.0215618982911, 0.134715393186, 0.230693593621, 0.12005534023, 0.0655959546566, 0.0783685296774, 0.0355467796326, 0.0231564156711, 0.029031150043, 0.0318212136626, 0.0964282006025, 0.131581738591, 0.0723162516952, 0.0385565236211, 0.0324237756431, 0.0265245530754, 0.0918253883719], "min": [0, 0, 0, 0, 0, 0, 0, 0, 0, 0, 0, 0, 0, 0, 0, 0, 0, 0, 0, 0, 0, 0, 0, 0, 0, 0, 0, 0, 0, 0, 0, 0, 0, 0, 0, 0], "median": [0.00634321151301, 0.00380166806281, 0.000159533388796, 6.46752232569e-05, 0.000235894185607, 0.0338757298887, 0.0671529024839, 0.0402096696198, 0.0035439406056, 0.00137381406967, 0.00112663803156, 0.000376331503503, 0.000225421856157, 0.000605483015534, 0.0240928474814, 0.0426286384463, 0.0279634669423, 0.000654882926028, 0.000213484032429, 0.000445594167104, 0.00614626007155, 0.00946354772896, 0.0176814515144, 0.000757679808885, 0.000339758669725, 0.000308685295749, 0.000926160661038, 0.00143138261046, 0.00296325678937, 0.00350308860652, 0.00508396187797, 0.00327721447684, 0.000340500992024, 0.000317976810038, 0.000362873077393, 0.00384824210778], "dvar2": [0.066501006484, 0.0289677903056, 0.0110400589183, 0.00760287139565, 0.0123043479398, 0.0353193171322, 0.090485624969, 0.0505249537528, 0.0338305346668, 0.0654943361878, 0.046978674829, 0.0256187096238, 0.0198628660291, 0.0189350005239, 0.0359919667244, 0.0834083110094, 0.0633379369974, 0.0189952775836, 0.0286913048476, 0.025797335431, 0.0271931998432, 0.0481670573354, 0.0230495911092, 0.0308580808342, 0.0336227416992, 0.0168323684484, 0.0198126062751, 0.019617671147, 0.0212657991797, 0.0420962572098, 0.0488641671836, 0.0324381105602, 0.0312584936619, 0.0279325377196, 0.0199298672378, 0.0363260172307], "var": [0.107648856938, 0.0339515283704, 0.00532029708847, 0.00409278273582, 0.00563472928479, 0.0455556251109, 0.154626876116, 0.0498455390334, 0.0459299311042, 0.141596421599, 0.0468349568546, 0.0101984934881, 0.0116721838713, 0.0104188537225, 0.0536884330213, 0.155697658658, 0.050847876817, 0.0216894131154, 0.0171999689192, 0.00831547472626, 0.0436632931232, 0.125704810023, 0.0310324747115, 0.0316513329744, 0.0452800057828, 0.00996395293623, 0.00711008161306, 0.00835166499019, 0.00927152764052, 0.0403203107417, 0.0720771402121, 0.026406975463, 0.0231118686497, 0.0170117244124, 0.0122133335099, 0.0331156030297], "dmean2": [0.103910177946, 0.0672777146101, 0.0218765623868, 0.0173864588141, 0.0303423795849, 0.110630132258, 0.171170771122, 0.1308555305, 0.0890445932746, 0.114798665047, 0.106885246933, 0.0466319173574, 0.0336457155645, 0.0432587116957, 0.110977217555, 0.148247271776, 0.13778975606, 0.0446901880205, 0.0416880063713, 0.0407418273389, 0.0766506716609, 0.104732111096, 0.0759414806962, 0.0596648454666, 0.0605552494526, 0.0389831475914, 0.0406595878303, 0.047767277807, 0.0533582605422, 0.0872332975268, 0.0989914536476, 0.0706852301955, 0.048490088433, 0.0466373004019, 0.0384057611227, 0.0729317367077], "max": [1, 1, 1, 1, 1, 1, 1, 1, 1, 1, 1, 1, 1, 1, 1, 1, 1, 1, 1, 1, 1, 1, 1, 1, 1, 1, 1, 1, 1, 1, 1, 1, 1, 1, 1, 1], "dmean": [0.0595763921738, 0.0395988039672, 0.0128778386861, 0.0101077454165, 0.0169044174254, 0.0697246715426, 0.103762917221, 0.0796837285161, 0.0558206997812, 0.069170370698, 0.0651075392962, 0.0253138933331, 0.0192644391209, 0.0248590484262, 0.0695312395692, 0.0878043919802, 0.0827992707491, 0.0262590292841, 0.0225756727159, 0.0227161645889, 0.0470311306417, 0.0622210353613, 0.0456304773688, 0.035000693053, 0.0363644845784, 0.0229550749063, 0.0230846554041, 0.0279856286943, 0.0304002203047, 0.0513563007116, 0.0610960386693, 0.0429698936641, 0.0280493758619, 0.0280207209289, 0.0226643364877, 0.0428825952113]}, "key_strength": 0.65025550127, "chords_strength": {"dvar": 0.000522488146089, "mean": 0.44471591711, "min": -1, "median": 0.467289060354, "dvar2": 0.000924461055547, "var": 0.0532467998564, "dmean2": 0.00643124198541, "max": 0.673677265644, "dmean": 0.010308011435}, "tuning_equal_tempered_deviation": 0.0338099449873, "chords_key": "G", "tuning_frequency": 440, "chords_scale": "major", "chords_changes_rate": 0.0502283088863, "key_scale": "major", "tuning_diatonic_strength": 0.475152075291, "hpcp_entropy": {"dvar": 0.141619861126, "mean": 1.32680404186, "min": 0, "median": 1.11806058884, "dvar2": 0.33706843853, "var": 0.584411919117, "dmean2": 0.492839396, "max": 4.57761383057, "dmean": 0.291527181864}, "chords_histogram": [3.91732764244, 15.3328523636, 41.9130020142, 4.51814460754, 0, 0, 2.54746460915, 0.576784431934, 1.87454938889, 0.43258830905, 0, 0, 0, 0, 0, 1.7303532362, 0, 1.00937271118, 0, 3.4607064724, 0, 0.288392215967, 16.5104541779, 5.88800764084], "tuning_nontempered_energy_ratio": 0.609242320061, "key_key": "C"}, "metadata": {"version": {"extractor": "music 1.0", "essentia_build_sha": "70f2e5ece6736b2c40cc944ad0e695b16b925413", "essentia": "2.1-beta2", "essentia_git_sha": "v2.1_beta2"}, "audio_properties": {"sample_rate": 44100, "length": 193.160003662, "lossless": true, "analysis_sample_rate": 44100, "downmix": "mix", "bit_rate": 0, "equal_loudness": 0, "md5_encoded": "a373c496bb5f38682ee570cf2db1c05d", "codec": "flac", "replay_gain": -4.87190628052}, "tags": {"disctotal": ["1"], "genre": ["Indie Rock", "Indie", "Electronic", "Shoegaze", "British", "Electricheat", "Post Rock", "Post-Rock", "Alternative", "Explicit Lyrics", "Slashedsunshine"], "catalognumber": ["CAD 2209 CD"], "releasecountry": ["GB"], "musicbrainz_recordingid": ["02a9f20d-0ed1-45f2-99b1-db6e45ba2a10"], "language": ["eng"], "title": ["Certainty"], "releasetype": ["album"], "discnumber": ["1"], "artistsort": ["Piano Magic"], "originaldate": ["2002-06-10"], "musicbrainz_artistid": ["88861c95-0cd8-4710-81ef-6cecd7ea8ff5"], "tracknumber": ["6"], "musicbrainz_albumartistid": ["88861c95-0cd8-4710-81ef-6cecd7ea8ff5"], "totaltracks": ["11"], "barcode": ["652637220926"], "tracktotal": ["11"], "date": ["2002-06-10"], "albumartistsort": ["Piano Magic"], "musicbrainz_releasegroupid": ["2dfaf7ec-c059-330a-bc4d-3dbce733d874"], "media": ["CD"], "owner": ["-=udachee=-"], "musicip_puid": ["0c249f73-e49e-eef9-3977-19ffe671d373"], "label": ["4AD"], "albumartist": ["Piano Magic"], "asin": ["B00006642R"], "script": ["Latn"], "musicbrainz_albumid": ["3f2d2c25-0f6d-4ef8-a16d-491f23ffb944"], "file_name": "06. Certainty.flac", "releasestatus": ["official"], "totaldiscs": ["1"], "album": ["Writers Without Homes"], "artist": ["Piano Magic"]}}, "lowlevel": {"melbands": {"dvar": [2.8735779381e-11, 3.64522662055e-10, 5.27997144673e-07, 2.87085072159e-07, 3.70878971978e-08, 4.89366094314e-08, 2.73903225434e-07, 1.45607168633e-06, 5.53753238819e-07, 5.73119116609e-08, 3.548383809e-10, 3.27239604303e-08, 4.95905851494e-07, 3.09954117483e-07, 3.73304231971e-08, 2.0435657333e-10, 3.76373571198e-10, 2.20003959495e-10, 5.7257042857e-11, 3.19746278066e-11, 1.63009970106e-11, 1.45769958604e-11, 7.01598197941e-12, 8.582226943e-12, 1.01770293581e-11, 9.52272913302e-11, 7.81912729009e-12, 1.06182085693e-11, 2.43000654321e-11, 2.20181012311e-10, 5.03702461685e-11, 1.00946154213e-10, 3.38468628125e-11, 7.68643482196e-12, 2.80097863306e-12, 1.1788506369e-12, 7.97784744083e-13, 2.92055355594e-12, 9.66784052987e-13, 8.60008678855e-13], "mean": [8.68164875101e-07, 6.25840175417e-06, 0.000782944029197, 0.000555805454496, 0.000122141194879, 0.00019201883697, 0.00074283790309, 0.00142751599196, 0.000998867559247, 0.000235783314565, 9.32234434003e-06, 4.16421462432e-05, 0.000171200445038, 0.000145539393998, 4.95495114592e-05, 9.8190139397e-06, 1.54250265041e-05, 9.1570245786e-06, 5.18520937476e-06, 2.62744242718e-06, 8.27385179036e-07, 6.22287245733e-07, 3.71991660586e-07, 7.75571209033e-07, 5.50024196855e-07, 4.20814984636e-07, 3.56985168537e-07, 5.90353238294e-07, 3.25972933979e-07, 4.68391021968e-07, 4.66122259013e-07, 5.32933370323e-07, 4.20286113467e-07, 2.29216695402e-07, 1.59853755122e-07, 1.02821346104e-07, 9.16613771551e-08, 9.80055432365e-08, 9.10649760044e-08, 8.45259862103e-08], "min": [7.95616759317e-25, 6.93944372244e-25, 1.17018206731e-24, 8.18862961776e-25, 1.53581870245e-24, 1.31501702811e-24, 6.66588549595e-25, 1.83427002644e-24, 7.09110025932e-25, 2.54753991314e-24, 2.26794118149e-24, 1.65536781162e-24, 2.22471278718e-24, 2.54751033086e-24, 2.94638404252e-24, 2.25929763255e-24, 3.39211727524e-24, 3.26240093229e-24, 3.20156733194e-24, 3.67572697016e-24, 3.42165972171e-24, 2.84628922934e-24, 2.92815622801e-24, 2.72048129775e-24, 3.58410432589e-24, 3.07499321919e-24, 3.58210298578e-24, 5.51481930332e-24, 3.67058044162e-24, 3.57487780875e-24, 4.52116300735e-24, 5.05100537865e-24, 5.01277994019e-24, 5.0185386248e-24, 5.44729399312e-24, 5.38711297795e-24, 5.38789710569e-24, 5.93048865251e-24, 6.09892820514e-24, 5.82123970018e-24], "median": [1.18631945156e-07, 2.80461165403e-07, 6.07463589404e-05, 3.20650324284e-05, 4.55465851701e-06, 2.07059420063e-05, 0.000188797333976, 0.000726346042939, 0.00037878821604, 2.40726421907e-05, 2.05095193451e-06, 3.81214931622e-06, 6.14263035459e-06, 3.22835603583e-06, 2.32636375586e-06, 2.42021064878e-06, 1.85226826943e-06, 9.51318497755e-07, 4.60566866423e-07, 1.63402773978e-07, 6.04805237003e-08, 5.05025248287e-08, 1.61574114088e-08, 3.77697233489e-08, 2.04015719873e-08, 2.47138860487e-08, 2.12407602618e-08, 2.85695023194e-08, 1.22237526767e-08, 9.94366455842e-09, 6.49944009723e-09, 4.58174476137e-09, 3.39025785223e-09, 2.18408779951e-09, 1.31606048281e-09, 8.20333134754e-10, 4.52961168573e-10, 3.48167800146e-10, 2.15063994391e-10, 1.07546936634e-10], "dvar2": [3.62499370798e-11, 8.42136305135e-10, 1.04346429453e-06, 5.5642794905e-07, 5.73798288883e-08, 8.35705122881e-08, 3.98207305352e-07, 3.3183839605e-06, 8.6733587068e-07, 1.23971162225e-07, 6.9923539181e-10, 8.29546991099e-08, 1.23274810448e-06, 8.08239519756e-07, 9.48665075384e-08, 4.62330118634e-10, 7.98237365096e-10, 4.86843731995e-10, 1.25007920682e-10, 6.89554177646e-11, 4.70128901087e-11, 4.2025084801e-11, 1.59305641595e-11, 2.25547896332e-11, 2.59366625399e-11, 2.75585582132e-10, 2.12264979899e-11, 2.7111798917e-11, 6.71913150119e-11, 6.31766250425e-10, 1.36099395642e-10, 2.80368034344e-10, 8.65086127733e-11, 2.0043756585e-11, 6.15268860166e-12, 2.59165670695e-12, 1.77423288734e-12, 7.91367926051e-12, 2.31178531179e-12, 1.89542674091e-12], "var": [8.38094454947e-11, 6.11299344477e-10, 2.37367203226e-06, 1.25092344661e-06, 2.35349745026e-07, 4.33071988937e-07, 1.89578054233e-06, 4.27450504503e-06, 2.78913739749e-06, 2.87313667968e-07, 6.37277175475e-10, 4.18689225512e-08, 6.7667338044e-07, 3.76176330974e-07, 4.97660508358e-08, 4.05147276838e-10, 1.04478414809e-09, 5.12812348141e-10, 1.39454864323e-10, 8.00155636194e-11, 1.40022264616e-11, 1.03395304471e-11, 7.93307607105e-12, 8.69063068037e-12, 8.95613097573e-12, 5.34010960451e-11, 5.78485089692e-12, 9.12981409223e-12, 1.57547759561e-11, 1.27150928675e-10, 3.77880955693e-11, 7.35112387629e-11, 4.23760228296e-11, 7.16885101629e-12, 3.83962132922e-12, 2.00039724368e-12, 1.11055999466e-12, 2.21516576783e-12, 1.15556186581e-12, 1.02862900489e-12], "dmean2": [1.12136058306e-06, 5.48356501895e-06, 0.000279944040813, 0.00021447596373, 4.37074959336e-05, 7.58838505135e-05, 0.000257531617535, 0.000795790809207, 0.00040051509859, 8.40487336973e-05, 8.03722832643e-06, 4.43132485088e-05, 0.00021725143597, 0.00019932257419, 6.56249467283e-05, 7.87754288467e-06, 1.04594855657e-05, 7.23149560145e-06, 4.00509452447e-06, 2.09163476939e-06, 9.47546482166e-07, 8.79727053871e-07, 5.6190202713e-07, 1.08017673028e-06, 8.01213786872e-07, 7.51967604629e-07, 5.10786890118e-07, 8.26675773169e-07, 6.16780084783e-07, 9.8293105566e-07, 9.19491810691e-07, 9.97325287244e-07, 6.80300331624e-07, 3.67567679405e-07, 2.31815889151e-07, 1.53151518134e-07, 1.452035292e-07, 1.92269112631e-07, 1.48030068203e-07, 1.2583274156e-07], "max": [0.000513477425557, 0.000753967731725, 0.0139238666743, 0.0127535499632, 0.011842851527, 0.00585914961994, 0.00928742438555, 0.0187491271645, 0.0166476294398, 0.00376987899654, 0.0006479890435, 0.00426191976294, 0.0107525084168, 0.00977067742497, 0.00314744212665, 0.000284846988507, 0.000311860989314, 0.000368942739442, 0.000146822625538, 0.00013750292419, 0.000201279864996, 0.000182764677447, 0.000119554853882, 0.000123191421153, 0.000169176462805, 0.000657120195683, 0.000180839226232, 0.000167594145751, 0.000306297210045, 0.00100474432111, 0.000411361106671, 0.000619322352577, 0.000401147844968, 0.000136939604999, 8.70923031471e-05, 6.68557549943e-05, 5.2706724091e-05, 8.6643078248e-05, 5.62832246942e-05, 5.08117555e-05], "dmean": [7.11021527877e-07, 3.35149502462e-06, 0.000207116638194, 0.000159716466442, 3.31658520736e-05, 5.29586759512e-05, 0.000208538287552, 0.000555894803256, 0.000307250069454, 5.99783707003e-05, 5.23138351127e-06, 2.71355602308e-05, 0.000132139030029, 0.00011797247862, 3.95941606257e-05, 5.19953209732e-06, 6.99465681464e-06, 4.74975286124e-06, 2.70163423011e-06, 1.4325879647e-06, 6.19221225406e-07, 5.85603288528e-07, 3.58089408792e-07, 6.99823999639e-07, 5.24271229096e-07, 4.37104887396e-07, 3.11574154921e-07, 5.17167336511e-07, 3.57298233666e-07, 5.64734932595e-07, 5.41713973234e-07, 5.74483351556e-07, 4.47393659897e-07, 2.37525625835e-07, 1.53489352783e-07, 1.00004356796e-07, 9.35096835519e-08, 1.16705727748e-07, 9.4338744816e-08, 8.252440864e-08]}, "spectral_decrease": {"dvar": 5.34755391531e-18, "mean": -5.2779784987e-09, "min": -3.82407385757e-08, "median": -4.0727927697e-09, "dvar2": 1.11457765079e-17, "var": 2.53791204573e-17, "dmean2": 1.9581858357e-09, "max": 9.99455255563e-15, "dmean": 1.4407376403e-09}, "spectral_rolloff": {"dvar": 414360.3125, "mean": 1511.32568359, "min": 21.533203125, "median": 602.9296875, "dvar2": 1029318.25, "var": 12726397, "dmean2": 292.264953613, "max": 21834.6679688, "dmean": 162.56892395}, "melbands_crest": {"dvar": 9.77113342285, "mean": 20.8893432617, "min": 1.55423593521, "median": 20.5519142151, "dvar2": 24.6921024323, "var": 49.3889007568, "dmean2": 3.8030397892, "max": 38.3006973267, "dmean": 2.34837722778}, "barkbands_skewness": {"dvar": 0.997676968575, "mean": 2.19740343094, "min": -46.3250808716, "median": 1.97132718563, "dvar2": 2.2938888073, "var": 7.49249410629, "dmean2": 1.08542978764, "max": 17.1720676422, "dmean": 0.69191890955}, "spectral_centroid": {"dvar": 58089.4570312, "mean": 974.63885498, "min": 233.164154053, "median": 579.845336914, "dvar2": 120738.210938, "var": 2855944.75, "dmean2": 147.431289673, "max": 11876.4648438, "dmean": 93.2220916748}, "spectral_energyband_middle_low": {"dvar": 5.21786496392e-05, "mean": 0.0182093866169, "min": 1.56628989064e-22, "median": 0.0148608526215, "dvar2": 0.000104388680484, "var": 0.000274159741821, "dmean2": 0.00630689645186, "max": 0.107899986207, "dmean": 0.00479415757582}, "erbbands_crest": {"dvar": 11.4270963669, "mean": 20.3078174591, "min": 2.6319475174, "median": 20.722366333, "dvar2": 27.8040237427, "var": 58.3446044922, "dmean2": 4.20940303802, "max": 33.8111076355, "dmean": 2.59521484375}, "dynamic_complexity": 5.87667655945, "spectral_energyband_low": {"dvar": 4.5330540388e-07, "mean": 0.000501550151967, "min": 9.98876346347e-24, "median": 9.19399280974e-06, "dvar2": 7.57766031256e-07, "var": 2.54082920037e-06, "dmean2": 0.000161807736731, "max": 0.016632867977, "dmean": 0.000120585049444}, "silence_rate_60dB": {"dvar": 0.0179389752448, "mean": 0.18125000596, "min": 0, "median": 0, "dvar2": 0.0359365642071, "var": 0.148392513394, "dmean2": 0.0365472473204, "max": 1, "dmean": 0.0182714276016}, "erbbands_kurtosis": {"dvar": 67.6125335693, "mean": 10.07654953, "min": -1.87123382092, "median": 5.67165899277, "dvar2": 159.370895386, "var": 242.429382324, "dmean2": 7.01669359207, "max": 219.517532349, "dmean": 4.29811048508}, "spectral_complexity": {"dvar": 3.11233401299, "mean": 5.52728366852, "min": 0, "median": 6, "dvar2": 7.05519342422, "var": 12.4376707077, "dmean2": 1.69752347469, "max": 47, "dmean": 1.04964542389}, "barkbands_crest": {"dvar": 6.40613269806, "mean": 16.6199817657, "min": 2.67110991478, "median": 17.158788681, "dvar2": 15.7647762299, "var": 28.5049591064, "dmean2": 3.17212080956, "max": 26.853975296, "dmean": 1.95916795731}, "spectral_energy": {"dvar": 8.72803939274e-05, "mean": 0.0209998264909, "min": 9.91578558771e-21, "median": 0.0161813963205, "dvar2": 0.000183788855793, "var": 0.000403801590437, "dmean2": 0.0078940289095, "max": 0.15476295352, "dmean": 0.00578300887719}, "spectral_spread": {"dvar": 1084032417790.0, "mean": 3373782, "min": 234810.71875, "median": 1818470.625, "dvar2": 2411428577280.0, "var": 40624640229400.0, "dmean2": 1028716.5, "max": 42872012, "dmean": 640702.5}, "spectral_contrast_valleys": {"dvar": [0.214564800262, 0.291903704405, 0.333846509457, 0.319094628096, 0.287386894226, 0.295476466417], "mean": [-11.211771965, -8.46267032623, -9.87518882751, -10.6406555176, -10.840959549, -13.4169464111], "min": [-28.1801891327, -28.0488243103, -27.880241394, -27.8064231873, -27.5170211792, -27.454076767], "median": [-10.6653404236, -7.7835855484, -9.30200576782, -10.2035980225, -10.3279666901, -13.3030147552], "dvar2": [0.529060065746, 0.53227609396, 0.696718454361, 0.691050350666, 0.597239494324, 0.667046129704], "var": [7.45991802216, 10.7658405304, 9.25222682953, 8.40307807922, 8.20740127563, 6.1309337616], "dmean2": [0.860720574856, 0.714102089405, 0.739470601082, 0.706399023533, 0.605266928673, 0.721637248993], "max": [-7.03164339066, -4.97322225571, -5.93395996094, -5.94689941406, -5.9628276825, -7.69480800629], "dmean": [0.50983518362, 0.458955913782, 0.47313696146, 0.450276046991, 0.401585131884, 0.446501970291]}, "spectral_rms": {"dvar": 5.46338640106e-07, "mean": 0.00392486248165, "min": 3.1102952245e-12, "median": 0.00397325120866, "dvar2": 1.10455823688e-06, "var": 5.08325774717e-06, "dmean2": 0.000723803590517, "max": 0.0122877275571, "dmean": 0.000548831885681}, "barkbands_spread": {"dvar": 22.3408737183, "mean": 6.29371643066, "min": 0.115428045392, "median": 2.80574297905, "dvar2": 54.7148094177, "var": 107.714752197, "dmean2": 3.13280940056, "max": 100.762619019, "dmean": 1.96626508236}, "pitch_salience": {"dvar": 0.00473835412413, "mean": 0.40877482295, "min": 0.033291682601, "median": 0.402574837208, "dvar2": 0.0119465999305, "var": 0.0245893225074, "dmean2": 0.0797949954867, "max": 0.937467396259, "dmean": 0.0486660078168}, "erbbands_skewness": {"dvar": 0.592494308949, "mean": 1.69229340553, "min": -5.91881561279, "median": 1.66639351845, "dvar2": 1.44539237022, "var": 3.4463737011, "dmean2": 0.96040636301, "max": 12.6604852676, "dmean": 0.604638457298}, "spectral_energyband_middle_high": {"dvar": 4.2875057261e-05, "mean": 0.00269613554701, "min": 1.16784876821e-21, "median": 0.000513368519023, "dvar2": 0.000107825835585, "var": 5.80107625865e-05, "dmean2": 0.0030899872072, "max": 0.0798118412495, "dmean": 0.00188214797527}, "erbbands": {"dvar": [4.18982352812e-07, 4.18824238295e-05, 0.00644668051973, 7.88132953644, 106.614074707, 27.700345993, 24.8883037567, 102.81313324, 1044.83959961, 13337.0371094, 9456.04882812, 1962.01037598, 21.4356994629, 2670.03686523, 39358.9726562, 44300.0859375, 161.530456543, 95.5471420288, 89.9275588989, 33.2820091248, 9.2299413681, 10.7636995316, 8.7269411087, 17.5821113586, 52.8521156311, 24.9406528473, 70.021270752, 286.342346191, 183.403305054, 29.2722244263, 6.50812530518, 1.94780445099, 2.80719399452, 1.12627375126, 0.280339896679, 0.0167708694935, 0.00025727096363, 7.13943700248e-06, 1.15879757345e-07, 4.0456485384e-10], "mean": [0.000138550429256, 0.00191612937488, 0.0639381483197, 2.64696121216, 11.0447177887, 3.22865796089, 3.97288012505, 9.25494003296, 41.7338218689, 133.269897461, 133.994094849, 52.2772483826, 4.29753541946, 12.9596385956, 50.7637138367, 51.1138916016, 6.27412843704, 8.24251461029, 6.11205291748, 3.13497829437, 0.903815984726, 0.558438718319, 0.60597294569, 0.72564548254, 0.52889829874, 0.820348739624, 0.601209461689, 0.804546177387, 0.895430862904, 0.504885196686, 0.260598391294, 0.154681444168, 0.134154453874, 0.103542111814, 0.0509373918176, 0.0143348407, 0.00235229148529, 0.000359487399692, 4.55851077277e-05, 2.61839431914e-05], "min": [5.76953428546e-23, 5.54888446291e-22, 1.13781096443e-21, 5.41630231451e-21, 7.59292591055e-21, 1.85867548264e-20, 4.46745256191e-20, 7.0440439143e-20, 4.75467196569e-20, 1.1784652194e-19, 1.54695208106e-19, 4.00393906224e-19, 5.37521400781e-19, 5.66177987429e-19, 8.65323720055e-19, 1.05248868819e-18, 1.10678544398e-18, 1.95296804956e-18, 2.53257743389e-18, 2.60748008592e-18, 3.75925174751e-18, 3.84435415688e-18, 4.02323692743e-18, 4.91266908493e-18, 6.2185506985e-18, 8.76755366461e-18, 8.0168624433e-18, 7.95404800194e-18, 1.0050608402e-17, 9.93574279341e-18, 1.02110855767e-17, 9.55014841496e-18, 8.96915164196e-18, 7.53807872422e-18, 5.07626183545e-18, 3.89003603339e-18, 2.32759980335e-18, 9.56770036038e-19, 2.11670568593e-19, 2.63569163001e-20], "median": [3.64720690413e-05, 0.000347325083567, 0.00430481089279, 0.182661563158, 0.808079361916, 0.290737211704, 0.26798593998, 1.22559762001, 8.42648696899, 62.9731559753, 56.4223251343, 9.30651092529, 1.76033961773, 1.4611467123, 2.36691761017, 1.29365241528, 1.62579321861, 1.44416737556, 0.920940756798, 0.324029058218, 0.113291852176, 0.0566454827785, 0.034198872745, 0.0349476113915, 0.0430413559079, 0.0472844690084, 0.0220247004181, 0.0142011959106, 0.00869265012443, 0.00519005768001, 0.00248614209704, 0.000987528124824, 0.000488302961458, 0.000179132577614, 7.85967276897e-05, 4.31666412624e-05, 2.16458756768e-05, 6.01007559453e-06, 1.11767758426e-05, 1.98316683964e-05], "dvar2": [4.72481957559e-07, 9.97079914669e-05, 0.0111797302961, 14.1686258316, 219.171203613, 46.4972763062, 37.8064498901, 184.010574341, 1464.34606934, 30301.3300781, 14549.3037109, 4102.375, 45.992729187, 6727.37158203, 98103.15625, 114714.164062, 416.688140869, 200.226730347, 195.995147705, 67.2484588623, 26.399389267, 30.4526157379, 21.826051712, 45.3717308044, 150.496917725, 64.6230392456, 193.285507202, 794.291442871, 489.899993896, 72.4951705933, 14.4998407364, 4.22285795212, 6.94418096542, 2.42551136017, 0.618003070354, 0.0368466973305, 0.000571527692955, 1.90940627363e-05, 3.26602076939e-07, 1.0570276876e-09], "var": [1.21089351524e-06, 5.02505026816e-05, 0.0308653060347, 41.5103530884, 434.473724365, 99.4610519409, 230.043289185, 847.651733398, 7821.98193359, 39410.2539062, 48147.7734375, 10484.3720703, 51.6470451355, 3498.68505859, 53220.6679688, 55386.390625, 224.45552063, 266.13192749, 215.835998535, 87.0945205688, 9.49906730652, 8.1870508194, 9.20058917999, 14.9418325424, 31.6170558929, 20.3147525787, 45.9731712341, 189.219223022, 166.778121948, 35.8791351318, 9.63355827332, 3.19351243973, 2.81754016876, 1.44530320168, 0.329936653376, 0.0199602022767, 0.00028304225998, 5.2706805036e-06, 7.05484666241e-08, 6.950702236e-10], "dmean2": [0.000101087091025, 0.00162875407841, 0.0241311136633, 0.87565612793, 4.21211528778, 1.49842846394, 1.28214502335, 3.47423267365, 13.4795799255, 74.3298187256, 56.0219268799, 17.7434921265, 2.30805134773, 14.1661329269, 65.1369247437, 69.6767883301, 6.38281011581, 5.52653312683, 4.63034296036, 2.3662147522, 0.877451956272, 0.755355596542, 0.842374801636, 1.0213009119, 0.827785372734, 1.13851559162, 1.11204624176, 1.58408904076, 1.54672157764, 0.74864667654, 0.367399066687, 0.231213644147, 0.228540867567, 0.155696436763, 0.0797765925527, 0.0233355443925, 0.00464713154361, 0.00084606098244, 9.75938819465e-05, 1.3619517631e-05], "max": [0.0682313889265, 0.407785326242, 1.86047315598, 60.8494186401, 210.981781006, 383.155456543, 229.539016724, 264.950469971, 627.45111084, 1844.25305176, 2174.82910156, 678.477600098, 126.991668701, 1180.81420898, 3709.22802734, 3674.87402344, 192.936203003, 184.534423828, 246.978408813, 105.354789734, 133.801971436, 157.991531372, 129.169631958, 244.381637573, 487.246154785, 275.132263184, 395.446563721, 1126.82897949, 764.27545166, 242.702453613, 128.843170166, 81.9893875122, 83.9975204468, 49.5126495361, 25.3720264435, 5.90761566162, 0.588699877262, 0.0534037314355, 0.00692700594664, 0.000379981589504], "dmean": [7.03655241523e-05, 0.00102680723649, 0.01718448475, 0.65407794714, 3.11318206787, 1.09126543999, 0.991830170155, 2.44124507904, 11.1525287628, 51.8155593872, 42.5825271606, 13.1279115677, 1.55913591385, 8.64194583893, 39.4891242981, 41.3912467957, 3.94120287895, 3.6980483532, 3.07127189636, 1.61684072018, 0.5850045681, 0.503948092461, 0.54664093256, 0.66931271553, 0.49265781045, 0.717218279839, 0.652624726295, 0.93664586544, 0.936339080334, 0.501368880272, 0.249666199088, 0.148886695504, 0.1454346627, 0.10102199018, 0.0508534014225, 0.0144975734875, 0.00277966400608, 0.000482300354633, 5.4432410252e-05, 9.11081951926e-06]}, "dissonance": {"dvar": 0.00238794297911, "mean": 0.334080427885, "min": 0.0654583275318, "median": 0.338962674141, "dvar2": 0.0064150672406, "var": 0.0108419777825, "dmean2": 0.082209892571, "max": 0.499999910593, "dmean": 0.049284119159}, "erbbands_flatness_db": {"dvar": 0.00108909700066, "mean": 0.370545655489, "min": 0.0245621968061, "median": 0.391392946243, "dvar2": 0.00242817192338, "var": 0.013445305638, "dmean2": 0.0400190800428, "max": 0.592623710632, "dmean": 0.0275700669736}, "melbands_kurtosis": {"dvar": 353.429962158, "mean": 19.8681583405, "min": -1.89235949516, "median": 8.89681434631, "dvar2": 877.890441895, "var": 1298.14453125, "dmean2": 12.8809537888, "max": 651.889221191, "dmean": 7.94781160355}, "melbands_spread": {"dvar": 61.9704017639, "mean": 12.0497512817, "min": 0.252044260502, "median": 4.83529233932, "dvar2": 148.850753784, "var": 691.124755859, "dmean2": 4.74675798416, "max": 251.159591675, "dmean": 2.96136307716}, "melbands_skewness": {"dvar": 1.00794410706, "mean": 2.13697123528, "min": -2.65848040581, "median": 1.73049986362, "dvar2": 2.40473031998, "var": 5.18870544434, "dmean2": 1.05192482471, "max": 15.8347434998, "dmean": 0.68501329422}, "spectral_entropy": {"dvar": 0.194843679667, "mean": 5.63890647888, "min": 2.98690772057, "median": 5.33687019348, "dvar2": 0.447124868631, "var": 1.74384891987, "dmean2": 0.461818605661, "max": 9.82354354858, "dmean": 0.316804528236}, "zerocrossingrate": {"dvar": 0.000126095983433, "mean": 0.052630674094, "min": 0.005859375, "median": 0.02685546875, "dvar2": 0.000212352955714, "var": 0.0109505970031, "dmean2": 0.00591214792803, "max": 0.89111328125, "dmean": 0.00450076861307}, "average_loudness": 0.756972968578, "spectral_contrast_coeffs": {"dvar": [0.00235029379837, 0.00226915231906, 0.0019363372121, 0.00116761692334, 0.000801987713203, 0.000922463892493], "mean": [-0.543249666691, -0.55387121439, -0.65850931406, -0.714224815369, -0.799421310425, -0.801107764244], "min": [-0.982301592827, -0.992924273014, -0.977215528488, -0.98736423254, -0.970751225948, -0.965072393417], "median": [-0.525599956512, -0.527873396873, -0.647276103497, -0.701030254364, -0.804146409035, -0.798452854156], "dvar2": [0.00478614354506, 0.00474093854427, 0.00446086050943, 0.00261682714336, 0.00140848045703, 0.00189766555559], "var": [0.0369225852191, 0.0212598573416, 0.0171707924455, 0.0104337418452, 0.00526133878157, 0.00416559400037], "dmean2": [0.0740109756589, 0.0691549777985, 0.0675685629249, 0.0520925596356, 0.0385533608496, 0.0409604236484], "max": [-0.193410053849, -0.248291999102, -0.341615617275, -0.499021947384, -0.571856915951, -0.474621027708], "dmean": [0.0455233193934, 0.0456728190184, 0.0431725531816, 0.0335048250854, 0.0265640467405, 0.0260279495269]}, "barkbands_flatness_db": {"dvar": 0.0013478504261, "mean": 0.34950864315, "min": 0.0298694372177, "median": 0.365220487118, "dvar2": 0.00299660186283, "var": 0.0144679406658, "dmean2": 0.0446090660989, "max": 0.625441253185, "dmean": 0.0308910738677}, "silence_rate_30dB": {"dvar": 0.00454645510763, "mean": 0.996874988079, "min": 0, "median": 1, "dvar2": 0.012419863604, "var": 0.00311507703736, "dmean2": 0.0091368118301, "max": 1, "dmean": 0.00456785690039}, "spectral_energyband_high": {"dvar": 3.99727611011e-07, "mean": 7.7956217865e-05, "min": 6.67530715362e-21, "median": 1.44194007135e-06, "dvar2": 9.59580802373e-07, "var": 4.7807992587e-07, "dmean2": 0.000114780348667, "max": 0.0261645745486, "dmean": 7.36775255064e-05}, "melbands_flatness_db": {"dvar": 0.00172632688191, "mean": 0.415670096874, "min": 0.00277590518817, "median": 0.436028301716, "dvar2": 0.00377438939176, "var": 0.0210671797395, "dmean2": 0.0478456094861, "max": 0.712594032288, "dmean": 0.0338107831776}, "barkbands": {"dvar": [1.82996881537e-10, 5.16660214611e-10, 4.80058881536e-09, 3.46617753166e-06, 4.86926001031e-06, 1.22802157421e-06, 1.29077188831e-05, 2.24910345423e-05, 2.2875351533e-06, 2.19260041234e-08, 2.59508069576e-05, 1.85861354112e-05, 1.89136937223e-08, 2.71842424127e-08, 2.72266404977e-08, 2.85790857646e-09, 3.19950621552e-09, 3.33659166962e-09, 2.72127547163e-08, 9.02093422184e-09, 1.46244246935e-07, 9.95545974547e-08, 1.04833715042e-08, 7.39255900939e-09, 6.82845557876e-09, 1.99248006982e-10, 4.12222513069e-12], "mean": [8.76032572705e-07, 3.30318903252e-06, 2.46860727202e-05, 0.00175231695175, 0.00205550179817, 0.000956304837018, 0.00527915870771, 0.00660721911117, 0.00153592869174, 9.9534590845e-05, 0.00122757314239, 0.000995415146463, 8.29840428196e-05, 0.000131836524815, 0.000110151639092, 1.8236150936e-05, 9.9509697975e-06, 1.45372978295e-05, 1.01879704744e-05, 1.51659787662e-05, 1.70866842382e-05, 2.39155087911e-05, 1.00382239907e-05, 7.48895399738e-06, 8.42594272399e-06, 1.8506939341e-06, 2.19617206199e-07], "min": [1.50572438615e-26, 9.48950858212e-25, 8.78216560462e-25, 2.38007470233e-25, 4.83143738416e-24, 5.68709666426e-24, 3.12449936859e-24, 9.86057198865e-24, 1.58037222531e-23, 1.76814147337e-23, 1.4841719001e-23, 2.17352415524e-23, 2.14378204807e-23, 3.53309531758e-23, 4.69595107589e-23, 6.65810279148e-23, 5.19624003555e-23, 7.19136708361e-23, 1.33492885161e-22, 1.73433430285e-22, 2.07043158385e-22, 2.95198818927e-22, 3.85277520408e-22, 5.69394449756e-22, 7.97955095685e-22, 1.17664069242e-21, 1.95514134222e-21], "median": [1.02588856521e-07, 3.32686909132e-07, 5.22339178133e-07, 0.00011104629084, 9.53323251451e-05, 5.21419860888e-05, 0.00176950031891, 0.00293305236846, 0.000116182716738, 1.50326522999e-05, 4.26057813456e-05, 1.43882534758e-05, 2.18958848563e-05, 1.78215432243e-05, 9.27388919081e-06, 1.2834309473e-06, 9.01529972452e-07, 6.16017814536e-07, 6.21834828962e-07, 7.65422214499e-07, 4.08798513263e-07, 2.13857902054e-07, 9.5773721398e-08, 3.44310464584e-08, 1.06664144184e-08, 7.087408882e-09, 2.10684500956e-08], "dvar2": [5.08888875483e-10, 1.01397601426e-09, 1.0415166507e-08, 6.56411293676e-06, 9.26076336327e-06, 1.87258376627e-06, 2.26377287618e-05, 4.17188130086e-05, 4.72982992505e-06, 4.5627487566e-08, 6.46869448246e-05, 4.838791574e-05, 4.81718274159e-08, 5.82700820928e-08, 5.84289132632e-08, 8.23897483571e-09, 9.06386699029e-09, 8.36360669609e-09, 7.66026957422e-08, 2.33244286107e-08, 4.10722435618e-07, 2.60453646206e-07, 2.4961071432e-08, 1.79310823967e-08, 1.46676502055e-08, 4.15109002727e-10, 1.15909139925e-11], "var": [2.31944158324e-10, 8.66894223073e-10, 1.02402424318e-08, 1.74329961737e-05, 2.07912617043e-05, 1.26755094243e-05, 6.20960563538e-05, 9.26849243115e-05, 1.28797992147e-05, 5.21886747151e-08, 3.50251757482e-05, 2.29553043027e-05, 2.49902250005e-08, 7.40470440519e-08, 6.58760370698e-08, 3.95489596627e-09, 2.43620834617e-09, 3.66013730435e-09, 1.66375357935e-08, 7.43702655015e-09, 9.1575167005e-08, 1.02098567822e-07, 1.36062832112e-08, 8.07660427427e-09, 8.93111717915e-09, 2.40407721508e-10, 2.5215062243e-12], "dmean2": [1.53377857259e-06, 5.12993801749e-06, 1.87485420611e-05, 0.000622418476269, 0.000842728593852, 0.000348900211975, 0.00224670348689, 0.00333265401423, 0.000566325441469, 6.71484813211e-05, 0.00156717014033, 0.0013738325797, 7.32853004592e-05, 9.02380052139e-05, 8.49019997986e-05, 1.82068688446e-05, 1.47594564623e-05, 1.98050038307e-05, 1.7486672732e-05, 2.13161238207e-05, 3.46705201082e-05, 3.96793184336e-05, 1.49758707266e-05, 1.26381601149e-05, 1.25903225126e-05, 3.31008186549e-06, 5.72757130612e-07], "max": [0.000957690179348, 0.0017107615713, 0.00148790585808, 0.037348382175, 0.072759218514, 0.0310986973345, 0.0659287124872, 0.0782893002033, 0.0233447663486, 0.00448233308271, 0.0780285298824, 0.0766682401299, 0.00200661178678, 0.00369226303883, 0.00400897953659, 0.00174998037983, 0.00233931676485, 0.00254979450256, 0.0113332010806, 0.00533266691491, 0.0253484472632, 0.016796823591, 0.00436202855781, 0.00472264597192, 0.00383229670115, 0.000584004446864, 3.99523050874e-05], "dmean": [8.93443257155e-07, 3.07622849505e-06, 1.14672357086e-05, 0.000454793276731, 0.000625326298177, 0.000251756893704, 0.00170818879269, 0.0024359615054, 0.000397435913328, 4.51345513284e-05, 0.000950417364947, 0.000812472833786, 4.72308020107e-05, 6.01499996264e-05, 5.72754724999e-05, 1.16983201224e-05, 9.60742181633e-06, 1.29493892018e-05, 1.03990350908e-05, 1.33487037601e-05, 2.02594819712e-05, 2.42381393036e-05, 1.00351389847e-05, 7.99697318143e-06, 8.19349770609e-06, 2.04199841392e-06, 3.14524754685e-07]}, "erbbands_spread": {"dvar": 53.7003250122, "mean": 12.1705989838, "min": 0.437386095524, "median": 6.78348255157, "dvar2": 124.285812378, "var": 242.169570923, "dmean2": 5.81761598587, "max": 115.028747559, "dmean": 3.72724342346}, "barkbands_kurtosis": {"dvar": 741.38885498, "mean": 20.2320861816, "min": -1.94263625145, "median": 9.04135990143, "dvar2": 1132.00817871, "var": 3501.70507812, "dmean2": 12.1208734512, "max": 2586.52075195, "dmean": 7.66129827499}, "spectral_flux": {"dvar": 0.000770411512349, "mean": 0.0373185835779, "min": 6.3849987797e-11, "median": 0.0199800990522, "dvar2": 0.00185969553422, "var": 0.001580277225, "dmean2": 0.0318557322025, "max": 0.246497437358, "dmean": 0.0197997651994}, "silence_rate_20dB": {"dvar": 0, "mean": 1, "min": 1, "median": 1, "dvar2": 0, "var": 0, "dmean2": 0, "max": 1, "dmean": 0}, "gfcc": {"cov": [[33581.6289062, 5233.55859375, -4031.11425781, -1055.17614746, -2180.78027344, -717.266967773, -1261.24499512, -390.989624023, -1275.39770508, 147.25491333, -1040.81188965, -1375.57519531, -883.780700684], [5233.55859375, 4251.65039062, -548.389404297, -1477.50610352, 340.912841797, -524.348571777, 146.07723999, -514.139770508, -419.904998779, -429.328491211, -162.731414795, -650.93347168, -302.89074707], [-4031.11425781, -548.389404297, 1854.29772949, 430.449157715, 232.443237305, 475.61315918, -59.3282012939, -22.6068935394, -142.505554199, -212.050994873, -122.974151611, 157.615127563, -42.1343460083], [-1055.17614746, -1477.50610352, 430.449157715, 1652.19885254, -46.1909141541, 307.532897949, -72.8503112793, -15.0288190842, -64.6361694336, -125.343170166, -167.519714355, 152.754272461, 138.501251221], [-2180.78027344, 340.912841797, 232.443237305, -46.1909141541, 649.604125977, 8.02492332458, 164.082122803, -47.398891449, -101.409255981, -147.69744873, 43.7361984253, -49.0709037781, 5.89306926727], [-717.266967773, -524.348571777, 475.61315918, 307.532897949, 8.02492332458, 429.921966553, 59.6683692932, 12.35160923, -29.0696868896, -12.4983701706, -116.179473877, 5.93984031677, -48.1375007629], [-1261.24499512, 146.07723999, -59.3282012939, -72.8503112793, 164.082122803, 59.6683692932, 391.614562988, -56.1432762146, 53.6318473816, -43.6458740234, 49.2616958618, -61.2292556763, -11.1684207916], [-390.989624023, -514.139770508, -22.6068935394, -15.0288190842, -47.398891449, 12.35160923, -56.1432762146, 263.944396973, 80.7905426025, 132.472564697, 67.3281860352, 96.998298645, 9.29526233673], [-1275.39770508, -419.904998779, -142.505554199, -64.6361694336, -101.409255981, -29.0696868896, 53.6318473816, 80.7905426025, 361.275146484, 147.113037109, 95.7883224487, 105.7423172, 103.357810974], [147.25491333, -429.328491211, -212.050994873, -125.343170166, -147.69744873, -12.4983701706, -43.6458740234, 132.472564697, 147.113037109, 313.855407715, 118.269126892, 47.9434280396, 25.1478557587], [-1040.81188965, -162.731414795, -122.974151611, -167.519714355, 43.7361984253, -116.179473877, 49.2616958618, 67.3281860352, 95.7883224487, 118.269126892, 322.562988281, 180.141036987, 48.7246513367], [-1375.57519531, -650.93347168, 157.615127563, 152.754272461, -49.0709037781, 5.93984031677, -61.2292556763, 96.998298645, 105.7423172, 47.9434280396, 180.141036987, 340.921112061, 128.362030029], [-883.780700684, -302.89074707, -42.1343460083, 138.501251221, 5.89306926727, -48.1375007629, -11.1684207916, 9.29526233673, 103.357810974, 25.1478557587, 48.7246513367, 128.362030029, 183.574188232]], "mean": [-224.453567505, 139.259918213, -133.107940674, -43.9039421082, -75.0667037964, -30.5073032379, -26.9917144775, -13.0724382401, -13.4273719788, 2.64256358147, -10.1718063354, -28.5852394104, -20.5475826263], "icov": [[0.000285174930468, -0.000498905254062, 0.000677990727127, -0.000257770414464, 0.000731460982934, -0.000557640800253, 0.000639451958705, -0.000222759132157, 0.000789192970842, -0.000505441916175, 0.000505196745507, -0.000338506797561, 0.000507817720063], [-0.000498905254062, 0.00187826785259, -0.00115120317787, 0.00119589571841, -0.00135714677162, 0.001613684115, -0.00103046756703, 0.00142425659578, -0.000987321254797, 0.00184524571523, -0.00103097199462, 0.00160430266988, -0.000682430225424], [0.000677990727127, -0.00115120317787, 0.00264263059944, -0.000542122172192, 0.0013115759939, -0.00241054827347, 0.00197530467995, -0.000333746575052, 0.00185992137995, -0.000670719076879, 0.00139155425131, -0.00159325113054, 0.00163243245333], [-0.000257770414464, 0.00119589571841, -0.000542122172192, 0.00169094500598, -0.000619704893325, 0.000295323377941, -0.000414896116126, 0.000925907399505, -0.000129147694679, 0.00146450847387, -0.00020368747937, 0.00069977081148, -0.00120593840256], [0.000731460982934, -0.00135714677162, 0.0013115759939, -0.000619704893325, 0.00432663597167, -0.00150551507249, 0.000890149269253, -0.00135087966919, 0.00266826967709, -0.000154366367497, -0.000157286587637, 0.000578799925279, -0.000204446274438], [-0.000557640800253, 0.001613684115, -0.00241054827347, 0.000295323377941, -0.00150551507249, 0.00671837897971, -0.00303605617955, 0.00116291246377, -0.00118417094927, -0.000500465801451, 0.00159379991237, -0.000282362947473, 0.00127793091815], [0.000639451958705, -0.00103046756703, 0.00197530467995, -0.000