{"metadata": {"audio_properties": {"downmix": "mix", "bit_rate": 222252, "lossless": false, "md5_encoded": "64fba3c8b02c80c83fd2e46a511303df", "analysis_sample_rate": 44100, "sample_rate": 44100, "replay_gain": -15.1518764496, "equal_loudness": 0, "codec": "mp3", "length": 146.782043457}, "tags": {"musicbrainz_albumid": ["fc846c6a-b8e2-4fc2-8c8a-d6a98b81d485"], "musicbrainz_recordingid": ["3ee6ce7d-e11b-4caa-8408-7fc69a18d35e"], "tracknumber": ["4/23"], "artist": ["Dusty Springfield"], "barcode": ["602498403051"], "album": ["At Her Very Best: Dusty Springfield"], "musicbrainz album type": ["album/compilation"], "originaldate": ["2006"], "albumartist": ["Dusty Springfield"], "asin": ["B000FMR3US"], "media": ["CD"], "musicbrainz_albumartistid": ["b896aa8c-2761-40ce-b485-0e1fffd26167"], "file_name": "104-dusty_springfield-i_wanna_make_you_happy-r6.mp3", "musicbrainz album release country": ["GB"], "musicbrainz_artistid": ["b896aa8c-2761-40ce-b485-0e1fffd26167"], "catalognumber": ["9840305"], "albumartistsort": ["Springfield, Dusty"], "script": ["Latn"], "label": ["Universal Music TV"], "musicbrainz album status": ["official"], "date": ["2006"], "title": ["I Wanna Make You Happy"], "language": ["English"], "discnumber": ["1/2"], "artistsort": ["Springfield, Dusty"], "encodedby": ["lame 3.90.3 APS"], "musicbrainz_releasegroupid": ["bb5da123-34e8-34a6-b3f5-cb7e36d05d4b"], "genre": ["Yep/Alternative/Singer/Soul/Pop"]}, "version": {"essentia_build_sha": "70f2e5ece6736b2c40cc944ad0e695b16b925413", "essentia_git_sha": "v2.1_beta2", "extractor": "music 1.0", "essentia": "2.1-beta2"}}, "tonal": {"chords_scale": "minor", "hpcp": {"dmean": [0.0660453140736, 0.0823683142662, 0.11467538774, 0.151641413569, 0.140289515257, 0.117901161313, 0.0969168022275, 0.089754216373, 0.122881986201, 0.136618793011, 0.114399507642, 0.0917717218399, 0.0833887830377, 0.0801489800215, 0.0906042978168, 0.109583847225, 0.111409880221, 0.12796394527, 0.149733752012, 0.132727354765, 0.106875553727, 0.106588944793, 0.125654399395, 0.152528837323, 0.184379771352, 0.193976774812, 0.203199490905, 0.20315849781, 0.189378142357, 0.184955194592, 0.170568481088, 0.137166112661, 0.104603491724, 0.0851102247834, 0.0719804167747, 0.0650932639837], "dvar2": [0.0557943992317, 0.0718029215932, 0.0901219621301, 0.125889137387, 0.110677473247, 0.105490766466, 0.0941553264856, 0.0777236968279, 0.102429285645, 0.105893023312, 0.0874963402748, 0.0766314268112, 0.0736688748002, 0.0739677548409, 0.0786335468292, 0.0925524830818, 0.0915858075023, 0.100460149348, 0.129553586245, 0.112901128829, 0.104493469, 0.106393024325, 0.132031977177, 0.149019598961, 0.182121753693, 0.178042948246, 0.190188959241, 0.193536013365, 0.187082290649, 0.159552305937, 0.137458130717, 0.11528159678, 0.0870042070746, 0.0815456658602, 0.0629162862897, 0.0589887388051], "mean": [0.061021823436, 0.0775742679834, 0.132448330522, 0.198549374938, 0.177236944437, 0.114355698228, 0.0822976529598, 0.0805777087808, 0.14177916944, 0.183912396431, 0.137441188097, 0.0897792205215, 0.0776609033346, 0.0746619179845, 0.100076712668, 0.125009015203, 0.120163410902, 0.166286274791, 0.218513354659, 0.163010776043, 0.0963739603758, 0.0880785286427, 0.103903755546, 0.144241079688, 0.197112187743, 0.215286403894, 0.20230025053, 0.179900556803, 0.158225595951, 0.202708467841, 0.238937795162, 0.175510749221, 0.106285110116, 0.0856681242585, 0.0741795599461, 0.0608473308384], "var": [0.0188008844852, 0.0266681145877, 0.0464292541146, 0.0836979150772, 0.0676940232515, 0.0433323457837, 0.0295434333384, 0.0260204281658, 0.0522153973579, 0.075386017561, 0.0464979931712, 0.0311217866838, 0.0293695889413, 0.0273861866444, 0.035438042134, 0.0448433049023, 0.0410788804293, 0.0580566972494, 0.0957690030336, 0.0589017011225, 0.036671962589, 0.0320587381721, 0.043402813375, 0.0561117492616, 0.0786999464035, 0.0852184146643, 0.0834922492504, 0.0765985995531, 0.0601587407291, 0.0727513357997, 0.0958575457335, 0.0702358856797, 0.039531301707, 0.0353204347193, 0.0301946941763, 0.0204485394061], "dmean2": [0.117083847523, 0.145050629973, 0.197209402919, 0.258171260357, 0.239523857832, 0.207922935486, 0.174477234483, 0.160420939326, 0.212977156043, 0.233041808009, 0.196358650923, 0.161349669099, 0.149124979973, 0.14315636456, 0.159045740962, 0.190934062004, 0.194612622261, 0.216552644968, 0.261258155107, 0.231983780861, 0.1922378093, 0.192407280207, 0.225025102496, 0.27134886384, 0.324837088585, 0.342522501945, 0.357160776854, 0.362857043743, 0.34271723032, 0.325963646173, 0.293819636106, 0.240672647953, 0.182782143354, 0.149837359786, 0.125878959894, 0.115102417767], "dvar": [0.0205102134496, 0.0270101428032, 0.0354112125933, 0.0493734776974, 0.0431650355458, 0.0405941046774, 0.0348398312926, 0.0284373238683, 0.0387610010803, 0.0416122861207, 0.0329958498478, 0.0285360142589, 0.0279063247144, 0.027054252103, 0.0287529435009, 0.0346453152597, 0.0359047017992, 0.0387330837548, 0.0508359186351, 0.0425886139274, 0.0382950939238, 0.039246045053, 0.0495820567012, 0.055444419384, 0.0651066377759, 0.0660205408931, 0.072084993124, 0.074564114213, 0.0672543868423, 0.0594514459372, 0.0531213246286, 0.0452910736203, 0.0328482687473, 0.0307735074311, 0.0244513861835, 0.0218839123845], "min": [0, 0, 0, 0, 0, 0, 0, 0, 0, 0, 0, 0, 0, 0, 0, 0, 0, 0, 0, 0, 0, 0, 0, 0, 0, 0, 0, 0, 0, 0, 0, 0, 0, 0, 0, 0], "median": [0.0130210686475, 0.0176660437137, 0.0370687320828, 0.056431747973, 0.051850065589, 0.0297558568418, 0.0189159326255, 0.0199267175049, 0.0407979637384, 0.05980386585, 0.0437857732177, 0.0213032998145, 0.0151001065969, 0.0153825730085, 0.0279071517289, 0.0394563414156, 0.0398466959596, 0.0538058057427, 0.0648906975985, 0.0482476651669, 0.0215404778719, 0.0177847705781, 0.0198459625244, 0.0368804596364, 0.0592692159116, 0.074351221323, 0.0614037998021, 0.0453566163778, 0.0470624156296, 0.0769633203745, 0.0876735076308, 0.0556950420141, 0.0247614607215, 0.0149105712771, 0.0112733738497, 0.0107667148113], "max": [1, 1, 1, 1, 1, 1, 1, 1, 1, 1, 1, 1, 1, 1, 1, 1, 1, 1, 1, 1, 1, 1, 1, 1, 1, 1, 1, 1, 1, 1, 1, 1, 1, 1, 1, 1]}, "tuning_equal_tempered_deviation": 0.0853490531445, "chords_key": "C", "chords_strength": {"dmean": 0.0131024150178, "dvar2": 0.00131599756423, "mean": 0.554652512074, "var": 0.0302596762776, "dmean2": 0.0148295853287, "dvar": 0.000675813062117, "min": -1, "median": 0.570647954941, "max": 0.837748527527}, "tuning_diatonic_strength": 0.555481731892, "thpcp": [1, 0.734545767307, 0.444823354483, 0.358537346125, 0.310455530882, 0.254657626152, 0.25538790226, 0.32466301322, 0.554321408272, 0.830966770649, 0.741770207882, 0.478600293398, 0.34443128109, 0.337233006954, 0.593372702599, 0.769708275795, 0.575217425823, 0.375743061304, 0.325025618076, 0.312474280596, 0.418840020895, 0.523186445236, 0.502906680107, 0.695939600468, 0.914519846439, 0.682231009007, 0.403343319893, 0.368625342846, 0.434856921434, 0.603676259518, 0.824951887131, 0.901014447212, 0.846664905548, 0.752917945385, 0.662204146385, 0.848373413086], "chords_histogram": [16.5717906952, 0.885515511036, 19.1650848389, 2.30866551399, 0.600885510445, 0, 1.20177102089, 0.253004431725, 1.58127772808, 2.37191653252, 0.727387726307, 0, 0.759013295174, 0.0948766618967, 0, 0.34788107872, 2.78304862976, 9.58254241943, 0.759013295174, 3.51043653488, 0, 2.30866551399, 2.24541425705, 31.9418087006], "tuning_nontempered_energy_ratio": 0.795095980167, "tuning_frequency": 442.548919678, "key_strength": 0.560356199741, "chords_changes_rate": 0.0793801397085, "key_scale": "major", "hpcp_entropy": {"dmean": 0.671432197094, "dvar2": 0.831346869469, "mean": 1.78249824047, "var": 0.75721591711, "dmean2": 1.13080394268, "dvar": 0.308926075697, "min": 0, "median": 1.87505125999, "max": 4.04784154892}, "key_key": "D#", "chords_number_rate": 0.00379506638274}, "lowlevel": {"melbands_skewness": {"dmean": 0.655719935894, "dvar2": 1.6982833147, "mean": 1.45961666107, "var": 3.88353037834, "dmean2": 0.987309873104, "dvar": 0.742644190788, "min": -2.43576049805, "median": 0.969412565231, "max": 31.9393100739}, "melbands_kurtosis": {"dmean": 5.66016674042, "dvar2": 1446.33837891, "mean": 9.07485485077, "var": 848.065307617, "dmean2": 9.01879310608, "dvar": 548.436462402, "min": -1.76408445835, "median": 2.69038009644, "max": 1074.4810791}, "barkbands_kurtosis": {"dmean": 3.30192351341, "dvar2": 343.226196289, "mean": 4.95418643951, "var": 256.523834229, "dmean2": 5.2431936264, "dvar": 135.585113525, "min": -1.88529157639, "median": 1.75963354111, "max": 548.30255127}, "hfc": {"dmean": 4.80640459061, "dvar2": 82.9501342773, "mean": 20.830291748, "var": 360.684295654, "dmean2": 6.77094697952, "dvar": 43.1653938293, "min": 1.06990749888e-16, "median": 13.9640083313, "max": 105.713386536}, "silence_rate_20dB": {"dmean": 0, "dvar2": 0, "mean": 1, "var": 0, "dmean2": 0, "dvar": 0, "min": 1, "median": 1, "max": 1}, "erbbands_flatness_db": {"dmean": 0.0186163764447, "dvar2": 0.000562463595998, "mean": 0.215629473329, "var": 0.00383174116723, "dmean2": 0.0265770927072, "dvar": 0.000305506226141, "min": 0.030485028401, "median": 0.21395650506, "max": 0.397418141365}, "spectral_flux": {"dmean": 0.0232175532728, "dvar2": 0.00149621977471, "mean": 0.0758229792118, "var": 0.00191107881255, "dmean2": 0.0369679741561, "dvar": 0.000607142283116, "min": 6.40346942138e-11, "median": 0.0673075765371, "max": 0.271122187376}, "spectral_energyband_low": {"dmean": 0.000937998353038, "dvar2": 9.70613655227e-06, "mean": 0.00143862119876, "var": 7.63315438235e-06, "dmean2": 0.00157956278417, "dvar": 3.73569514522e-06, "min": 1.33120451305e-23, "median": 0.000488868390676, "max": 0.0483925640583}, "spectral_rolloff": {"dmean": 289.139801025, "dvar2": 888273.4375, "mean": 1558.7956543, "var": 3213876, "dmean2": 482.052276611, "dvar": 440052.3125, "min": 21.533203125, "median": 1313.52539062, "max": 19767.4804688}, "spectral_entropy": {"dmean": 0.163947477937, "dvar2": 0.0542620159686, "mean": 7.22005271912, "var": 0.258191138506, "dmean2": 0.240710377693, "dvar": 0.0274711493403, "min": 5.22878313065, "median": 7.2278213501, "max": 9.82138156891}, "spectral_energy": {"dmean": 0.00560393696651, "dvar2": 9.82944839052e-05, "mean": 0.0208960603923, "var": 0.000254365906585, "dmean2": 0.008191075176, "dvar": 4.81647912238e-05, "min": 9.86326688896e-21, "median": 0.0178562868387, "max": 0.0886837020516}, "spectral_centroid": {"dmean": 185.29095459, "dvar2": 129629.039062, "mean": 1330.02124023, "var": 1021559.0625, "dmean2": 276.666046143, "dvar": 65827.265625, "min": 151.685592651, "median": 1171.3659668, "max": 11734.3808594}, "barkbands_flatness_db": {"dmean": 0.0212468858808, "dvar2": 0.000882608990651, "mean": 0.163765966892, "var": 0.00315813836642, "dmean2": 0.0318821147084, "dvar": 0.000415901100496, "min": 0.037555474788, "median": 0.158838331699, "max": 0.490672796965}, "spectral_rms": {"dmean": 0.000604180502705, "dvar2": 8.06708214895e-07, "mean": 0.00411883322522, "var": 3.42160205946e-06, "dmean2": 0.000858155195601, "dvar": 4.29805481872e-07, "min": 3.10204769857e-12, "median": 0.00417381944135, "max": 0.00930164940655}, "melbands": {"dmean": [6.03710395808e-05, 0.000222230024519, 0.000430956919445, 0.000318296923069, 0.000137010982144, 0.000158137176186, 8.80202278495e-05, 6.35091564618e-05, 9.1665693617e-05, 0.000189852842595, 0.000236828142079, 0.00013841483451, 0.000121785109513, 8.64589892444e-05, 6.74079565215e-05, 7.27444858057e-05, 5.53668542125e-05, 2.98878876492e-05, 4.02672449127e-05, 3.75708514184e-05, 2.36812611547e-05, 1.41105365401e-05, 1.04147611637e-05, 1.12677334982e-05, 4.53474604001e-06, 2.29368788496e-06, 2.65357789431e-06, 1.67882808455e-06, 1.11171596018e-06, 6.6014189315e-07, 5.41053282177e-07, 4.30693120279e-07, 3.45506151689e-07, 3.1235873621e-07, 2.77126446235e-07, 2.03004020705e-07, 1.57530237743e-07, 1.72164575929e-07, 1.57307283644e-07, 1.29618982214e-07], "dvar2": [6.05480252602e-08, 5.53750567178e-07, 1.99798046197e-06, 1.57796819167e-06, 1.61626402928e-07, 2.99399573578e-07, 1.28872954974e-07, 1.15134724865e-07, 1.52322513713e-07, 7.35092839932e-07, 8.35701655433e-07, 2.83074200524e-07, 1.86236661648e-07, 1.28889823259e-07, 6.75483065038e-08, 1.40481731137e-07, 3.92262862192e-08, 1.41788936148e-08, 3.23240278988e-08, 3.73938284781e-08, 1.4759631739e-08, 2.78834821898e-09, 1.475736644e-09, 2.57571342033e-09, 4.90440910106e-10, 5.81649901854e-11, 7.88341891766e-11, 4.19117865413e-11, 3.24503271476e-11, 1.19668537232e-11, 5.47828839584e-12, 2.52632311772e-12, 2.08227380651e-12, 1.82694441173e-12, 1.70139325805e-12, 1.1296157152e-12, 9.51821412486e-13, 3.20970767326e-12, 5.73443376117e-12, 4.57534704568e-12], "mean": [7.1950344136e-05, 0.000296509184409, 0.000534556631465, 0.00036339572398, 0.000298592494801, 0.000295546953566, 0.000157450587722, 0.000125557431602, 0.000164325945661, 0.000361689249985, 0.000526246964, 0.000297519407468, 0.000255688762991, 0.0001815999276, 0.000139012307045, 0.000138183648232, 0.000106261199107, 4.95028034493e-05, 7.22400509403e-05, 6.54184186715e-05, 4.1607505409e-05, 2.67738960247e-05, 2.00513441087e-05, 1.998330481e-05, 8.24382095743e-06, 4.68072039439e-06, 5.36624975211e-06, 3.17169133268e-06, 1.99017313207e-06, 1.23097333926e-06, 1.06099264485e-06, 8.72733778579e-07, 7.01747808307e-07, 6.29832243249e-07, 5.64554454741e-07, 4.04864607617e-07, 3.065303531e-07, 3.19346952438e-07, 2.65943896238e-07, 2.09448060673e-07], "var": [2.46712321683e-08, 3.09267846887e-07, 1.26035797621e-06, 6.29377552741e-07, 4.07580188266e-07, 4.00797603106e-07, 1.55459915163e-07, 3.90527475247e-07, 2.1239621617e-07, 1.08839731183e-06, 1.9780097773e-06, 6.19345939867e-07, 4.22769346642e-07, 2.4523754405e-07, 1.34519268613e-07, 2.20263643769e-07, 5.82349599654e-08, 1.46054697225e-08, 4.16155394589e-08, 5.80016887852e-08, 1.87466131507e-08, 3.66265995311e-09, 2.02093719537e-09, 3.05684455526e-09, 5.7008769927e-10, 7.07081823648e-11, 1.12914046169e-10, 4.55404151889e-11, 2.20510814469e-11, 6.97443491848e-12, 4.41069229751e-12, 2.74754437951e-12, 2.25780527087e-12, 1.64517314702e-12, 1.59557003027e-12, 1.0463213412e-12, 8.65197887293e-13, 4.20256017486e-12, 3.16530937745e-12, 2.42600384226e-12], "dmean2": [0.000108334475954, 0.000383603735827, 0.000648691144306, 0.000511416234076, 0.000208077210118, 0.000247931719059, 0.000137439725222, 9.13351250347e-05, 0.000138956980663, 0.000285649002763, 0.000333235657308, 0.000198962457944, 0.000168113503605, 0.000124314654386, 9.74404974841e-05, 0.000108920357889, 8.242057811e-05, 4.42143027612e-05, 6.09024828009e-05, 5.61778979318e-05, 3.45968182955e-05, 2.15431555262e-05, 1.56458700076e-05, 1.66885347426e-05, 6.79792265146e-06, 3.53555765287e-06, 4.06071967518e-06, 2.60011938735e-06, 1.72046918578e-06, 1.02019521364e-06, 8.50533695029e-07, 6.64419303575e-07, 5.24900372056e-07, 4.78384663438e-07, 4.20472900942e-07, 3.029653044e-07, 2.32838345937e-07, 2.56591647485e-07, 2.3855588438e-07, 1.92910320607e-07], "dvar": [2.03685246447e-08, 2.00783603077e-07, 8.8272861376e-07, 6.26836424544e-07, 8.37034477286e-08, 1.32405759246e-07, 6.0434530269e-08, 6.61434285121e-08, 7.73365727014e-08, 3.59428383945e-07, 4.41390227479e-07, 1.44656624457e-07, 1.03202062007e-07, 6.77985028119e-08, 3.53844988865e-08, 6.58150653976e-08, 1.84621811172e-08, 6.88203094512e-09, 1.4882519217e-08, 1.83118853414e-08, 7.00542601706e-09, 1.21511889439e-09, 7.08266112426e-10, 1.28530830423e-09, 2.34769897967e-10, 2.63669329426e-11, 3.75583661394e-11, 1.9145449115e-11, 1.53090144728e-11, 4.96747998638e-12, 2.13380029791e-12, 1.06651222142e-12, 9.40402595205e-13, 7.4111512283e-13, 7.1007338464e-13, 4.85174780126e-13, 4.45381416209e-13, 1.48681392718e-12, 2.31153594529e-12, 1.92253808359e-12], "min": [2.10237387141e-24, 1.03591626491e-24, 1.5433589308e-24, 2.93240739943e-24, 1.83458497916e-24, 1.85741638869e-24, 2.9178383218e-24, 3.21318074497e-24, 2.0223908698e-24, 1.48953416238e-24, 2.35469103195e-24, 3.03595032362e-24, 2.41550412192e-24, 1.89545506433e-24, 3.76775863881e-24, 3.09151630528e-24, 2.90905987765e-24, 4.62966766942e-24, 3.82414049986e-24, 4.63973945103e-24, 3.79250954414e-24, 4.93941863702e-24, 5.0810112809e-24, 4.98056009981e-24, 5.99386731536e-24, 3.65874673918e-24, 5.23871088674e-24, 4.97007534952e-24, 3.27365856905e-24, 5.1818628089e-24, 4.70329481872e-24, 3.89605779314e-24, 6.97182488488e-24, 6.00896019663e-24, 4.93358777164e-24, 5.7149860527e-24, 6.62415731787e-24, 5.47002817555e-24, 6.53438415799e-24, 5.67437864874e-24], "median": [2.25253152166e-05, 9.26566717681e-05, 0.000101545738289, 9.38735101954e-05, 0.000113141708425, 0.00010503847443, 4.57983915112e-05, 2.37683816522e-05, 4.19087882619e-05, 5.59345644433e-05, 5.003928527e-05, 4.25124962931e-05, 4.36492919107e-05, 3.84033701266e-05, 2.94514411507e-05, 1.611271e-05, 2.35976767726e-05, 1.22210813061e-05, 1.37563820317e-05, 9.2119562396e-06, 7.94782499725e-06, 9.88524425338e-06, 5.76670618102e-06, 4.45109299108e-06, 2.72286160907e-06, 1.89253898952e-06, 1.89294439679e-06, 1.12887801151e-06, 7.82347342465e-07, 5.05058892486e-07, 3.90515594972e-07, 3.31694991473e-07, 2.85912165054e-07, 2.55077253541e-07, 2.06809616543e-07, 1.42229680478e-07, 9.4711957388e-08, 7.04567355569e-08, 5.32879411708e-08, 3.78935745005e-08], "max": [0.00250189891085, 0.00685644708574, 0.0159342810512, 0.0107312416658, 0.0097426418215, 0.0101620964706, 0.00612323870882, 0.0150907021016, 0.0111516704783, 0.0118530234322, 0.0146744810045, 0.0101027190685, 0.0086148865521, 0.00728602148592, 0.00536030437797, 0.00616913242266, 0.00372555060312, 0.00162071210798, 0.00383487087674, 0.00378998205997, 0.00211726105772, 0.00138520065229, 0.000672512222081, 0.00100506586023, 0.000737332971767, 0.000132958622999, 0.00015785296273, 0.000112053443445, 0.000208241515793, 7.75301086833e-05, 4.93665720569e-05, 4.78214096802e-05, 4.33750101365e-05, 2.88901028398e-05, 2.50578941632e-05, 2.22122125706e-05, 2.45690243901e-05, 7.7654440247e-05, 6.43591411063e-05, 7.77427339926e-05]}, "barkbands_crest": {"dmean": 2.84671735764, "dvar2": 15.425737381, "mean": 11.4100255966, "var": 26.1213283539, "dmean2": 4.5673327446, "dvar": 6.41722726822, "min": 2.6312046051, "median": 10.1818218231, "max": 26.8664455414}, "mfcc": {"icov": [[0.000149874598719, -3.94232665712e-05, 0.00020399785717, -0.000102074889583, 0.000108999447548, -0.000104928447399, 0.000158909126185, -0.000105904604425, 0.000125242469949, 1.07877694973e-05, 0.000197345842025, 2.05593223654e-05, 6.68707943987e-05], [-3.94232665712e-05, 0.000806623604149, -0.000136310962262, 0.000115130635095, -0.000274487654679, -0.000120985147078, -0.000144389065099, -0.000162257289048, 0.000204149560886, -0.000172248343006, 0.000252413097769, 0.000201235758141, 0.000413590838434], [0.00020399785717, -0.000136310962262, 0.00169970514253, -0.000825634691864, -0.000403984769946, 4.93470361107e-05, 0.000444565579528, 0.000273589947028, 9.90732296486e-05, -0.000261225854047, 0.000261377572315, -0.000200530674192, 0.000509896839503], [-0.000102074889583, 0.000115130635095, -0.000825634691864, 0.00342440837994, -0.00116762169637, -0.000836950144731, 0.000163808552315, 7.13826375431e-05, -0.00065489084227, 0.000719829113223, -1.98939178517e-05, -0.000529656652361, -1.63166823768e-05], [0.000108999447548, -0.000274487654679, -0.000403984769946, -0.00116762169637, 0.00573542155325, -0.00107176008169, 0.00120489939582, -0.00122936489061, -0.000993757974356, -0.000712693203241, 0.000296880491078, -0.000586416397709, -0.00121300132014], [-0.000104928447399, -0.000120985147078, 4.93470361107e-05, -0.000836950144731, -0.00107176008169, 0.00770111568272, -0.00301448372193, 0.00159783940762, -0.00125526089687, 0.000967636005953, -0.00132197374478, 0.00051539298147, 0.000466618221253], [0.000158909126185, -0.000144389065099, 0.000444565579528, 0.000163808552315, 0.00120489939582, -0.00301448372193, 0.00649818684906, -0.00253985403106, 0.00167559576221, -0.0014714525314, -0.00110222550575, 0.00103240506724, -0.000756798777729], [-0.000105904604425, -0.000162257289048, 0.000273589947028, 7.13826375431e-05, -0.00122936489061, 0.00159783940762, -0.00253985403106, 0.0104096699506, -0.00368495448492, 0.0001325251651, 0.000375595787773, -0.000441614800366, 0.000136962713441], [0.000125242469949, 0.000204149560886, 9.90732296486e-05, -0.00065489084227, -0.000993757974356, -0.00125526089687, 0.00167559576221, -0.00368495448492, 0.0100636072457, -0.003235923592, 0.00133026984986, 0.00132967322133, 0.000340932019753], [1.07877694973e-05, -0.000172248343006, -0.000261225854047, 0.000719829113223, -0.000712693203241, 0.000967636005953, -0.0014714525314, 0.0001325251651, -0.003235923592, 0.0129190292209, -0.00298382877372, 0.000868943578098, 0.00145612773485], [0.000197345842025, 0.000252413097769, 0.000261377572315, -1.98939178517e-05, 0.000296880491078, -0.00132197374478, -0.00110222550575, 0.000375595787773, 0.00133026984986, -0.00298382877372, 0.0157432854176, -0.00529425125569, 0.00275755859911], [2.05593223654e-05, 0.000201235758141, -0.000200530674192, -0.000529656652361, -0.000586416397709, 0.00051539298147, 0.00103240506724, -0.000441614800366, 0.00132967322133, 0.000868943578098, -0.00529425125569, 0.0138327544555, -0.00535958306864], [6.68707943987e-05, 0.000413590838434, 0.000509896839503, -1.63166823768e-05, -0.00121300132014, 0.000466618221253, -0.000756798777729, 0.000136962713441, 0.000340932019753, 0.00145612773485, 0.00275755859911, -0.00535958306864, 0.0140497237444]], "mean": [-685.589111328, 130.691192627, -27.9199409485, 3.73094296455, -1.95207774639, 0.852824091911, -4.29640340805, 4.58850431442, -5.82240533829, -4.23978567123, -8.82555484772, -5.78582048416, -5.26806879044], "cov": [[8809.35058594, 251.132171631, -1146.83874512, -125.24671936, -278.314544678, 31.686706543, -49.6112632751, 36.9013671875, -113.14956665, -91.1035690308, -124.160797119, -90.3024749756, -33.8496322632], [251.132171631, 1366.22888184, 95.5382385254, -0.498960405588, 62.2040405273, 42.4355773926, 41.8541107178, 34.0394592285, 7.61787939072, 31.0113239288, -25.0896129608, -54.7596435547, -58.3617858887], [-1146.83874512, 95.5382385254, 937.002624512, 262.796112061, 171.825653076, 5.12910747528, -92.9518051147, -21.7031154633, 47.9698982239, 16.928899765, -0.870520889759, 25.8362407684, -14.0775318146], [-125.24671936, -0.498960405588, 262.796112061, 430.154296875, 140.919616699, 50.7069549561, -45.0778045654, 5.5756893158, 49.7244987488, -10.9794940948, -2.98643279076, 26.8750152588, 10.34233284], [-278.314544678, 62.2040405273, 171.825653076, 140.919616699, 262.961120605, 28.706035614, -45.0467453003, 30.0508995056, 59.6080360413, 13.850028038, -5.42573881149, 20.2290287018, 18.3513641357], [31.686706543, 42.4355773926, 5.12910747528, 50.7069549561, 28.706035614, 175.492980957, 74.6374053955, -0.635676324368, 14.3289203644, 3.58079791069, 16.5287284851, -7.86485385895, -7.81393241882], [-49.6112632751, 41.8541107178, -92.9518051147, -45.0778045654, -45.0467453003, 74.6374053955, 236.550201416, 35.9012413025, -17.1873416901, 22.9603176117, 25.2675743103, -16.8675498962, -5.0072927475], [36.9013671875, 34.0394592285, -21.7031154633, 5.5756893158, 30.0508995056, -0.635676324368, 35.9012413025, 127.168861389, 49.5299263, 16.0326900482, -4.73636102676, -6.06622695923, -1.3218280077], [-113.14956665, 7.61787939072, 47.9698982239, 49.7244987488, 59.6080360413, 14.3289203644, -17.1873416901, 49.5299263, 147.262313843, 34.5334091187, -11.6855602264, -16.9359397888, -9.42671298981], [-91.1035690308, 31.0113239288, 16.928899765, -10.9794940948, 13.850028038, 3.58079791069, 22.9603176117, 16.0326900482, 34.5334091187, 96.9161453247, 16.3657608032, -11.0731830597, -17.2678337097], [-124.160797119, -25.0896129608, -0.870520889759, -2.98643279076, -5.42573881149, 16.5287284851, 25.2675743103, -4.73636102676, -11.6855602264, 16.3657608032, 83.1000061035, 27.2827720642, -5.56762981415], [-90.3024749756, -54.7596435547, 25.8362407684, 26.8750152588, 20.2290287018, -7.86485385895, -16.8675498962, -6.06622695923, -16.9359397888, -11.0731830597, 27.2827720642, 104.466377258, 38.3484382629], [-33.8496322632, -58.3617858887, -14.0775318146, 10.34233284, 18.3513641357, -7.81393241882, -5.0072927475, -1.3218280077, -9.42671298981, -17.2678337097, -5.56762981415, 38.3484382629, 92.9049530029]]}, "spectral_decrease": {"dmean": 1.3878077576e-09, "dvar2": 6.23882158659e-18, "mean": -5.03591657264e-09, "var": 1.48098284523e-17, "dmean2": 2.03441929969e-09, "dvar": 3.02038610704e-18, "min": -2.17190869733e-08, "median": -4.29676827451e-09, "max": 4.7053969882e-27}, "zerocrossingrate": {"dmean": 0.00680318986997, "dvar2": 0.000125053076772, "mean": 0.0576147176325, "var": 0.002257052809, "dmean2": 0.00791585724801, "dvar": 0.00012931531819, "min": 0, "median": 0.05078125, "max": 0.5263671875}, "spectral_contrast_coeffs": {"dmean": [0.0534654445946, 0.0472612380981, 0.0410944521427, 0.0320630520582, 0.0233560018241, 0.0158274862915], "dvar2": [0.00466174352914, 0.00363950873725, 0.00264653959312, 0.00169411196839, 0.000882068707142, 0.000413341767853], "mean": [-0.634438812733, -0.721981942654, -0.706567883492, -0.738165318966, -0.766462266445, -0.772843062878], "var": [0.00804419908673, 0.00853275600821, 0.0117308562621, 0.00703019788489, 0.00387493311428, 0.00194833765272], "dmean2": [0.0860515981913, 0.0765939876437, 0.0636338591576, 0.0503399074078, 0.036506075412, 0.0247569978237], "dvar": [0.00187000865117, 0.00143177178688, 0.00118162645958, 0.000749162456486, 0.000391065201256, 0.000185379263712], "min": [-0.976892709732, -0.979858577251, -0.978588581085, -0.967020273209, -0.975103616714, -0.964555084705], "median": [-0.641119658947, -0.730428218842, -0.718059659004, -0.743167638779, -0.769914507866, -0.768679261208], "max": [-0.283581733704, -0.367678135633, -0.391138911247, -0.505622804165, -0.54992711544, -0.599125623703]}, "spectral_skewness": {"dmean": 0.261158615351, "dvar2": 0.178337007761, "mean": 1.966132164, "var": 0.382482022047, "dmean2": 0.426256388426, "dvar": 0.0725185871124, "min": -0.163659408689, "median": 1.89068305492, "max": 5.12566518784}, "spectral_energyband_middle_high": {"dmean": 0.00288310600445, "dvar2": 4.06045910495e-05, "mean": 0.0109258033335, "var": 0.000177925263415, "dmean2": 0.00407865876332, "dvar": 2.21549926209e-05, "min": 1.2357489672e-21, "median": 0.00521943997592, "max": 0.0855009704828}, "gfcc": {"icov": [[0.000135592621518, -0.000194856358576, 0.00033223637729, -0.000142284581671, 0.000324565626215, -0.000352837349055, 0.000398779957322, -0.000306243484374, 0.000365074694855, -6.3428102294e-05, 0.000454723893199, -0.000312506250339, 0.000419200077886], [-0.000194856358576, 0.00119338673539, -0.000592679716647, 0.00027685216628, -0.000613065785728, 0.000663169543259, -0.000430507148849, 0.00101166556124, -0.000761013943702, 0.00095885474002, -0.000985400052741, 0.00143402151298, -0.00110424763989], [0.00033223637729, -0.000592679716647, 0.00169374630786, -0.000737403635867, 0.000592957658228, -0.000737384834792, 0.000940281897783, -0.00104227184784, 0.0006115201395, -0.000713052984793, 0.00153644871898, -0.00114063487854, 0.00141195196193], [-0.000142284581671, 0.00027685216628, -0.000737403635867, 0.00254197581671, -0.0010377826402, 0.000817448599264, 0.000105049781268, 0.000664408318698, -0.000482846400701, -0.000122143377666, 0.000401093595428, 0.000458845082903, 9.36902724789e-05], [0.000324565626215, -0.000613065785728, 0.000592957658228, -0.0010377826402, 0.00503447605297, -0.00245340052061, -0.000326378591126, -0.000659039535094, -0.000126006780192, 0.000150852123625, 0.00103205081541, -0.00110214215238, 0.00139647279866], [-0.000352837349055, 0.000663169543259, -0.000737384834792, 0.000817448599264, -0.00245340052061, 0.00880910549313, -0.00264651933685, 1.72359177668e-05, 0.000590031559113, -0.00111095025204, -0.000616956211161, 0.00178768252954, -0.00129295233637], [0.000398779957322, -0.000430507148849, 0.000940281897783, 0.000105049781268, -0.000326378591126, -0.00264651933685, 0.00729061709717, -0.00203747535124, 0.00231200666167, 0.000546210620087, -3.85795210605e-05, 0.0013301941799, 0.000430456304457], [-0.000306243484374, 0.00101166556124, -0.00104227184784, 0.000664408318698, -0.000659039535094, 1.72359177668e-05, -0.00203747535124, 0.0111405327916, -0.00502088991925, 0.00260814186186, -0.000899051432498, 0.000745071214624, -0.000623833213467], [0.000365074694855, -0.000761013943702, 0.0006115201395, -0.000482846400701, -0.000126006780192, 0.000590031559113, 0.00231200666167, -0.00502088991925, 0.0110845603049, -0.00264819175936, 0.00261707580648, -0.00174329942092, -0.000920423713978], [-6.3428102294e-05, 0.00095885474002, -0.000713052984793, -0.000122143377666, 0.000150852123625, -0.00111095025204, 0.000546210620087, 0.00260814186186, -0.00264819175936, 0.0132795097306, -0.00445020385087, 0.00047447354882, 0.00080001988681], [0.000454723893199, -0.000985400052741, 0.00153644871898, 0.000401093595428, 0.00103205081541, -0.000616956211161, -3.85795210605e-05, -0.000899051432498, 0.00261707580648, -0.00445020385087, 0.0124501651153, -0.00555550260469, 0.00268243206665], [-0.000312506250339, 0.00143402151298, -0.00114063487854, 0.000458845082903, -0.00110214215238, 0.00178768252954, 0.0013301941799, 0.000745071214624, -0.00174329942092, 0.00047447354882, -0.00555550260469, 0.0159286819398, -0.00538849411532], [0.000419200077886, -0.00110424763989, 0.00141195196193, 9.36902724789e-05, 0.00139647279866, -0.00129295233637, 0.000430456304457, -0.000623833213467, -0.000920423713978, 0.00080001988681, 0.00268243206665, -0.00538849411532, 0.014057287015]], "mean": [-57.6426353455, 96.6341400146, -144.856399536, 7.67248535156, -55.7567367554, 7.78001976013, -37.5976486206, -0.592629313469, -25.1987609863, -10.7679834366, -16.0675582886, -2.80991077423, -9.04472255707], "cov": [[23106.7988281, 1215.92724609, -3121.39550781, -138.363067627, -921.478271484, 116.006629944, -623.852050781, -103.876281738, -466.409637451, -255.932540894, -285.71307373, -92.4465637207, -159.29095459], [1215.92724609, 1322.37145996, 80.6568908691, -1.44421947002, 35.1730995178, -27.9522132874, -3.93355417252, -51.6023292542, 2.56291699409, -86.875541687, -31.1101779938, -78.0831756592, 32.4077148438], [-3121.39550781, 80.6568908691, 1454.82727051, 319.5390625, 121.526077271, -33.2128295898, -46.5747528076, 49.6958885193, 103.893783569, 48.000919342, -68.193107605, 13.4435501099, -38.0970458984], [-138.363067627, -1.44421947002, 319.5390625, 547.015991211, 83.7152099609, -32.4653320312, -60.0510215759, -4.12610960007, 37.1127548218, 9.74374675751, -63.0248603821, -9.55971717834, -31.1377258301], [-921.478271484, 35.1730995178, 121.526077271, 83.7152099609, 310.257110596, 71.2381439209, 77.3781280518, 19.9835796356, 21.3808002472, -2.73518013954, -11.2271022797, -13.6968584061, -9.82623386383], [116.006629944, -27.9522132874, -33.2128295898, -32.4653320312, 71.2381439209, 169.897140503, 77.6815109253, 10.0385551453, -28.4958610535, 4.60049533844, 1.02076625824, -22.8699626923, -6.57526874542], [-623.852050781, -3.93355417252, -46.5747528076, -60.0510215759, 77.3781280518, 77.6815109253, 234.383102417, 20.584733963, -35.6381263733, -13.8968286514, 16.8254470825, -35.6331176758, -1.84472870827], [-103.876281738, -51.6023292542, 49.6958885193, -4.12610960007, 19.9835796356, 10.0385551453, 20.584733963, 126.516487122, 50.3486671448, -14.4063177109, -14.4210100174, 1.67976105213, 5.51464700699], [-466.409637451, 2.56291699409, 103.893783569, 37.1127548218, 21.3808002472, -28.4958610535, -35.6381263733, 50.3486671448, 145.94883728, 13.3450212479, -18.6688899994, 18.6282653809, 21.5078525543], [-255.932540894, -86.875541687, 48.000919342, 9.74374675751, -2.73518013954, 4.60049533844, -13.8968286514, -14.4063177109, 13.3450212479, 102.4454422, 38.503200531, 15.5621061325, -9.93588638306], [-285.71307373, -31.1101779938, -68.193107605, -63.0248603821, -11.2271022797, 1.02076625824, 16.8254470825, -14.4210100174, -18.6688899994, 38.503200531, 132.375976562, 34.8350563049, -1.92075812817], [-92.4465637207, -78.0831756592, 13.4435501099, -9.55971717834, -13.6968584061, -22.8699626923, -35.6331176758, 1.67976105213, 18.6282653809, 15.5621061325, 34.8350563049, 96.4057693481, 26.4007911682], [-159.29095459, 32.4077148438, -38.0970458984, -31.1377258301, -9.82623386383, -6.57526874542, -1.84472870827, 5.51464700699, 21.5078525543, -9.93588638306, -1.92075812817, 26.4007911682, 95.600402832]]}, "erbbands_spread": {"dmean": 5.2210354805, "dvar2": 79.2477874756, "mean": 22.6085472107, "var": 242.215774536, "dmean2": 7.80944156647, "dvar": 38.40026474, "min": 1.42343223095, "median": 18.4593696594, "max": 129.192703247}, "erbbands_kurtosis": {"dmean": 1.57472062111, "dvar2": 13.2631111145, "mean": 2.11919093132, "var": 15.3562774658, "dmean2": 2.42226338387, "dvar": 5.68699502945, "min": -1.75599849224, "median": 0.842852115631, "max": 58.2975692749}, "dynamic_complexity": 3.93310475349, "erbbands_crest": {"dmean": 3.33265829086, "dvar2": 21.9276676178, "mean": 12.7482500076, "var": 37.0083198547, "dmean2": 5.26748561859, "dvar": 9.13952922821, "min": 2.4016430378, "median": 11.481669426, "max": 33.0265808105}, "erbbands": {"dmean": [0.00348170776851, 0.094401858747, 0.547793269157, 1.61631381512, 5.9800286293, 2.79138875008, 4.49497842789, 7.08794546127, 5.9787273407, 5.87157440186, 9.23116970062, 27.5028476715, 46.5598754883, 33.4872779846, 33.0927238464, 30.1270999908, 25.7382621765, 28.101480484, 17.8902626038, 26.4400787354, 20.115322113, 10.6750469208, 12.3944673538, 5.33693552017, 2.99936103821, 2.49478316307, 1.49715268612, 0.836155235767, 0.661367595196, 0.537914872169, 0.41376721859, 0.25863930583, 0.234640032053, 0.151192799211, 0.0589032992721, 0.0194310899824, 0.00517698051408, 0.00110981019679, 0.000174060609424, 1.0025906704e-05], "dvar2": [0.000203271381906, 0.130357891321, 3.56217288971, 30.7018985748, 545.782836914, 88.1474914551, 207.420013428, 665.479614258, 602.437805176, 927.336975098, 1349.32019043, 15936.4873047, 32230.8046875, 17801.6230469, 13363.6142578, 15449.4667969, 11947.578125, 10769.9287109, 4821.80078125, 12742.2421875, 9992.79882812, 1279.00805664, 2323.34814453, 586.543273926, 85.2899932861, 81.3894958496, 74.837310791, 11.0662088394, 5.32051134109, 5.29498529434, 3.9048614502, 2.38879275322, 6.95878314972, 6.05202913284, 0.681199610233, 0.0523641519248, 0.00189234665595, 6.92704052199e-05, 1.24760231301e-06, 1.04257424915e-09], "mean": [0.00453240983188, 0.113051444292, 0.700044095516, 2.15127086639, 6.15242290497, 4.08858919144, 9.59401226044, 12.5692253113, 10.7795248032, 11.6784973145, 17.8993968964, 52.5222663879, 105.111427307, 76.344329834, 70.5492858887, 69.9216537476, 53.3445320129, 59.0949668884, 34.4935722351, 50.4428672791, 39.5401763916, 23.9822025299, 25.3915462494, 11.404296875, 7.0716252327, 5.42848777771, 2.97027277946, 1.83728504181, 1.46791338921, 1.17153131962, 0.914789319038, 0.552232086658, 0.445686370134, 0.26182693243, 0.0985343232751, 0.0314355604351, 0.00909693539143, 0.00209344900213, 0.000335388904205, 3.36681587214e-05], "var": [0.000113750851597, 0.0499627105892, 1.8356269598, 22.7280368805, 234.747299194, 49.6359825134, 510.32989502, 837.557556152, 728.174926758, 2724.109375, 2357.29541016, 20800.9726562, 75183.890625, 38552.5078125, 28439.0859375, 36364.6484375, 18915.0117188, 17118.2519531, 5436.64501953, 16345.0712891, 14886.4990234, 2138.07885742, 4160.69384766, 704.620849609, 129.765960693, 100.612968445, 45.0814781189, 10.4788455963, 7.08373641968, 5.36933422089, 4.08745241165, 2.43621635437, 7.84843158722, 3.31203174591, 0.487403452396, 0.0404207222164, 0.00196056370623, 8.68975839694e-05, 1.99183205041e-06, 1.73686320881e-09], "dmean2": [0.00606979150325, 0.169556170702, 0.938134849072, 2.51190495491, 9.38655471802, 4.54295063019, 6.73463249207, 11.1058492661, 9.33852291107, 8.53390216827, 13.823050499, 41.8951873779, 65.1480102539, 48.3746147156, 45.6932792664, 43.2581291199, 38.2426872253, 42.1607818604, 26.4599075317, 40.0355873108, 29.4145107269, 16.3585357666, 18.2158622742, 7.81962108612, 4.56655168533, 3.8096344471, 2.27918243408, 1.27220118046, 0.994339287281, 0.811483085155, 0.616265416145, 0.373949468136, 0.346543461084, 0.221912547946, 0.080568484962, 0.0273690205067, 0.00733638042584, 0.00161635607947, 0.000241282032221, 1.40341180668e-05], "dvar": [7.63135903981e-05, 0.0431043356657, 1.27593231201, 12.8767280579, 226.704956055, 34.4917755127, 107.404083252, 300.359130859, 287.901367188, 509.518737793, 712.237182617, 7672.64892578, 16833.6152344, 8807.80664062, 7434.83203125, 8274.015625, 6076.09228516, 4904.80615234, 2381.92871094, 5987.03320312, 4914.08007812, 555.161682129, 1206.38781738, 272.970581055, 38.5409889221, 37.9638633728, 33.4544715881, 4.57147884369, 2.42624306679, 2.26104640961, 1.70627355576, 1.12268269062, 3.17117595673, 2.53111076355, 0.324643999338, 0.0253742244095, 0.000995324808173, 3.5924353142e-05, 6.56595773307e-07, 5.39787159415e-10], "min": [2.19147528467e-22, 5.30573153106e-22, 1.98704373551e-21, 6.74704608861e-21, 1.8153990732e-20, 4.05069764356e-20, 4.25946478235e-20, 8.08007082942e-20, 1.40065730566e-19, 2.97176370685e-19, 2.66937516772e-19, 3.36351282604e-19, 5.38715384297e-19, 8.47916014257e-19, 6.33410969123e-19, 1.36449190946e-18, 2.053009134e-18, 1.76718473155e-18, 3.47918907162e-18, 3.85146915092e-18, 3.52734173662e-18, 5.33423713463e-18, 4.20806092273e-18, 8.57706968597e-18, 7.27238252121e-18, 9.32817946067e-18, 6.67402860382e-18, 9.76239137962e-18, 1.05302317094e-17, 1.34781321861e-17, 1.20808802021e-17, 1.19668450829e-17, 9.1226697462e-18, 8.08164226579e-18, 6.46823847512e-18, 4.13452373909e-18, 2.54921761948e-18, 1.07381402476e-18, 2.56631104834e-19, 2.92988568501e-20], "median": [0.00128588324878, 0.0383603461087, 0.207220479846, 0.498098880053, 0.916500747204, 1.775785923, 3.25486755371, 4.29896974564, 3.2519402504, 2.70821785927, 5.55885076523, 10.0798625946, 13.1923446655, 14.8368310928, 17.0084438324, 16.5067653656, 12.6724052429, 14.7840080261, 11.3556413651, 9.99449729919, 7.83718061447, 9.28783130646, 6.17125988007, 4.18302822113, 3.02023220062, 2.1686103344, 1.31036949158, 0.781914293766, 0.606643736362, 0.495180994272, 0.351906687021, 0.186724632978, 0.102659381926, 0.0536513291299, 0.0186698511243, 0.00513060111552, 0.00179638608824, 0.000372318259906, 3.59675796062e-05, 2.64186965069e-05], "max": [0.165074765682, 3.41174459457, 16.3561668396, 100.599006653, 230.292510986, 138.033370972, 331.908355713, 525.888183594, 472.779632568, 1124.2388916, 1042.63671875, 1937.7746582, 2851.3659668, 2451.91894531, 2437.91381836, 2532.44702148, 2015.88586426, 2096.25073242, 1074.4083252, 1826.06530762, 1646.34484863, 848.712036133, 1042.88989258, 709.71673584, 205.136077881, 143.288986206, 304.026947021, 69.2969512939, 77.3225021362, 59.2529754639, 39.3821754456, 37.1765213013, 92.9412307739, 81.5490951538, 33.0453147888, 8.12607383728, 1.18988990784, 0.199640423059, 0.0315520390868, 0.000795810250565]}, "silence_rate_30dB": {"dmean": 0, "dvar2": 0, "mean": 1, "var": 0, "dmean2": 0, "dvar": 0, "min": 1, "median": 1, "max": 1}, "silence_rate_60dB": {"dmean": 0.026257513091, "dvar2": 0.0570385307074, "mean": 0.0967895016074, "var": 0.0874223858118, "dmean2": 0.0525233335793, "dvar": 0.0255662184209, "min": 0, "median": 0, "max": 1}, "spectral_energyband_middle_low": {"dmean": 0.00405819062144, "dvar2": 8.35482424009e-05, "mean": 0.00955937895924, "var": 0.000119869146147, "dmean2": 0.00603768136352, "dvar": 3.86946630897e-05, "min": 1.81679084093e-22, "median": 0.00556937698275, "max": 0.0789503678679}, "spectral_spread": {"dmean": 349703.03125, "dvar2": 996485890048, "mean": 3724695, "var": 10842076610600.0, "dmean2": 516743.21875, "dvar": 571034959872, "min": 1163909.75, "median": 3213762.75, "max": 42309216}, "barkbands": {"dmean": [2.9812226785e-06, 0.000324482680298, 0.000581911939662, 0.000922334671486, 0.00132696190849, 0.000806458934676, 0.000400