{"tonal": {"hpcp": {"dvar": [0.0652964189649, 0.0602303817868, 0.0447176136076, 0.0426612049341, 0.0428208783269, 0.0372329652309, 0.0473707839847, 0.0416982658207, 0.0370699763298, 0.0344744250178, 0.0279063154012, 0.0297467689961, 0.0292109604925, 0.0292094871402, 0.0310117788613, 0.0354144498706, 0.0361981280148, 0.0321556404233, 0.0315055921674, 0.0313887186348, 0.0373622588813, 0.0491237193346, 0.0451556742191, 0.0429265014827, 0.0419704653323, 0.0274631492794, 0.0292944144458, 0.0372009128332, 0.0409680344164, 0.0454130247235, 0.0487818159163, 0.0394865758717, 0.0347411669791, 0.0334049649537, 0.0386091992259, 0.0550644062459], "var": [0.135115578771, 0.088328436017, 0.0397492907941, 0.0408384688199, 0.041199889034, 0.0472571402788, 0.105729058385, 0.0822518467903, 0.0404910594225, 0.0357275791466, 0.0247616879642, 0.0243308022618, 0.0303715504706, 0.0360343530774, 0.0470092408359, 0.0847487971187, 0.0605408288538, 0.0321486890316, 0.0272571109235, 0.0270648300648, 0.0446820743382, 0.108831256628, 0.0839004293084, 0.0453911721706, 0.0414994321764, 0.0217194464058, 0.0247138887644, 0.033842779696, 0.0357263162732, 0.0434776358306, 0.0703621804714, 0.0491124428809, 0.0293246284127, 0.0278878267854, 0.0323116891086, 0.0647307261825], "median": [0.12641119957, 0.0996723100543, 0.0334788672626, 0.0183323584497, 0.0172860417515, 0.058080714196, 0.110607475042, 0.0946105420589, 0.0347770377994, 0.0150995766744, 0.0141625432298, 0.0211695525795, 0.0247992947698, 0.0226694624871, 0.0390430465341, 0.0681359544396, 0.0562761537731, 0.0185735169798, 0.0109402909875, 0.0118384044617, 0.0595000348985, 0.123873122036, 0.0963619723916, 0.0291328802705, 0.0124243488535, 0.0097298938781, 0.0147947072983, 0.0282588489354, 0.0279932040721, 0.0393550693989, 0.0554607883096, 0.0414630994201, 0.0221433006227, 0.0229366533458, 0.0213640648872, 0.0668150559068], "max": [1, 1, 1, 1, 1, 1, 1, 1, 1, 1, 1, 1, 1, 1, 1, 1, 1, 1, 1, 1, 1, 1, 1, 1, 1, 1, 1, 1, 1, 1, 1, 1, 1, 1, 1, 1], "dmean": [0.18362724781, 0.185858294368, 0.13084243238, 0.107940077782, 0.113710857928, 0.129106551409, 0.156000211835, 0.149008020759, 0.114052727818, 0.0912737846375, 0.0792509838939, 0.0798508673906, 0.0844245478511, 0.0821900144219, 0.100776456296, 0.119430728257, 0.117405757308, 0.0910937488079, 0.0782777220011, 0.080732524395, 0.125525549054, 0.162119701505, 0.153881773353, 0.121894881129, 0.101679623127, 0.0736851394176, 0.0761135295033, 0.0975135564804, 0.108086466789, 0.129947438836, 0.143320038915, 0.121506519616, 0.0957179516554, 0.0912343561649, 0.10862877965, 0.163345992565], "dmean2": [0.314048647881, 0.318495452404, 0.236663639545, 0.195770055056, 0.204710349441, 0.223229080439, 0.265034526587, 0.248012512922, 0.198943316936, 0.160374745727, 0.141113832593, 0.143045768142, 0.148493051529, 0.1436676085, 0.16992585361, 0.1986374259, 0.197912767529, 0.161980718374, 0.140855550766, 0.146805137396, 0.218577727675, 0.273331820965, 0.261677920818, 0.214041933417, 0.181704118848, 0.133422672749, 0.136393159628, 0.173340439796, 0.193027883768, 0.231530740857, 0.24953854084, 0.210240408778, 0.173456653953, 0.16549885273, 0.197377234697, 0.288591921329], "mean": [0.319502413273, 0.248531073332, 0.117845252156, 0.0980331525207, 0.0997082442045, 0.154878363013, 0.26621556282, 0.229623317719, 0.11674631387, 0.0887833088636, 0.0743645131588, 0.0759377852082, 0.089911699295, 0.0923536270857, 0.133484378457, 0.205956280231, 0.168798282743, 0.0877678692341, 0.0688098222017, 0.0690671354532, 0.148449525237, 0.281568944454, 0.232107415795, 0.123096235096, 0.0968443900347, 0.0624228268862, 0.067377820611, 0.0942672267556, 0.0981513336301, 0.128610953689, 0.181629508734, 0.142198085785, 0.0853416770697, 0.0823894664645, 0.0922678634524, 0.192069843411], "dvar2": [0.152033224702, 0.15820838511, 0.127796009183, 0.117263153195, 0.118494600058, 0.101964227855, 0.112444162369, 0.103330954909, 0.0982673093677, 0.0915241912007, 0.0781344771385, 0.084203466773, 0.0806753337383, 0.0780117213726, 0.0819053649902, 0.0811644494534, 0.0921991020441, 0.0854113847017, 0.0841209217906, 0.0855529531837, 0.100481025875, 0.118792288005, 0.112701490521, 0.1105876863, 0.109981767833, 0.0755518376827, 0.0811391621828, 0.100808434188, 0.107374466956, 0.12358366698, 0.127453044057, 0.106040760875, 0.0976795256138, 0.092986613512, 0.110759966075, 0.158574730158], "min": [0, 0, 0, 0, 0, 0, 0, 0, 0, 0, 0, 0, 0, 0, 0, 0, 0, 0, 0, 0, 0, 0, 0, 0, 0, 0, 0, 0, 0, 0, 0, 0, 0, 0, 0, 0]}, "key_key": "A", "thpcp": [1, 0.777869164944, 0.368839949369, 0.306830704212, 0.312073528767, 0.484748661518, 0.833219230175, 0.718690395355, 0.365400403738, 0.277879923582, 0.23275102675, 0.23767516017, 0.281411647797, 0.28905454278, 0.41778832674, 0.644615709782, 0.528316140175, 0.274701744318, 0.215365573764, 0.216170936823, 0.464627236128, 0.881273269653, 0.726465284824, 0.38527482748, 0.303110033274, 0.19537512958, 0.2108836025, 0.295043855906, 0.307200610638, 0.402535170317, 0.568476200104, 0.445061057806, 0.267108082771, 0.257868051529, 0.288786113262, 0.60115301609], "chords_key": "E", "tuning_equal_tempered_deviation": 0.08951266855, "tuning_frequency": 437.213165283, "tuning_diatonic_strength": 0.618522644043, "chords_histogram": [4.3309378624, 0, 32.200428009, 13.8667697906, 1.3983297348, 14.6630411148, 2.0198097229, 21.5770053864, 0, 0.524373650551, 0.0582637414336, 0, 0, 0.0971062332392, 0, 0, 0, 0, 0, 1.28180229664, 2.7966594696, 0.0971062332392, 5.08836650848, 0], "key_strength": 0.679477274418, "key_scale": "minor", "chords_strength": {"dvar": 0.000483043928398, "var": 0.0159640610218, "median": 0.551105976105, "max": 0.727737903595, "dmean": 0.0107369087636, "dmean2": 0.0105388127267, "mean": 0.537600159645, "dvar2": 0.000777698529419, "min": -1}, "chords_number_rate": 0.00194212468341, "tuning_nontempered_energy_ratio": 0.749114513397, "hpcp_entropy": {"dvar": 0.293103784323, "var": 0.685307145119, "median": 2.16178607941, "max": 4.53703069687, "dmean": 0.640498280525, "dmean2": 1.06341123581, "mean": 2.10821056366, "dvar2": 0.774238884449, "min": 0}, "chords_changes_rate": 0.0468052066863, "chords_scale": "minor"}, "rhythm": {"bpm_histogram_first_peak_spread": {"dvar": 0, "var": 0, "median": 0.314685285091, "max": 0.314685285091, "dmean": 0, "dmean2": 0, "mean": 0.314685285091, "dvar2": 0, "min": 0.314685285091}, "bpm_histogram_first_peak_weight": {"dvar": 0, "var": 0, "median": 0.660674154758, "max": 0.660674154758, "dmean": 0, "dmean2": 0, "mean": 0.660674154758, "dvar2": 0, "min": 0.660674154758}, "bpm_histogram_first_peak_bpm": {"dvar": 0, "var": 0, "median": 112, "max": 112, "dmean": 0, "dmean2": 0, "mean": 112, "dvar2": 0, "min": 112}, "bpm": 112.958007812, "bpm_histogram_second_peak_weight": {"dvar": 0, "var": 0, "median": 0.0157303363085, "max": 0.0157303363085, "dmean": 0, "dmean2": 0, "mean": 0.0157303363085, "dvar2": 0, "min": 0.0157303363085}, "beats_loudness": {"dvar": 0.000340753787896, "var": 0.000539297703654, "median": 0.0552066415548, "max": 0.130445420742, "dmean": 0.021542750299, "dmean2": 0.0393859297037, "mean": 0.0534015595913, "dvar2": 0.00116467813496, "min": 6.57896759293e-09}, "beats_loudness_band_ratio": {"dvar": [0.0553151927888, 0.0313545577228, 0.0114511651918, 0.00344547955319, 0.00307286251336, 0.0156228356063], "var": [0.0810901373625, 0.0390797480941, 0.0136306928471, 0.00298397336155, 0.00325435656123, 0.0204715058208], "median": [0.43816614151, 0.170151233673, 0.106618762016, 0.0441421084106, 0.0363283827901, 0.0731867030263], "max": [0.942480742931, 0.988363623619, 0.945211946964, 0.475969135761, 0.421105027199, 0.991391777992], "dmean": [0.396442294121, 0.272818654776, 0.111505016685, 0.0506177283823, 0.0439050756395, 0.115822568536], "dmean2": [0.774621248245, 0.523814380169, 0.204943954945, 0.0899880304933, 0.0778073221445, 0.219224333763], "mean": [0.440939247608, 0.238665491343, 0.137101724744, 0.0606167465448, 0.0529641769826, 0.116472892463], "dvar2": [0.169648945332, 0.0958827063441, 0.033059488982, 0.00995968282223, 0.00852260366082, 0.0393793173134], "min": [5.54810249014e-05, 1.13578616947e-05, 3.35780896421e-05, 5.21577931067e-05, 2.24799550779e-05, 0.00175975484308]}, "bpm_histogram_second_peak_bpm": {"dvar": 0, "var": 0, "median": 91, "max": 91, "dmean": 0, "dmean2": 0, "mean": 91, "dvar2": 0, "min": 91}, "onset_rate": 3.85694265366, "beats_count": 446, "beats_position": [0.638548731804, 1.30031740665, 1.9620860815, 2.62385487556, 3.29723358154, 3.95900225639, 4.6439909935, 5.31736946106, 5.9675283432, 6.6176867485, 7.26784563065, 7.80190467834, 8.33596324921, 8.88163280487, 9.4040813446, 9.92653083801, 10.4489793777, 10.9714279175, 11.505487442, 12.0279359818, 12.5503854752, 13.084444046, 13.6185035706, 14.1409521103, 14.66340065, 15.1858501434, 15.7199087143, 16.2539672852, 16.7880268097, 17.3104763031, 17.8445339203, 18.3669834137, 18.9010429382, 19.4351024628, 19.96916008, 20.4916095734, 21.037279129, 21.5713367462, 22.1053962708, 22.6278457642, 23.1502952576, 23.6843528748, 24.2184123993, 24.7524719238, 25.286529541, 25.8205890656, 26.343038559, 26.865486145, 27.3995456696, 27.9336051941, 28.4676647186, 28.9901123047, 29.5357818604, 30.0698413849, 30.5922889709, 31.1147384644, 31.6487979889, 32.1828575134, 32.7169151306, 33.239364624, 33.7618141174, 34.2958717346, 34.8299331665, 35.3639907837, 35.8864402771, 36.4088897705, 36.9429473877, 37.4770050049, 38.0110664368, 38.545124054, 39.0791816711, 39.613243103, 40.1473007202, 40.6813583374, 41.2154197693, 41.7494773865, 42.2835350037, 42.8175964355, 43.340045929, 43.8741035461, 44.3965530396, 44.919002533, 45.4414520264, 45.9755096436, 46.5095672607, 47.0436286926, 47.5776863098, 48.111743927, 48.6458053589, 49.1798629761, 49.7023124695, 50.2247619629, 50.7588195801, 51.2928771973, 51.8269386292, 52.3493881226, 52.8834457397, 53.4175033569, 53.9399528503, 54.4740142822, 55.0080718994, 55.5421295166, 56.06457901, 56.5870285034, 57.1210861206, 57.6551475525, 58.1892051697, 58.7232627869, 59.2573242188, 59.7913818359, 60.3370513916, 60.859500885, 61.3935585022, 61.9160079956, 62.438457489, 62.9725151062, 63.5065765381, 64.0406341553, 64.563079834, 65.0855331421, 65.6195907593, 66.1536483765, 66.6877059937, 67.2217712402, 67.7674331665, 68.3131027222, 68.8587722778, 69.3812255859, 69.9036712646, 70.4261245728, 70.9485702515, 71.4826278687, 72.0050811768, 72.5391387939, 73.0731964111, 73.6072540283, 74.1413116455, 74.6637649536, 75.1862106323, 75.7202682495, 76.2543258667, 76.7883911133, 77.310836792, 77.8448944092, 78.3673477173, 78.9014053345, 79.4354629517, 79.9695205688, 80.503578186, 81.0376434326, 81.5717010498, 82.105758667, 82.6282043457, 83.1506576538, 83.684715271, 84.2187728882, 84.7528305054, 85.2868881226, 85.8209533691, 86.3550109863, 86.8890686035, 87.4231262207, 87.9455795288, 88.4680252075, 89.0020828247, 89.5361404419, 90.0702056885, 90.5926513672, 91.1150970459, 91.6491622925, 92.1832199097, 92.7172775269, 93.251335144, 93.7853927612, 94.3194503784, 94.8419036865, 95.3643493652, 95.8984146118, 96.432472229, 96.9665298462, 97.5005874634, 98.0346450806, 98.5570983887, 99.0795440674, 99.6136016846, 100.147659302, 100.681724548, 101.215782166, 101.749839783, 102.272285461, 102.79473877, 103.328796387, 103.862854004, 104.396911621, 104.930976868, 105.453422546, 105.987480164, 106.521537781, 107.043991089, 107.578048706, 108.112106323, 108.64616394, 109.180221558, 109.714286804, 110.248344421, 110.7707901, 111.293243408, 111.827301025, 112.361358643, 112.89541626, 113.429473877, 113.951927185, 114.474372864, 115.008430481, 115.542495728, 116.076553345, 116.610610962, 117.133056641, 117.655509949, 118.189567566, 118.723625183, 119.2576828, 119.791740417, 120.325805664, 120.859863281, 121.393920898, 121.916366577, 122.438819885, 122.972877502, 123.50693512, 124.040992737, 124.575057983, 125.109115601, 125.643173218, 126.165618896, 126.699676514, 127.222129822, 127.756187439, 128.290252686, 128.824310303, 129.35836792, 129.892425537, 130.414871216, 130.937316895, 131.471374512, 132.005432129, 132.539505005, 133.061950684, 133.584396362, 134.118453979, 134.652511597, 135.186569214, 135.720626831, 136.254684448, 136.788757324, 137.322814941, 137.856872559, 138.379318237, 138.901763916, 139.435821533, 139.96987915, 140.503936768, 141.037994385, 141.572067261, 142.106124878, 142.640182495, 143.174240112, 143.708297729, 144.230743408, 144.753189087, 145.287246704, 145.82131958, 146.355377197, 146.889434814, 147.423492432, 147.94593811, 148.479995728, 149.014053345, 149.548110962, 150.070556641, 150.604629517, 151.138687134, 151.672744751, 152.206802368, 152.729248047, 153.251693726, 153.785751343, 154.31980896, 154.842269897, 155.364715576, 155.898773193, 156.432830811, 156.966888428, 157.500946045, 158.035003662, 158.569061279, 159.091522217, 159.613967896, 160.148025513, 160.68208313, 161.216140747, 161.750198364, 162.272644043, 162.79510498, 163.329162598, 163.863220215, 164.397277832, 164.931335449, 165.465393066, 165.999450684, 166.521896362, 167.0443573, 167.578414917, 168.112472534, 168.646530151, 169.180587769, 169.714645386, 170.248703003, 170.771148682, 171.293609619, 171.827667236, 172.361724854, 172.895782471, 173.429840088, 173.963897705, 174.497955322, 175.032012939, 175.554458618, 176.076919556, 176.610977173, 177.14503479, 177.679092407, 178.213150024, 178.747207642, 179.26965332, 179.792098999, 180.326171875, 180.860229492, 181.394287109, 181.928344727, 182.462402344, 182.996459961, 183.530517578, 184.052963257, 184.575408936, 185.109481812, 185.643539429, 186.177597046, 186.711654663, 187.24571228, 187.779769897, 188.313827515, 188.836273193, 189.358734131, 189.892791748, 190.426849365, 190.960906982, 191.4949646, 192.029022217, 192.551467896, 193.085525513, 193.607971191, 194.142044067, 194.664489746, 195.186935425, 195.720993042, 196.255050659, 196.789108276, 197.323165894, 197.857223511, 198.379684448, 198.902130127, 199.436187744, 199.970245361, 200.504302979, 201.038360596, 201.572418213, 202.10647583, 202.628936768, 203.151382446, 203.685440063, 204.219497681, 204.753555298, 205.287612915, 205.821670532, 206.355728149, 206.878189087, 207.400634766, 207.934692383, 208.46875, 209.002807617, 209.536865234, 210.059310913, 210.581771851, 211.115829468, 211.649887085, 212.183944702, 212.718002319, 213.252059937, 213.786117554, 214.320175171, 214.854232788, 215.376678467, 215.899139404, 216.433197021, 216.967254639, 217.501312256, 218.035369873, 218.56942749, 219.091873169, 219.614334106, 220.148391724, 220.682449341, 221.216506958, 221.750564575, 222.284622192, 222.807067871, 223.32951355, 223.863571167, 224.397644043, 224.93170166, 225.465759277, 225.999816895, 226.533874512, 227.067932129, 227.590377808, 228.112823486, 228.646896362, 229.180953979, 229.715011597, 230.249069214, 230.783126831, 231.317184448, 231.874465942, 232.443344116, 233.012237549, 233.511474609, 234.010696411, 234.53314209, 235.090423584, 235.63609314, 236.193374634, 236.750656128, 237.319549561, 237.888427734, 238.445709229], "danceability": 1.23474431038, "bpm_histogram_second_peak_spread": {"dvar": 0, "var": 0, "median": 0.300000011921, "max": 0.300000011921, "dmean": 0, "dmean2": 0, "mean": 0.300000011921, "dvar2": 0, "min": 0.300000011921}}, "lowlevel": {"spectral_flux": {"dvar": 0.000962651451118, "var": 0.00214557675645, "median": 0.083029255271, "max": 0.331553667784, "dmean": 0.0275500267744, "dmean2": 0.0436412766576, "mean": 0.0919239148498, "dvar2": 0.00228415289894, "min": 1.01640418304e-10}, "spectral_rolloff": {"dvar": 1667410.375, "var": 7397638.5, "median": 990.52734375, "max": 22006.9335938, "dmean": 690.863342285, "dmean2": 1138.43505859, "mean": 1840.19580078, "dvar2": 3440774.5, "min": 64.599609375}, "barkbands_flatness_db": {"dvar": 0.0004867624084, "var": 0.00340415537357, "median": 0.121441595256, "max": 0.501493215561, "dmean": 0.0220101736486, "dmean2": 0.0332831479609, "mean": 0.131002649665, "dvar2": 0.00106901477557, "min": 0.0205865092576}, "spectral_centroid": {"dvar": 168577.265625, "var": 832692.0625, "median": 1310.23840332, "max": 10957.0302734, "dmean": 333.255004883, "dmean2": 497.526763916, "mean": 1534.48461914, "dvar2": 326042.34375, "min": 130.745834351}, "melbands_skewness": {"dvar": 0.884884357452, "var": 3.36994695663, "median": 2.87936401367, "max": 25.1261291504, "dmean": 0.861775875092, "dmean2": 1.34023702145, "mean": 3.15229868889, "dvar2": 2.03471541405, "min": -2.44376134872}, "melbands": {"dvar": [5.95276787863e-06, 1.19341739264e-05, 8.83417044406e-07, 3.6756996451e-06, 3.66030178611e-07, 2.31125653727e-07, 1.66625781617e-07, 1.1369521502e-07, 8.47857748454e-08, 3.94424830574e-08, 9.23516729756e-09, 7.12926029323e-09, 1.26167787329e-08, 5.15510922838e-09, 2.34173702651e-09, 1.9803634288e-09, 3.16097592545e-09, 2.956068057e-09, 2.06147321435e-09, 6.19380879918e-10, 4.21767204495e-10, 2.60938687324e-10, 2.98992969272e-10, 2.50111764633e-10, 3.82356341033e-10, 4.71793271117e-10, 1.30420330091e-09, 4.70659455853e-10, 1.45054623868e-09, 1.46829792769e-09, 2.35019670392e-10, 2.43901843167e-10, 7.9563987343e-11, 1.09486683608e-10, 1.17342358052e-10, 1.4124691694e-10, 1.22164445227e-10, 8.78122435877e-11, 7.19197618126e-11, 3.68823027674e-11], "var": [1.85386033991e-05, 1.61496063811e-05, 1.33288835968e-06, 3.94772678192e-06, 1.01859905044e-06, 5.72193357584e-07, 3.18407757049e-07, 2.01948608947e-07, 2.46450071018e-07, 1.00081528842e-07, 2.09947828012e-08, 1.62437689966e-08, 2.95088504743e-08, 1.46175134219e-08, 4.5368575563e-09, 3.01818681159e-09, 3.6730276598e-09, 4.84966333758e-09, 3.81973386254e-09, 1.50849466252e-09, 7.56719908956e-10, 4.86873041883e-10, 6.7853112018e-10, 4.59883658932e-10, 6.21695084302e-10, 7.00341284965e-10, 1.5674503917e-09, 7.04655112038e-10, 1.47293444108e-09, 2.13377049363e-09, 3.25012294855e-10, 3.38381489495e-10, 1.18268422833e-10, 1.7699097743e-10, 1.90660529031e-10, 2.65889643636e-10, 2.26824212191e-10, 1.57886301255e-10, 1.17874876526e-10, 6.71301209065e-11], "median": [0.000638036523014, 0.00135344872251, 0.000778242305387, 0.000471283681691, 0.000363460858352, 0.000294592202408, 0.000175635257619, 0.000130457541673, 8.84785404196e-05, 5.57853418286e-05, 4.72934261779e-05, 4.04159545724e-05, 2.67130599241e-05, 4.0696002543e-05, 2.84391753667e-05, 2.00092690648e-05, 2.02342962439e-05, 2.65108938038e-05, 1.87892110262e-05, 1.57139093062e-05, 1.4018116417e-05, 1.13695214168e-05, 9.28440204007e-06, 6.60818750475e-06, 9.35166190175e-06, 1.2287093341e-05, 9.51633955992e-06, 4.85860437038e-06, 4.99944781041e-06, 4.38406095782e-06, 2.28657791013e-06, 1.67627820247e-06, 1.03746197055e-06, 1.12373686534e-06, 1.01445778e-06, 1.08798008114e-06, 7.93723415882e-07, 5.32727540303e-07, 5.66040398553e-07, 6.14268969912e-07], "max": [0.0288615785539, 0.0385350175202, 0.0170474965125, 0.0224213432521, 0.00881152134389, 0.00881425011903, 0.0090543050319, 0.00513683399186, 0.00479813339189, 0.00423939526081, 0.0027811403852, 0.00180228124373, 0.00334070553072, 0.00200944836251, 0.00121807679534, 0.00199959077872, 0.00144628982525, 0.00148150743917, 0.00137646810617, 0.000446062884293, 0.000685962208081, 0.000494231353514, 0.000389430322684, 0.000378662109142, 0.000522684189491, 0.000510473677423, 0.0016908487305, 0.000669482396916, 0.00168116204441, 0.000757116591558, 0.000407227664255, 0.000469997554319, 0.000232716149185, 0.000213618695852, 0.000235010229517, 0.000382227648515, 0.000279148836853, 0.000248805183219, 0.000218703527935, 0.000229734898312], "dmean": [0.00138401449658, 0.00169395527337, 0.000603562337346, 0.000816310639493, 0.000383344246075, 0.000288138835458, 0.000206519471249, 0.000173144740984, 0.000138285948196, 8.12058933661e-05, 4.76425848319e-05, 4.4824937504e-05, 5.0924714742e-05, 3.80996752938e-05, 2.61446402874e-05, 2.10280140891e-05, 2.40515801124e-05, 2.77883227682e-05, 2.16824319068e-05, 1.50026626216e-05, 1.16751616588e-05, 9.48253000388e-06, 9.53040944296e-06, 7.33705519451e-06, 9.10723883862e-06, 1.04797254608e-05, 1.20886916193e-05, 7.24847768652e-06, 9.09911977942e-06, 1.11015779112e-05, 5.26658004674e-06, 5.39552229384e-06, 3.50918185177e-06, 4.0386830733e-06, 3.86645206163e-06, 3.55680231223e-06, 2.83206827589e-06, 2.09648374039e-06, 2.0961131213e-06, 1.62223579991e-06], "dmean2": [0.00215588835999, 0.00286640971899, 0.00100795959588, 0.00132709078025, 0.000576666556299, 0.00045976912952, 0.000333745789248, 0.000275494996458, 0.000206036842428, 0.000120827615319, 7.29824387236e-05, 7.02293109498e-05, 7.93178842287e-05, 6.13909214735e-05, 4.08507039538e-05, 3.30429720634e-05, 3.97554940719e-05, 4.53269349237e-05, 3.54246985808e-05, 2.4699495043e-05, 1.91763938346e-05, 1.53088549268e-05, 1.55327761604e-05, 1.19599590107e-05, 1.43824636325e-05, 1.67698999576e-05, 1.94676977117e-05, 1.1371194887e-05, 1.450083073e-05, 1.75618206413e-05, 8.22468246042e-06, 8.57252507558e-06, 5.49042079001e-06, 6.30564863968e-06, 6.00241128268e-06, 5.42686257177e-06, 4.37392191088e-06, 3.25734049511e-06, 3.27574571202e-06, 2.50105222221e-06], "mean": [0.00300192693248, 0.00301156030037, 0.00110266974661, 0.0011330540292, 0.000771846564021, 0.00055423512822, 0.000369424233213, 0.000292164564598, 0.000265185168246, 0.000153205299284, 9.15171767701e-05, 8.309486293e-05, 9.0340647148e-05, 7.52534397179e-05, 4.99500820297e-05, 3.77688156732e-05, 3.81688259949e-05, 4.82197356177e-05, 3.72474278265e-05, 2.79096348095e-05, 2.18115947064e-05, 1.78010941454e-05, 1.79297894647e-05, 1.28407355078e-05, 1.62001233548e-05, 1.92933111975e-05, 1.86135748663e-05, 1.1397718481e-05, 1.30887465275e-05, 1.53564324137e-05, 7.23211996956e-06, 6.77973548591e-06, 4.94526784678e-06, 5.67142751606e-06, 5.3021376516e-06, 5.03244928041e-06, 3.93913433072e-06, 2.89407239507e-06, 2.78760717265e-06, 2.44574198405e-06], "dvar2": [1.4896320863e-05, 3.54580879502e-05, 2.36694563682e-06, 9.59484896157e-06, 8.51391575907e-07, 5.69091923808e-07, 4.18018089476e-07, 2.84286727492e-07, 1.90989069893e-07, 8.64025295755e-08, 2.12991615456e-08, 1.6688856519e-08, 2.90193664654e-08, 1.22419674398e-08, 5.79687275959e-09, 5.0768900195e-09, 8.56664605919e-09, 7.69195374062e-09, 5.25783239169e-09, 1.60150093187e-09, 1.12888298709e-09, 6.49945930409e-10, 7.73194619441e-10, 5.92024262946e-10, 8.46714753866e-10, 1.10066067371e-09, 3.2156941554e-09, 1.04241537624e-09, 3.7689522614e-09, 3.37460992483e-09, 5.44308320638e-10, 5.49669365579e-10, 1.90558208102e-10, 2.57102450441e-10, 2.71011102448e-10, 3.09693853895e-10, 2.67987410041e-10, 1.93072516308e-10, 1.66669636426e-10, 8.10856867761e-11], "min": [9.0009486825e-24, 3.69269734038e-23, 8.99571301268e-24, 5.47913281369e-24, 9.21965800189e-24, 1.54363497296e-23, 1.73519311994e-23, 2.60557680437e-23, 1.53949171771e-23, 6.75976250747e-24, 6.26840905417e-24, 4.99453319303e-24, 8.71861299794e-24, 9.30322045986e-24, 1.41858915988e-23, 2.02473078902e-23, 3.15419169863e-24, 1.10020797509e-23, 6.57561515649e-24, 9.33106409437e-24, 7.12502246153e-24, 1.46196089022e-23, 8.65182566712e-24, 1.67631222643e-23, 1.33418987826e-23, 8.31422080982e-24, 6.61155526491e-24, 6.46154034757e-24, 8.34282490624e-24, 1.659616932e-23, 1.28724366139e-23, 8.74049284401e-24, 6.51773248757e-24, 6.1018095196e-24, 6.84767868878e-24, 1.06625398178e-23, 9.45604963847e-24, 9.90696568734e-24, 1.05543333452e-23, 8.41296174047e-24]}, "spectral_decrease": {"dvar": 1.2624037598e-17, "var": 3.32786969616e-17, "median": -7.9883211157e-09, "max": 3.89876325668e-10, "dmean": 2.77886558209e-09, "dmean2": 4.42046044213e-09, "mean": -9.08953268208e-09, "dvar2": 3.3495431517e-17, "min": -3.8809474745e-08}, "barkbands_kurtosis": {"dvar": 72.6315841675, "var": 221.432830811, "median": 2.55709862709, "max": 286.019317627, "dmean": 3.7549405098, "dmean2": 5.92458200455, "mean": 6.25014781952, "dvar2": 170.260101318, "min": -1.93727552891}, "silence_rate_30dB": {"dvar": 0.00213204347529, "var": 0.00126121181529, "median": 1, "max": 1, "dmean": 0.00213695969433, "dmean2": 0.00427433475852, "mean": 0.99873739481, "dvar2": 0.00600530998781, "min": 0}, "gfcc": {"mean": [22.1166133881, 76.229347229, -108.734237671, 33.8530578613, -57.6803665161, 7.76623058319, -37.3966941833, 3.92864942551, -24.9468231201, 2.6928794384, -12.0541133881, -5.32603931427, -8.26687812805], "cov": [[13899.6904297, 623.278564453, -559.425231934, 682.103027344, -475.509460449, 374.890594482, -305.821929932, 515.764404297, -404.10369873, 303.406616211, -294.17376709, 257.034698486, -176.713592529], [623.278564453, 1556.04138184, -318.240386963, 146.221084595, 159.881973267, -67.1505737305, 83.8583297729, -10.9448986053, 25.1410942078, 10.5677509308, 53.5343780518, -101.160644531, 30.1905956268], [-559.425231934, -318.240386963, 1308.04492188, 49.9269523621, 342.833435059, 374.129974365, 118.122871399, 281.168762207, 134.633590698, 113.699195862, 72.2008895874, 204.004608154, 4.68459177017], [682.103027344, 146.221084595, 49.9269523621, 446.465026855, 66.5767593384, 82.463684082, 57.784362793, -6.87834739685, 37.9478111267, 13.421462059, -8.04985046387, -11.3049049377, -23.4226608276], [-475.509460449, 159.881973267, 342.833435059, 66.5767593384, 447.468078613, 208.48928833, 114.206947327, 157.487792969, 73.7662658691, 49.2425727844, 76.811920166, 58.3510398865, 44.6602058411], [374.890594482, -67.1505737305, 374.129974365, 82.463684082, 208.48928833, 351.182159424, 111.644050598, 182.723220825, 67.3480300903, 80.5311584473, 34.4186935425, 98.1204071045, 10.5392885208], [-305.821929932, 83.8583297729, 118.122871399, 57.784362793, 114.206947327, 111.644050598, 190.315628052, 61.5801544189, 59.983291626, 28.3858757019, 30.1687011719, 12.9008321762, 13.2446632385], [515.764404297, -10.9448986053, 281.168762207, -6.87834739685, 157.487792969, 182.723220825, 61.5801544189, 301.316558838, 46.7160263062, 85.5297927856, 53.9860992432, 98.1457901001, 52.1824569702], [-404.10369873, 25.1410942078, 134.633590698, 37.9478111267, 73.7662658691, 67.3480300903, 59.983291626, 46.7160263062, 145.296325684, 34.248134613, 32.5441551208, 12.8031101227, 1.09699451923], [303.406616211, 10.5677509308, 113.699195862, 13.421462059, 49.2425727844, 80.5311584473, 28.3858757019, 85.5297927856, 34.248134613, 124.646575928, 31.2028770447, 42.4162330627, 23.4406356812], [-294.17376709, 53.5343780518, 72.2008895874, -8.04985046387, 76.811920166, 34.4186935425, 30.1687011719, 53.9860992432, 32.5441551208, 31.2028770447, 110.807815552, 40.8852424622, 45.8309707642], [257.034698486, -101.160644531, 204.004608154, -11.3049049377, 58.3510398865, 98.1204071045, 12.9008321762, 98.1457901001, 12.8031101227, 42.4162330627, 40.8852424622, 157.837768555, 27.7357826233], [-176.713592529, 30.1905956268, 4.68459177017, -23.4226608276, 44.6602058411, 10.5392885208, 13.2446632385, 52.1824569702, 1.09699451923, 23.4406356812, 45.8309707642, 27.7357826233, 107.779891968]], "icov": [[0.000191560277017, -0.000131252716528, 0.000165249264683, -0.000325291621266, 0.000305361492792, -0.000305883935653, 0.000354991381755, -0.000530331104528, 0.000530064164195, -0.000410497392295, 0.000419314223109, -0.000364573177649, 0.000388886051951], [-0.000131252716528, 0.000928249617573, 0.000162602664204, -2.85170990537e-05, -0.000703009776771, 0.000571180949919, -0.000521081616171, 0.000217624823563, -0.000359656842193, 5.35511426278e-05, -0.000613615033217, 0.000617483397946, -0.000200322072487], [0.000165249264683, 0.000162602664204, 0.00159081292804, -0.000278875115328, -0.00041395961307, -0.000797209213488, 0.000342885032296, -0.000804759154562, -0.000137722643558, -0.00049953738926, 0.000378222641302, -0.00124145543668, 0.000961309648119], [-0.000325291621266, -2.85170990537e-05, -0.000278875115328, 0.00314268306829, -0.00061542209005, -0.000257470586803, -0.000909666006919, 0.00145571806934, -0.001241789083, 0.000556520011742, -0.000337760953698, 0.000745033787098, -0.000299587496556], [0.000305361492792, -0.000703009776771, -0.00041395961307, -0.00061542209005, 0.00466989725828, -0.00202704663388, -2.84766247205e-05, -0.00139323039912, 0.00065135746263, 0.000212109705899, -0.000721444725059, 6.46222542855e-05, -0.000239559798501], [-0.000305883935653, 0.000571180949919, -0.000797209213488, -0.000257470586803, -0.00202704663388, 0.00733253406361, -0.00252759736031, -0.00106319808401, -0.000947109190747, -0.00078627129551, 0.000383595033782, -0.000969889981207, 0.000532582693268], [0.000354991381755, -0.000521081616171, 0.000342885032296, -0.000909666006919, -2.84766247205e-05, -0.00252759736031, 0.00821241922677, -0.0009560114122, -0.000830396369565, -0.000532234669663, 0.000159477334819, 0.000213390958379, 0.00022951340361], [-0.000530331104528, 0.000217624823563, -0.000804759154562, 0.00145571806934, -0.00139323039912, -0.00106319808401, -0.0009560114122, 0.00784876011312, -0.00159278232604, -0.000693281705026, -0.00119051139336, -0.000360350124538, -0.00281447032467], [0.000530064164195, -0.000359656842193, -0.000137722643558, -0.001241789083, 0.00065135746263, -0.000947109190747, -0.000830396369565, -0.00159278232604, 0.0106049953029, -0.00248188246042, -0.000927858345676, 5.98498772888e-05, 0.00221284897998], [-0.000410497392295, 5.35511426278e-05, -0.00049953738926, 0.000556520011742, 0.000212109705899, -0.00078627129551, -0.000532234669663, -0.000693281705026, -0.00248188246042, 0.0119440238923, -0.00207612430677, 0.000132833971293, -0.00187908869702], [0.000419314223109, -0.000613615033217, 0.000378222641302, -0.000337760953698, -0.000721444725059, 0.000383595033782, 0.000159477334819, -0.00119051139336, -0.000927858345676, -0.00207612430677, 0.0145385721698, -0.00339357019402, -0.00326016754843], [-0.000364573177649, 0.000617483397946, -0.00124145543668, 0.000745033787098, 6.46222542855e-05, -0.000969889981207, 0.000213390958379, -0.000360350124538, 5.98498772888e-05, 0.000132833971293, -0.00339357019402, 0.0109117059037, -0.00173298292793], [0.000388886051951, -0.000200322072487, 0.000961309648119, -0.000299587496556, -0.000239559798501, 0.000532582693268, 0.00022951340361, -0.00281447032467, 0.00221284897998, -0.00187908869702, -0.00326016754843, -0.00173298292793, 0.0134650580585]]}, "silence_rate_20dB": {"dvar": 0, "var": 0, "median": 1, "max": 1, "dmean": 0, "dmean2": 0, "mean": 1, "dvar2": 0, "min": 1}, "barkbands_skewness": {"dvar": 0.524497032166, "var": 3.18670034409, "median": 1.68582391739, "max": 14.6923561096, "dmean": 0.639926552773, "dmean2": 0.974233150482, "mean": 1.68739116192, "dvar2": 1.13152813911, "min": -12.8431081772}, "erbbands_skewness": {"dvar": 0.180584013462, "var": 0.716724514961, "median": 0.209256276488, "max": 7.23793792725, "dmean": 0.386691480875, "dmean2": 0.580026507378, "mean": 0.161054521799, "dvar2": 0.3723551929, "min": -5.17116212845}, "spectral_contrast_valleys": {"dvar": [0.153490066528, 0.124255806208, 0.0905060768127, 0.0829600319266, 0.0838973745704, 0.18385347724], "var": [2.75389885902, 1.5919162035, 1.39147353172, 1.34164762497, 1.53076851368, 1.67880487442], "median": [-6.95772075653, -6.54560470581, -7.22706747055, -7.49828529358, -7.15433216095, -9.68896484375], "max": [-5.11910915375, -4.57860183716, -5.60062932968, -5.62929153442, -5.44676828384, -6.97596311569], "dmean": [0.413019388914, 0.35851341486, 0.305870682001, 0.278406977654, 0.256674915552, 0.347326040268], "dmean2": [0.667525351048, 0.572180151939, 0.482853889465, 0.438286453485, 0.369790881872, 0.4526681602], "mean": [-7.36384439468, -6.69454860687, -7.36805772781, -7.63093519211, -7.2862033844, -9.81754779816], "dvar2": [0.339879631996, 0.277977406979, 0.185583487153, 0.166468977928, 0.147958680987, 0.310980439186], "min": [-27.8103847504, -27.3242340088, -27.4069366455, -27.4257316589, -27.3686923981, -27.3129024506]}, "spectral_strongpeak": {"dvar": 0.535641789436, "var": 0.700151026249, "median": 0.510516643524, "max": 12.1443309784, "dmean": 0.438431084156, "dmean2": 0.747906088829, "mean": 0.78084653616, "dvar2": 1.37802362442, "min": 9.35595245721e-09}, "erbbands_crest": {"dvar": 6.2366976738, "var": 15.6888341904, "median": 7.35086870193, "max": 32.0122032166, "dmean": 2.52273511887, "dmean2": 4.09489583969, "mean": 8.34802913666, "dvar2": 14.8387413025, "min": 2.16378712654}, "barkbands_crest": {"dvar": 6.92263936996, "var": 21.6997699738, "median": 10.2615394592, "max": 26.7252922058, "dmean": 2.84182333946, "dmean2": 4.580991745, "mean": 11.0369901657, "dvar2": 17.8173084259, "min": 2.42781734467}, "spectral_energyband_middle_low": {"dvar": 7.2538270615e-05, "var": 0.000124865706312, "median": 0.0121003966779, "max": 0.100320026278, "dmean": 0.00572075275704, "dmean2": 0.00890441983938, "mean": 0.0143907191232, "dvar2": 0.000184345713933, "min": 3.81984171279e-22}, "spectral_contrast_coeffs": {"dvar": [0.00216409098357, 0.00165947130881, 0.000871898257174, 0.000587265065406, 0.000382970669307, 0.000459691073047], "var": [0.0118737341836, 0.00720098940656, 0.00397756090388, 0.00229617347941, 0.00142908364069, 0.00368360290304], "median": [-0.625637948513, -0.705134809017, -0.758172512054, -0.773455679417, -0.787151396275, -0.758792638779], "max": [-0.19606295228, -0.355218738317, -0.487913876772, -0.557432770729, -0.5430727005, -0.532626271248], "dmean": [0.0535924248397, 0.0478522442281, 0.0361841395497, 0.0300131738186, 0.0227106567472, 0.0213763043284], "dmean2": [0.0870932936668, 0.0767854601145, 0.0582048408687, 0.0492413267493, 0.0370139032602, 0.0323969163001], "mean": [-0.610724508762, -0.702097773552, -0.755092203617, -0.772545456886, -0.784090697765, -0.748600482941], "dvar2": [0.00540859531611, 0.00409380253404, 0.00217447197065, 0.00152011215687, 0.000916836666875, 0.000926699547563], "min": [-0.99694788456, -0.996712982655, -0.996514081955, -0.992836534977, -0.974588394165, -0.956005573273]}, "hfc": {"dvar": 390.563873291, "var": 917.441711426, "median": 20.5998477936, "max": 320.432922363, "dmean": 10.8968305588, "dmean2": 15.6033067703, "mean": 29.0550880432, "dvar2": 804.113220215, "min": 1.14971606814e-16}, "spectral_energyband_high": {"dvar": 6.92687444825e-06, "var": 1.38845243782e-05, "median": 0.000653786235489, "max": 0.0364565551281, "dmean": 0.00118373334408, "dmean2": 0.00172029389068, "mean": 0.0019697919488, "dvar2": 1.45651683852e-05, "min": 7.25654612899e-21}, "erbbands_spread": {"dvar": 110.639122009, "var": 362.752075195, "median": 44.2921295166, "max": 196.324264526, "dmean": 9.76863765717, "dmean2": 14.9147787094, "mean": 46.9376296997, "dvar2": 249.093765259, "min": 3.67047429085}, "dissonance": {"dvar": 0.000185294047697, "var": 0.000491974584293, "median": 0.472410142422, "max": 0.500000178814, "dmean": 0.0142264245078, "dmean2": 0.0233179405332, "mean": 0.468057751656, "dvar2": 0.000480722461361, "min": 0.287393718958}, "spectral_kurtosis": {"dvar": 1.60320484638, "var": 5.13612127304, "median": 3.14774346352, "max": 41.1326255798, "dmean": 1.067740798, "dmean2": 1.72561872005, "mean": 3.36512994766, "dvar2": 4.05662727356, "min": -1.30086874962}, "spectral_skewness": {"dvar": 0.0432893298566, "var": 0.21762509644, "median": 1.37427794933, "max": 5.64830493927, "dmean": 0.193575233221, "dmean2": 0.293847978115, "mean": 1.33227145672, "dvar2": 0.0931591838598, "min": -0.300279378891}, "pitch_salience": {"dvar": 0.00488445488736, "var": 0.0162701439112, "median": 0.541891217232, "max": 0.986638903618, "dmean": 0.074791572988, "dmean2": 0.121509931982, "mean": 0.535907804966, "dvar2": 0.0130832633004, "min": 0.0740258023143}, "spectral_complexity": {"dvar": 20.4062175751, "var": 102.335922241, "median": 22, "max": 60, "dmean": 4.24186515808, "dmean2": 6.30775213242, "mean": 22.6195602417, "dvar2": 39.3146324158, "min": 0}, "spectral_spread": {"dvar": 722118901760, "var": 11124041842700.0, "median": 4805192, "max": 40196400, "dmean": 622253.75, "dmean2": 890975.3125, "mean": 5400000.5, "dvar2": 1328281026560.0, "min": 1612874.875}, "dynamic_complexity": 2.30759072304, "melbands_crest": {"dvar": 10.7658252716, "var": 31.3344230652, "median": 14.3273563385, "max": 34.7569961548, "dmean": 3.50476574898, "dmean2": 5.72066831589, "mean": 15.0259428024, "dvar2": 28.980840683, "min": 1.88506174088}, "zerocrossingrate": {"dvar": 0.000371605623513, "var": 0.00743714859709, "median": 0.05615234375, "max": 0.88330078125, "dmean": 0.0142150791362, "dmean2": 0.0160908456892, "mean": 0.0745038688183, "dvar2": 0.000388460699469, "min": 0.00341796875}, "spectral_energyband_low": {"dvar": 0.000167966310983, "var": 0.000399033277063, "median": 0.00723380967975, "max": 0.136695444584, "dmean": 0.00741642061621, "dmean2": 0.0120242293924, "mean": 0.0166516043246, "dvar2": 0.000461458752397, "min": 1.27980653321e-22}, "melbands_kurtosis": {"dvar": 283.014190674, "var": 752.588500977, "median": 10.9735717773, "max": 763.524291992, "dmean": 9.18085861206, "dmean2": 14.5789051056, "mean": 17.9875640869, "dvar2": 624.784606934, "min": -1.85444819927}, "spectral_energyband_middle_high": {"dvar": 4.2274500629e-06, "var": 1.35871223392e-05, "median": 0.00408444041386, "max": 0.0384610742331, "dmean": 0.0015032319352, "dmean2": 0.00229254760779, "mean": 0.00481969863176, "dvar2": 9.99243547994e-06, "min": 1.51071957498e-21}, "barkbands_spread": {"dvar": 96.5096740723, "var": 271.450378418, "median": 20.7744979858, "max": 132.587875366, "dmean": 7.54884576797, "dmean2": 11.6361837387, "mean": 24.6641178131, "dvar2": 203.780090332, "min": 0.521318078041}, "mfcc": {"mean": [-618.164245605, 108.008598328, 3.5970594883, 26.2403049469, 2.19627475739, 3.29795360565, 0.992615103722, -4.22501945496, -4.43639278412, 2.72436833382, -4.75247383118, -0.858814239502, -0.482603132725], "cov": [[5455.09082031, 26.1690292358, 414.261871338, 11.0654735565, 111.69934082, 134.220397949, 39.8861198425, 217.195510864, 90.1288452148, 9.1513710022, 136.936782837, -27.9406013489, 129.412872314], [26.1690292358, 1260.14318848, -99.2320632935, 101.443336487, 144.486572266, 20.9757137299, 118.87651825, 18.0677680969, 45.0521202087, 68.9907073975, 31.7731990814, 45.315574646, 24.2351856232], [414.261871338, -99.2320632935, 782.912109375, 52.4105949402, 216.559692383, 122.46762085, 92.829864502, 180.824356079, 104.581848145, 34.6315574646, 131.918426514, 40.6615867615, 129.72505188], [11.0654735565, 101.443336487, 52.4105949402, 314.961181641, 52.7239303589, 94.891998291, 20.666059494, 20.626001358, 12.7999801636, 36.1561698914, -10.4561567307, 33.227268219, -15.0609416962], [111.69934082, 144.486572266, 216.559692383, 52.7239303589, 391.273132324, 76.3515853882, 158.827896118, 140.474151611, 105.72089386, 40.905166626, 110.36869812, 36.9902572632, 77.1081466675], [134.220397949, 20.9757137299, 122.46762085, 94.891998291, 76.3515853882, 250.649368286, 53.4447975159, 75.2701263428, 41.4943275452, 50.594707489, 39.8948936462, 30.663772583, 20.0058345795], [39.8861198425, 118.87651825, 92.829864502, 20.666059494, 158.827896118, 53.4447975159, 232.427688599, 97.6296157837, 83.9727172852, 50.0533103943, 52.9976997375, 29.9667644501, 47.7153358459], [217.195510864, 18.0677680969, 180.824356079, 20.626001358, 140.474151611, 75.2701263428, 97.6296157837, 209.091445923, 82.1506881714, 19.2005786896, 73.8140716553, 35.5173225403, 76.4017333984], [90.1288452148, 45.0521202087, 104.581848145, 12.7999801636, 105.72089386, 41.4943275452, 83.9727172852, 82.1506881714, 139.42427063, 61.2913665771, 63.1889381409, 18.5900783539, 45.9444847107], [9.1513710022, 68.9907073975, 34.6315574646, 36.1561698914, 40.905166626, 50.594707489, 50.0533103943, 19.2005786896, 61.2913665771, 119.913230896, 38.3994178772, 17.8284263611, 9.90937995911], [136.936782837, 31.7731990814, 131.918426514, -10.4561567307, 110.36869812, 39.8948936462, 52.9976997375, 73.8140716553, 63.1889381409, 38.3994178772, 131.415145874, 35.3075904846, 54.5424003601], [-27.9406013489, 45.315574646, 40.6615867615, 33.227268219, 36.9902572632, 30.663772583, 29.9667644501, 35.5173225403, 18.5900783539, 17.8284263611, 35.3075904846, 82.4151229858, 27.7064495087], [129.412872314, 24.2351856232, 129.72505188, -15.0609416962, 77.1081466675, 20.0058