{"tonal": {"hpcp": {"dvar": [0.0052748513408, 0.00524178147316, 0.00976726878434, 0.0151504110545, 0.0228758007288, 0.0128960935399, 0.00793765485287, 0.00499798636883, 0.00573425972834, 0.0098302680999, 0.00955503992736, 0.00346073647961, 0.00306101865135, 0.00384575733915, 0.00529128871858, 0.00970799010247, 0.0129114724696, 0.0142270075157, 0.0223633442074, 0.0177456680685, 0.00802197307348, 0.00462818657979, 0.00412640813738, 0.00535139301792, 0.00764960283414, 0.00932248402387, 0.00479215523228, 0.00425171665847, 0.00545534444973, 0.00984055362642, 0.0157682783902, 0.0166692622006, 0.00992876756936, 0.00763962604105, 0.00641769729555, 0.00513075012714], "var": [0.00595180923119, 0.00546320807189, 0.0134079279378, 0.0764792189002, 0.0943679884076, 0.0179681684822, 0.00630532251671, 0.00403881818056, 0.00899277813733, 0.0550761669874, 0.0557978563011, 0.00700115924701, 0.00276552024297, 0.0037006251514, 0.00618979800493, 0.0245434343815, 0.0324296951294, 0.0556529164314, 0.177658900619, 0.092787347734, 0.0108515908942, 0.00421287212521, 0.00378450914286, 0.0078862849623, 0.0385125316679, 0.0480894111097, 0.00897521805018, 0.00558723369613, 0.00458232779056, 0.0206898581237, 0.133786469698, 0.110232457519, 0.0144973611459, 0.0209632366896, 0.0343632437289, 0.00975904706866], "median": [0.00107141514309, 0.000795158441179, 0.008758533746, 0.059499643743, 0.0727402865887, 0.0215957202017, 0.000646032684017, 0.000499603687786, 0.00095613009762, 0.00368890538812, 0.00441174581647, 0.00343945296481, 0.000995335401967, 0.000484134536237, 0.00246193702333, 0.00744807627052, 0.0132634183392, 0.291049659252, 0.921618640423, 0.420876502991, 0.0177561640739, 0.000540415639989, 0.00108458520845, 0.0064693801105, 0.02240213193, 0.0203478373587, 0.00630066823214, 0.000263521855231, 0.000362881401088, 0.01759041287, 0.0640458613634, 0.0533450767398, 0.0196674149483, 0.0021093506366, 0.00109958462417, 0.00090037874179], "max": [1, 1, 1, 1, 1, 1, 1, 1, 1, 1, 1, 1, 1, 1, 1, 1, 1, 1, 1, 1, 1, 1, 1, 1, 1, 1, 1, 1, 1, 1, 1, 1, 1, 1, 1, 1], "dmean": [0.015803989023, 0.0166664980352, 0.034274071455, 0.060242280364, 0.0733865574002, 0.0512987039983, 0.0229537039995, 0.0162532795221, 0.022240633145, 0.0291528087109, 0.0307547934353, 0.0165022779256, 0.00937198847532, 0.0100060198456, 0.0158471185714, 0.0286748483777, 0.0393995717168, 0.0696870982647, 0.0688487067819, 0.0813545882702, 0.035554882139, 0.0150771411136, 0.012534501031, 0.0188213177025, 0.0310043543577, 0.0320875346661, 0.0196384936571, 0.0124310469255, 0.0155045725405, 0.0416336804628, 0.0604092441499, 0.067820250988, 0.0431856513023, 0.0251945313066, 0.0181537736207, 0.0174577664584], "dmean2": [0.0277968756855, 0.0298262629658, 0.0591234005988, 0.0938030704856, 0.114613205194, 0.0838129222393, 0.0412701554596, 0.0296710561961, 0.0395625419915, 0.047461476177, 0.0478694550693, 0.0273583177477, 0.0163205489516, 0.0177174229175, 0.0272104311734, 0.0476897880435, 0.0644390955567, 0.107988677919, 0.111301667988, 0.123154476285, 0.0577015690506, 0.0261299200356, 0.0211535431445, 0.0307312887162, 0.0471714101732, 0.0496651008725, 0.0319993421435, 0.0211010985076, 0.0274029746652, 0.0684696063399, 0.0943789333105, 0.108463928103, 0.0716130211949, 0.0421930886805, 0.0305286496878, 0.029979525134], "mean": [0.0176034718752, 0.016575878486, 0.0466319769621, 0.195677638054, 0.224106550217, 0.0780445411801, 0.0182100534439, 0.0129097485915, 0.0313020385802, 0.100234113634, 0.101447768509, 0.0327395349741, 0.00982639100403, 0.00922268722206, 0.0202737003565, 0.0610936619341, 0.0746430978179, 0.301398038864, 0.631532788277, 0.409180045128, 0.058063685894, 0.0178082194179, 0.0155527321622, 0.0334923490882, 0.102264419198, 0.106997765601, 0.0393226109445, 0.0145534938201, 0.0139565626159, 0.0879178866744, 0.277198404074, 0.247125521302, 0.0684610456228, 0.0491593405604, 0.0511335246265, 0.0274009183049], "dvar2": [0.0141817703843, 0.0144558446482, 0.0260736625642, 0.0352686941624, 0.051983602345, 0.0338478758931, 0.0220617577434, 0.014071976766, 0.0165814571083, 0.0237879958004, 0.0219888333231, 0.00942308921367, 0.00814570579678, 0.0101443221793, 0.0136251645163, 0.0234989114106, 0.0316269062459, 0.0344976596534, 0.0491212233901, 0.039205212146, 0.0210080370307, 0.0127181429416, 0.0110717946663, 0.0137203596532, 0.0169452559203, 0.0204753149301, 0.011938828975, 0.0102073578164, 0.0145064527169, 0.0261434055865, 0.0346163474023, 0.0385050922632, 0.0262135975063, 0.0206656008959, 0.0159336719662, 0.0133896870539], "min": [0, 0, 0, 0, 0, 0, 0, 0, 0, 0, 0, 0, 0, 0, 0, 0, 0, 0, 0, 0, 0, 0, 0, 0, 0, 0, 0, 0, 0, 0, 0, 0, 0, 0, 0, 0]}, "key_key": "D#", "thpcp": [1, 0.647915780544, 0.0919408872724, 0.0281984079629, 0.0246269591153, 0.0530334301293, 0.161930501461, 0.169425517321, 0.0622653514147, 0.0230447165668, 0.02209950611, 0.139213502407, 0.4389295578, 0.391310662031, 0.108404576778, 0.0778413116932, 0.0809673294425, 0.0433879569173, 0.0278742015362, 0.0262470599264, 0.0738393589854, 0.30984556675, 0.354861319065, 0.12357955426, 0.0288346912712, 0.0204419288784, 0.0495651848614, 0.158715605736, 0.160637378693, 0.0518413856626, 0.0155595894903, 0.0146036557853, 0.0321023724973, 0.0967387035489, 0.118193544447, 0.477248430252], "chords_key": "D#", "tuning_equal_tempered_deviation": 0.129588484764, "tuning_frequency": 436.708374023, "tuning_diatonic_strength": 0.523320376873, "chords_histogram": [38.6489219666, 5.8262181282, 7.83525848389, 0.477147161961, 0.966850817204, 0, 3.89251637459, 0, 2.18483185768, 0, 0.0125565044582, 0, 0, 0, 0, 3.86740326881, 0, 0.929181337357, 0, 0.0376695133746, 0, 1.59467601776, 3.71672534943, 30.0100460052], "key_strength": 0.694309055805, "key_scale": "major", "chords_strength": {"dvar": 2.91455362458e-05, "var": 0.00879451725632, "median": 0.501310884953, "max": 0.766218006611, "dmean": 0.00608912948519, "dmean2": 0.00384604954161, "mean": 0.492660999298, "dvar2": 1.7079324607e-05, "min": 0.220572277904}, "chords_number_rate": 0.00113008543849, "tuning_nontempered_energy_ratio": 0.787084877491, "hpcp_entropy": {"dvar": 0.151183366776, "var": 0.486674726009, "median": 1.75399160385, "max": 4.16692113876, "dmean": 0.356781721115, "dmean2": 0.58564978838, "mean": 1.70417320728, "dvar2": 0.375350028276, "min": 0}, "chords_changes_rate": 0.0352837778628, "chords_scale": "major"}, "rhythm": {"bpm_histogram_first_peak_spread": {"dvar": 0, "var": 0, "median": 0.537242472172, "max": 0.537242472172, "dmean": 0, "dmean2": 0, "mean": 0.537242472172, "dvar2": 0, "min": 0.537242472172}, "bpm_histogram_first_peak_weight": {"dvar": 0, "var": 0, "median": 0.355231136084, "max": 0.355231136084, "dmean": 0, "dmean2": 0, "mean": 0.355231136084, "dvar2": 0, "min": 0.355231136084}, "bpm_histogram_first_peak_bpm": {"dvar": 0, "var": 0, "median": 136, "max": 136, "dmean": 0, "dmean2": 0, "mean": 136, "dvar2": 0, "min": 136}, "bpm": 134.705108643, "bpm_histogram_second_peak_weight": {"dvar": 0, "var": 0, "median": 0.0693430677056, "max": 0.0693430677056, "dmean": 0, "dmean2": 0, "mean": 0.0693430677056, "dvar2": 0, "min": 0.0693430677056}, "beats_loudness": {"dvar": 0.000246768642683, "var": 0.000573904428165, "median": 0.0183168146759, "max": 0.119817510247, "dmean": 0.0137767456472, "dmean2": 0.0244273766875, "mean": 0.0257739443332, "dvar2": 0.000745251949411, "min": 5.34927821718e-05}, "beats_loudness_band_ratio": {"dvar": [0.0297235734761, 0.029724214226, 0.0129688996822, 0.00753784598783, 0.00195480207913, 0.00177250267006], "var": [0.0786878615618, 0.064677990973, 0.0246603321284, 0.00802167318761, 0.00148886337411, 0.000938716111705], "median": [0.393369615078, 0.398359209299, 0.09657702595, 0.0262503027916, 0.00191473192535, 0.00104148173705], "max": [0.991397082806, 0.977805137634, 0.714681863785, 0.689917683601, 0.473813146353, 0.56121379137], "dmean": [0.196332722902, 0.200251370668, 0.0971421599388, 0.049588534981, 0.0104791941121, 0.00817868765444], "dmean2": [0.347667425871, 0.358264923096, 0.168010249734, 0.0882863998413, 0.0190147645772, 0.0156327914447], "mean": [0.455684185028, 0.394726336002, 0.150933042169, 0.0561322793365, 0.00927077978849, 0.00543092144653], "dvar2": [0.0832727774978, 0.0855843946338, 0.0327405110002, 0.020314026624, 0.00504929712042, 0.00538496347144], "min": [0.000196673747269, 0.00241704937071, 0.000589784875046, 0.000366125575965, 4.10510583606e-05, 9.29104862735e-06]}, "bpm_histogram_second_peak_bpm": {"dvar": 0, "var": 0, "median": 129, "max": 129, "dmean": 0, "dmean2": 0, "mean": 129, "dvar2": 0, "min": 129}, "onset_rate": 1.94441103935, "beats_count": 823, "beats_position": [0.49922901392, 0.99845802784, 1.47446703911, 1.95047616959, 2.42648530006, 2.90249419212, 3.35528349876, 3.80807256699, 4.26086139679, 4.71365070343, 5.15482997894, 5.60761880875, 6.06040811539, 6.52480697632, 6.97759628296, 7.4303855896, 7.8831744194, 8.34757328033, 8.80036258698, 9.24154186249, 9.69433116913, 10.1471195221, 10.5882987976, 11.0294780731, 11.4706573486, 11.9118366241, 12.3530158997, 12.8058052063, 13.2585935593, 13.6997728348, 14.1409521103, 14.5821313858, 15.0349206924, 15.4877090454, 15.9521083832, 16.4048976898, 16.8576869965, 17.3104763031, 17.7748756409, 18.2160549164, 18.6688423157, 19.1100215912, 19.5628108978, 20.0156002045, 20.4683895111, 20.9095687866, 21.3507480621, 21.7919273376, 22.2331066132, 22.6975059509, 23.1502952576, 23.6030826569, 24.0442619324, 24.497051239, 24.9382305145, 25.37940979, 25.8321990967, 26.2733783722, 26.7261676788, 27.1673469543, 27.6317462921, 28.0961437225, 28.5489330292, 29.0017223358, 29.4545116425, 29.8724708557, 30.3020401001, 30.7199993134, 31.1147384644, 31.4978675842, 31.8926067352, 32.2989578247, 32.7053070068, 33.111656189, 33.4947853088, 33.8779144287, 34.2378234863, 34.5861206055, 34.9228096008, 35.2594985962, 35.60779953, 35.9444885254, 36.304397583, 36.6759185791, 37.059047699, 37.4537849426, 37.848526001, 38.2548751831, 38.730884552, 39.1952819824, 39.6480712891, 40.0776405334, 40.5188217163, 40.9716110229, 41.4243965149, 41.8655776978, 42.3183670044, 42.771156311, 43.2355537415, 43.6999549866, 44.164352417, 44.6171417236, 45.0699310303, 45.5227203369, 45.9755096436, 46.4282989502, 46.8810882568, 47.3338775635, 47.7866668701, 48.2278442383, 48.6806335449, 49.14503479, 49.6094322205, 50.0854415894, 50.573059082, 51.0606803894, 51.5482978821, 52.0359191895, 52.5235366821, 53.0111541748, 53.4871635437, 53.9631729126, 54.4275741577, 54.8919715881, 55.367980957, 55.8439903259, 56.3199996948, 56.7495689392, 57.1907463074, 57.6319274902, 58.0963249207, 58.5491142273, 59.0251235962, 59.4546928406, 59.884262085, 60.3022193909, 60.7201805115, 61.1613578796, 61.6025390625, 62.0437164307, 62.4965057373, 62.9492950439, 63.4020843506, 63.8548736572, 64.2960510254, 64.7372360229, 65.1784133911, 65.6195907593, 66.0607681274, 66.5019454956, 66.9431304932, 67.3726959229, 67.813873291, 68.2434463501, 68.6846237183, 69.1258010864, 69.566986084, 70.0081634521, 70.4493408203, 70.8905181885, 71.3316955566, 71.7728805542, 72.2140579224, 72.666847229, 73.1196365356, 73.5608139038, 74.001991272, 74.4431762695, 74.8843536377, 75.3139190674, 75.7551040649, 76.1962814331, 76.6490707397, 77.0902481079, 77.5314254761, 77.9726028442, 78.4253921509, 78.85496521, 79.2845306396, 79.7257156372, 80.1668930054, 80.5964584351, 81.0260314941, 81.4555969238, 81.8967819214, 82.3379592896, 82.7791366577, 83.2203140259, 83.661491394, 84.1026763916, 84.5438537598, 84.9850311279, 85.4262084961, 85.8673934937, 86.3085708618, 86.74974823, 87.1909255981, 87.6321105957, 88.0732879639, 88.514465332, 88.9440383911, 89.3736038208, 89.814781189, 90.2559585571, 90.7087478638, 91.1615371704, 91.602722168, 92.0555114746, 92.5083007812, 92.9610900879, 93.4138793945, 93.8550567627, 94.2962341309, 94.7490234375, 95.2134246826, 95.6662139893, 96.1073913574, 96.5485687256, 96.9897460938, 97.4309310913, 97.860496521, 98.3132858276, 98.7660751343, 99.2188644409, 99.683265686, 100.147659302, 100.612060547, 101.064849854, 101.529251099, 101.982040405, 102.434829712, 102.864395142, 103.293968201, 103.735145569, 104.176322937, 104.629112244, 105.058685303, 105.499862671, 105.941040039, 106.393829346, 106.846618652, 107.299407959, 107.740585327, 108.193374634, 108.64616394, 109.087341309, 109.540130615, 109.992919922, 110.445709229, 110.886894226, 111.339683533, 111.792472839, 112.245262146, 112.686439514, 113.127616882, 113.557182312, 113.99836731, 114.439544678, 114.880722046, 115.333511353, 115.786300659, 116.239089966, 116.680267334, 117.133056641, 117.585845947, 118.038635254, 118.491424561, 118.944213867, 119.397003174, 119.84979248, 120.302581787, 120.743759155, 121.173332214, 121.614509583, 122.044082642, 122.473648071, 122.90322113, 123.33278656, 123.785575867, 124.249977112, 124.702766418, 125.143943787, 125.596733093, 126.037910461, 126.502311707, 126.955101013, 127.40789032, 127.849067688, 128.301864624, 128.743041992, 129.195831299, 129.637008667, 130.078186035, 130.530975342, 130.97215271, 131.413330078, 131.866119385, 132.307296753, 132.748474121, 133.189651489, 133.630844116, 134.072021484, 134.513198853, 134.954376221, 135.395553589, 135.836730957, 136.277908325, 136.719085693, 137.160263062, 137.601455688, 138.054244995, 138.507034302, 138.959823608, 139.412597656, 139.865386963, 140.31817627, 140.759368896, 141.200546265, 141.653335571, 142.094512939, 142.547302246, 143.011703491, 143.464492798, 143.917282104, 144.358459473, 144.799636841, 145.252426147, 145.705215454, 146.158004761, 146.610794067, 147.051971436, 147.493148804, 147.94593811, 148.387115479, 148.828292847, 149.281082153, 149.73387146, 150.16343689, 150.604629517, 151.045806885, 151.486984253, 151.928161621, 152.369338989, 152.810516357, 153.251693726, 153.692871094, 154.1456604, 154.598449707, 155.051239014, 155.50402832, 155.956817627, 156.409606934, 156.874008179, 157.338409424, 157.814422607, 158.290420532, 158.778045654, 159.277282715, 159.764892578, 160.240905762, 160.716918945, 161.204528809, 161.703765869, 162.156555176, 162.609344482, 163.062133789, 163.514923096, 163.967712402, 164.420501709, 164.873291016, 165.326080322, 165.778869629, 166.220046997, 166.672836304, 167.114013672, 167.566802979, 168.019592285, 168.48399353, 168.948379517, 169.401168823, 169.85395813, 170.295150757, 170.736328125, 171.177505493, 171.618682861, 172.083084106, 172.535873413, 172.98866272, 173.441452026, 173.894241333, 174.335418701, 174.788208008, 175.240997314, 175.682174683, 176.134963989, 176.576141357, 177.017318726, 177.470108032, 177.9112854, 178.352462769, 178.793640137, 179.234832764, 179.676010132, 180.128799438, 180.593200684, 181.04598999, 181.498779297, 181.951568604, 182.40435791, 182.868743896, 183.321533203, 183.77432251, 184.227111816, 184.737960815, 185.260406494, 185.782852173, 186.293685913, 186.804534912, 187.326980591, 187.837814331, 188.34866333, 188.77822876, 189.219406128, 189.660583496, 190.101760864, 190.542938232, 190.995727539, 191.448516846, 191.901306152, 192.354095459, 192.806884766, 193.259674072, 193.712463379, 194.165252686, 194.606430054, 195.036010742, 195.465576172, 195.90675354, 196.347930908, 196.789108276, 197.230285645, 197.671463013, 198.11265564, 198.565444946, 199.018234253, 199.47102356, 199.923812866, 200.376602173, 200.840988159, 201.293777466, 201.746566772, 202.199356079, 202.652145386, 203.104934692, 203.557723999, 204.010513306, 204.463302612, 204.916091919, 205.357269287, 205.810058594, 206.2628479, 206.704025269, 207.156814575, 207.609603882, 208.074005127, 208.515182495, 208.967971802, 209.420761108, 209.885162354, 210.349563599, 210.802352905, 211.255142212, 211.69631958, 212.149108887, 212.601898193, 213.066299438, 213.519088745, 213.971878052, 214.41305542, 214.854232788, 215.307022095, 215.759811401, 216.20098877, 216.653778076, 217.106567383, 217.547744751, 218.000534058, 218.441726685, 218.894515991, 219.335693359, 219.788482666, 220.241271973, 220.694061279, 221.146850586, 221.588027954, 222.029205322, 222.481994629, 222.923171997, 223.352737427, 223.793914795, 224.235092163, 224.68788147, 225.129058838, 225.581848145, 226.034637451, 226.46421814, 226.917007446, 227.369796753, 227.82258606, 228.275375366, 228.728164673, 229.169342041, 229.610519409, 230.040084839, 230.481262207, 230.922439575, 231.352020264, 231.781585693, 232.222763062, 232.66394043, 233.105117798, 233.546295166, 233.987472534, 234.428665161, 234.893051147, 235.345840454, 235.810241699, 236.263031006, 236.727432251, 237.180221558, 237.633010864, 238.074188232, 238.515365601, 238.956542969, 239.409332275, 239.838912964, 240.280090332, 240.744491577, 241.197280884, 241.638458252, 242.091247559, 242.532424927, 242.973602295, 243.414779663, 243.855957031, 244.297134399, 244.738311768, 245.179489136, 245.609069824, 246.050247192, 246.491424561, 246.944213867, 247.385391235, 247.826568604, 248.267745972, 248.70892334, 249.161712646, 249.614501953, 250.06729126, 250.520080566, 250.972869873, 251.483718872, 251.994552612, 252.516998291, 252.993011475, 253.469024658, 253.945022583, 254.421035767, 254.89704895, 255.361450195, 255.814239502, 256.267028809, 256.708190918, 257.149383545, 257.590576172, 258.043365479, 258.484527588, 258.925720215, 259.366882324, 259.808074951, 260.249237061, 260.690429688, 261.131591797, 261.572784424, 262.013977051, 262.45513916, 262.907928467, 263.360717773, 263.81350708, 264.277923584, 264.719085693, 265.16027832, 265.58984375, 266.031005859, 266.460571289, 266.890167236, 267.331329346, 267.760894775, 268.190460205, 268.620025635, 269.061218262, 269.502410889, 269.943572998, 270.384765625, 270.837554932, 271.278717041, 271.719909668, 272.172698975, 272.625488281, 273.066650391, 273.507843018, 273.949005127, 274.390197754, 274.842987061, 275.284179688, 275.736968994, 276.178131104, 276.61932373, 277.06048584, 277.501678467, 277.942840576, 278.395629883, 278.848419189, 279.289611816, 279.719177246, 280.148742676, 280.589935303, 281.031097412, 281.483886719, 281.936676025, 282.377868652, 282.819030762, 283.248626709, 283.678192139, 284.130981445, 284.572143555, 285.013336182, 285.466125488, 285.918914795, 286.371704102, 286.812866211, 287.254058838, 287.706848145, 288.159637451, 288.624023438, 289.088439941, 289.541229248, 289.982391357, 290.435180664, 290.887969971, 291.329162598, 291.781951904, 292.223114014, 292.67590332, 293.128692627, 293.569885254, 294.011047363, 294.46383667, 294.916625977, 295.357818604, 295.79901123, 296.24017334, 296.681365967, 297.134155273, 297.58694458, 298.039733887, 298.492523193, 298.9453125, 299.398101807, 299.839263916, 300.280456543, 300.721618652, 301.162811279, 301.603973389, 302.045166016, 302.486358643, 302.927520752, 303.368713379, 303.809875488, 304.262664795, 304.715454102, 305.156646729, 305.609436035, 306.062225342, 306.515014648, 306.967803955, 307.408966064, 307.850158691, 308.291320801, 308.744110107, 309.196899414, 309.649688721, 310.102478027, 310.543670654, 310.984832764, 311.426025391, 311.878814697, 312.331604004, 312.784393311, 313.237182617, 313.689971924, 314.14276123, 314.583953857, 315.025115967, 315.466308594, 315.907470703, 316.36026001, 316.813049316, 317.265838623, 317.71862793, 318.171417236, 318.612609863, 319.06539917, 319.506561279, 319.947753906, 320.388916016, 320.830108643, 321.27130127, 321.712463379, 322.153656006, 322.629669189, 323.105651855, 323.570068359, 323.999633789, 324.429199219, 324.858764648, 325.288330078, 325.752746582, 326.217132568, 326.669921875, 327.134338379, 327.598724365, 328.074737549, 328.539123535, 329.015136719, 329.491149902, 329.967163086, 330.44317627, 330.930786133, 331.418395996, 331.906036377, 332.39364624, 332.881256104, 333.368896484, 333.856506348, 334.355743408, 334.831726074, 335.296142578, 335.760528564, 336.236541748, 336.712554932, 337.176940918, 337.629730225, 338.082519531, 338.535308838, 338.988098145, 339.440887451, 339.893676758, 340.346466064, 340.799255371, 341.252044678, 341.704833984, 342.169250488, 342.633636475, 343.074829102, 343.515991211, 343.968780518, 344.409973145, 344.769866943, 345.12979126, 345.501312256, 345.872833252, 346.302398682, 346.743591309, 347.184753418, 347.625946045, 348.067108154, 348.485076904, 348.903045654, 349.309387207, 349.71572876, 350.122070312, 350.528442383, 350.946380615, 351.364349365, 351.782318115, 352.177032471, 352.571777344, 352.966522217, 353.37286377, 353.77923584, 354.197174072, 354.615142822, 355.033111572, 355.543945312, 356.043182373, 356.530792236, 357.030029297, 357.52923584, 358.0284729, 358.516082764, 359.003723145, 359.491333008, 359.978942871, 360.466583252, 360.954193115, 361.441802979, 361.929412842, 362.405426025, 362.869842529, 363.345855713, 363.810241699, 364.321075439, 364.8203125, 365.319549561, 365.818756104, 366.317993164, 366.817230225, 367.316467285, 367.815673828, 368.314910889, 368.814147949, 369.31338501], "danceability": 0.858014583588, "bpm_histogram_second_peak_spread": {"dvar": 0, "var": 0, "median": 0.366666674614, "max": 0.366666674614, "dmean": 0, "dmean2": 0, "mean": 0.366666674614, "dvar2": 0, "min": 0.366666674614}}, "lowlevel": {"spectral_flux": {"dvar": 0.000327319750795, "var": 0.000839602726046, "median": 0.0224240347743, "max": 0.298401713371, "dmean": 0.0106599098071, "dmean2": 0.0168389454484, "mean": 0.0305801723152, "dvar2": 0.000803222646937, "min": 6.60363985716e-11}, "spectral_rolloff": {"dvar": 126671.664062, "var": 681648.5, "median": 366.064453125, "max": 19056.8847656, "dmean": 78.5790252686, "dmean2": 132.707962036, "mean": 515.211425781, "dvar2": 237086.546875, "min": 86.1328125}, "barkbands_flatness_db": {"dvar": 0.000314080301905, "var": 0.004755042959, "median": 0.264422804117, "max": 0.520870029926, "dmean": 0.0142428521067, "dmean2": 0.0204712748528, "mean": 0.276236265898, "dvar2": 0.000664806400891, "min": 0.0170921981335}, "spectral_centroid": {"dvar": 29546.6152344, "var": 187735.015625, "median": 396.863800049, "max": 11512.6621094, "dmean": 59.9009056091, "dmean2": 87.2431030273, "mean": 476.444519043, "dvar2": 55439.5703125, "min": 124.012786865}, "melbands_skewness": {"dvar": 0.274444878101, "var": 2.65340876579, "median": 1.92090845108, "max": 17.9868068695, "dmean": 0.380507975817, "dmean2": 0.549583375454, "mean": 2.23624825478, "dvar2": 0.596411943436, "min": -2.09588074684}, "melbands": {"dvar": [1.41755776895e-07, 1.35910994459e-07, 1.03109215388e-07, 1.11255349111e-06, 5.55995939067e-07, 1.56321547706e-07, 4.3524444493e-08, 5.11101339029e-09, 3.17109609682e-08, 4.85405351469e-08, 9.78886092184e-08, 5.35596278439e-09, 2.95612267998e-09, 7.87046317008e-10, 2.3269621785e-09, 2.05004413445e-09, 6.4027277924e-10, 3.38666289457e-10, 1.1063534533e-09, 4.6957532307e-10, 2.58364163397e-10, 1.79418857549e-09, 2.69862265867e-09, 5.41929945364e-10, 1.67991662248e-10, 1.43033668243e-10, 5.90942184076e-10, 7.29990720649e-11, 1.88411161672e-11, 8.90116886448e-12, 4.27806227943e-12, 6.83779768917e-12, 2.13683324507e-11, 2.85795215618e-12, 1.48983212919e-12, 1.07273456611e-12, 1.60287364978e-12, 2.93134982433e-13, 1.69437855131e-13, 1.07779474093e-13], "var": [7.41486815059e-07, 1.15362672659e-06, 3.91103952779e-07, 2.08590699913e-06, 3.87377895095e-06, 1.65881112935e-06, 5.03914804995e-07, 7.48114885596e-08, 2.69248403129e-07, 2.79031297623e-07, 8.59053159274e-07, 1.58005892814e-08, 9.77556613435e-09, 2.37823227778e-09, 3.86443677058e-09, 2.50981702088e-09, 8.25253310133e-10, 5.44983114192e-10, 6.85194845307e-10, 6.44770126179e-10, 2.08678213598e-10, 2.15806883475e-09, 1.90215376783e-09, 4.93894702913e-10, 1.98824665065e-10, 1.38815528516e-10, 3.54810070213e-10, 5.17547463219e-11, 1.956748652e-11, 2.15434805412e-11, 9.72173036518e-12, 1.23532798574e-11, 2.03142294652e-11, 7.31911319746e-12, 4.67567998208e-12, 2.28773749077e-12, 1.91781681681e-12, 7.92224413241e-13, 6.40012457094e-13, 3.58394900129e-13], "median": [0.00106358109042, 0.00130975560751, 0.000289008836262, 0.000149935804075, 0.000200469163246, 0.000181482435437, 4.51060332125e-05, 1.1113625078e-05, 1.2426995454e-05, 2.11067945202e-05, 2.55100512732e-05, 5.99855002292e-06, 2.97246060654e-06, 2.80664835373e-06, 1.53813721226e-06, 1.28792544274e-06, 9.90548642221e-07, 4.48804001962e-07, 2.27563930366e-07, 1.52922297048e-07, 1.11258373181e-07, 6.80692124888e-08, 1.1353126439e-07, 6.08658226042e-08, 4.46454393455e-08, 8.3970292053e-08, 5.07783539661e-08, 3.06492182744e-08, 3.94518906432e-08, 3.09990895175e-08, 2.02982235464e-08, 9.54786294471e-09, 3.62852681235e-09, 2.58880872295e-09, 4.0322412076e-09, 4.90056883962e-09, 7.41982342234e-09, 5.06868413908e-09, 2.89686452604e-09, 2.08303596594e-09], "max": [0.00588920712471, 0.00788581371307, 0.0100877154619, 0.0284884907305, 0.0196478068829, 0.0112057263032, 0.00961617380381, 0.0042625721544, 0.0130294207484, 0.0168828014284, 0.0147760659456, 0.00514038559049, 0.00389331998304, 0.00174515659455, 0.00303990393877, 0.00191121117678, 0.00147827039473, 0.000825942959636, 0.00226296903566, 0.00136405788362, 0.000713302113581, 0.00221584108658, 0.00348242279142, 0.00134729582351, 0.000556647544727, 0.000800706446171, 0.00169155024923, 0.000428676547017, 0.000253034755588, 0.000149542654981, 0.000105888873804, 0.000155010828166, 0.000310441304464, 0.000113601839985, 6.67049316689e-05, 5.91296302446e-05, 8.97685895325e-05, 4.07594307035e-05, 2.69781503448e-05, 2.25846069952e-05], "dmean": [0.000176568471943, 0.000250534445513, 0.000162404307048, 0.000308256217977, 0.000261818466242, 0.000161450414453, 7.09200612619e-05, 1.85753306141e-05, 3.18218699249e-05, 3.1416046113e-05, 9.7053583886e-05, 1.37929200719e-05, 7.50932713345e-06, 5.66531207369e-06, 5.32566627953e-06, 6.74633110975e-06, 3.60250191989e-06, 2.03815739042e-06, 1.86790146017e-06, 1.53571590999e-06, 1.28468957428e-06, 3.03591104966e-06, 2.858615062e-06, 1.56487135428e-06, 1.1453805655e-06, 8.35643390928e-07, 9.20276420402e-07, 4.88558328016e-07, 3.81703813446e-07, 3.96332296759e-07, 2.68738062914e-07, 2.4442900326e-07, 2.61659096168e-07, 1.51494717215e-07, 1.17689914703e-07, 9.87328903079e-08, 9.71646159087e-08, 7.01015281379e-08, 4.85830184971e-08, 3.35852519129e-08], "dmean2": [0.00024849420879, 0.000307814218104, 0.000260545522906, 0.000465908931801, 0.000353813840775, 0.000200335402042, 8.80728111952e-05, 2.37140156969e-05, 4.30342224718e-05, 4.20161886723e-05, 0.000121302895423, 1.99189835257e-05, 1.12159204946e-05, 8.21231697046e-06, 7.96377025836e-06, 1.10881164801e-05, 5.73870875087e-06, 3.26623376168e-06, 3.26649092131e-06, 2.57474562204e-06, 2.0955023956e-06, 5.01666772834e-06, 4.84205747853e-06, 2.57666420111e-06, 1.87588875633e-06, 1.372112024e-06, 1.66065638041e-06, 8.32378361793e-07, 6.22031279818e-07, 6.20240143689e-07, 4.04714768365e-07, 3.70504125158e-07, 4.2998368599e-07, 2.16613088355e-07, 1.7059257118e-07, 1.48377935716e-07, 1.58855868904e-07, 1.10295886202e-07, 6.82532999008e-08, 4.75307189163e-08], "mean": [0.00109776749741, 0.00137919117697, 0.000487712328322, 0.000628840352874, 0.00100430019666, 0.00075665145414, 0.000323909654981, 8.49477291922e-05, 0.000113028261694, 0.000116711300507, 0.000340672704624, 3.7189834984e-05, 1.72285708686e-05, 1.55450907187e-05, 1.07864216261e-05, 1.06608094939e-05, 6.43727935312e-06, 3.49214906237e-06, 2.18553282139e-06, 2.39794303525e-06, 1.79444646164e-06, 5.99272743784e-06, 3.74022442884e-06, 2.54701421909e-06, 1.88811236512e-06, 1.22776782518e-06, 8.55779944686e-07, 5.0576608146e-07, 6.10186361882e-07, 7.39324207188e-07, 4.60231575516e-07, 3.73901002604e-07, 3.38751590334e-07, 2.42336710699e-07, 2.21941661493e-07, 1.79329404659e-07, 1.71622559719e-07, 1.62218967148e-07, 1.09229596035e-07, 6.71642865768e-08], "dvar2": [4.16612152776e-07, 3.09274383881e-07, 3.10868557563e-07, 2.52084419117e-06, 1.22847302464e-06, 2.97836407981e-07, 7.91058099026e-08, 7.77443087685e-09, 6.6151208955e-08, 8.36212024069e-08, 1.60837757335e-07, 1.10707514267e-08, 6.46408304661e-09, 1.56418034081e-09, 4.68394301123e-09, 5.33498356603e-09, 1.75168546335e-09, 8.50467696267e-10, 3.18505999353e-09, 1.29061061838e-09, 6.99769742152e-10, 5.06059638639e-09, 7.59474971801e-09, 1.50457646342e-09, 4.50658982354e-10, 3.73237052376e-10, 1.719316578e-09, 2.01505589992e-10, 4.92976770516e-11, 2.16384774682e-11, 8.87099421698e-12, 1.59569874675e-11, 5.9928680074e-11, 5.86373224282e-12, 2.69775673155e-12, 2.38767230813e-12, 4.28645530529e-12, 6.46862121159e-13, 2.48492551405e-13, 1.99439789228e-13], "min": [1.23116594566e-24, 3.0596695961e-24, 4.24697822809e-24, 3.13377637283e-24, 3.46713479188e-24, 2.56663468578e-24, 4.67958205434e-24, 2.52678379943e-24, 5.1262082776e-24, 3.84912017485e-24, 4.08958667244e-24, 6.38966170847e-24, 7.2597023173e-24, 7.23232489958e-24, 2.94049480143e-24, 5.55286882579e-24, 4.95116793134e-24, 6.99676393353e-24, 3.48462936018e-24, 5.11415803285e-24, 5.88896025345e-24, 8.38634478466e-24, 5.15525689715e-24, 4.07081257175e-24, 7.33822316522e-24, 7.34405126959e-24, 6.02091893352e-24, 5.86974636281e-24, 5.30304328242e-24, 7.63486247571e-24, 8.05832537622e-24, 6.42813208824e-24, 8.36929276734e-24, 6.94083290649e-24, 7.83698520571e-24, 7.17295917216e-24, 8.58436780454e-24, 6.52642810133e-24, 7.91136768933e-24, 9.09932358169e-24]}, "spectral_decrease": {"dvar": 2.60322982514e-18, "var": 2.48675241377e-17, "median": -3.74830388949e-09, "max": 8.49844223964e-19, "dmean": 8.47775738499e-10, "dmean2": 1.15836717995e-09, "mean": -5.12731057611e-09, "dvar2": 5.59362649906e-18, "min": -4.06103843886e-08}, "barkbands_kurtosis": {"dvar": 34.3826522827, "var": 191.042282104, "median": 5.5874710083, "max": 225.586959839, "dmean": 2.88965749741, "dmean2": 4.33663845062, "mean": 9.81406116486, "dvar2": 80.7413406372, "min": -1.89627504349}, "silence_rate_30dB": {"dvar": 0.00275531387888, "var": 0.00256753433496, "median": 1, "max": 1, "dmean": 0.00276295142248, "dmean2": 0.00552624976262, "mean": 0.997425615788, "dvar2": 0.00700285285711, "min": 0}, "gfcc": {"mean": [-143.170135498, 165.642089844, -76.5884017944, 12.57218647, -54.0757980347, 5.23097276688, -22.2467308044, 0.968157887459, -23.1415596008, -4.56916809082, -6.37318468094, -5.2088394165, -1.19042515755], "cov": [[10696.3935547, -1055.91784668, -274.939453125, 766.612976074, -1173.36437988, 477.082305908, -428.000030518, 802.880310059, -19.100271225, 268.214355469, 290.821990967, -45.5169143677, 697.322814941], [-1055.91784668, 1154.64367676, 96.7815628052, -243.988143921, 559.702026367, -177.058120728, 248.676467896, -183.571899414, 88.3672485352, -136.021987915, 62.6228256226, -19.7865333557, -59.6541900635], [-274.939453125, 96.7815628052, 1074.7980957, 157.92401123, 35.8776931763, 303.954406738, 98.8226699829, 151.156890869, 124.624336243, 159.351608276, 90.0559768677, 31.491268158, 84.874420166], [766.612976074, -243.988143921, 157.92401123, 532.862243652, 41.6004104614, 56.452922821, 7.5360121727, 125.672561646, 115.152122498, 59.0297698975, 17.5363101959, 30.5269832611, 67.9515609741], [-1173.36437988, 559.702026367, 35.8776931763, 41.6004104614, 643.410461426, -50.4539527893, 221.119674683, -78.9600067139, 107.660705566, -55.2277450562, 19.5847148895, 11.7651691437, -88.8329772949], [477.082305908, -177.058120728, 303.954406738, 56.452922821, -50.4539527893, 381.374420166, 98.9507522583, 115.814720154, 31.0685539246, 118.331359863, 52.1505508423, -13.8467063904, 48.8278884888], [-428.000030518, 248.676467896, 98.8226699829, 7.5360121727, 221.119674683, 98.9507522583, 260.390716553, 6.04620599747, 58.3268547058, 0.515762746334, 13.1551980972, -6.55857753754, -38.3523025513], [802.880310059, -183.571899414, 151.156890869, 125.672561646, -78.9600067139, 115.814720154, 6.04620599747, 262.582458496, 65.1252212524, 69.1820297241, 37.7426681519, 22.9747524261, 62.253780365], [-19.100271225, 88.3672485352, 124.624336243, 115.152122498, 107.660705566, 31.0685539246, 58.3268547058, 65.1252212524, 140.467605591, 33.5455856323, 21.600812912, 16.1353054047, 4.83134365082], [268.214355469, -136.021987915, 159.351608276, 59.0297698975, -55.2277450562, 118.331359863, 0.515762746334, 69.1820297241, 33.5455856323, 155.912658691, 29.5755729675, -3.62309980392, 35.5021896362], [290.821990967, 62.6228256226, 90.0559768677, 17.5363101959, 19.5847148895, 52.1505508423, 13.1551980972, 37.7426681519, 21.600812912, 29.5755729675, 104.079544067, 19.9400787354, 37.6917991638], [-45.5169143677, -19.7865333557, 31.491268158, 30.5269832611, 11.7651691437, -13.8467063904, -6.55857753754, 22.9747524261, 16.1353054047, -3.62309980392, 19.9400787354, 66.4141311646, 5.46346187592], [697.322814941, -59.6541900635, 84.874420166, 67.9515609741, -88.8329772949, 48.8278884888, -38.3523025513, 62.253780365, 4.83134365082, 35.5021896362, 37.6917991638, 5.46346187592, 140.74118042]], "icov": [[0.000345693842974, -0.000634605821688, 0.000539059168659, -0.000736590707675, 0.00069307629019, -0.000674364564475, 0.000500571273733, -0.000851769931614, 0.000462196912849, -0.000167587670148, -0.000328621303197, 0.000243196249357, -0.000661660043988], [-0.000634605821688, 0.00534790754318, -0.00206295936368, 0.00367793114856, -0.00345269218087, 0.00393056264147, -0.00331740593538, 0.00293458160013, -0.00327033479698, 0.00236452976242, -0.00237572938204, 0.00223700213246, -0.000800430425443], [0.000539059168659, -0.00206295936368, 0.00252223061398, -0.00176619214471, 0.00155620893929, -0.00258322549053, 0.00135928462259, -0.00162513682153, 0.00060391088482, -0.00136003713124, 2.77576345979e-05, -0.000902684696484, -0.000895891920663], [-0.000736590707675, 0.00367793114856, -0.00176619214471, 0.00545901292935, -0.00296716880985, 0.00283877854235, -0.00201438833028, 0.00199327734299, -0.00403775088489, 0.00121649110224, -0.00016009756655, 0.000308413640596, -0.000787750002928], [0.00069307629019, -0.00345269218087, 0.00155620893929, -0.00296716880985, 0.00558704417199, -0.00198194687255, -4.1546409193e-05, -0.00140412908513, 0.000454890367109, -0.000812231504824, -0.000171412859345, -0.00100954947993, 0.000694876187481], [-0.000674364564475, 0.00393056264147, -0.00258322549053, 0.00283877854235, -0.00198194687255, 0.00827478524297, -0.00500703556463, 0.00144110247493, -0.00129231449682, -0.000609921349678, -0.00239744526334, 0.00272874371149, -0.000194829233806], [0.000500571273733, -0.00331740593538, 0.00135928462259, -0.00201438833028, -4.1546409193e-05, -0.00500703556463, 0.0092688947916, -0.00224079680629, 0.000798730412498, -0.000371887057554, 0.00152593269013, -0.000478757661767, 0.00117075652815], [-0.000851769931614, 0.00293458160013, -0.00162513682153, 0.00199327734299, -0.00140412908513, 0.00144110247493, -0.00224079680629, 0.00858074054122, -0.00434894766659, 0.000583945948165, -0.000594200158957, -0.00122029287741, -0.00010212988127], [0.000462196912849, -0.00327033479698, 0.00060391088482, -0.00403775088489, 0.000454890367109, -0.00129231449682, 0.000798730412498, -0.00434894766659, 0.0144559070468, -0.00318792252801, 0.000787412747741, -0.0018556159921, 0.000954965362325], [-0.000167587670148, 0.00236452976242, -0.00136003713124, 0.00121649110224, -0.000812231504824, -0.000609921349678, -0.000371887057554, 0.000583945948165, -0.00318792252801, 0.0109735922888, -0.00238451687619, 0.0026013229508, -0.000716355571058], [-0.000328621303197, -0.00237572938204, 2.77576345979e-05, -0.00016009756655, -0.000171412859345, -0.00239744526334, 0.00152593269013, -0.000594200158957, 0.000787412747741, -0.00238451687619, 0.0152764953673, -0.0057944431901, -0.00120777986012], [0.000243196249357, 0.00223700213246, -0.000902684696484, 0.000308413640596, -0.00100954947993, 0.00272874371149, -0.000478757661767, -0.00122029287741, -0.0018556159921, 0.0026013229508, -0.0057944431901, 0.019700711593, -0.000841362925712], [-0.000661660043988, -0.000800430425443, -0.000895891920663, -0.000787750002928, 0.000694876187481, -0.000194829233806, 0.00117075652815, -0.00010212988127, 0.000954965362325, -0.000716355571058, -0.00120777986012, -0.000841362925712, 0.0123392995447]]}, "silence_rate_20dB": {"dvar": 0, "var": 0, "median": 1, "max": 1, "dmean": 0, "dmean2": 0, "mean": 1, "dvar2": 0, "min": 1}, "barkbands_skewness": {"dvar": 0.227624118328, "var": 2.27707409859, "median": 1.59426999092, "max": 12.3006105423, "dmean": 0.354370236397, "dmean2": 0.51704198122, "mean": 1.86412119865, "dvar2": 0.522957861423, "min": -2.66255283356}, "erbbands_skewness": {"dvar": 0.125668108463, "var": 1.3388068676, "median": 1.00394868851, "max": 8.61660385132, "dmean": 0.301426589489, "dmean2": 0.438309073448, "mean": 1.17992925644, "dvar2": 0.26970654726, "min": -3.90388584137}, "spectral_contrast_valleys": {"dvar": [0.0667647719383, 0.0586936399341, 0.0707158818841, 0.0723647624254, 0.0699747204781, 0.0553875677288], "var": [2.43475437164, 1.01179563999, 1.05410397053, 0.973591327667, 1.10282969475, 1.86814594269], "median": [-7.12356185913, -7.71284770966, -8.46923351288, -9.55429649353, -9.81079101562, -12.2621536255], "max": [-5.54334115982, -4.9288687706, -5.35365915298, -5.38251924515, -4.96664619446, -7.86090183258], "dmean": [0.263156533241, 0.24243067205, 0.257074445486, 0.254831105471, 0.211541175842, 0.155233487487], "dmean2": [0.414574593306, 0.390045940876, 0.41598084569, 0.398523449898, 0.321096599102, 0.226372435689], "mean": [-7.61759471893, -7.74344205856, -8.53422451019, -9.58334445953, -9.76846599579, -12.2890586853], "dvar2": [0.171429589391, 0.139989256859, 0.161092862487, 0.151919469237, 0.141816362739, 0.0979233309627], "min": [-27.4638118744, -27.5605735779, -27.4985198975, -27.4373855591, -27.3354320526, -27.3706092834]}, "spectral_strongpeak": {"dvar": 0.230899617076, "var": 1.19512462616, "median": 0.300470292568, "max": 8.42011928558, "dmean": 0.208278551698, "dmean2": 0.334620714188, "mean": 0.820366561413, "dvar2": 0.503808736801, "min": 0}, "erbbands_crest": {"dvar": 4.49198102951, "var": 33.5181007385, "median": 11.732131958, "max": 32.4419975281, "dmean": 1.79346215725, "dmean2": 2.64007639885, "mean": 13.1735076904, "dvar2": 10.6053714752, "min": 2.86543774605}, "barkbands_crest": {"dvar": 3.00535178185, "var": 21.8792381287, "median": 12.3740139008, "max": 26.3217048645, "dmean": 1.54088401794, "dmean2": 2.3223092556, "mean": 13.3531961441, "dvar2": 7.74340391159, "min": 3.13754606247}, "spectral_energyband_middle_low": {"dvar": 3.34426295012e-05, "var": 0.00027008500183, "median": 0.00602488592267, "max": 0.143439888954, "dmean": 0.00270493049175, "dmean2": 0.00366064766422, "mean": 0.0126218851656, "dvar2": 6.88197906129e-05, "min": 1.58896667555e-22}, "spectral_contrast_coeffs": {"dvar": [0.00102146249264, 0.000784955802374, 0.000669903820381, 0.000433943147073, 0.000276667065918, 0.000182021365617], "var": [0.00768534000963, 0.0106911025941, 0.00733775831759, 0.00293693272397, 0.00309019768611, 0.00182123319246], "median": [-0.662356138229, -0.649631023407, -0.728009343147, -0.791592955589, -0.823664307594, -0.811397075653], "max": [-0.193432971835, -0.31566619873, -0.328039586544, -0.519651114941, -0.537758708, -0.598293364048], "dmean": [0.0331954546273, 0.0287352055311, 0.0274251457304, 0.022808521986, 0.016992231831, 0.0133376438171], "dmean2": [0.052887301892, 0.0443445108831, 0.0430027805269, 0.0371049679816, 0.0272353850305, 0.0210323836654], "mean": [-0.644216060638, -0.649994671345, -0.716847121716, -0.78580647707, -0.817921578884, -0.798470139503], "dvar2": [0.00267524155788, 0.0018228989793, 0.00157656462397, 0.00106043694541, 0.000619810947683, 0.000396224466385], "min": [-0.979241251945, -0.980571687222, -0.984383642673, -0.981766581535, -0.981808841228, -0.963970541954]}, "hfc": {"dvar": 51.5861701965, "var": 137.956314087, "median": 3.31833195686, "max": 294.40222168, "dmean": 1.60320556164, "dmean2": 2.19660282135, "mean": 7.38174057007, "dvar2": 132.235183716, "min": 1.11490169052e-16}, "spectral_energyband_high": {"dvar": 1.31994866592e-07, "var": 2.75162875596e-07, "median": 6.57261443848e-06, "max": 0.0188603010029, "dmean": 4.10728534916e-05, "dmean2": 5.85326670262e-05, "mean": 8.7354266725e-05, "dvar2": 3.026626