{"tonal": {"chords_key": "C", "hpcp_entropy": {"dmean": 0.522947967052, "dmean2": 0.883499860764, "max": 4.34452152252, "dvar": 0.286874324083, "mean": 1.64681756496, "dvar2": 0.710649430752, "min": 0, "var": 0.605602800846, "median": 1.62029469013}, "key_key": "C", "chords_strength": {"dmean": 0.00748355686665, "dmean2": 0.00645863264799, "max": 0.713807344437, "dvar": 0.000493191357236, "mean": 0.468217164278, "dvar2": 0.000857510545757, "min": -1, "var": 0.0271950270981, "median": 0.484986066818}, "key_scale": "major", "chords_number_rate": 0.00192261475604, "thpcp": [1, 0.472365766764, 0.0716849341989, 0.0388977713883, 0.0669952407479, 0.460067212582, 0.855709850788, 0.51447558403, 0.114908076823, 0.0869898498058, 0.100777357817, 0.422259062529, 0.639054238796, 0.34846791625, 0.274027943611, 0.331967741251, 0.157262206078, 0.0650123879313, 0.106311716139, 0.238283082843, 0.506062448025, 0.529051423073, 0.233427137136, 0.117473237216, 0.190252393484, 0.179274216294, 0.17346329987, 0.213191613555, 0.181170687079, 0.33664059639, 0.601024210453, 0.421680361032, 0.17999188602, 0.220201298594, 0.264495253563, 0.720317900181], "key_strength": 0.620652794838, "tuning_nontempered_energy_ratio": 0.630371749401, "tuning_frequency": 440.254241943, "chords_changes_rate": 0.0451814457774, "tuning_diatonic_strength": 0.541125118732, "chords_scale": "major", "chords_histogram": [36.4816131592, 0, 0.336457580328, 0.79307860136, 0, 0, 0.600817084312, 0, 0, 0, 0.528719067574, 0, 0, 0, 0, 9.68517208099, 5.07089662552, 3.50877189636, 0, 11.84811306, 15.284787178, 0.240326851606, 12.1845712662, 3.43667387962], "tuning_equal_tempered_deviation": 0.00641915202141, "hpcp": {"dmean": [0.0679603666067, 0.0728518590331, 0.102280944586, 0.101193495095, 0.103607460856, 0.075862929225, 0.0633340850472, 0.0928197577596, 0.138126552105, 0.136122792959, 0.106242761016, 0.0393895022571, 0.0242045335472, 0.0379312857985, 0.0967351198196, 0.0889954939485, 0.10369425267, 0.0596101023257, 0.0402857847512, 0.0451638177037, 0.0738181918859, 0.0731964036822, 0.0804073885083, 0.103819087148, 0.0972718000412, 0.0546345189214, 0.037413187325, 0.0642433837056, 0.138262793422, 0.188303202391, 0.129398494959, 0.0728795528412, 0.0470992103219, 0.0499995797873, 0.056254837662, 0.0699987411499], "dmean2": [0.122679851949, 0.133815586567, 0.182748198509, 0.175570234656, 0.180896744132, 0.138278767467, 0.111677527428, 0.162092372775, 0.235092818737, 0.229420542717, 0.18209938705, 0.0730040371418, 0.0465874262154, 0.0722985863686, 0.171765446663, 0.156477838755, 0.184389054775, 0.110317580402, 0.0732991546392, 0.0825980827212, 0.131018027663, 0.129745528102, 0.144040927291, 0.183803498745, 0.169883102179, 0.0958547666669, 0.0712921023369, 0.122434407473, 0.258293032646, 0.338704645634, 0.227221295238, 0.128929316998, 0.085933111608, 0.0893533155322, 0.101521238685, 0.126119658351], "max": [1, 1, 1, 1, 1, 1, 1, 1, 1, 1, 1, 1, 1, 1, 1, 1, 1, 1, 1, 1, 1, 1, 1, 1, 1, 1, 1, 1, 1, 1, 1, 1, 1, 1, 1, 1], "dvar": [0.0228030607104, 0.0223021414131, 0.0304490365088, 0.0389154776931, 0.0304348804057, 0.0193005334586, 0.0201187562197, 0.0242987088859, 0.0333562493324, 0.0417034104466, 0.022673798725, 0.0129250027239, 0.00967983528972, 0.0128861684352, 0.0282554011792, 0.0364364236593, 0.0309329330921, 0.0198814049363, 0.0156448036432, 0.0129651427269, 0.0221577268094, 0.029521772638, 0.0212430171669, 0.0383220724761, 0.0344686917961, 0.0136799206957, 0.0150969121605, 0.0282437205315, 0.0633767172694, 0.0739927068353, 0.0399844944477, 0.0165649522096, 0.0176351666451, 0.0210594572127, 0.0212578773499, 0.0232996270061], "mean": [0.0781526938081, 0.0664143264294, 0.123407147825, 0.220326021314, 0.154581382871, 0.0659821927547, 0.0807223320007, 0.0969597995281, 0.264057219028, 0.366584271193, 0.173161864281, 0.0262785684317, 0.0142593113706, 0.0245594009757, 0.168653398752, 0.313689768314, 0.188598662615, 0.0421234928071, 0.0318891108036, 0.0369433946908, 0.154793530703, 0.234267234802, 0.127742856741, 0.100454330444, 0.121694147587, 0.0576498508453, 0.0238325186074, 0.0389722026885, 0.0873508304358, 0.18551453948, 0.193941920996, 0.0855707153678, 0.0430638417602, 0.0697435364127, 0.0657191053033, 0.0635889172554], "dvar2": [0.0620406605303, 0.0661831647158, 0.0864291489124, 0.0920750051737, 0.0856136605144, 0.0543383173645, 0.0536953657866, 0.0664634332061, 0.0846845209599, 0.0946409851313, 0.0598309077322, 0.0362214967608, 0.0286489520222, 0.0379591174424, 0.0818787738681, 0.0866887122393, 0.0897786393762, 0.0584933385253, 0.0441328212619, 0.0370960980654, 0.0621598809958, 0.0729084908962, 0.0592388547957, 0.102084368467, 0.0847181379795, 0.0372954234481, 0.0436173975468, 0.0796039104462, 0.171926617622, 0.18892711401, 0.0972894653678, 0.0469220764935, 0.0514233671129, 0.0562154315412, 0.0577839612961, 0.0648291036487], "min": [0, 0, 0, 0, 0, 0, 0, 0, 0, 0, 0, 0, 0, 0, 0, 0, 0, 0, 0, 0, 0, 0, 0, 0, 0, 0, 0, 0, 0, 0, 0, 0, 0, 0, 0, 0], "var": [0.02971233055, 0.021340444684, 0.0463193878531, 0.116258941591, 0.0588646605611, 0.0183995123953, 0.0349487327039, 0.0301206819713, 0.0818293318152, 0.139415323734, 0.0411627553403, 0.0090722842142, 0.00525470497087, 0.00747466133907, 0.0568146184087, 0.173091113567, 0.0705395266414, 0.0132093969733, 0.0110518336296, 0.0086482167244, 0.0629207491875, 0.14408904314, 0.0401689037681, 0.0362355969846, 0.0469831824303, 0.0139600466937, 0.009068377316, 0.0174955632538, 0.0427718423307, 0.0762108042836, 0.0806806758046, 0.0217648725957, 0.0171834807843, 0.0433965325356, 0.0340546891093, 0.0209834240377], "median": [0.00800652615726, 0.00714151840657, 0.00900344178081, 0.0122444108129, 0.0123953726143, 0.0100647667423, 0.00467154569924, 0.022269424051, 0.137575611472, 0.202394887805, 0.0860754698515, 0.00237153214402, 0.00110282876994, 0.00296883960254, 0.0147383660078, 0.0195793993771, 0.0130785023794, 0.00449541211128, 0.00219308934174, 0.00683723855764, 0.00917848106474, 0.00857380032539, 0.0150327347219, 0.0200333446264, 0.0203009899706, 0.0103745898232, 0.00185885163955, 0.00157370918896, 0.00401628762484, 0.0405919700861, 0.0556255690753, 0.0196557659656, 0.00303106522188, 0.0021734542679, 0.00225185207091, 0.00699269492179]}}, "lowlevel": {"melbands_flatness_db": {"dmean": 0.0401981882751, "dmean2": 0.0543840676546, "max": 0.60879856348, "dvar": 0.00138932967093, "mean": 0.323219537735, "dvar2": 0.00262598064728, "min": 0.0033672908321, "var": 0.00946743227541, "median": 0.3036005795}, "melbands_crest": {"dmean": 2.84391832352, "dmean2": 4.71183347702, "max": 30.8709449768, "dvar": 6.06966638565, "mean": 14.6548223495, "dvar2": 16.2729358673, "min": 1.55518853664, "var": 15.6563854218, "median": 14.3599834442}, "spectral_entropy": {"dmean": 0.376610904932, "dmean2": 0.494402319193, "max": 9.82612991333, "dvar": 0.132033824921, "mean": 6.7951540947, "dvar2": 0.233643382788, "min": 4.29497146606, "var": 0.761255681515, "median": 6.90878725052}, "melbands": {"dmean": [0.00103905366268, 0.00140763819218, 0.00160230591428, 0.00123345502652, 0.000550013442989, 0.000272668519756, 0.000125914113596, 0.00012423870794, 4.53505344922e-05, 3.24713291775e-05, 1.55194229592e-05, 7.27379074306e-06, 4.08872911066e-05, 2.31509857258e-05, 6.68230768497e-06, 9.73362512013e-06, 2.30907462537e-05, 6.80265338815e-06, 5.21161518918e-06, 5.79575362281e-06, 2.92008894576e-06, 2.90745879283e-06, 2.83262806988e-06, 2.67892755801e-06, 3.56015743819e-06, 1.06770824004e-06, 1.01547971099e-06, 9.89247382677e-07, 1.02444232652e-06, 1.01604564406e-06, 9.27371502257e-07, 5.77714445171e-07, 9.81047151072e-07, 9.94500510387e-07, 5.9060920421e-07, 9.0451055712e-07, 6.67100323426e-07, 5.18767592439e-07, 5.72391229525e-07, 5.61679655675e-07], "dmean2": [0.00179471576121, 0.00244570407085, 0.00266356905922, 0.00203421385959, 0.000905038090423, 0.000440276169684, 0.000189511745702, 0.000168222104548, 6.38968485873e-05, 4.49619037681e-05, 2.28576463996e-05, 1.17306435641e-05, 6.55480907881e-05, 3.66061321984e-05, 1.04561440821e-05, 1.51515914695e-05, 3.791286872e-05, 1.06436555143e-05, 8.42618374008e-06, 9.3476701295e-06, 4.58152862848e-06, 4.65284529128e-06, 4.56793350168e-06, 4.21481445301e-06, 5.33201318831e-06, 1.66659299339e-06, 1.55412840286e-06, 1.5312720052e-06, 1.58318459853e-06, 1.60343802236e-06, 1.47482285229e-06, 8.93572803307e-07, 1.58107263815e-06, 1.62634978551e-06, 9.27762471292e-07, 1.42891894939e-06, 1.04018101865e-06, 8.06253751762e-07, 8.93565982096e-07, 8.70200835834e-07], "max": [0.0331078954041, 0.0445532985032, 0.0270340591669, 0.0279713273048, 0.037523817271, 0.0216752700508, 0.0200303662568, 0.0170382894576, 0.0139896422625, 0.0043625049293, 0.00330672529526, 0.00147961720359, 0.00367055623792, 0.00219428632408, 0.00102567893919, 0.00110609456897, 0.00271390588023, 0.000551615143195, 0.00042120119906, 0.000992315006442, 0.000433229812188, 0.000251742370892, 0.00021635837038, 0.000134178844746, 0.000279939878965, 3.02011849271e-05, 4.41631127615e-05, 2.20858419198e-05, 2.24097966566e-05, 3.67850261682e-05, 2.46421768679e-05, 1.48638337123e-05, 2.7288469937e-05, 3.03799224639e-05, 1.05443541543e-05, 4.40550211351e-05, 3.20684484905e-05, 1.62765481946e-05, 2.37110252783e-05, 1.54134449986e-05], "dvar": [1.06902043626e-05, 8.53450819704e-06, 5.36206925972e-06, 4.27422355642e-06, 1.19998628634e-06, 5.77383445943e-07, 2.10386261301e-07, 1.61640713259e-07, 4.13418490552e-08, 1.84837389838e-08, 5.93045168529e-09, 9.5361585295e-10, 4.09302813864e-08, 9.21825549227e-09, 7.94365184742e-10, 1.30457566971e-09, 1.26155033087e-08, 4.53964116298e-10, 2.57808885351e-10, 3.59569485298e-10, 8.89044809993e-11, 5.1197091705e-11, 4.22120775834e-11, 3.42889883154e-11, 1.18128992699e-10, 3.02630772005e-12, 3.05469928866e-12, 2.29872696399e-12, 2.98622172996e-12, 3.23082836526e-12, 2.6855776717e-12, 1.00416701863e-12, 3.31148173119e-12, 3.83119534361e-12, 1.10287571176e-12, 3.79017997543e-12, 2.23295015291e-12, 1.03592850444e-12, 1.42424505349e-12, 1.47814204453e-12], "mean": [0.00140631443355, 0.00257108570077, 0.00245832721703, 0.00175744388252, 0.00121381692588, 0.000629416201264, 0.000287464383291, 0.000274694524705, 9.3884569651e-05, 4.77853282064e-05, 2.66098322754e-05, 9.51588936005e-06, 5.26582334714e-05, 3.14488497679e-05, 9.30786063691e-06, 1.29408099383e-05, 3.5648150515e-05, 9.63948787103e-06, 7.25350446373e-06, 7.58284204494e-06, 3.68568089471e-06, 4.50571542387e-06, 5.57399835088e-06, 5.71232567381e-06, 9.09785921976e-06, 1.63997378877e-06, 1.54867552737e-06, 1.5531528561e-06, 1.37766016906e-06, 1.51347057908e-06, 1.21044877233e-06, 6.87201691107e-07, 1.37751419516e-06, 1.35838479309e-06, 6.96588983828e-07, 1.4293248114e-06, 9.71747908807e-07, 7.23715857021e-07, 7.57299005727e-07, 6.33992101484e-07], "dvar2": [2.92925615213e-05, 2.43327212957e-05, 1.40527808981e-05, 1.07388868855e-05, 2.79167738881e-06, 1.29823149564e-06, 4.01345914725e-07, 2.60369148464e-07, 6.42912567628e-08, 3.31378942064e-08, 1.02341539687e-08, 1.91398386029e-09, 9.68250688516e-08, 2.19754348052e-08, 1.77636194643e-09, 2.93465074463e-09, 3.72494532996e-08, 1.12711562306e-09, 7.2398037565e-10, 8.26921142671e-10, 2.16412429643e-10, 1.24752375097e-10, 1.08592822234e-10, 8.56048565367e-11, 2.51497045411e-10, 7.1204387872e-12, 7.01900083194e-12, 5.25261605044e-12, 7.15977971355e-12, 7.6000967672e-12, 6.6341524288e-12, 2.37706165515e-12, 8.36096643309e-12, 1.00602217529e-11, 2.62868221114e-12, 8.64834853037e-12, 5.04830335521e-12, 2.44617997733e-12, 3.22557692362e-12, 3.48338675613e-12], "min": [8.60977681708e-25, 5.11119053534e-25, 1.07260007194e-24, 1.24480673122e-24, 1.83998414041e-24, 2.07587504753e-24, 1.75964910962e-24, 1.73920203217e-24, 1.99657736883e-24, 2.09630260067e-24, 3.02798125076e-24, 2.4094344289e-24, 2.59432823951e-24, 2.85674400292e-24, 3.19013673742e-24, 2.84096185443e-24, 2.14352401167e-24, 4.17510392773e-24, 4.30115916722e-24, 2.73992021096e-24, 2.36558697599e-24, 4.28172833983e-24, 3.04733260041e-24, 4.53896325925e-24, 4.47148725286e-24, 3.68439300164e-24, 4.27098168772e-24, 5.1968369666e-24, 4.88735223956e-24, 4.17566717441e-24, 6.06835235089e-24, 4.21417818052e-24, 5.01751310563e-24, 5.26113623012e-24, 5.5131145749e-24, 5.39744468923e-24, 6.23133140834e-24, 6.62174024805e-24, 5.49991456537e-24, 6.2719427566e-24], "var": [7.77165132604e-06, 7.29588100512e-06, 6.4489986471e-06, 5.78695562581e-06, 4.79258278574e-06, 1.96947689801e-06, 7.4545090456e-07, 7.54707627948e-07, 1.59639441222e-07, 3.62755230299e-08, 1.74002696696e-08, 2.02635574986e-09, 7.1709386873e-08, 1.74221828075e-08, 1.67889113722e-09, 2.36398145503e-09, 2.97147764172e-08, 8.53369264142e-10, 5.01502173123e-10, 6.13456008214e-10, 1.25350299585e-10, 8.39890032522e-11, 1.64207189512e-10, 2.30000005152e-10, 7.61856966403e-10, 5.50275710415e-12, 6.09188133965e-12, 4.95010933285e-12, 4.05708843257e-12, 5.60585128664e-12, 3.79496390909e-12, 1.25490373301e-12, 4.83971846973e-12, 5.96779743678e-12, 1.325283416e-12, 8.25700272045e-12, 4.26270824194e-12, 1.70923605131e-12, 2.23331140907e-12, 1.79474273984e-12], "median": [0.000911761133466, 0.00204112706706, 0.00170820613857, 0.000908527174033, 0.000578692997806, 0.00031117835897, 0.000111778113933, 8.14962841105e-05, 2.54765327554e-05, 6.15874250798e-06, 3.39019584317e-06, 2.00687941287e-06, 2.25668054554e-06, 2.15249770008e-06, 1.71344117916e-06, 2.40247209149e-06, 1.64738116837e-06, 1.44764203469e-06, 1.64069570019e-06, 1.33426942739e-06, 9.49993363974e-07, 1.38674613481e-06, 1.62152753092e-06, 8.03404418548e-07, 1.21361381389e-06, 7.40198913718e-07, 6.83966504766e-07, 6.02347085987e-07, 5.91478510614e-07, 5.14107796334e-07, 3.76691559723e-07, 2.35646695046e-07, 4.11001934708e-07, 3.17776027714e-07, 2.29649884886e-07, 2.48894309607e-07, 1.78850442012e-07, 1.66914759347e-07, 1.41018162481e-07, 1.0209886625e-07]}, "silence_rate_60dB": {"dmean": 0.00288496213034, "dmean2": 0.00577061809599, "max": 1, "dvar": 0.00287616741844, "mean": 0.0306490380317, "dvar2": 0.00645923428237, "min": 0, "var": 0.0297086983919, "median": 0}, "spectral_energyband_middle_high": {"dmean": 0.00081569259055, "dmean2": 0.00124940311071, "max": 0.0418414920568, "dvar": 3.99900955017e-06, "mean": 0.00154793285765, "dvar2": 9.7054271464e-06, "min": 1.2142014777e-21, "var": 1.04787277451e-05, "median": 0.000431637163274}, "erbbands_skewness": {"dmean": 0.613891780376, "dmean2": 0.928743839264, "max": 6.71834945679, "dvar": 0.335061579943, "mean": 1.23548471928, "dvar2": 0.77002376318, "min": -5.67747116089, "var": 1.67543900013, "median": 1.289270401}, "dynamic_complexity": 2.7599978447, "dissonance": {"dmean": 0.0279850717634, "dmean2": 0.0447833873332, "max": 0.500000119209, "dvar": 0.000773604610004, "mean": 0.434102773666, "dvar2": 0.00190061563626, "min": 0.0641420707107, "var": 0.00391539046541, "median": 0.451892673969}, "spectral_skewness": {"dmean": 0.508108019829, "dmean2": 0.71641176939, "max": 11.9642515182, "dvar": 0.387623131275, "mean": 2.31589221954, "dvar2": 0.725156128407, "min": -0.08442671597, "var": 2.47663784027, "median": 1.77096629143}, "spectral_kurtosis": {"dmean": 4.98419809341, "dmean2": 7.33929824829, "max": 198.016174316, "dvar": 72.8207473755, "mean": 11.1524124146, "dvar2": 144.792617798, "min": -1.25129461288, "var": 400.996826172, "median": 4.24006462097}, "gfcc": {"cov": [[22461.0292969, -1136.94140625, -1902.67370605, 1253.18286133, -706.663391113, 1237.16064453, -952.528747559, 44.3947868347, -624.841430664, 37.6473236084, -336.375, 135.734436035, -130.709640503], [-1136.94140625, 1967.45898438, 33.7537078857, -395.534698486, 95.9739761353, -398.557739258, 179.567977905, -79.3248291016, 169.290359497, -97.2886123657, 130.892425537, -126.129928589, 52.990737915], [-1902.67370605, 33.7537078857, 1000.03344727, -154.299911499, -247.593765259, -204.505279541, 105.506965637, 44.3251419067, 101.657402039, 57.583240509, -24.8719558716, 59.4953651428, 19.2798557281], [1253.18286133, -395.534698486, -154.299911499, 662.659362793, 93.5581054688, 19.9145755768, -122.610557556, 33.2799415588, -68.9350662231, 14.2534399033, 21.5909805298, -18.229095459, -13.2891578674], [-706.663391113, 95.9739761353, -247.593765259, 93.5581054688, 632.422729492, -6.63580274582, 117.278892517, -23.1336898804, -79.0876083374, -4.26615571976, 41.9832115173, -24.683763504, -16.8112850189], [1237.16064453, -398.557739258, -204.505279541, 19.9145755768, -6.63580274582, 379.655914307, -11.382393837, -7.39299917221, -72.0617446899, -12.8391256332, -29.4400215149, 54.3716011047, 19.7753829956], [-952.528747559, 179.567977905, 105.506965637, -122.610557556, 117.278892517, -11.382393837, 234.441131592, 45.9196205139, -25.4976024628, -41.7541275024, 25.8100337982, 31.2131557465, 25.7950801849], [44.3947868347, -79.3248291016, 44.3251419067, 33.2799415588, -23.1336898804, -7.39299917221, 45.9196205139, 111.062217712, 23.9462013245, 3.55869531631, -7.74502563477, 22.8746833801, 6.45226860046], [-624.841430664, 169.290359497, 101.657402039, -68.9350662231, -79.0876083374, -72.0617446899, -25.4976024628, 23.9462013245, 205.941162109, 73.3973693848, 13.2510232925, -43.2676811218, 6.22514295578], [37.6473236084, -97.2886123657, 57.583240509, 14.2534399033, -4.26615571976, -12.8391256332, -41.7541275024, 3.55869531631, 73.3973693848, 145.994689941, 14.6225357056, -19.0930118561, -36.7924232483], [-336.375, 130.892425537, -24.8719558716, 21.5909805298, 41.9832115173, -29.4400215149, 25.8100337982, -7.74502563477, 13.2510232925, 14.6225357056, 109.891662598, 9.85937023163, 1.24007213116], [135.734436035, -126.129928589, 59.4953651428, -18.229095459, -24.683763504, 54.3716011047, 31.2131557465, 22.8746833801, -43.2676811218, -19.0930118561, 9.85937023163, 96.3593521118, 30.9731254578], [-130.709640503, 52.990737915, 19.2798557281, -13.2891578674, -16.8112850189, 19.7753829956, 25.7950801849, 6.45226860046, 6.22514295578, -36.7924232483, 1.24007213116, 30.9731254578, 73.9449462891]], "mean": [-67.0387573242, 115.424362183, -60.9492988586, 49.5063362122, -54.5437202454, 0.932585477829, -47.5240821838, -0.471490204334, -22.9246692657, -0.19503082335, -10.2021112442, -4.96483182907, -11.6652736664], "icov": [[0.000140682779602, -0.000279942934867, 0.000175610824954, -0.000263659545453, 0.000219432127778, -0.000454875058495, 0.000459361210233, -0.000403868732974, 0.000531406491064, -0.000463135103928, 0.00055009033531, -0.000474255677545, 0.000316902966006], [-0.000279942934867, 0.00176257442217, -0.000119667558465, 0.00104520190507, -0.000411015702412, 0.00193510705139, -0.00165007531177, 0.00162990484387, -0.00176853465382, 0.00185314903501, -0.00222590472549, 0.00221848161891, -0.00153744220734], [0.000175610824954, -0.000119667558465, 0.00210306420922, -0.000462538009742, 0.00113426533062, 0.000833767815493, -0.00123955484014, 0.000629139773082, -0.000172908010427, -0.00147070467938, 0.00180047343019, -0.00241252407432, 0.000440239498857], [-0.000263659545453, 0.00104520190507, -0.000462538009742, 0.00306187663227, -0.00102553993929, 0.00110259256326, 0.00112843792886, -0.0013011834817, 0.000388432730688, 0.00102802040055, -0.00285737076774, 0.00300302682444, -0.00208348664455], [0.000219432127778, -0.000411015702412, 0.00113426533062, -0.00102553993929, 0.00289982464164, -0.000149990257341, -0.0017270751996, 0.000730389205273, 0.00126792315859, -0.00176789681427, 0.00106072693598, -0.00064444221789, 0.000706268125214], [-0.000454875058495, 0.00193510705139, 0.000833767815493, 0.00110259256326, -0.000149990257341, 0.00627106055617, -0.00296663865447, 0.00300720590167, -0.00186811818276, 0.000997869879939, -0.000938023324125, -0.000243302827585, -0.00237733707763], [0.000459361210233, -0.00165007531177, -0.00123955484014, 0.00112843792886, -0.0017270751996, -0.00296663865447, 0.0113933281973, -0.00737422145903, 0.00431916955858, 1.48476447066e-05, -0.000950556888711, -0.00029569628532, -0.000626235909294], [-0.000403868732974, 0.00162990484387, 0.000629139773082, -0.0013011834817, 0.000730389205273, 0.00300720590167, -0.00737422145903, 0.0160092134029, -0.00630164146423, 0.00167572149076, 0.00148003501818, -0.00389796937816, 0.00122972147074], [0.000531406491064, -0.00176853465382, -0.000172908010427, 0.000388432730688, 0.00126792315859, -0.00186811818276, 0.00431916955858, -0.00630164146423, 0.0127049125731, -0.00692344270647, 0.000230502540944, 0.00423211604357, -0.00413837051019], [-0.000463135103928, 0.00185314903501, -0.00147070467938, 0.00102802040055, -0.00176789681427, 0.000997869879939, 1.48476447066e-05, 0.00167572149076, -0.00692344270647, 0.0139368902892, -0.00429712515324, 0.00137049937621, 0.00461671780795], [0.00055009033531, -0.00222590472549, 0.00180047343019, -0.00285737076774, 0.00106072693598, -0.000938023324125, -0.000950556888711, 0.00148003501818, 0.000230502540944, -0.00429712515324, 0.0152934417129, -0.00791865307838, 0.00318190082908], [-0.000474255677545, 0.00221848161891, -0.00241252407432, 0.00300302682444, -0.00064444221789, -0.000243302827585, -0.00029569628532, -0.00389796937816, 0.00423211604357, 0.00137049937621, -0.00791865307838, 0.0232550390065, -0.0101799424738], [0.000316902966006, -0.00153744220734, 0.000440239498857, -0.00208348664455, 0.000706268125214, -0.00237733707763, -0.000626235909294, 0.00122972147074, -0.00413837051019, 0.00461671780795, 0.00318190082908, -0.0101799424738, 0.0224599968642]]}, "spectral_complexity": {"dmean": 2.080057621, "dmean2": 3.27145957947, "max": 35, "dvar": 7.15580844879, "mean": 8.4342546463, "dvar2": 14.7032270432, "min": 0, "var": 19.3757915497, "median": 7}, "spectral_flux": {"dmean": 0.0338062532246, "dmean2": 0.0544713959098, "max": 0.419788718224, "dvar": 0.00167214404792, "mean": 0.0799538567662, "dvar2": 0.00352002633736, "min": 6.22681420315e-11, "var": 0.00311743747443, "median": 0.0654655322433}, "spectral_energyband_low": {"dmean": 0.00754291983321, "dmean2": 0.0126498751342, "max": 0.186613291502, "dvar": 0.000225668030907, "mean": 0.0138844549656, "dvar2": 0.000611855881289, "min": 1.45884331192e-23, "var": 0.000203256204259, "median": 0.0108906626701}, "spectral_decrease": {"dmean": 3.57431639841e-09, "dmean2": 5.8059637098e-09, "max": 1.67009603096e-28, "dvar": 3.06775514248e-17, "mean": -8.33528090993e-09, "dvar2": 7.62781293143e-17, "min": -6.68510935498e-08, "var": 4.77271401304e-17, "median": -6.42728625877e-09}, "barkbands_spread": {"dmean": 4.35707855225, "dmean2": 6.88033723831, "max": 98.9540023804, "dvar": 41.583442688, "mean": 10.4036331177, "dvar2": 98.8543624878, "min": 0.627045929432, "var": 94.819480896, "median": 7.20689296722}, "spectral_rms": {"dmean": 0.00107058009598, "dmean2": 0.0016866447404, "max": 0.015871046111, "dvar": 1.69832674146e-06, "mean": 0.00523522635922, "dvar2": 3.99359123548e-06, "min": 3.13397311574e-12, "var": 4.33759942098e-06, "median": 0.0049486909993}, "spectral_centroid": {"dmean": 162.64692688, "dmean2": 255.895019531, "max": 11774.7675781, "dvar": 56833.9960938, "mean": 710.72833252, "dvar2": 123441.4375, "min": 151.402099609, "var": 1313571.25, "median": 470.727020264}, "barkbands_skewness": {"dmean": 0.855701625347, "dmean2": 1.34745621681, "max": 12.4014730453, "dvar": 0.678931832314, "mean": 2.83177804947, "dvar2": 1.658172369, "min": -2.16629338264, "var": 2.62777328491, "median": 2.97078943253}, "spectral_rolloff": {"dmean": 158.555877686, "dmean2": 284.360107422, "max": 19681.3476562, "dvar": 309700.78125, "mean": 672.29888916, "dvar2": 758691.9375, "min": 86.1328125, "var": 3867449.75, "median": 344.53125}, "erbbands_spread": {"dmean": 14.2333946228, "dmean2": 21.03789711, "max": 149.331359863, "dvar": 259.141204834, "mean": 41.6847572327, "dvar2": 526.269348145, "min": 1.2542129755, "var": 851.901245117, "median": 36.1475410461}, "barkbands": {"dmean": [0.000227942597121, 0.00384296453558, 0.00338575802743, 0.00324707641266, 0.00537512172014, 0.00144144031219, 0.000515714811627, 0.000502296839841, 0.000209768622881, 8.33374870126e-05, 0.000301272171782, 0.000101679295767, 8.12847356428e-05, 0.000197017754545, 6.78559954395e-05, 6.68693101034e-05, 4.86919161631e-05, 6.23807063675e-05, 5.1413266192e-05, 3.10672476189e-05, 4.09944696003e-05, 3.69857843907e-05, 4.49816288892e-05, 5.29261742486e-05, 5.82473148825e-05, 2.99832390738e-05, 8.65956371854e-06], "dmean2": [0.000336513825459, 0.00674850819632, 0.00574078643695, 0.005478145089, 0.00878105033189, 0.00233552488498, 0.00078743515769, 0.000657027121633, 0.000296240119496, 0.000127410326968, 0.00048277984024, 0.000160923082149, 0.000126035680296, 0.000321409344906, 0.000107840176497, 0.000107195402961, 7.71230188548e-05, 9.8667529528e-05, 7.8484416008e-05, 4.72312531201e-05, 6.3540879637e-05, 5.81881395192e-05, 7.12643668521e-05, 8.06319731055e-05, 8.89743751031e-05, 4.9062029575e-05, 1.44693967741e-05], "max": [0.00642292015254, 0.13964189589, 0.0767540857196, 0.0632377415895, 0.123847529292, 0.103636845946, 0.0852460041642, 0.0711616650224, 0.0265384819359, 0.0166501067579, 0.0273922868073, 0.0188843309879, 0.00850230269134, 0.0219192076474, 0.0060349367559, 0.0104160588235, 0.00552355265245, 0.00336693180725, 0.00289197685197, 0.000702204764821, 0.00105329835787, 0.000971670087893, 0.00113915698603, 0.00238427193835, 0.00164980767295, 0.00119999796152, 0.000918599718716], "dvar": [5.05694458752e-07, 0.000150656531332, 2.40518365899e-05, 2.5309926059e-05, 7.52492487663e-05, 1.32197037601e-05, 3.73890384253e-06, 2.34603726312e-06, 7.43019199945e-07, 1.65175720213e-07, 2.23735719374e-06, 1.75406981384e-07, 7.77988446998e-08, 8.32602893297e-07, 4.18679846348e-08, 4.53551081137e-08, 1.69894196489e-08, 2.05515409135e-08, 1.37881253082e-08, 2.22846008313e-09, 4.83118922645e-09, 4.25486668121e-09, 6.15518880309e-09, 1.29333548315e-08, 1.57098618558e-08, 5.80929526706e-09, 7.97409416275e-10], "mean": [0.000218763409066, 0.00568705936894, 0.00547192012891, 0.00471982965246, 0.00849149003625, 0.00344367674552, 0.00107676361222, 0.00115975923836, 0.00029698520666, 0.000139291543746, 0.000384005135857, 0.000137225157232, 0.000109303597128, 0.000302666274365, 9.16872886592e-05, 8.6617510533e-05, 7.7295488154e-05, 0.000131848049932, 0.000114035283332, 4.88230252813e-05, 5.86140777159e-05, 5.18374945386e-05, 6.05778041063e-05, 8.34532256704e-05, 6.47934575682e-05, 2.41631187237e-05, 6.47090564598e-06], "dvar2": [1.04050423033e-06, 0.000419748714194, 7.08135776222e-05, 6.80239973008e-05, 0.000183992742677, 3.00895899272e-05, 7.11347092874e-06, 3.63475305676e-06, 1.37428628477e-06, 2.9673921631e-07, 5.30734450876e-06, 3.75465049274e-07, 1.69856036791e-07, 2.42718556365e-06, 1.0889407065e-07, 1.03979481025e-07, 4.22437018699e-08, 5.31537089898e-08, 3.15871027112e-08, 5.08183850556e-09, 1.13557190318e-08, 1.04294564096e-08, 1.47481440393e-08, 2.81837628791e-08, 3.64079362214e-08, 1.45276732866e-08, 2.0711556914e-09], "min": [3.83929678582e-25, 2.85640873704e-24, 6.37402027305e-25, 4.05516364215e-25, 6.12029765821e-24, 1.04162235222e-23, 8.16184680395e-24, 1.2307185432e-23, 1.61162989205e-23, 2.25320447092e-23, 1.17583575453e-23, 3.85639670673e-23, 2.61328523759e-23, 4.42290896166e-23, 5.34554489919e-23, 5.11918252461e-23, 6.05111723894e-23, 8.01161644871e-23, 1.21510958913e-22, 1.85199259132e-22, 2.01898876515e-22, 3.12791477343e-22, 3.63230814482e-22, 6.04954178905e-22, 8.15662940414e-22, 1.32327299628e-21, 2.06683536262e-21], "var": [5.907889431e-07, 0.000106140796561, 3.23432432197e-05, 3.05075445795e-05, 0.00014406212722, 4.56767993455e-05, 1.13152054837e-05, 1.51174217535e-05, 1.39779376696e-06, 4.98839654028e-07, 3.87048066841e-06, 3.57950625585e-07, 1.53092500454e-07, 1.97475628738e-06, 7.00395830222e-08, 7.81143612016e-08, 2.68336837195e-08, 1.31706656248e-07, 7.11122538632e-08, 4.17652756823e-09, 7.73245201202e-09, 6.14629991347e-09, 9.86841097728e-09, 2.81959771087e-08, 1.91048048492e-08, 4.73624517383e-09, 5.80507364401e-10], "median": [6.38429264654e-06, 0.00364216323942, 0.00370946992189, 0.00292708491907, 0.00415603071451, 0.00177644961514, 0.000403604033636, 0.000305498106172, 4.28269122494e-05, 1.79887247214e-05, 1.66596582858e-05, 1.47607588588e-05, 2.23163806368e-05, 1.71716037585e-05, 2.1208612452e-05, 1.7147991457e-05, 2.65398593911e-05, 1.8160268155e-05, 3.31356422976e-05, 2.39357395913e-05, 2.14848878386e-05, 1.88724061445e-05, 1.71198153112e-05, 1.55615671247e-05, 1.01113473647e-05, 1.41190434988e-06, 1.68805428302e-07]}, "melbands_kurtosis": {"dmean": 18.0428333282, "dmean2": 28.8126430511, "max": 400.374450684, "dvar": 510.579742432, "mean": 37.8423080444, "dvar2": 1277.39282227, "min": -1.9054261446, "var": 1196.09362793, "median": 30.3120250702}, "erbbands_crest": {"dmean": 2.94850826263, "dmean2": 4.831346035, "max": 34.0080184937, "dvar": 8.10362815857, "mean": 11.4659051895, "dvar2": 20.4456100464, "min": 2.45682477951, "var": 27.2841014862, "median": 10.3263473511}, "melbands_skewness": {"dmean": 1.16748714447, "dmean2": 1.79864478111, "max": 13.5493097305, "dvar": 1.39602339268, "mean": 3.94559597969, "dvar2": 3.14710211754, "min": -1.22910761833, "var": 5.41416454315, "median": 3.84949207306}, "spectral_energyband_middle_low": {"dmean": 0.00889785401523, "dmean2": 0.0143580110744, "max": 0.197890639305, "dvar": 0.000176327826921, "mean": 0.0192773081362, "dvar2": 0.000427070801379, "min": 1.07368336335e-22, "var": 0.000372068083379, "median": 0.0131490360945}, "spectral_contrast_coeffs": {"dmean": [0.0506167598069, 0.0442283041775, 0.0397560857236, 0.0302173066884, 0.0222548600286, 0.0162352882326], "dmean2": [0.0822795033455, 0.0719408392906, 0.063117146492, 0.0485255494714, 0.0344109013677, 0.0253746733069], "max": [-0.273475706577, -0.361884176731, -0.364279061556, -0.50057476759, -0.517412006855, -0.601890027523], "dvar": [0.00185877131298, 0.00150764361024, 0.00126540509518, 0.000728280516341, 0.000443673518021, 0.000194982421817], "mean": [-0.604730367661, -0.673909068108, -0.795559108257, -0.81120800972, -0.809715628624, -0.802575051785], "dvar2": [0.00474537815899, 0.00386003195308, 0.00284339836799, 0.0016787633067, 0.0009409931954, 0.000440948992036], "min": [-0.976013720036, -0.975825846195, -0.981387138367, -0.970033466816, -0.968222975731, -0.964336633682], "var": [0.0077402619645, 0.00738081848249, 0.00707419775426, 0.00470247445628, 0.00373274413869, 0.00145068019629], "median": [-0.607533872128, -0.674653053284, -0.817242860794, -0.826321721077, -0.822783827782, -0.801916360855]}, "spectral_contrast_valleys": {"dmean": [0.360730081797, 0.405175209045, 0.487388640642, 0.491369098425, 0.46124625206, 0.557502865791], "dmean2": [0.585431873798, 0.645947694778, 0.726891040802, 0.672756254673, 0.578766405582, 0.663957297802], "max": [-4.70889139175, -4.49622774124, -5.5333943367, -6.03950023651, -6.45289039612, -7.94606590271], "dvar": [0.140560254455, 0.164523139596, 0.212940916419, 0.229272603989, 0.204845696688, 0.327954471111], "mean": [-7.00171375275, -7.34831953049, -8.71458625793, -8.96118545532, -8.75472450256, -10.8156957626], "dvar2": [0.291216254234, 0.362978696823, 0.415754795074, 0.383544653654, 0.324449121952, 0.553133368492], "min": [-28.5352458954, -27.8179302216, -27.7778549194, -27.6745052338, -27.5038394928, -27.3647785187], "var": [5.40667152405, 5.06865119934, 4.75858879089, 4.98247146606, 5.06830072403, 4.73891973495], "median": [-6.65686130524, -7.0282330513, -8.44599819183, -8.67172241211, -8.38160324097, -10.3404169083]}, "silence_rate_20dB": {"dmean": 0, "dmean2": 0, "max": 1, "dvar": 0, "mean": 1, "dvar2": 0, "min": 1, "var": 0, "median": 1}, "silence_rate_30dB": {"dmean": 0.0211563892663, "dmean2": 0.0423178635538, "max": 1, "dvar": 0.0207072701305, "mean": 0.979086518288, "dvar2": 0.0535140223801, "min": 0, "var": 0.0204776488245, "median": 1}, "spectral_strongpeak": {"dmean": 0.393444418907, "dmean2": 0.685325026512, "max": 9.28679275513, "dvar": 0.598308742046, "mean": 0.734751701355, "dvar2": 1.60717606544, "min": 0, "var": 0.954930901527, "median": 0.418907880783}, "spectral_spread": {"dmean": 1030526.8125, "dmean2": 1392949.125, "max": 42193112, "dvar": 1461611397120.0, "mean": 5329826.5, "dvar2": 2554286833660.0, "min": 586910.75, "var": 17995063623700.0, "median": 5070477}, "barkbands_flatness_db": {"dmean": 0.0361351259053, "dmean2": 0.048725169152, "max": 0.483787745237, "dvar": 0.00106002832763, "mean": 0.230526611209, "dvar2": 0.00195386144333, "min": 0.0502359196544, "var": 0.00645560910925, "median": 0.216529488564}, "pitch_salience": {"dmean": 0.0758558884263, "dmean2": 0.126914903522, "max": 0.971537709236, "dvar": 0.00466974591836, "mean": 0.556692779064, "dvar2": 0.0121332332492, "min": 0.135089695454, "var": 0.0138657521456, "median": 0.565068542957}, "erbbands_kurtosis": {"dmean": 3.13761663437, "dmean2": 4.78255224228, "max": 72.1027450562, "dvar": 18.2867794037, "mean": 4.26462602615, "dvar2": 40.9713249207, "min": -1.9294308424, "var": 47.3886756897, "median": 1.94884538651}, "average_loudness": 0.88775742054, "barkbands_crest": {"dmean": 2.47247576714, "dmean2": 4.18933963776, "max": 23.7966175079, "dvar": 4.94357299805, "mean": 11.1722717285, "dvar2": 13.5805768967, "min": 4.32967376709, "var": 11.1448993683, "median": 10.5823907852}, "hfc": {"dmean": 5.01756238937, "dmean2": 7.49323940277, "max": 150.448150635, "dvar": 52.9108467102, "mean": 11.9039325714, "dvar2": 114.148719788, "min": 1.07648239361e-16, "var": 140.916763306, "median": 7.98975038528}, "barkbands_kurtosis": {"dmean": 8.24143791199, "dmean2": 13.2770805359, "max": 189.4972229, "dvar": 98.4644927979, "mean": 16.1080417633, "dvar2": 251.144302368, "min": -1.78649091721, "var": 212.113433838, "median": 13.2273902893}, "erbbands": {"dmean": [0.113307878375, 0.873208224773, 2.97240042686, 7.60874223709, 18.3858795166, 16.6006259918, 13.6627397537, 12.4777297974, 8.7188873291, 10.9201316833, 6.2268037796, 5.29229354858, 3.25860285759, 2.26772904396, 15.0235300064, 4.49234056473, 3.72928285599, 10.5809431076, 4.21032524109, 3.59663915634, 2.91028952599, 2.75370359421, 2.97872328758, 4.02676105499, 1.52908813953, 1.4165571928, 1.54344546795, 1.67833447456, 1.19458270073, 1.782512784, 1.12147963047, 1.25808870792, 0.764766395092, 0.650727510452, 0.414115995169, 0.189709186554, 0.0415410324931, 0.00974522810429, 0.00188241049182, 4.81803726871e-05], "dmean2": [0.193712875247, 1.5731139183, 5.0820608139, 12.4159450531, 30.7983932495, 27.6909160614, 22.4226455688, 20.13230896, 13.2065429688, 14.9391326904, 8.60081768036, 7.36318588257, 4.74778079987, 3.60193324089, 24.0659294128, 6.96801567078, 5.81838178635, 17.304315567, 6.61852073669, 5.72400569916, 4.56414937973, 4.37908506393, 4.76763343811, 6.0025935173, 2.33323502541, 2.14259791374, 2.36104226112, 2.64459180832, 1.84434723854, 2.88167238235, 1.74703478813, 1.97160732746, 1.17025375366, 0.999593794346, 0.63658195734, 0.307139307261, 0.0682256296277, 0.0161460749805, 0.00315016321838, 7.82010392868e-05], "max": [3.41435074806, 35.4342536926, 92.0905303955, 130.244552612, 444.918762207, 553.542663574, 1361.74145508, 1098.12963867, 1339.06945801, 1385.5213623, 1888.31591797, 775.767089844, 670.721618652, 338.297485352, 1346.06933594, 955.343688965, 390.935302734, 1184.23339844, 369.540313721, 286.22644043, 398.878295898, 163.832672119, 151.9115448, 302.641357422, 63.1669654846, 32.9214515686, 31.470205307, 38.480342865, 32.4348869324, 54.2874565125, 23.5970497131, 59.0277748108, 25.4079589844, 18.2170162201, 12.83360672, 6.73993778229, 2.11328625679, 0.974992513657, 0.176662683487, 0.00338675151579], "dvar": [0.126138493419, 7.91798782349, 26.9497051239, 88.9790878296, 1284.60314941, 767.265441895, 929.173828125, 1324.07580566, 981.381896973, 1243.2578125, 647.265563965, 499.086639404, 243.853347778, 61.5497817993, 5588.23681641, 380.056152344, 149.10848999, 2398.03955078, 159.309265137, 81.2509155273, 79.0532836914, 34.246131897, 51.2812690735, 139.805236816, 6.09064722061, 4.48012733459, 6.22155714035, 8.72154521942, 4.36517286301, 10.8899450302, 3.77376818657, 8.30236148834, 2.31545948982, 1.89417731762, 0.854728162289, 0.216985061765, 0.0119146080688, 0.000971367349848, 3.44594300259e-05, 1.32600490588e-08], "mean": [0.128749266267, 1.43525564671, 5.3324136734, 12.7883701324, 20.602230072, 29.4050178528, 31.1592330933, 28.4342403412, 20.3047351837, 23.952999115, 13.8577280045, 8.0523147583, 5.68737888336, 3.21635985374, 19.4183750153, 6.41995429993, 5.5393204689, 16.6452026367, 6.13900089264, 5.20403766632, 3.95202922821, 4.68829298019, 6.23522377014, 10.2818279266, 2.69175100327, 2.26696491241, 2.18290662766, 2.37175965309, 1.56513178349, 2.57494831085, 1.57131314278, 1.9341365099, 1.11354553699, 0.774727761745, 0.433223962784, 0.158058494329, 0.0333920046687, 0.00762847205624, 0.00140825496055, 6.32132505416e-05], "dvar2": [0.338050872087, 22.5998020172, 78.7769470215, 234.358352661, 3281.09155273, 1920.62097168, 2080.16723633, 2971.38891602, 1922.25183105, 2022.14355469, 972.208557129, 917.418212891, 419.751190186, 124.884788513, 13325.1123047, 771.080627441, 328.575531006, 7079.88525391, 410.778289795, 196.213409424, 183.612533569, 81.1622772217, 145.034896851, 297.265014648, 13.8602876663, 9.8729095459, 14.466293335, 21.026966095, 10.462225914, 27.9721546173, 8.59391117096, 18.7601909637, 5.18869304657, 4.39488172531, 2.00323081017, 0.536614835262, 0.0302061159164, 0.0025454510469, 8.83608372533e-05, 3.33399086117e-08], "min": [4.25500843768e-23, 1.86608139465e-22, 1.06602881248e-21, 5.39941175492e-21, 9.64109700086e-21, 2.25916660844e-20, 6.41238618034e-20, 8.09977129893e-20, 1.18730739241e-19, 1.5662140156e-19, 2.51042336573e-19, 3.25398222221e-19, 6.02371223432e-19, 8.04954011e-19, 7.52847887962e-19, 1.70040861205e-18, 1.48349311091e-18, 1.81474348087e-18, 3.00470193544e-18, 3.30744259501e-18, 2.92072966158e-18, 4.69475042051e-18, 4.39098240262e-18, 7.02629463461e-18, 5.79947783912e-18, 8.63087613045e-18, 7.58863683044e-18, 1.14215279184e-17, 9.80823869225e-18, 1.15466381589e-17, 1.08852278498e-17, 1.01277595377e-17, 9.91919421807e-18, 8.06001728303e-18, 6.25382705649e-18, 4.40726958888e-18, 2.22545747336e-18, 9.97618696228e-19, 2.76785644802e-19, 2.58052417615e-20], "var": [0.0945636928082, 5.30190515518, 29.967250824, 146.927642822, 1139.49230957, 2039.63049316, 3822.74023438, 4464.06494141, 3525.08056641, 5297.08154297, 3035.62646484, 956.457519531, 718.407470703, 137.31640625, 9735.19628906, 863.38079834, 312.520050049, 5707.36132812, 302.675933838, 159.232803345, 132.033279419, 70.1363372803, 274.285308838, 922.615478516, 14.0806560516, 9.05678367615, 9.08891963959, 13.9776659012, 5.82515525818, 19.2218780518, 6.35401725769, 16.8161220551, 4.22532463074, 2.4543967247, 0.980471730232, 0.184813201427, 0.00945789180696, 0.000705937272869, 2.56915845966e-05, 1.1560376656e-08], "median": [0.0676400214434, 0.958855032921, 3.78218173981, 9.16205787659, 9.31043434143, 14.2213306427, 14.7070589066, 13.6215620041, 8.33962440491, 7.5482506752, 4.02890825272, 1.30481851101, 0.785293519497, 0.660740852356, 0.77764415741, 0.792291641235, 1.19563269615, 1.08099985123, 1.08146572113, 1.25035655499, 1.05470705032, 1.692882061, 1.45182657242, 1.52391541004, 1.45682096481, 1.07577157021, 1.12909650803, 0.75010073185, 0.594881892204, 0.640630185604, 0.454009413719, 0.342697143555, 0.239814028144, 0.136213645339, 0.058642424643, 0.013166140765, 0.00196154788136, 0.000443150114734, 3.19237406075e-05, 3.14436038025e-05]}, "spectral_energy": {"dmean": 0.0138398306444, "dmean2": 0.0224172398448, "max": 0.258187353611, "dvar": 0.000456933572423, "mean": 0.0325388722122, "dvar2": 0.00113055156544, "min": 1.00673325076e-20, "var": 0.000725593417883, "median": 0.0251017808914}, "zerocrossingrate": {"dmean": 0.00893855746835, "dmean2": 0.0115390047431, "max": 0.53076171875, "dvar": 0.000138107789098, "mean": 0.0383793748915, "dvar2": 0.00021941511659, "min": 0.00341796875, "var": 0.0027717826888, "median": 0.02880859375}, "spectral_energyband_high": {"dmean": 0.000266238086624, "dmean2": 0.000401762023102, "max": 0.00801703706384, "dvar": 2.47962361755e-07, "me