{"tonal": {"chords_number_rate": 0.001079913578, "thpcp": [1, 0.531722784042, 0.162298545241, 0.100528970361, 0.0941647589207, 0.319713920355, 0.601037561893, 0.421940505505, 0.222796365619, 0.246303737164, 0.16102746129, 0.114731356502, 0.107517026365, 0.0873422548175, 0.160995990038, 0.212476566434, 0.148989975452, 0.105315454304, 0.0883157029748, 0.131958723068, 0.611387193203, 0.979202210903, 0.549313008785, 0.133050903678, 0.0834857150912, 0.0953629910946, 0.193165630102, 0.271036714315, 0.24504083395, 0.385478138924, 0.5005428195, 0.338792324066, 0.310973018408, 0.325497597456, 0.334237396717, 0.77483189106], "hpcp": {"dvar": [0.0394101180136, 0.0388844907284, 0.02779821679, 0.0203584823757, 0.0159631799906, 0.0180542971939, 0.0295854769647, 0.0235686600208, 0.0170699171722, 0.0168005991727, 0.0125176049769, 0.0111109744757, 0.00951446779072, 0.00631836382672, 0.00848721154034, 0.0105399554595, 0.00874965358526, 0.00752226030454, 0.00636436557397, 0.0105782067403, 0.024634083733, 0.0347335264087, 0.0221650991589, 0.0176089480519, 0.011051883921, 0.00959626212716, 0.0142128784209, 0.0216345284134, 0.0207951236516, 0.0271511599422, 0.0304551590234, 0.0312873311341, 0.0383231714368, 0.0383133552969, 0.0474055223167, 0.0495375283062], "mean": [0.473999768496, 0.252036482096, 0.0769294723868, 0.0476507097483, 0.0446340739727, 0.151544317603, 0.284891664982, 0.199999704957, 0.10560542345, 0.116747915745, 0.0763269811869, 0.0543826371431, 0.0509630441666, 0.0414002090693, 0.0763120651245, 0.100713841617, 0.070621214807, 0.049919500947, 0.0418616235256, 0.0625484064221, 0.289797395468, 0.464141607285, 0.260374248028, 0.0630660951138, 0.0395722091198, 0.0452020354569, 0.0915604606271, 0.128471344709, 0.116149298847, 0.182716548443, 0.237257167697, 0.160587489605, 0.14740113914, 0.154285788536, 0.158428445458, 0.36727014184], "min": [0, 0, 0, 0, 0, 0, 0, 0, 0, 0, 0, 0, 0, 0, 0, 0, 0, 0, 0, 0, 0, 0, 0, 0, 0, 0, 0, 0, 0, 0, 0, 0, 0, 0, 0, 0], "median": [0.395784378052, 0.183835119009, 0.0314425006509, 0.0154244340956, 0.0114971268922, 0.0845825970173, 0.165030255914, 0.107018366456, 0.0442979484797, 0.0392005816102, 0.0295459479094, 0.0223837792873, 0.0198090970516, 0.0188741087914, 0.0306425020099, 0.0343621149659, 0.0231396071613, 0.0190160833299, 0.016167730093, 0.0275119356811, 0.217875018716, 0.368270516396, 0.188830092549, 0.020670838654, 0.0114359427243, 0.0136110577732, 0.0357690230012, 0.0464644581079, 0.0547439604998, 0.0688165053725, 0.083337135613, 0.0665221437812, 0.0536504238844, 0.0545136034489, 0.0531218498945, 0.287176936865], "dvar2": [0.0911398157477, 0.112814135849, 0.0793921723962, 0.0578376948833, 0.0449841730297, 0.0481172427535, 0.0701174885035, 0.0590879544616, 0.0452526956797, 0.0413983464241, 0.0331550687551, 0.0257789138705, 0.0232403464615, 0.0174968317151, 0.0214866381139, 0.0255850963295, 0.0224759411067, 0.0201606601477, 0.0169281587005, 0.029123198241, 0.0618488825858, 0.0797469392419, 0.0564532279968, 0.0493359938264, 0.0317195095122, 0.0258086863905, 0.0362863913178, 0.0551954209805, 0.0539258010685, 0.07002966851, 0.0679310634732, 0.0876293331385, 0.0967371761799, 0.102202907205, 0.12499871105, 0.131958335638], "var": [0.151121065021, 0.0562141798437, 0.0204953122884, 0.0143618164584, 0.0131859518588, 0.0325340218842, 0.0887663662434, 0.0542543716729, 0.0264017991722, 0.0391553230584, 0.0186822116375, 0.0150630697608, 0.0121366623789, 0.00614906661212, 0.0180499702692, 0.0322863571346, 0.0161398351192, 0.00939393881708, 0.00680024083704, 0.0107792709023, 0.0611864589155, 0.126269295812, 0.0524940006435, 0.0178021024913, 0.00915131904185, 0.00985241215676, 0.0218864642084, 0.0391128882766, 0.0284836608917, 0.0603593029082, 0.0961660966277, 0.0451997965574, 0.0518929995596, 0.0557319968939, 0.0558847598732, 0.107487604022], "dmean2": [0.242844387889, 0.277461141348, 0.148367524147, 0.0954438820481, 0.0865837782621, 0.140319272876, 0.199425041676, 0.167209267616, 0.124803632498, 0.108408436179, 0.0849923938513, 0.0669240131974, 0.0615031607449, 0.0542421117425, 0.0732722654939, 0.0869806706905, 0.0745146647096, 0.0623539127409, 0.0568095743656, 0.101963341236, 0.217546895146, 0.249888658524, 0.210031494498, 0.106902584434, 0.0729594156146, 0.0701345130801, 0.104280389845, 0.139788448811, 0.146877154708, 0.178211048245, 0.180025145411, 0.200952619314, 0.203045547009, 0.207379549742, 0.269059091806, 0.33215674758], "max": [1, 1, 1, 1, 1, 1, 1, 1, 1, 1, 1, 1, 1, 1, 1, 1, 1, 1, 1, 1, 1, 1, 1, 1, 1, 1, 1, 1, 1, 1, 1, 1, 1, 1, 1, 1], "dmean": [0.146073415875, 0.158200576901, 0.0812981501222, 0.0523595064878, 0.0484282262623, 0.0847164094448, 0.123218342662, 0.100899212062, 0.0734948143363, 0.066180549562, 0.0507555492222, 0.0392055250704, 0.0377760790288, 0.0317811518908, 0.0443740338087, 0.0526745803654, 0.0446233451366, 0.0371453166008, 0.0332707650959, 0.0584718436003, 0.132379129529, 0.153654828668, 0.127571195364, 0.0600376091897, 0.0402929708362, 0.0405384339392, 0.0621616132557, 0.0827794373035, 0.0854794755578, 0.105900391936, 0.110934503376, 0.117059528828, 0.117655858397, 0.120601907372, 0.152456685901, 0.191307753325]}, "key_strength": 0.753441929817, "chords_strength": {"dvar": 0.00109455944039, "mean": 0.495916485786, "min": -1, "median": 0.509150445461, "dvar2": 0.0021519230213, "var": 0.0328556150198, "dmean2": 0.00739277945831, "max": 0.732686877251, "dmean": 0.00804970320314}, "tuning_equal_tempered_deviation": 0.0208730697632, "chords_key": "A", "tuning_frequency": 438.984558105, "chords_scale": "minor", "chords_changes_rate": 0.0404967591166, "key_scale": "minor", "tuning_diatonic_strength": 0.583197176456, "hpcp_entropy": {"dvar": 0.185475721955, "mean": 1.85553622246, "min": 0, "median": 1.92616438866, "dvar2": 0.483014076948, "var": 0.491537302732, "dmean2": 0.810138046741, "max": 4.40667486191, "dmean": 0.490256100893}, "chords_histogram": [36.6090698242, 5.54355669022, 35.0431976318, 0.989920794964, 0, 5.3995680809, 0, 9.07127475739, 0.41396689415, 5.4895606041, 0.431965440512, 0.0359971188009, 0.467962563038, 0, 0.12598991394, 0, 0.0359971188009, 0, 0, 0.0719942376018, 0.0179985594004, 0, 0.053995680064, 0.197984158993], "tuning_nontempered_energy_ratio": 0.622657775879, "key_key": "A"}, "metadata": {"version": {"extractor": "music 1.0", "essentia_build_sha": "70f2e5ece6736b2c40cc944ad0e695b16b925413", "essentia": "2.1-beta2", "essentia_git_sha": "v2.1_beta2"}, "audio_properties": {"sample_rate": 44100, "length": 257.959197998, "lossless": false, "analysis_sample_rate": 44100, "downmix": "mix", "bit_rate": 192000, "equal_loudness": 0, "md5_encoded": "4c72bbc76826382e13d9463c601e04c8", "codec": "mp3", "replay_gain": -9.4086265564}, "tags": {"albumartist": ["The Bongos"], "date": ["1993"], "musicbrainz_recordingid": ["0fd6c233-9658-48ff-9f1c-559d867ed810"], "file_name": "273976.mp3", "title": ["Sweet Blue Cage"], "tracknumber": ["5"], "album": ["Beat Hotel/Numbers with Wings"], "artist": ["The Bongos"]}}, "lowlevel": {"melbands": {"dvar": [2.71452540801e-06, 1.33139178615e-06, 3.60913730901e-07, 4.80338485431e-07, 1.28931858967e-07, 1.67229554648e-08, 8.76757244583e-09, 2.0003696477e-08, 1.24846238236e-07, 1.51277035343e-08, 3.30200009557e-08, 3.05512379839e-08, 1.10666604769e-08, 1.36318123456e-09, 5.23876275693e-09, 2.36250463637e-09, 3.92047461162e-09, 4.07705558203e-09, 1.35568223314e-09, 9.77353531439e-10, 5.45161249477e-10, 6.8873473591e-10, 2.49188358836e-09, 1.98428340425e-09, 8.09767919385e-10, 1.33818359171e-10, 1.68069891338e-10, 1.51543805282e-10, 1.46912787491e-10, 1.44626741139e-10, 3.03105429644e-10, 1.57846943849e-10, 8.37031763345e-11, 1.57982918414e-10, 5.51320517017e-11, 3.15021446429e-11, 2.91687021758e-11, 5.56248172523e-11, 2.90243419576e-11, 1.51368084733e-11], "mean": [0.000691245193593, 0.000873945245985, 0.000624198291916, 0.000672844296787, 0.00033607360092, 0.000199937145226, 0.000121580837003, 0.000105915838503, 0.000109892986075, 0.00010887994722, 0.000154903813382, 7.86579475971e-05, 8.42756126076e-05, 3.23341810144e-05, 6.04579217907e-05, 3.71490496036e-05, 4.20268443122e-05, 4.36569025624e-05, 3.55647862307e-05, 2.89603904093e-05, 2.90196585411e-05, 3.45107728208e-05, 4.55868284917e-05, 4.55768458778e-05, 3.42025741702e-05, 1.75337481778e-05, 1.61364368978e-05, 1.37209035529e-05, 6.90254682922e-06, 4.63419519292e-06, 5.20059393239e-06, 4.94494270242e-06, 4.86731505589e-06, 7.02333591107e-06, 3.96774521505e-06, 2.96667326438e-06, 2.19833009396e-06, 3.35222512149e-06, 2.32861088989e-06, 1.65045378253e-06], "min": [6.11415124846e-25, 1.21188066311e-24, 7.33686691611e-25, 1.0433986106e-24, 1.40183550947e-24, 1.18907262358e-24, 1.49186899344e-24, 1.62308870806e-24, 1.45951051076e-24, 2.15904090568e-24, 1.82012397547e-24, 1.5402541715e-24, 2.22538746047e-24, 3.20658547337e-24, 2.99229594442e-24, 3.19907571477e-24, 1.63818277262e-24, 2.42487401453e-24, 2.79999413826e-24, 4.12471740956e-24, 2.25006125464e-24, 3.99758340278e-24, 3.26573051695e-24, 3.14454688799e-24, 3.56966580475e-24, 4.38391698706e-24, 4.84140661385e-24, 4.78396176274e-24, 5.49200307936e-24, 4.55623734092e-24, 4.4678391656e-24, 4.6859954935e-24, 5.70955158992e-24, 5.12284023597e-24, 5.13945877423e-24, 5.81339960607e-24, 3.59377299958e-24, 4.97242773274e-24, 5.5133334838e-24, 6.05911833956e-24], "median": [3.70245870727e-05, 0.000293900957331, 0.00041785731446, 0.000384354032576, 0.000167793623405, 0.000119269221614, 5.36934821866e-05, 3.63422732335e-05, 1.95914526557e-05, 2.44877883233e-05, 3.09734932671e-05, 3.37086494255e-05, 3.93320988223e-05, 1.33793755595e-05, 2.14197098103e-05, 1.5562030967e-05, 1.57458998729e-05, 1.55547604663e-05, 1.72424206539e-05, 1.4679179003e-05, 1.33865360112e-05, 1.51816338985e-05, 1.57984341058e-05, 1.96883374883e-05, 1.5952729882e-05, 1.05362996692e-05, 9.18499699765e-06, 7.49365699448e-06, 3.21438437823e-06, 1.85923056506e-06, 2.1279001885e-06, 1.98247880689e-06, 1.91537765204e-06, 2.42221199187e-06, 1.61217496952e-06, 1.20376842005e-06, 8.25706877094e-07, 8.3302376197e-07, 6.78655510455e-07, 4.47678928595e-07], "dvar2": [5.26915437149e-06, 3.42875273418e-06, 9.91683009488e-07, 1.2266793874e-06, 2.95633867609e-07, 4.49065957753e-08, 1.89373405846e-08, 4.2543369716e-08, 2.79464899222e-07, 3.05378264898e-08, 6.7569807527e-08, 8.09166493809e-08, 2.37206077003e-08, 3.11645620421e-09, 1.18310348185e-08, 5.61400659294e-09, 8.97200091998e-09, 9.20460152543e-09, 3.33675576059e-09, 2.31087127212e-09, 1.38892797263e-09, 1.84255843916e-09, 6.97273616623e-09, 5.44174438843e-09, 2.05072714365e-09, 3.30678179283e-10, 3.54095447408e-10, 3.73825415068e-10, 3.80216275131e-10, 3.83001380611e-10, 7.69009189661e-10, 3.69846209214e-10, 2.14327680603e-10, 3.59312385401e-10, 1.34470420909e-10, 7.29959981349e-11, 6.99673305404e-11, 1.43517475681e-10, 6.60735008373e-11, 3.04555061725e-11], "var": [5.71436885366e-06, 2.6701693514e-06, 5.5305827118e-07, 8.04321871328e-07, 3.24221076653e-07, 5.99940079837e-08, 3.59148693008e-08, 6.35778363289e-08, 2.9007551916e-07, 7.47893835751e-08, 1.94692432842e-07, 4.80872870412e-08, 2.88391976966e-08, 3.78199827011e-09, 1.91611562173e-08, 4.95679541856e-09, 1.15332889905e-08, 1.05278781248e-08, 3.35000183149e-09, 2.24935425841e-09, 1.68583957905e-09, 2.62586752342e-09, 5.52097567663e-09, 4.37336034054e-09, 2.60083221626e-09, 4.60663923674e-10, 6.30445196048e-10, 4.31329139072e-10, 2.07844880196e-10, 1.44836767579e-10, 3.46911499527e-10, 2.59871152375e-10, 1.63766430972e-10, 3.71380703967e-10, 1.0443081816e-10, 5.74874835235e-11, 4.92009523401e-11, 1.19260615272e-10, 6.28917196099e-11, 4.102368098e-11], "dmean2": [0.00064006150933, 0.000676364870742, 0.00055638467893, 0.000619420374278, 0.000228404998779, 0.000123241159599, 7.82421921031e-05, 7.84082512837e-05, 7.81137860031e-05, 5.79858933634e-05, 7.66287848819e-05, 5.45571201656e-05, 5.64282345294e-05, 2.27861091844e-05, 4.67838872282e-05, 3.20878098137e-05, 3.51208072971e-05, 3.66925232811e-05, 2.99252387777e-05, 2.48740125244e-05, 2.11648111872e-05, 2.34169256146e-05, 3.99776508857e-05, 3.86477331631e-05, 2.44014481723e-05, 1.15525390356e-05, 1.05103472379e-05, 1.02033245639e-05, 5.68207542528e-06, 4.11093105868e-06, 4.6085951908e-06, 4.01832085117e-06, 3.75985246137e-06, 5.52147275812e-06, 3.06991228172e-06, 2.53827033703e-06, 1.83471252058e-06, 2.86420890916e-06, 1.95772736333e-06, 1.46331160522e-06], "max": [0.0246481914073, 0.022081354633, 0.0101920682937, 0.016909988597, 0.0105185555294, 0.0023232800886, 0.00239323731512, 0.00427352124825, 0.0206641014665, 0.00490407506004, 0.00715150171891, 0.00816921517253, 0.00405143480748, 0.00127713661641, 0.00220615393482, 0.00109889917076, 0.0031354140956, 0.0027621013578, 0.000913737283554, 0.000970586028416, 0.000575605547056, 0.00075163517613, 0.000862245273311, 0.000923164421692, 0.000829177966807, 0.000228848322877, 0.000490489590447, 0.000433347740909, 0.000492044957355, 0.000671145447996, 0.00107585953083, 0.000725461053662, 0.000324377557263, 0.000438467250206, 0.000364165462088, 0.000202514100238, 0.00020302462508, 0.000208324810956, 0.000239847577177, 0.000170414263266], "dmean": [0.000415882532252, 0.000413481378928, 0.000334055308485, 0.000383695762139, 0.0001491321309, 7.85126394476e-05, 5.19262794114e-05, 5.21652218595e-05, 5.37361884199e-05, 4.17084120272e-05, 5.43655696674e-05, 3.65504529327e-05, 3.82775579055e-05, 1.4970999473e-05, 3.03157085e-05, 2.03854087886e-05, 2.24554642045e-05, 2.3545779186e-05, 1.864315891e-05, 1.55707166414e-05, 1.3293711163e-05, 1.46159418364e-05, 2.40931676672e-05, 2.32858255913e-05, 1.54059544002e-05, 7.27335054762e-06, 6.75482624501e-06, 6.38051096757e-06, 3.50758909917e-06, 2.58913632933e-06, 2.91273272524e-06, 2.57379224422e-06, 2.39381733991e-06, 3.61065258403e-06, 2.00387353289e-06, 1.64785831203e-06, 1.18082243716e-06, 1.83402630682e-06, 1.29361728796e-06, 1.00989916518e-06]}, "spectral_decrease": {"dvar": 3.91276861099e-18, "mean": -4.36890790212e-09, "min": -3.55816496267e-08, "median": -3.50855566822e-09, "dvar2": 7.62099448164e-18, "var": 1.74780930783e-17, "dmean2": 1.68673974787e-09, "max": 2.50819563264e-20, "dmean": 1.13304199356e-09}, "spectral_rolloff": {"dvar": 1930659.125, "mean": 2968.26953125, "min": 21.533203125, "median": 2648.58398438, "dvar2": 4739354.5, "var": 7459885.5, "dmean2": 1260.38171387, "max": 19595.2148438, "dmean": 767.305847168}, "melbands_crest": {"dvar": 6.63380384445, "mean": 13.336520195, "min": 1.48324358463, "median": 12.466137886, "dvar2": 15.9306402206, "var": 31.7963161469, "dmean2": 4.42494106293, "max": 39.987537384, "dmean": 2.74670791626}, "barkbands_skewness": {"dvar": 0.353068560362, "mean": 0.980708241463, "min": -3.00375175476, "median": 0.821459829807, "dvar2": 0.788440048695, "var": 2.57519841194, "dmean2": 0.595676362514, "max": 49.5600738525, "dmean": 0.387275367975}, "spectral_centroid": {"dvar": 86193.03125, "mean": 2066.89233398, "min": 375.861022949, "median": 1976.97583008, "dvar2": 168905.515625, "var": 1400641.25, "dmean2": 371.275146484, "max": 11750.9199219, "dmean": 239.843963623}, "spectral_energyband_middle_low": {"dvar": 1.71089450305e-05, "mean": 0.00753622176126, "min": 1.4493644224e-22, "median": 0.00539796659723, "dvar2": 4.09594395023e-05, "var": 5.81677923037e-05, "dmean2": 0.00400977162644, "max": 0.107766859233, "dmean": 0.00256605329923}, "erbbands_crest": {"dvar": 3.24449443817, "mean": 7.3675775528, "min": 2.32792878151, "median": 6.6690325737, "dvar2": 8.33148765564, "var": 9.82929801941, "dmean2": 3.01554775238, "max": 26.3595333099, "dmean": 1.87195181847}, "dynamic_complexity": 5.70804929733, "spectral_energyband_low": {"dvar": 3.57976095984e-05, "mean": 0.00473416037858, "min": 1.20667343172e-23, "median": 0.00155521254055, "dvar2": 7.26297585061e-05, "var": 9.75626171567e-05, "dmean2": 0.0031098772306, "max": 0.101120479405, "dmean": 0.00201678369194}, "silence_rate_60dB": {"dvar": 0.0115646468475, "mean": 0.168121680617, "min": 0, "median": 0, "dvar2": 0.0260986424983, "var": 0.139851391315, "dmean2": 0.0234044473618, "max": 1, "dmean": 0.0117011703551}, "erbbands_kurtosis": {"dvar": 0.993713796139, "mean": 0.172878623009, "min": -1.67444360256, "median": -0.299155473709, "dvar2": 2.19873428345, "var": 2.49838876724, "dmean2": 0.961291968822, "max": 25.8096542358, "dmean": 0.610198020935}, "spectral_complexity": {"dvar": 7.53856039047, "mean": 19.784538269, "min": 0, "median": 22, "dvar2": 14.8647165298, "var": 127.093833923, "dmean2": 3.81528496742, "max": 57, "dmean": 2.51395130157}, "barkbands_crest": {"dvar": 4.28843307495, "mean": 8.52109050751, "min": 2.29052090645, "median": 7.41109371185, "dvar2": 10.0933065414, "var": 16.2482681274, "dmean2": 3.28501272202, "max": 26.9269733429, "dmean": 2.03192734718}, "spectral_energy": {"dvar": 6.15854805801e-05, "mean": 0.0188004821539, "min": 9.81252372046e-21, "median": 0.0154034532607, "dvar2": 0.000119402400742, "var": 0.000297772669001, "dmean2": 0.00694709829986, "max": 0.145665884018, "dmean": 0.00470688380301}, "spectral_spread": {"dvar": 985391824896, "mean": 5924742, "min": 2114883.5, "median": 5132197.5, "dvar2": 1975851155460.0, "var": 17821530587100.0, "dmean2": 956350.8125, "max": 52140404, "dmean": 688404.9375}, "spectral_contrast_valleys": {"dvar": [0.143052026629, 0.0900953188539, 0.0597955808043, 0.0535734444857, 0.0545682534575, 0.105939216912], "mean": [-8.31765460968, -7.89198112488, -8.22648334503, -8.49850559235, -8.085521698, -10.2080574036], "min": [-28.4677352905, -28.10206604, -27.7079029083, -27.9826431274, -27.4868545532, -27.4260501862], "median": [-7.78887653351, -7.18246603012, -7.53562116623, -7.81675434113, -7.38922452927, -9.59850788116], "dvar2": [0.351028978825, 0.209026172757, 0.127996623516, 0.105391591787, 0.0883611813188, 0.170690268278], "var": [7.26679420471, 7.61342000961, 7.19206619263, 7.09870433807, 7.42476892471, 6.28381204605], "dmean2": [0.701229870319, 0.515723526478, 0.38933095336, 0.347470641136, 0.271260559559, 0.342401027679], "max": [-4.99148225784, -5.49355888367, -5.03634262085, -6.19449806213, -5.58896589279, -6.89434289932], "dmean": [0.419046968222, 0.310423076153, 0.239842712879, 0.218798056245, 0.185699999332, 0.278102725744]}, "spectral_rms": {"dvar": 3.65363121091e-07, "mean": 0.00376109685749, "min": 3.09405777908e-12, "median": 0.00387656548992, "dvar2": 6.81614153564e-07, "var": 4.19609023083e-06, "dmean2": 0.00067568506347, "max": 0.0119211180136, "dmean": 0.000464420125354}, "barkbands_spread": {"dvar": 66.7902374268, "mean": 36.1101036072, "min": 0.221186295152, "median": 34.5237236023, "dvar2": 157.194961548, "var": 256.147857666, "dmean2": 10.0410261154, "max": 135.009765625, "dmean": 6.48079156876}, "pitch_salience": {"dvar": 0.00261641154066, "mean": 0.54800504446, "min": 0.00206146272831, "median": 0.554505109787, "dvar2": 0.00655643967912, "var": 0.00961403921247, "dmean2": 0.0902903825045, "max": 0.853048026562, "dmean": 0.0557458400726}, "erbbands_skewness": {"dvar": 0.0689175650477, "mean": -0.323924332857, "min": -4.40418100357, "median": -0.27424955368, "dvar2": 0.142740055919, "var": 0.462550759315, "dmean2": 0.377975851297, "max": 2.98173141479, "dmean": 0.247855648398}, "spectral_energyband_middle_high": {"dvar": 5.79883590035e-06, "mean": 0.00575199723244, "min": 1.13617235517e-21, "median": 0.0044262772426, "dvar2": 1.29985155581e-05, "var": 3.28098103637e-05, "dmean2": 0.00203538080677, "max": 0.0883110016584, "dmean": 0.00137015793007}, "erbbands": {"dvar": [0.0432232506573, 1.40344321728, 4.72350215912, 8.0309381485, 69.1445159912, 119.742080688, 84.3389511108, 32.3517379761, 39.5925254822, 133.203704834, 1970.99328613, 357.083862305, 1339.92578125, 1854.48461914, 613.689331055, 260.729309082, 810.09552002, 893.996459961, 1466.8215332, 755.804748535, 269.683258057, 896.358886719, 1134.18591309, 983.387939453, 181.178207397, 303.590606689, 227.055236816, 712.69921875, 381.490325928, 337.836303711, 128.553161621, 69.117767334, 99.674987793, 19.7447471619, 3.12187051773, 0.61704659462, 0.0783242881298, 0.00460508139804, 5.29337412445e-05, 3.52543203519e-08], "mean": [0.0857400521636, 0.490949809551, 1.97509598732, 2.83431982994, 7.17913961411, 10.2588539124, 8.2915391922, 8.68882083893, 8.01488494873, 9.82429981232, 13.3663644791, 16.1628170013, 31.3595142365, 20.4979305267, 22.062664032, 14.6506938934, 24.1625213623, 22.2769603729, 28.4379501343, 26.3481845856, 23.1375083923, 36.3302764893, 46.4986152649, 43.1352386475, 22.8607406616, 22.1173534393, 10.0674552917, 8.84093856812, 8.78683853149, 11.2988834381, 6.77984428406, 4.1290769577, 4.53655433655, 2.11311912537, 1.02276837826, 0.444473475218, 0.159349694848, 0.0407440923154, 0.00378940952942, 0.000116944655019], "min": [4.31115009058e-23, 5.68058207735e-22, 1.64756354127e-21, 3.96981949371e-21, 7.53428171318e-21, 2.09977262025e-20, 3.54098410334e-20, 7.68589988049e-20, 1.10684391531e-19, 1.5756219026e-19, 1.83007778091e-19, 4.04843388287e-19, 4.70839683266e-19, 4.94251479541e-19, 8.48531488332e-19, 1.35823077261e-18, 1.52666883696e-18, 1.64977326784e-18, 1.66750791677e-18, 3.20794041874e-18, 2.93779067531e-18, 4.58905204107e-18, 4.49024903921e-18, 5.10114177391e-18, 7.13647840092e-18, 7.82090004746e-18, 8.95495804983e-18, 9.08828053942e-18, 9.83713211104e-18, 1.22620071137e-17, 1.14465947997e-17, 8.16746721742e-18, 8.98743895094e-18, 7.76201305965e-18, 5.93242437513e-18, 4.11841853257e-18, 1.97172623111e-18, 8.7948303589e-19, 2.46059219618e-19, 2.71950812896e-20], "median": [0.00235573481768, 0.0721380636096, 0.760797083378, 1.84466266632, 3.88894987106, 5.22952508926, 4.09509849548, 5.30022335052, 3.53903269768, 3.89720416069, 2.54655647278, 4.0778131485, 6.42819213867, 9.47669506073, 11.1272974014, 6.28978204727, 9.48576164246, 9.27770519257, 10.9780435562, 14.1206235886, 12.6301393509, 15.6901922226, 21.4868927002, 22.0164680481, 14.4540901184, 12.8462018967, 5.11859464645, 3.75775241852, 3.6868481636, 4.20480680466, 2.83380770683, 1.64161849022, 1.1992623806, 0.626928806305, 0.270521730185, 0.105770990252, 0.0326292067766, 0.0069783674553, 0.000368254230125, 3.65757987311e-05], "dvar2": [0.0859348401427, 3.18952775002, 12.5666561127, 21.9620361328, 182.617004395, 298.104003906, 189.382476807, 89.0738983154, 85.705947876, 288.435150146, 4306.13769531, 763.076965332, 2728.40844727, 4887.09277344, 1325.46398926, 563.875366211, 1906.0201416, 2077.51293945, 3401.7434082, 1817.81713867, 693.111206055, 2513.50317383, 3044.92578125, 2520.83007812, 405.462493896, 721.772521973, 563.300537109, 1818.23400879, 906.961547852, 759.291931152, 301.856811523, 156.644622803, 251.999938965, 38.33070755, 6.54329681396, 1.49632227421, 0.186489835382, 0.010497813113, 0.000116199385957, 7.90729757227e-08], "var": [0.0899992361665, 2.36662697792, 10.9469194412, 12.4852705002, 101.012451172, 229.734649658, 229.669723511, 109.028549194, 162.897888184, 385.523681641, 5199.34472656, 1424.88293457, 7975.85253906, 3095.50439453, 1659.45751953, 979.392150879, 2019.36279297, 2714.28710938, 3693.39477539, 1744.13354492, 913.223449707, 2610.76635742, 3765.99194336, 3459.82617188, 780.311767578, 1014.52355957, 357.360626221, 790.456420898, 693.078674316, 856.351623535, 276.130523682, 132.910140991, 215.720321655, 57.6112174988, 7.95925712585, 0.836298286915, 0.0949684530497, 0.00667146081105, 6.85210325173e-05, 4.55279405287e-08], "dmean2": [0.0745485424995, 0.522843897343, 1.43001461029, 2.31994390488, 7.66419696808, 9.28018951416, 5.3373374939, 5.45816469193, 5.18538236618, 7.1607465744, 9.33928108215, 8.8612985611, 15.2782878876, 13.2828397751, 13.7500734329, 9.74315261841, 20.474313736, 17.0584640503, 23.0579338074, 22.5921936035, 15.1037464142, 25.3869724274, 31.4944019318, 27.8821277618, 12.8217172623, 15.2399320602, 7.22658729553, 7.23877859116, 6.50423431396, 8.1317653656, 4.83250951767, 3.13505864143, 3.74509096146, 1.70841944218, 0.989224076271, 0.574375331402, 0.213038906455, 0.049980353564, 0.00524190533906, 0.000136430651764], "max": [3.21003389359, 17.9075546265, 57.513469696, 48.0777320862, 206.101287842, 229.23197937, 276.179443359, 99.7924041748, 174.619903564, 263.838439941, 2283.26782227, 904.295471191, 1378.39880371, 2145.84106445, 1128.12438965, 450.333892822, 737.228210449, 1369.91345215, 1344.72192383, 900.869018555, 341.162841797, 500.033691406, 557.76574707, 819.877197266, 417.238769531, 542.979675293, 509.556732178, 1404.75561523, 946.494934082, 711.639404297, 501.874389648, 294.206054688, 271.06048584, 194.733154297, 62.9220275879, 28.4303455353, 3.1268324852, 0.951798319817, 0.0964431464672, 0.00271477480419], "dmean": [0.0507632791996, 0.313303023577, 0.873259246349, 1.41033387184, 4.63501930237, 5.77327013016, 3.54179430008, 3.44876456261, 3.42992067337, 4.76714944839, 6.37733745575, 6.40030431747, 10.877076149, 8.90444469452, 9.39973831177, 6.32307243347, 13.0161762238, 10.9394283295, 14.769449234, 14.091919899, 9.47870826721, 15.5801553726, 19.3507289886, 17.6497039795, 8.20873451233, 9.59438896179, 4.57972574234, 4.60701799393, 4.21146631241, 5.39493942261, 3.21218085289, 2.0784881115, 2.43404173851, 1.18447077274, 0.67158305645, 0.370346695185, 0.139286115766, 0.0332503095269, 0.00347687141038, 8.99735678104e-05]}, "dissonance": {"dvar": 9.20216625673e-05, "mean": 0.476332217455, "min": 0.367963463068, "median": 0.479344666004, "dvar2": 0.000256254599662, "var": 0.000222797985771, "dmean2": 0.0160772167146, "max": 0.499999970198, "dmean": 0.00954076275229}, "erbbands_flatness_db": {"dvar": 0.000170317536686, "mean": 0.123886138201, "min": 0.0278073139489, "median": 0.123045891523, "dvar2": 0.00033800365054, "var": 0.00103647343349, "dmean2": 0.01941819489, "max": 0.26257917285, "dmean": 0.013580721803}, "melbands_kurtosis": {"dvar": 2562.34545898, "mean": 11.0584573746, "min": -1.84509801865, "median": 4.24863147736, "dvar2": 6747.35302734, "var": 7270.22363281, "dmean2": 8.39388561249, "max": 4736.11132812, "dmean": 5.18808317184}, "melbands_spread": {"dvar": 155.358840942, "mean": 41.7602844238, "min": 0.20225661993, "median": 36.8895492554, "dvar2": 307.945037842, "var": 743.781738281, "dmean2": 13.9980754852, "max": 225.990859985, "dmean": 9.00438976288}, "melbands_skewness": {"dvar": 0.675392866135, "mean": 2.3868098259, "min": -1.04644405842, "median": 2.06375598907, "dvar2": 1.55534398556, "var": 4.21893930435, "dmean2": 0.830328643322, "max": 67.0367355347, "dmean": 0.537287056446}, "spectral_entropy": {"dvar": 0.0164141096175, "mean": 7.81280422211, "min": 6.77719688416, "median": 7.76597929001, "dvar2": 0.0315145067871, "var": 0.145183891058, "dmean2": 0.175987929106, "max": 9.82508182526, "dmean": 0.122146256268}, "zerocrossingrate": {"dvar": 0.000281672313577, "mean": 0.102720819414, "min": 0, "median": 0.09130859375, "dvar2": 0.000368537352188, "var": 0.00414884928614, "dmean2": 0.016390716657, "max": 0.5361328125, "dmean": 0.0141186676919}, "average_loudness": 0.804181873798, "spectral_contrast_coeffs": {"dvar": [0.00155168992933, 0.000957310898229, 0.000545962306205, 0.000483632873511, 0.000318048783811, 0.000230503705097], "mean": [-0.614536225796, -0.722480773926, -0.750102818012, -0.754524052143, -0.749396562576, -0.780708253384], "min": [-0.977029621601, -0.980740308762, -0.981306493282, -0.971079111099, -0.967375278473, -0.96531277895], "median": [-0.603683054447, -0.718287825584, -0.750749230385, -0.750489473343, -0.745929777622, -0.775792121887], "dvar2": [0.00430810824037, 0.00255493982695, 0.0013478139881, 0.00124677584972, 0.000775601307396, 0.000482117873617], "var": [0.0114880446345, 0.00560873281211, 0.00501590687782, 0.00403636088595, 0.00434831762686, 0.00221706926823], "dmean2": [0.0789323523641, 0.0616787523031, 0.0443052016199, 0.0439204908907, 0.0331577509642, 0.0250233858824], "max": [-0.319832324982, -0.343941032887, -0.50432151556, -0.515839934349, -0.538517534733, -0.65664088726], "dmean": [0.0474680252373, 0.0374089591205, 0.0278973784298, 0.026780532673, 0.0206936690956, 0.0164667889476]}, "barkbands_flatness_db": {"dvar": 0.000203476505703, "mean": 0.0890906825662, "min": 0.0216399766505, "median": 0.084778405726, "dvar2": 0.000441560492618, "var": 0.00111323804595, "dmean2": 0.0225179474801, "max": 0.59912866354, "dmean": 0.0147627824917}, "silence_rate_30dB": {"dvar": 0.00269321771339, "mean": 0.998019993305, "min": 0, "median": 1, "dvar2": 0.00699297897518, "var": 0.00197601388209, "dmean2": 0.00540102599189, "max": 1, "dmean": 0.00270026992075}, "spectral_energyband_high": {"dvar": 3.33858815793e-06, "mean": 0.00143821234815, "min": 6.90944854238e-21, "median": 0.000679368677083, "dvar2": 7.34786544854e-06, "var": 8.67985636432e-06, "dmean2": 0.000847140443511, "max": 0.0600909814239, "dmean": 0.000597199541517}, "melbands_flatness_db": {"dvar": 0.000337565870723, "mean": 0.138647094369, "min": 0.00257715140469, "median": 0.131352573633, "dvar2": 0.000702071585692, "var": 0.00254199421033, "dmean2": 0.0278013795614, "max": 0.573270082474, "dmean": 0.0182361062616}, "barkbands": {"dvar": [2.21335731965e-08, 2.99111579807e-05, 3.16285763802e-06, 2.07939592656e-06, 8.24226754048e-06, 5.29803742211e-07, 2.2311992609e-07, 2.56020098277e-06, 1.11627423394e-06, 1.27555495055e-06, 9.04804721813e-07, 1.63186129498e-07, 4.0082676378e-07, 3.39692775242e-07, 4.34320469367e-07, 1.05581122511e-07, 5.29558690232e-07, 5.03503656546e-07, 1.74096854266e-07, 1.08261211551e-07, 2.90601519737e-07, 2.37392555391e-07, 2.18247024009e-07, 2.07527520502e-07, 9.50500904651e-08, 2.56101184704e-08, 1.57899726627e-09], "mean": [7.76394808781e-05, 0.00237025832757, 0.00181245978456, 0.00115496350918, 0.00290874764323, 0.00108056678437, 0.000582131557167, 0.000526233052369, 0.000804679584689, 0.000838464184199, 0.000597084814217, 0.000283529632725, 0.000496559485327, 0.000414661422838, 0.000607773836236, 0.000342944025761, 0.000780167232733, 0.000830122095067, 0.000581394531764, 0.000432766188169, 0.000223182185437, 0.000251803634455, 0.000293880089885, 0.000231371290283, 0.000161410207511, 9.43796258071e-05, 2.1308014766e-05], "min": [9.07763345667e-25, 2.23545233954e-24, 1.44776456909e-24, 1.10544015421e-24, 7.21232569791e-24, 6.79728546529e-24, 7.4940736811e-24, 9.09043154157e-24, 1.69110226399e-23, 1.14788775372e-23, 1.62859797457e-23, 2.87312481795e-23, 2.96997579563e-23, 2.74307289357e-23, 3.60418872454e-23, 5.24171060922e-23, 7.0588460246e-23, 5.65615099201e-23, 1.19482627131e-22, 1.71721639986e-22, 2.0597789324e-22, 2.87905351786e-22, 4.0312145311e-22, 5.09806900958e-22, 7.4087943147e-22, 1.21147164031e-21, 1.83365141119e-21], "median": [1.75813272563e-06, 0.000202925381018, 0.000727696460672, 0.000634295400232, 0.00158983073197, 0.00063648779178, 0.000267284078291, 7.99773843028e-05, 0.000161408854183, 0.000250406097621, 0.000248724158155, 9.78353564278e-05, 0.000184932418051, 0.000161548552569, 0.000275038561085, 0.000173596461536, 0.000300329644233, 0.000366277061403, 0.00032021253719, 0.000248214957537, 9.54759962042e-05, 0.000106493382191, 0.000113567017252, 7.42160482332e-05, 4.73119871458e-05, 2.10920807149e-05, 2.19707271754e-06], "dvar2": [5.17976310732e-08, 6.01197789365e-05, 8.48260879138e-06, 5.87649265071e-06, 2.05762735277e-05, 1.35285711167e-06, 4.6119978947e-07, 5.53082691113e-06, 2.32088359553e-06, 3.0962614801e-06, 1.93537175619e-06, 3.53540912101e-07, 9.48001456891e-07, 7.66259176999e-07, 1.06846823655e-06, 2.59435068983e-07, 1.47938089867e-06, 1.3334678215e-06, 4.24026211476e-07, 2.44558776785e-07, 7.48193315303e-07, 5.44590648133e-07, 5.10246081831e-07, 4.96950633533e-07, 1.84963212746e-07, 6.15079756017e-08, 3.50606677024e-09], "var": [5.78362815418e-08, 6.14814998698e-05, 8.63097557158e-06, 2.69714269052e-06, 1.5941228412e-05, 1.88898366105e-06, 8.67744290645e-07, 7.52044661567e-06, 5.12354790771e-06, 4.20928381573e-06, 2.26426232075e-06, 5.49431490526e-07, 9.68256358647e-07, 1.00761656086e-06, 1.06904099084e-06, 2.78680658994e-07, 1.3655632074e-06, 1.3477522316e-06, 6.19755041953e-07, 4.00753350505e-07, 3.24227272586e-07, 4.90899367378e-07, 4.98554584283e-07, 4.44931743004e-07, 2.77378319424e-07, 3.2540000916e-08, 2.10927408872e-09], "dmean2": [5.01241520396e-05, 0.00227883830667, 0.00123394594993, 0.00131444586441, 0.00252804695629, 0.00066031323513, 0.000370285182726, 0.000401047611376, 0.000455844216049, 0.000484881893499, 0.000415876915213, 0.000212009719689, 0.000442903779913, 0.000336108350893, 0.000513692968525, 0.00026462553069, 0.000605106411967, 0.000638154509943, 0.000375660019927, 0.000284524721792, 0.000179866241524, 0.000180667557288, 0.0002140802535, 0.000177375070052, 0.00013856102305, 0.000122108336654, 2.86524373223e-05], "max": [0.0025618521031, 0.0762897804379, 0.0560397468507, 0.0265180952847, 0.0674111098051, 0.0196214169264, 0.010975042358, 0.0720191299915, 0.0473239347339, 0.0416578501463, 0.0536002852023, 0.0112421177328, 0.0155841195956, 0.0271089132875, 0.0191297922283, 0.00758951203898, 0.0120467245579, 0.0134276049212, 0.0123508945107, 0.00937934685498, 0.0230934433639, 0.0226003527641, 0.0191118307412, 0.0138679500669, 0.0116168009117, 0.00372678809799, 0.000519632303622], "dmean": [3.50987866113e-05, 0.0014065541327, 0.000764181488194, 0.000771496677771, 0.00157904846128, 0.000426109036198, 0.000249901524512, 0.000265823939117, 0.000323776883306, 0.000337055651471, 0.000280204956653, 0.000138407354825, 0.000282157328911, 0.000216009182623, 0.000320398830809, 0.000165725403349, 0.000370094086975, 0.00039132166421, 0.000240411580307, 0.000181470721145, 0.00011473656923, 0.000116513045214, 0.000142843797221, 0.000117142655654, 9.624644008e-05, 8.00919224275e-05, 1.90381706489e-05]}, "erbbands_spread": {"dvar": 55.0559463501, "mean": 44.0138511658, "min": 7.58172655106, "median": 42.0924186707, "dvar2": 124.013122559, "var": 263.612518311, "dmean2": 10.9869976044, "max": 135.840240479, "dmean": 7.10790395737}, "barkbands_kurtosis": {"dvar": 732.845031738, "mean": 2.57951617241, "min": -1.90279388428, "median": -0.322985887527, "dvar2": 1968.72839355, "var": 2558.01586914, "dmean2": 2.96855688095, "max": 2522.05639648, "dmean": 1.80843567848}, "spectral_flux": {"dvar": 0.000355945318006, "mean": 0.0579263605177, "min": 6.33149574436e-11, "median": 0.0556671582162, "dvar2": 0.000794852792751, "var": 0.00150054867845, "dmean2": 0.0212046764791, "max": 0.29152789712, "dmean": 0.0135892285034}, "silence_rate_20dB": {"dvar": 0, "mean": 1, "min": 1, "median": 1, "dvar2": 0, "var": 0, "dmean2": 0, "max": 1, "dmean": 0}, "gfcc": {"cov": [[46879.34375, 1882.71179199, -3567.0612793, 755.42779541, -1681.97729492, -138.092300415, -1470.40319824, 250.43145752, -939.194519043, -372.800323486, -543.36505127, -192.221847534, -710.478271484], [1882.71179199, 979.30267334, -424.767608643, 192.392776489, 20.4176025391, 12.5029182434, 8.58041477203, 38.443813324, -36.452381134, -34.1296653748, 9.875831604, -10.235001564, 25.9284744263], [-3567.0612793, -424.767608643, 833.665710449, -104.724433899, 201.15007019, 88.1795425415, 154.384902954, -23.9304943085, 86.0720214844, 74.4259872437, 36.2379417419, 52.0908432007, 63.4595756531], [755.42779541, 192.392776489, -104.724433899, 305.118103027, 48.839805603, 27.2450122833, -11.273235321, 40.9799461365, 27.4843444824, 7.65341758728, 15.1851291656, 39.9012870789, 34.5564308167], [-1681.97729492, 20.4176025391, 201.15007019, 48.839805603, 324.578765869, 31.1149978638, 109.767585754, 59.1836013794, 65.7465820312, 24.8773708344, 48.2564353943, 54.4594154358, 44.9620857239], [-138.092300415, 12.5029182434, 88.1795425415, 27.2450122833, 31.1149978638, 166.166061401, 88.8827667236, 29.816160202, 19.3253917694, 29.3644771576, 20.1170406342, 8.50366687775, 12.1873397827], [-1470.40319824, 8.58041477203, 154.384902954, -11.273235321, 109.767585754, 88.8827667236, 194.429321289, 57.5784263611, 48.0097198486, 35.1050872803, 45.9036827087, 5.81971740723, 28.6773033142], [250.43145752, 38.443813324, -23.9304943085, 40.9799461365, 59.1836013794, 29.816160202, 57.5784263611, 116.605583191, 50.6428375244, 9.72724246979, 15.1557846069, 4.73033332825, -2.48975491524], [-939.194519043, -36.452381134, 86.0720214844, 27.4843444824, 65.7465820312, 19.3253917694, 48.0097198486, 50.6428375244, 129.96043396, 57.6522789001, 29.5325374603, 7.27583837509, 17.3341693878], [-372.800323486, -34.1296653748, 74.4259872437, 7.65341758728, 24.8773708344, 29.3644771576, 35.1050872803, 9.72724246979, 57.6522789001, 92.7608413696, 37.8781166077, 7.3364739418, 8.4009180069], [-543.36505127, 9.875831604, 36.2379417419, 15.1851291656, 48.2564353943, 20.1170406342, 45.9036827087, 15.1557846069, 29.5325374603, 37.8781166077, 80.6744308472, 30.090877533, 8.8809261322], [-192.221847534, -10.235001564, 52.0908432007, 39.9012870789, 54.4594154358, 8.50366687775, 5.81971740723, 4.73033332825, 7.27583837509, 7.3364739418, 30.090877533, 80.6870346069, 34.6773376465], [-710.478271484, 25.9284744263, 63.4595756531, 34.5564308167, 44.9620857239, 12.1873397827, 28.6773033142, -2.48975491524, 17.3341693878, 8.4009180069, 8.8809261322, 34.6773376465, 76.6311340332]], "mean": [-36.4392166138, 49.7841110229, -111.819602966, 32.8694610596, -52.4445991516, 8.41073226929, -43.0647544861, 4.39395856857, -34.3791885376, -6.40434646606, -20.4229259491, 2.23801255226, -15.8563966751], "icov": [[6.76632189425e-05, -7.0708549174e-05, 8.79110084497e-05, -7.93665967649e-05, 0.000159150426043, -0.000176949906745, 0.000410403095884, -0.000506084703375, 0.000461269461084, -0.00032376422314, 0.000278945983155, -0.000235328901908, 0.000384301383747], [-7.0708549174e-05, 0.0017198738642, 0.000895098026376, -0.00058858335251, -0.000677644333337, -2.7366404538e-05, -0.000953717506491, 0.000788612291217, -5.16427098773e-05, 0.000468117214041, -0.000601704756264, 0.0010160865495, -0.00135855202097], [8.79110084497e-05, 0.000895098026376, 0.00279465015046, 0.000399346463382, -0.00106547982432, -0.000957793730777, -0.000876607198734, 0.00122748641297, -0.000243109752773, -0.00108120089862, 0.00134262430947, -0.00111223070417, -0.000315541459713], [-7.93665967649e-05, -0.00058858335251, 0.000399346463382, 0.00483581190929, -0.000739467213862, -0.00102172337938, 0.00114606786519, -0.000555207312573, -0.00136763090268, 0.000130890126457, -0.000262716523139, -0.00129233137704, -0.0019883743953], [0.000159150426043, -0.000677644333337, -0.00106547982432, -0.000739467213862, 0.00573890795931, 0.000770353712142, -0.000856559257954, -0.0026986929588, 0.000130453729071, 0.00021872195066, -7.21436736058e-05, -0.00276687531732, 0.000870718387887], [-0.000176949906745, -2.7366404538e-05, -0.000957793730777, -0.00102172337938, 0.000770353712142, 0.00937407370657, -0.00534484395757, 0.000451681116829, 6.8761059083e-05, -0.00119392597117, 0.000297641003272, -0.000449912447948, -2.09580030059e-05], [0.000410403095884, -0.000953717506491, -0.000876607198734, 0.00114606786519, -0.000856559257954, -0.00534484395757, 0.0146955922246, -0.00766804814339, 0.00343638123013, -0.00174222467467, -0.00348993204534, 0.00327811040916, -0.00172444537748], [-0.000506084703375, 0.000788612291217, 0.00122748641297, -0.000555207312573, -0.0026986929588, 0.000451681116829, -0.00766804814339, 0.0186761114746, -0.00944002903998, 0.00480230897665, -0.00040791844367, -0.000272780569503, 0.00104247115087], [0.000461269461084, -5.16427098773e-05, -0.000243109752773, -0.00136763090268, 0.000130453729071, 6.8761059083e-05, 0.00343638123013, -0.00944002903998, 0.0178983788937, -0.00975707732141, 0.000809994817246, 0.00118269887753, -0.000176109329914], [-0.00032376422314, 0.000468117214041, -0.00108120089862, 0.000130890126457, 0.00021872195066, -0.00119392597117, -0.00174222467467, 0.00480230897665, -0.00975707732141, 0.020385440439, -0.00830144807696, 0.00259373523295, -0.00169363222085], [0.000278945983155, -0.000601704756264, 0.00134262430947, -0.000262716523139, -7.21436736058e-05, 0.000297641003272, -0.00348993204534, -0.00040791844367, 0.000809994817246, -0.00830144807696, 0.022543033585, -0.0100507615134, 0.00574668310583], [-0.000235328901908