{"tonal": {"hpcp": {"dvar": [0.0333027690649, 0.0350713282824, 0.0238506067544, 0.0153885781765, 0.0199852790684, 0.0287317018956, 0.0368936434388, 0.026732923463, 0.0206451397389, 0.0185773912817, 0.00938846822828, 0.00512310536578, 0.00695782061666, 0.0126378713176, 0.027117004618, 0.0372340604663, 0.0338723435998, 0.0311391260475, 0.0125097474083, 0.0087863644585, 0.0160067547113, 0.0255374293774, 0.0211683791131, 0.00988618191332, 0.00594039540738, 0.00365717988461, 0.0121509535238, 0.0238658506423, 0.0256356857717, 0.0407044552267, 0.0429572500288, 0.042184535414, 0.0229488573968, 0.0163026135415, 0.0240789651871, 0.0351348109543], "var": [0.083338342607, 0.0501575134695, 0.0203993227333, 0.0106889354065, 0.0161600094289, 0.0485502779484, 0.110844276845, 0.0564051941037, 0.0350290797651, 0.0586939044297, 0.0147933270782, 0.00355874747038, 0.00645218184218, 0.00925102829933, 0.0435249730945, 0.117222905159, 0.060197070241, 0.0256824344397, 0.00790119264275, 0.00534277455881, 0.0297035891563, 0.081704646349, 0.0390994213521, 0.00811064429581, 0.00369751872495, 0.00212052860297, 0.0200590640306, 0.0544602796435, 0.0297833513469, 0.125123411417, 0.17880693078, 0.071252413094, 0.0192150268704, 0.0109223984182, 0.0195803195238, 0.0548815950751], "median": [0.0403522402048, 0.0203283336014, 0.00206861854531, 0.000819719862193, 0.0019841035828, 0.032388664782, 0.0509876012802, 0.0308325923979, 0.00826918892562, 0.00220312154852, 0.00177946849726, 0.00400557601824, 0.0055447309278, 0.00511742569506, 0.0537212602794, 0.111076772213, 0.0543264821172, 0.00318786571734, 0.00127625279129, 0.00139233306982, 0.00862631574273, 0.017612747848, 0.0123850107193, 0.00183785916306, 0.000843825284392, 0.00074900384061, 0.00737112946808, 0.0153754223138, 0.0461540855467, 0.210865110159, 0.411021888256, 0.14100497961, 0.00184983829968, 0.000750621664338, 0.002808353398, 0.0240095332265], "max": [1, 1, 1, 1, 1, 1, 1, 1, 1, 1, 1, 1, 1, 1, 1, 1, 1, 1, 1, 1, 1, 1, 1, 1, 1, 1, 1, 1, 1, 1, 1, 1, 1, 1, 1, 1], "dmean": [0.102536953986, 0.0953001156449, 0.0542620420456, 0.0357291586697, 0.0488931573927, 0.0923412740231, 0.103940293193, 0.0898211747408, 0.064228489995, 0.0519970208406, 0.0324628986418, 0.0190160330385, 0.0266961101443, 0.0365015603602, 0.0956778079271, 0.118733681738, 0.103389389813, 0.0627091005445, 0.0308229159564, 0.0226007141173, 0.0520779713988, 0.0713071897626, 0.0612665824592, 0.028997797519, 0.0152131579816, 0.0127144316211, 0.0421819612384, 0.0667542368174, 0.0945536568761, 0.149698138237, 0.133003994823, 0.135837599635, 0.0607526190579, 0.0381461717188, 0.0655620098114, 0.102154806256], "dmean2": [0.169857487082, 0.161430329084, 0.0989710316062, 0.0661391243339, 0.0881858319044, 0.151085913181, 0.168416142464, 0.148853570223, 0.10993809253, 0.0848161503673, 0.0552242361009, 0.0342458710074, 0.0466281212866, 0.0656944215298, 0.159304305911, 0.18928194046, 0.17008395493, 0.112873017788, 0.0569280572236, 0.0426556579769, 0.0868668779731, 0.11590193212, 0.102602727711, 0.0522962361574, 0.0282750315964, 0.0236327666789, 0.0715661346912, 0.112677544355, 0.165687859058, 0.252058982849, 0.225452676415, 0.230861276388, 0.108221150935, 0.0712298825383, 0.117990106344, 0.172254413366], "mean": [0.186761945486, 0.119116790593, 0.0425622500479, 0.0244813300669, 0.037713367492, 0.13871756196, 0.231809332967, 0.146423101425, 0.0944207087159, 0.110868930817, 0.0497413873672, 0.019464045763, 0.0299430396408, 0.0321126654744, 0.155982390046, 0.282886207104, 0.176654204726, 0.0485786944628, 0.0211826171726, 0.0154937691987, 0.0852411538363, 0.157516151667, 0.0976709797978, 0.0239899493754, 0.0108808930963, 0.00839310046285, 0.0630674734712, 0.114502161741, 0.116240642965, 0.348646819592, 0.480131834745, 0.226154059172, 0.0466661639512, 0.025308161974, 0.0506943799555, 0.134710446], "dvar2": [0.080226957798, 0.0909378603101, 0.0654764398932, 0.0427456833422, 0.0542281493545, 0.0707397758961, 0.0790802016854, 0.0657590925694, 0.05422385782, 0.0424260646105, 0.0242882035673, 0.015144135803, 0.0192732717842, 0.0351331196725, 0.0731736347079, 0.0888023674488, 0.0871503204107, 0.0825155079365, 0.035775706172, 0.0257320478559, 0.0417855158448, 0.0584129206836, 0.0529969893396, 0.0269895493984, 0.0169212352484, 0.0106390621513, 0.0319721475244, 0.0588461868465, 0.0689700096846, 0.104770667851, 0.101207375526, 0.10571962595, 0.0614481270313, 0.045372646302, 0.0659748762846, 0.0919959545135], "min": [0, 0, 0, 0, 0, 0, 0, 0, 0, 0, 0, 0, 0, 0, 0, 0, 0, 0, 0, 0, 0, 0, 0, 0, 0, 0, 0, 0, 0, 0, 0, 0, 0, 0, 0, 0]}, "key_key": "G", "thpcp": [1, 0.471024930477, 0.0971944779158, 0.0527108609676, 0.105584293604, 0.280569702387, 0.388980537653, 0.248091846704, 0.0886470079422, 0.0509887672961, 0.0785479396582, 0.288915574551, 0.482803493738, 0.304964363575, 0.196655794978, 0.230913519859, 0.103599436581, 0.0405389629304, 0.062364205718, 0.066883020103, 0.324874073267, 0.589184463024, 0.367928534746, 0.101177826524, 0.0441183336079, 0.0322698242962, 0.177536979318, 0.328068554401, 0.203425332904, 0.0499653369188, 0.0226623024791, 0.0174808241427, 0.131354495883, 0.23848067224, 0.242101505399, 0.72614812851], "chords_key": "G", "tuning_equal_tempered_deviation": 0.00456375442445, "tuning_frequency": 439.238189697, "tuning_diatonic_strength": 0.70015501976, "chords_histogram": [45.8588218689, 7.48235273361, 13.5764703751, 0.164705887437, 0.89411765337, 0, 0.0235294122249, 0, 0.329411774874, 0, 0, 0, 0, 0, 0, 0.164705887437, 0, 1.01176476479, 0, 0.40000000596, 0, 3.10588240623, 20.6588230133, 6.32941198349], "key_strength": 0.862711906433, "key_scale": "major", "chords_strength": {"dvar": 5.45500406588e-05, "var": 0.00716931978241, "median": 0.540017485619, "max": 0.77938491106, "dmean": 0.00851475540549, "dmean2": 0.00630876515061, "mean": 0.541146814823, "dvar2": 4.25814796472e-05, "min": 0.27409183979}, "chords_number_rate": 0.00164705887437, "tuning_nontempered_energy_ratio": 0.630044102669, "hpcp_entropy": {"dvar": 0.231067329645, "var": 0.503578722477, "median": 1.5534774065, "max": 3.34607315063, "dmean": 0.489219099283, "dmean2": 0.819876909256, "mean": 1.43249905109, "dvar2": 0.575676262379, "min": 0}, "chords_changes_rate": 0.0454117655754, "chords_scale": "major"}, "rhythm": {"bpm_histogram_first_peak_spread": {"dvar": 0, "var": 0, "median": 0.588607609272, "max": 0.588607609272, "dmean": 0, "dmean2": 0, "mean": 0.588607609272, "dvar2": 0, "min": 0.588607609272}, "bpm_histogram_first_peak_weight": {"dvar": 0, "var": 0, "median": 0.137130796909, "max": 0.137130796909, "dmean": 0, "dmean2": 0, "mean": 0.137130796909, "dvar2": 0, "min": 0.137130796909}, "bpm_histogram_first_peak_bpm": {"dvar": 0, "var": 0, "median": 148, "max": 148, "dmean": 0, "dmean2": 0, "mean": 148, "dvar2": 0, "min": 148}, "bpm": 163.184585571, "bpm_histogram_second_peak_weight": {"dvar": 0, "var": 0, "median": 0.145569622517, "max": 0.145569622517, "dmean": 0, "dmean2": 0, "mean": 0.145569622517, "dvar2": 0, "min": 0.145569622517}, "beats_loudness": {"dvar": 0.000249232893111, "var": 0.000458164286101, "median": 0.015491463244, "max": 0.135888054967, "dmean": 0.0147860627621, "dmean2": 0.0252693835646, "mean": 0.0227635279298, "dvar2": 0.000685544626322, "min": 4.89967578687e-06}, "beats_loudness_band_ratio": {"dvar": [0.0233290679753, 0.0289129186422, 0.0249291695654, 0.00761360721663, 0.00587606383488, 0.0029190692585], "var": [0.0587376318872, 0.0513286478817, 0.0530308485031, 0.0092184105888, 0.00565841747448, 0.00165239523631], "median": [0.183386310935, 0.413611233234, 0.22760169208, 0.0548548288643, 0.00831269472837, 0.00103224499617], "max": [0.986567914486, 0.981460809708, 0.946933090687, 0.656304597855, 0.620413899422, 0.442300379276], "dmean": [0.152789086103, 0.21697100997, 0.169867292047, 0.0669752061367, 0.0336742326617, 0.0172455143183], "dmean2": [0.254518151283, 0.371205896139, 0.281705051661, 0.114557407796, 0.0578058809042, 0.0330650545657], "mean": [0.260188102722, 0.414973258972, 0.294914454222, 0.0828013047576, 0.0314428582788, 0.011321393773], "dvar2": [0.0578801371157, 0.0867312848568, 0.060382515192, 0.0219997018576, 0.0155114978552, 0.00849637482315], "min": [0.000640023499727, 0.00618843548, 0.00212801108137, 0.000114481837954, 2.89093768515e-05, 6.99165411788e-06]}, "bpm_histogram_second_peak_bpm": {"dvar": 0, "var": 0, "median": 161, "max": 161, "dmean": 0, "dmean2": 0, "mean": 161, "dvar2": 0, "min": 161}, "onset_rate": 2.66060996056, "beats_count": 475, "beats_position": [0.510838985443, 1.04489791393, 1.57895684242, 2.11301589012, 2.6470746994, 3.15791368484, 3.66875267029, 4.19120168686, 4.71365070343, 5.22448968887, 5.74693870544, 6.26938772202, 6.79183673859, 7.30267572403, 7.8251247406, 8.35918331146, 8.88163280487, 9.29959201813, 9.72916126251, 10.1471195221, 10.5999088287, 11.0526981354, 11.4938774109, 11.9350566864, 12.3646259308, 12.782585144, 13.2121543884, 13.6417226791, 14.0945119858, 14.5589113235, 14.9536504745, 15.3599996567, 15.7547388077, 16.1494789124, 16.5326080322, 16.9273471832, 17.3220863342, 17.7168254852, 18.1347846985, 18.5643539429, 18.9939231873, 19.4234924316, 19.853061676, 20.2710208893, 20.6889801025, 21.1185474396, 21.5597267151, 21.9892959595, 22.430475235, 22.8716545105, 23.3012237549, 23.7191829681, 24.1139221191, 24.5086612701, 24.9034004211, 25.3097496033, 25.7160987854, 26.1224479675, 26.5287971497, 26.9351463318, 27.3414955139, 27.747844696, 28.1541938782, 28.5605430603, 28.9785022736, 29.3732414246, 29.7795906067, 30.1975498199, 30.6271190643, 31.0450782776, 31.4630374908, 31.869386673, 32.2873458862, 32.6936950684, 33.111656189, 33.5296134949, 33.9475746155, 34.3655319214, 34.783493042, 35.2014503479, 35.6194114685, 36.0257606506, 36.4321098328, 36.8268470764, 37.2099761963, 37.5931053162, 37.9878463745, 38.3825836182, 38.7889328003, 39.1952819824, 39.6016311646, 40.0079803467, 40.4607696533, 40.91355896, 41.3663482666, 41.795917511, 42.2370948792, 42.6666641235, 43.0962333679, 43.5258026123, 43.9553718567, 44.3733329773, 44.7680702209, 45.1744194031, 45.5807685852, 45.9871177673, 46.3934669495, 46.8114280701, 47.2409973145, 47.6473464966, 48.0420837402, 48.4252128601, 48.8315620422, 49.2263031006, 49.6210403442, 50.0157814026, 50.3989105225, 50.7588195801, 51.1303405762, 51.5018577576, 51.8733787537, 52.2332878113, 52.5931968689, 52.941493988, 53.3014030457, 53.661315918, 54.0328330994, 54.4043540955, 54.7642631531, 55.1473922729, 55.5189094543, 55.8904304504, 56.2619476318, 56.6450767517, 57.0165977478, 57.3881187439, 57.7480278015, 58.1195449829, 58.491065979, 58.8625831604, 59.2341041565, 59.6056213379, 59.977142334, 60.3486595154, 60.7201805115, 61.0916976929, 61.4516105652, 61.8231277466, 62.2062568665, 62.5893859863, 62.9841270447, 63.3672561646, 63.7503852844, 64.2147827148, 64.67918396, 65.1435852051, 65.5963668823, 66.049156189, 66.5135574341, 66.9779586792, 67.4539642334, 67.9415893555, 68.4292068481, 68.8936004639, 69.358001709, 69.8224029541, 70.2403640747, 70.6467132568, 71.064666748, 71.4826278687, 71.9122009277, 72.3417663574, 72.759727478, 73.1660766602, 73.5724258423, 73.9787750244, 74.3851242065, 74.7914733887, 75.1862106323, 75.6041717529, 75.975692749, 76.3356018066, 76.7187271118, 77.0786361694, 77.5198135376, 77.9726028442, 78.4253921509, 78.9014053345, 79.3774108887, 79.8418121338, 80.2946014404, 80.7473907471, 81.2117919922, 81.6645812988, 82.0593185425, 82.4656677246, 82.8720169067, 83.2783660889, 83.684715271, 84.0910644531, 84.4974136353, 84.8921508789, 85.298500061, 85.7048492432, 86.1228103638, 86.5523757935, 86.9703369141, 87.3766860962, 87.7946472168, 88.2126083374, 88.6421737671, 89.0601348877, 89.4780960083, 89.8960494995, 90.3256225586, 90.7435836792, 91.1499328613, 91.5562820435, 91.9626312256, 92.3573684692, 92.7521057129, 93.1468429565, 93.5531921387, 93.9479370117, 94.3310623169, 94.7257995605, 95.1553726196, 95.5733337402, 95.9912872314, 96.4092483521, 96.8039855957, 97.1987304688, 97.6050796509, 98.0230331421, 98.4409942627, 98.8473434448, 99.253692627, 99.6600418091, 100.066390991, 100.472740173, 100.890701294, 101.297050476, 101.703399658, 102.10974884, 102.527709961, 102.945663452, 103.352012634, 103.758361816, 104.153106689, 104.559455872, 104.965805054, 105.372154236, 105.755279541, 106.138412476, 106.521537781, 106.904670715, 107.287796021, 107.670928955, 108.042449951, 108.413963318, 108.785484314, 109.133781433, 109.482086182, 109.841995239, 110.201904297, 110.561813354, 110.933334351, 111.304847717, 111.676368713, 112.059501648, 112.431015015, 112.802536011, 113.174057007, 113.545578003, 113.905487061, 114.265396118, 114.636917114, 115.008430481, 115.379951477, 115.751472473, 116.134597778, 116.517730713, 116.889251709, 117.260765076, 117.64389801, 118.027030945, 118.398544312, 118.781677246, 119.164802551, 119.536323547, 119.919456482, 120.372245789, 120.813423157, 121.266212463, 121.730613708, 122.113739014, 122.496871948, 122.868385315, 123.25151825, 123.623039246, 124.006164551, 124.366073608, 124.714370728, 125.074279785, 125.434196472, 125.805709839, 126.154014587, 126.525527954, 126.89704895, 127.268569946, 127.640090942, 128.092880249, 128.545669556, 129.010070801, 129.462860107, 129.927261353, 130.403259277, 130.844436646, 131.285614014, 131.715194702, 132.15637207, 132.562713623, 132.969070435, 133.375411987, 133.828201294, 134.280990601, 134.745391846, 135.209793091, 135.674194336, 136.138595581, 136.602996826, 137.055786133, 137.496963501, 137.949752808, 138.367706299, 138.78565979, 139.20362854, 139.621582031, 140.051147461, 140.469116211, 140.875457764, 141.293426514, 141.722991943, 142.152557373, 142.570526123, 143.000091553, 143.429656982, 143.847610474, 144.277191162, 144.71836853, 145.14793396, 145.589111328, 146.007064819, 146.425033569, 146.842987061, 147.237731934, 147.632461548, 148.027206421, 148.421951294, 148.805084229, 149.188201904, 149.582946777, 149.97769165, 150.40725708, 150.83682251, 151.277999878, 151.730789185, 152.183578491, 152.647979736, 153.077545166, 153.507110596, 153.936691284, 154.366256714, 154.807434082, 155.24861145, 155.67817688, 156.107757568, 156.52571106, 156.943664551, 157.350021362, 157.779586792, 158.232376099, 158.673553467, 159.137954712, 159.590744019, 160.043533325, 160.496322632, 160.960723877, 161.425125122, 161.889526367, 162.29586792, 162.702224731, 163.096954346, 163.468475342, 163.851608276, 164.223129272, 164.594650269, 164.977767944, 165.360900879, 165.744033813, 166.11555481, 166.487075806, 166.858596802, 167.230117798, 167.601623535, 167.973144531, 168.356277466, 168.7394104, 169.122543335, 169.482452393, 169.85395813, 170.225479126, 170.608612061, 170.980133057, 171.340042114, 171.699951172, 172.059860229, 172.408157349, 172.779678345, 173.151199341, 173.522720337, 173.894241333, 174.265762329, 174.648880005, 175.032012939, 175.415145874, 175.78666687, 176.158187866, 176.518096924, 176.866394043, 177.226303101, 177.586212158, 177.957733154, 178.32925415, 178.689163208, 179.049072266, 179.408981323, 179.757278442, 180.1171875, 180.465484619, 180.825393677, 181.173690796, 181.521987915, 181.870285034, 182.218597412, 182.57850647, 182.961624146, 183.34475708, 183.727890015, 184.111022949, 184.482528687, 184.854049683, 185.21395874, 185.573867798, 185.957000732, 186.340133667, 186.73487854, 187.117996216, 187.594009399, 188.070022583, 188.534423828, 189.056869507, 189.579315186, 190.090148926, 190.682266235, 191.274368286, 191.866485596, 192.458587646, 193.050704956, 193.642807007, 194.246520996, 194.850250244, 195.442352295, 196.034469604, 196.626571655], "danceability": 0.918180465698, "bpm_histogram_second_peak_spread": {"dvar": 0, "var": 0, "median": 0.425000011921, "max": 0.425000011921, "dmean": 0, "dmean2": 0, "mean": 0.425000011921, "dvar2": 0, "min": 0.425000011921}}, "lowlevel": {"spectral_flux": {"dvar": 0.000370773574105, "var": 0.00121570145711, "median": 0.0323253944516, "max": 0.356087058783, "dmean": 0.0148189822212, "dmean2": 0.0236165896058, "mean": 0.0420620366931, "dvar2": 0.000914848060347, "min": 1.06133934974e-10}, "spectral_rolloff": {"dvar": 763871.625, "var": 1585007.75, "median": 516.796875, "max": 18690.8203125, "dmean": 203.377410889, "dmean2": 350.312713623, "mean": 804.229187012, "dvar2": 1588633.875, "min": 107.666015625}, "barkbands_flatness_db": {"dvar": 0.000339727208484, "var": 0.00293855275959, "median": 0.257404059172, "max": 0.441753447056, "dmean": 0.0178077854216, "dmean2": 0.0266952179372, "mean": 0.258940160275, "dvar2": 0.000678028562106, "min": 0.0528551712632}, "spectral_centroid": {"dvar": 30412.0742188, "var": 162124.46875, "median": 490.639953613, "max": 10983.3232422, "dmean": 83.3425598145, "dmean2": 119.935348511, "mean": 596.748413086, "dvar2": 52053.0351563, "min": 110.097396851}, "melbands_skewness": {"dvar": 0.335252940655, "var": 2.16688513756, "median": 1.9089615345, "max": 16.2588424683, "dmean": 0.4820535779, "dmean2": 0.730094313622, "mean": 2.16718816757, "dvar2": 0.746430754662, "min": -1.60542547703}, "melbands": {"dvar": [6.01372107667e-08, 5.77433240778e-07, 3.82646092589e-08, 1.98600915269e-07, 2.52874627904e-07, 3.52297433892e-07, 3.5116380559e-07, 3.14252446287e-07, 7.99450035061e-08, 4.31840341264e-08, 1.15017691371e-07, 6.54354304075e-09, 2.51717580113e-09, 6.11431305586e-09, 8.50416714826e-09, 3.40850525582e-09, 4.78645709734e-08, 1.14992353417e-08, 4.27055812935e-09, 4.237268314e-09, 1.51409981775e-10, 5.3229684549e-11, 3.91370269526e-11, 1.77821507519e-10, 1.76293535326e-10, 1.05891580227e-11, 2.90159406918e-11, 2.44569833135e-11, 4.23284942253e-13, 3.09693948004e-14, 3.78034632949e-14, 9.69415994419e-14, 4.67481922042e-14, 1.34667640537e-13, 3.77940517424e-13, 6.62454628913e-13, 1.12498248564e-12, 1.94770523494e-12, 2.0208047475e-12, 1.43339918927e-12], "var": [2.13386115888e-07, 2.22385438065e-06, 2.98899948348e-07, 6.20459161382e-07, 9.73300302576e-07, 9.19248805076e-07, 1.36241305881e-06, 9.81424022939e-07, 2.47810078235e-07, 1.72766164042e-07, 7.36289962333e-07, 3.61840051255e-08, 2.10689492519e-08, 4.33062368188e-08, 2.51787621863e-08, 1.94823090993e-08, 2.11569457065e-07, 4.87387730175e-08, 1.2987184661e-08, 9.02403218817e-09, 6.14732098558e-10, 1.82829654194e-10, 1.8776646904e-10, 6.43512299003e-10, 1.00657060464e-09, 5.65305371958e-11, 1.80991610588e-10, 1.35472466578e-10, 7.57208477777e-13, 7.93813596128e-14, 8.55681831272e-14, 1.37059051717e-13, 8.39409311916e-14, 2.24872922475e-13, 5.87181562053e-13, 1.13380236189e-12, 2.03351376536e-12, 3.45881851806e-12, 3.77732524079e-12, 2.45540176733e-12], "median": [2.06742297451e-05, 0.000220226487727, 0.000123243720736, 0.000218354325625, 0.000262896268396, 0.000225067793508, 0.000158661598107, 4.69311162306e-05, 4.85786949866e-05, 1.75732329808e-05, 1.77084802999e-05, 1.23601921587e-05, 8.04795490694e-06, 7.63537445891e-06, 3.27163229485e-06, 3.20746403304e-06, 3.69016674995e-06, 1.60654974479e-06, 1.3816977571e-06, 8.5958646423e-07, 4.61402350993e-07, 4.00954093038e-07, 2.34322854453e-07, 3.85326075047e-07, 2.07327133239e-07, 9.26818444213e-08, 1.14950410079e-07, 1.13557170778e-07, 3.19247988045e-08, 4.90991514113e-09, 2.44811104722e-09, 1.70062874894e-09, 1.4971790474e-09, 1.67876423873e-09, 2.28373364664e-09, 3.50173001706e-09, 4.60682914039e-09, 4.52226656122e-09, 2.20927720562e-09, 1.09559872286e-09], "max": [0.00780549505726, 0.0230666622519, 0.00528253754601, 0.0108458185568, 0.0152972014621, 0.012179854326, 0.0218845382333, 0.0250590983778, 0.0107358340174, 0.0117144212127, 0.0203210618347, 0.00334446597844, 0.00316205667332, 0.0062883454375, 0.00482282228768, 0.00318181095645, 0.0130521738902, 0.00712290778756, 0.00307807978243, 0.00260478188284, 0.000696468516253, 0.000301314925309, 0.000256820145296, 0.000553542457055, 0.000588725961279, 0.000117589377624, 0.000219704175834, 0.000263653055299, 1.97276986e-05, 8.90458977665e-06, 9.59570752457e-06, 1.48216377056e-05, 8.39355107018e-06, 1.29826803459e-05, 2.42566329689e-05, 3.65199448424e-05, 3.7669120502e-05, 5.05861062265e-05, 4.61277741124e-05, 6.11286304775e-05], "dmean": [7.26787839085e-05, 0.000282598834019, 9.4875904324e-05, 0.000229928351473, 0.000238064007135, 0.000243839327595, 0.000240931462031, 0.000151899832417, 6.99600859662e-05, 3.75841191271e-05, 7.45362049202e-05, 2.81179600279e-05, 1.4467692381e-05, 1.49653305925e-05, 1.37186889333e-05, 1.24373145809e-05, 3.31161354552e-05, 1.41152868309e-05, 1.06916386358e-05, 8.6879108494e-06, 1.84386681212e-06, 1.64284267612e-06, 1.38767074986e-06, 2.44000329985e-06, 2.61660238721e-06, 7.73797239617e-07, 1.1901651078e-06, 1.10748226234e-06, 1.37519720056e-07, 2.58863810387e-08, 2.59616630416e-08, 3.98870163565e-08, 3.33129257513e-08, 5.66192071005e-08, 9.51600114263e-08, 1.30076003302e-07, 1.66339276575e-07, 2.13029650808e-07, 2.12251691778e-07, 1.41088179362e-07], "dmean2": [0.000118108546303, 0.000417343340814, 0.000150262130774, 0.000382471218472, 0.000345546839526, 0.000378878699848, 0.000338601937983, 0.000210617989069, 9.76651572273e-05, 5.0749284128e-05, 9.71335175564e-05, 3.84265331377e-05, 1.84584205272e-05, 1.88397589227e-05, 1.91706021724e-05, 1.7518950699e-05, 4.48734281235e-05, 1.91636736417e-05, 1.51274034579e-05, 1.23411045934e-05, 2.6291688755e-06, 2.33963237406e-06, 2.02361115953e-06, 3.52622760147e-06, 3.41157010553e-06, 1.07306152586e-06, 1.59821649959e-06, 1.56370867899e-06, 2.08158581927e-07, 3.83893343781e-08, 3.90581433862e-08, 6.03459255899e-08, 4.91432707861e-08, 8.76916814718e-08, 1.45297590848e-07, 1.99343602958e-07, 2.49994315027e-07, 3.20922936226e-07, 3.03801158452e-07, 2.11495532199e-07], "mean": [0.000160242634593, 0.000700979901012, 0.000329886417603, 0.000506143143866, 0.000601949170232, 0.000608138099778, 0.000624705397058, 0.000370724184904, 0.000174512795638, 9.06124914763e-05, 0.000201392060262, 6.58405842842e-05, 4.04123929911e-05, 4.35951187683e-05, 3.11478179356e-05, 2.901674452e-05, 7.56657100283e-05, 2.84424277197e-05, 1.94985022972e-05, 1.50486348502e-05, 4.19145999331e-06, 3.51944981958e-06, 3.22606501868e-06, 5.31270688953e-06, 6.3926763687e-06, 1.8814799887e-06, 3.15982833854e-06, 2.66970323537e-06, 2.19353609054e-07, 4.2083225793e-08, 3.70697854635e-08, 4.9107946154e-08, 4.44640306796e-08, 7.17762489444e-08, 1.16891435198e-07, 1.65043772427e-07, 2.1728487809e-07, 2.78647235064e-07, 2.89373247142e-07, 1.7716199352e-07], "dvar2": [1.58102537284e-07, 1.3255560134e-06, 9.68383702116e-08, 5.36805089268e-07, 5.34148000497e-07, 9.98196128421e-07, 7.0976261668e-07, 6.61530179968e-07, 1.67813212215e-07, 7.83252644965e-08, 1.73528732716e-07, 1.16918270621e-08, 3.17574766484e-09, 7.6026482887e-09, 1.53161590077e-08, 5.66820101966e-09, 7.86537128761e-08, 1.99001792822e-08, 8.05055844211e-09, 9.07769859282e-09, 2.92684765313e-10, 1.01674557662e-10, 8.05266270332e-11, 3.53933937713e-10, 2.78060713343e-10, 1.98876904528e-11, 5.01258236307e-11, 4.28877558467e-11, 9.72700218982e-13, 5.87132949138e-14, 7.80239452691e-14, 2.36237082413e-13, 9.99393710149e-14, 2.9941394958e-13, 8.49442911843e-13, 1.45845976355e-12, 2.35213281144e-12, 4.16019909494e-12, 4.09659242293e-12, 3.13104620356e-12], "min": [2.05386208118e-24, 6.16250723866e-24, 9.56114721029e-24, 2.41899778965e-24, 1.85647953748e-23, 1.2414153393e-23, 1.75413729903e-23, 3.42518261674e-23, 2.22343049378e-23, 1.54054831801e-23, 4.87088121829e-24, 4.4583606074e-24, 7.67422269058e-24, 7.39096956079e-24, 9.05957682498e-24, 2.521302005e-23, 2.22030928672e-23, 9.69810214091e-24, 1.39135626148e-23, 1.12395213614e-23, 5.12623312672e-24, 9.81426743123e-24, 1.05002798071e-23, 1.25213524903e-23, 1.78419936818e-23, 7.10703564403e-24, 6.10370357463e-24, 8.75719618482e-24, 1.44670716021e-23, 1.35605489375e-23, 1.14722187623e-23, 1.36711283037e-23, 1.66282617594e-23, 9.13573424563e-24, 1.52000574894e-23, 1.16314882014e-23, 9.06267152631e-24, 8.14199038611e-24, 9.59550131386e-24, 1.8815719407e-23]}, "spectral_decrease": {"dvar": 2.92030035484e-18, "var": 2.18513936682e-17, "median": -2.72763900355e-09, "max": 1.61277372719e-17, "dmean": 1.02295716342e-09, "dmean2": 1.42989708962e-09, "mean": -4.24848467517e-09, "dvar2": 5.72405633805e-18, "min": -5.36126520956e-08}, "barkbands_kurtosis": {"dvar": 30.2144870758, "var": 486.701660156, "median": 4.68450307846, "max": 266.034301758, "dmean": 3.14607906342, "dmean2": 4.9228143692, "mean": 9.14211368561, "dvar2": 76.0173492432, "min": -1.93390309811}, "silence_rate_30dB": {"dvar": 0.00211371085607, "var": 0.00304994382896, "median": 1, "max": 1, "dmean": 0.0021181453485, "dmean2": 0.00423678942025, "mean": 0.996940791607, "dvar2": 0.00492515740916, "min": 0}, "gfcc": {"mean": [-135.666244507, 165.643127441, -107.227882385, -12.7542505264, -48.1542243958, -10.8970451355, -43.6854972839, 0.908081293106, -28.1835269928, -5.26359319687, -0.492483884096, -14.8325576782, -6.97562980652], "cov": [[8827.86523438, -543.788269043, -2383.84057617, 14.5720300674, -644.64465332, -273.046325684, -477.749938965, 326.343261719, -162.07913208, -95.4683456421, 545.587097168, -381.054534912, 194.363677979], [-543.788269043, 1929.25366211, 44.2545700073, -342.135101318, 661.605407715, -307.606170654, 340.312591553, -243.519851685, 85.1063079834, -111.310783386, -38.2236824036, -5.98958539963, 17.4221553802], [-2383.84057617, 44.2545700073, 1559.57849121, 134.83454895, 10.0455379486, 430.379486084, 69.9207000732, -102.341346741, 41.4697341919, 33.0471343994, -234.615814209, 148.528915405, -64.9155578613], [14.5720300674, -342.135101318, 134.83454895, 461.185302734, 5.55857563019, 31.5790958405, 24.3863735199, 81.6697463989, 48.4672164917, 4.42634153366, -19.4956932068, 35.2120323181, -1.83790898323], [-644.64465332, 661.605407715, 10.0455379486, 5.55857563019, 537.567016602, -139.11605835, 168.652511597, -24.9604625702, 81.3255462646, -20.8455123901, -63.0479164124, 58.3306007385, -15.1139068604], [-273.046325684, -307.606170654, 430.379486084, 31.5790958405, -139.11605835, 369.187408447, -24.5752162933, -16.0746326447, -17.363702774, 41.0465698242, -37.0449409485, 23.7072734833, -35.5297317505], [-477.749938965, 340.312591553, 69.9207000732, 24.3863735199, 168.652511597, -24.5752162933, 254.548568726, -30.2495155334, 31.5519275665, 18.9018592834, -10.1189174652, 12.2315702438, -22.7071704865], [326.343261719, -243.519851685, -102.341346741, 81.6697463989, -24.9604625702, -16.0746326447, -30.2495155334, 207.021957397, 18.5747470856, 13.1252393723, 49.0984191895, -23.1113300323, 11.0227775574], [-162.07913208, 85.1063079834, 41.4697341919, 48.4672164917, 81.3255462646, -17.363702774, 31.5519275665, 18.5747470856, 136.355316162, 13.1857566833, -24.4010238647, 48.0853233337, -12.0934991837], [-95.4683456421, -111.310783386, 33.0471343994, 4.42634153366, -20.8455123901, 41.0465698242, 18.9018592834, 13.1252393723, 13.1857566833, 94.5994338989, 21.2950115204, 3.38318228722, -9.23740577698], [545.587097168, -38.2236824036, -234.615814209, -19.4956932068, -63.0479164124, -37.0449409485, -10.1189174652, 49.0984191895, -24.4010238647, 21.2950115204, 175.611328125, -59.1350669861, 21.8424854279], [-381.054534912, -5.98958539963, 148.528915405, 35.2120323181, 58.3306007385, 23.7072734833, 12.2315702438, -23.1113300323, 48.0853233337, 3.38318228722, -59.1350669861, 154.015396118, -3.99994301796], [194.363677979, 17.4221553802, -64.9155578613, -1.83790898323, -15.1139068604, -35.5297317505, -22.7071704865, 11.0227775574, -12.0934991837, -9.23740577698, 21.8424854279, -3.99994301796, 99.4356155396]], "icov": [[0.000375325820642, -0.000590089068282, 0.000780554895755, -0.000592530763242, 0.00067960342858, -0.000763809599448, 0.000729373830836, -0.000549023156054, 0.000224165778491, -0.000185334065463, 3.29026715917e-06, -5.81387430429e-05, -6.68385619065e-05], [-0.000590089068282, 0.00355535116978, -0.00200662133284, 0.00273442012258, -0.00328688812442, 0.00258815102279, -0.00299291941337, 0.00292989518493, -0.00182663463056, 0.00293653900735, -0.00140439334791, 0.00145543250255, -0.000894351163879], [0.000780554895755, -0.00200662133284, 0.00313988700509, -0.00199032737873, 0.00198279740289, -0.00337720173411, 0.00176093180198, -0.00150232843589, 0.000864625850227, -0.00124754663557, 0.00157008133829, -0.000953111913987, 0.000108264743176], [-0.000592530763242, 0.00273442012258, -0.00199032737873, 0.00472620874643, -0.00239384151064, 0.00216327258386, -0.00281059695408, 0.00110088812653, -0.00195812876336, 0.00240318849683, -0.000824220187496, 0.000665327999741, -0.000694744754583], [0.00067960342858, -0.00328688812442, 0.00198279740289, -0.00239384151064, 0.0061203641817, -0.00143720954657, 0.00112992688082, -0.00286252563819, 0.000662958307657, -0.00199175090529, 0.00192314106971, -0.00182903278619, 0.000889371789526], [-0.000763809599448, 0.00258815102279, -0.00337720173411, 0.00216327258386, -0.00143720954657, 0.00730351032689, -0.00222156965174, 0.00211121886969, -0.000656739808619, 0.000385389488656, -0.00101875443943, 0.000710994878318, 0.000732889166102], [0.000729373830836, -0.00299291941337, 0.00176093180198, -0.00281059695408, 0.00112992688082, -0.00222156965174, 0.00819508638233, -0.00160682364367, 0.00125976256095, -0.00354612688534, 0.000235694256844, -0.000534607854206, 0.00137437344529], [-0.000549023156054, 0.00292989518493, -0.00150232843589, 0.00110088812653, -0.00286252563819, 0.00211121886969, -0.00160682364367, 0.00850779563189, -0.00258806487545, 0.00169680372346, -0.00238763331436, 0.00194557954092, -0.000945793814026], [0.000224165778491, -0.00182663463056, 0.000864625850227, -0.00195812876336, 0.000662958307657, -0.000656739808619, 0.00125976256095, -0.00258806487545, 0.0105558456853, -0.00310896825977, 0.00131990469526, -0.00322450324893, 0.00142617837992], [-0.000185334065463, 0.00293653900735, -0.00124754663557, 0.00240318849683, -0.00199175090529, 0.000385389488656, -0.00354612688534, 0.00169680372346, -0.00310896825977, 0.0151847908273, -0.00345400627702, 0.000844756548759, -0.000259972119238], [3.29026715917e-06, -0.00140439334791, 0.00157008133829, -0.000824220187496, 0.00192314106971, -0.00101875443943, 0.000235694256844, -0.00238763331436, 0.00131990469526, -0.00345400627702, 0.00957014225423, 0.000998701667413, -0.000726182537619], [-5.81387430429e-05, 0.00145543250255, -0.000953111913987, 0.000665327999741, -0.00182903278619, 0.000710994878318, -0.000534607854206, 0.00194557954092, -0.00322450324893, 0.000844756548759, 0.000998701667413, 0.00942907016724, -0.00126678694505], [-6.68385619065e-05, -0.000894351163879, 0.000108264743176, -0.000694744754583, 0.000889371789526, 0.000732889166102, 0.00137437344529, -0.000945793814026, 0.00142617837992, -0.000259972119238, -0.000726182537619, -0.00126678694505, 0.0114755555987]]}, "silence_rate_20dB": {"dvar": 0, "var": 0, "median": 1, "max": 1, "dmean": 0, "dmean2": 0, "mean": 1, "dvar2": 0, "min": 1}, "barkbands_skewness": {"dvar": 0.24415192008, "var": 1.79500496387, "median": 1.62203478813, "max": 11.5090417862, "dmean": 0.43731495738, "dmean2": 0.667838990688, "mean": 1.8093098402, "dvar2": 0.578385055065, "min": -2.45882630348}, "erbbands_skewness": {"dvar": 0.136080861092, "var": 0.767426550388, "median": 0.92728728056, "max": 5.84358263016, "dmean": 0.335286527872, "dmean2": 0.498130023479, "mean": 1.00427007675, "dvar2": 0.295699477196, "min": -2.75935912132}, "spectral_contrast_valleys": {"dvar": [0.13897100091, 0.081405185163, 0.0882980898023, 0.0800712034106, 0.0716932713985, 0.12986113131], "var": [1.0837315321, 1.01380383968, 1.0223236084, 0.999725818634, 1.01621711254, 1.22386419773], "median": [-8.45725345612, -7.27178287506, -8.4070930481, -9.32211875916, -9.76837825775, -12.6323661804], "max": [-5.6042881012, -5.18931436539, -6.09003686905, -6.72366142273, -6.65126037598, -8.05649280548], "dmean": [0.400426745415, 0.268259614706, 0.261812567711, 0.241541922092, 0.212475970387, 0.225541502237], "dmean2": [0.658835411072, 0.42338180542, 0.416021287441, 0.387990504503, 0.321282863617, 0.317978173494], "mean": [-8.4729385376, -7.33541822433, -8.50071620941, -9.43665981293, -9.88261032104, -12.5326366425], "dvar2": [0.319646805525, 0.153798788786, 0.165300741792, 0.152773961425, 0.122097954154, 0.189570099115], "min": [-26.8342399597, -26.7575092316, -27.2894458771, -27.0587558746, -27.3653392792, -27.2209243774]}, "spectral_strongpeak": {"dvar": 0.633352339268, "var": 2.29662442207, "median": 0.611524581909, "max": 21.4839477539, "dmean": 0.37616750598, "dmean2": 0.596676290035, "mean": 1.07614302635, "dvar2": 1.43255519867, "min": 0}, "erbbands_crest": {"dvar": 5.85026931763, "var": 27.4030857086, "median": 11.2962274551, "max": 32.303401947, "dmean": 2.36487722397, "dmean2": 3.67209911346, "mean": 12.619222641, "dvar2": 13.5502738953, "min": 2.43367981911}, "barkbands_crest": {"dvar": 4.22651958466, "var": 14.6834354401, "median": 10.7864208221, "max": 25.7799777985, "dmean": 2.08729887009, "dmean2": 3.31974434853, "mean": 11.4837360382, "dvar2": 10.923456192, "min": 3.31359267235}, "spectral_energyband_middle_low": {"dvar": 3.08485687128e-05, "var": 0.000160893410794, "median": 0.00768946716562, "max": 0.17939247191, "dmean": 0.00332474289462, "dmean2": 0.00481714121997, "mean": 0.0118465432897, "dvar2": 6.6873326432e-05, "min": 5.04984423851e-22}, "spectral_contrast_coeffs": {"dvar": [0.00129627634306, 0.00104496220592, 0.000757996982429, 0.000631652364973, 0.000403057812946, 0.000145722966408], "var": [0.00578461075202, 0.00736424606293, 0.00624103145674, 0.00562579696998, 0.00529313273728, 0.00117025175132], "median": [-0.556575000286, -0.646725535393, -0.709005832672, -0.729175508022, -0.763255655766, -0.844120204449], "max": [-0.323378622532, -0.358681589365, -0.356514424086, -0.403233587742, -0.504131197929, -0.674773812294], "dmean": [0.0427213199437, 0.0351546108723, 0.0301475785673, 0.0272250585258, 0.0203713811934, 0.0124252177775], "dmean2": [0.0721409395337, 0.0546868517995, 0.0469283126295, 0.0426209978759, 0.0308019444346, 0.0197037626058], "mean": [-0.558934211731, -0.644598245621, -0.704947888851, -0.722208559513, -0.761643886566, -0.840455949306], "dvar2": [0.00365883274935, 0.0023900186643, 0.00169171812013, 0.00136112503242, 0.000790076446719, 0.000326537759975], "min": [-0.971976101398, -0.972075402737, -0.962246179581, -0.967044353485, -0.95478874445, -0.961840808392]}, "hfc": {"dvar": 30.7539691925, "var": 298.688842773, "median": 4.31339597702, "max": 272.790130615, "dmean": 2.43600440025, "dmean2": 3.2221391201, "mean": 9.8730840683, "dvar2": 50.5857849121, "min": 1.20210412949e-16}, "spectral_energyband_high": {"dvar": 5.3692815527e-08, "var": 1.19513472896e-07, "median": 3.97808207708e-06, "max": 0.00903611350805, "dmean": 4.63591168227e-05, "dmean2": 6.66685518809e-05, "mean": 6.84024125803e-05, "dvar2": 1.02573828542e-07, "min": 8.0275156184e-21}, "erbbands_spread": {"dvar": 110.154556274, "var": 339.604187012, "median": 16.1944236755, "max": 175.035354614, "dmean": 4.58014059067, "dmean2": 6.80815410614, "mean": 20.7996635437, "dvar2": 215.550048828, "min": 1.81391811371}, "dissonance": {"dvar": 0.000762773153838, "var": 0.00217760005035, "median": 0.406418979168, "max": 0.499951183796, "dmean": 0.0303002987057, "dmean2": 0.0504706315696, "mean": 0.40171995759, "dvar2": 0.00205047801137, "min": 0.169147223234}, "spectral_kurtosis": {"dvar": 102.17137146, "var": 464.051727295, "median": 19.9494247437, "max": 162.904571533, "dmean": 8.99306869507, "dmean2": 15.2609243393, "mean": 26.1752586365, "dvar2": 282.187164307, "min": -1.59339272976}, "spectral_skewness": {"dvar": 0.364269882441, "var": 2.25428843498, "median": 3.35407042503, "max": 10.7479000092, "dmean": 0.627275586128, "dmean2": 1.03779447079, "mean": 3.56585741043, "dvar2": 0.965323925018, "min": -0.243158474565}, "pitch_salience": {"dvar": 0.00259637041017, "var": 0.0142832407728, "median": 0.520353734493, "max": 0.944687485695, "dmean": 0.0510756522417, "dmean2": 0.0798132568598, "mean": 0.509864449501, "dvar2": 0.00626000342891, "min": 0.0560455136001}, "spectral_complexity": {"dvar": 1.66179811954, "var": 18.1311988831, "median": 9, "max": 29, "dmean": 1.16992235184, "dmean2": 1.86159825325, "mean": 9.19037532806, "dvar2": 3.29070019722, "min": 0}, "spectral_spread": {"dvar": 1373825531900.0, "var": 5475576315900.0, "median": 2121886, "max": 40201616, "dmean": 478233.28125, "dmean2": 694066.125, "mean": 2610598, "dvar2": 2048063569920.0, "min": 470557.4375}, "dynamic_complexity": 4.95036315918, "melbands_crest": {"dvar": 6.38934612274, "var": 31.1509552002, "median": 14.464006424, "max": 33.4444656372, "dmean": 2.56570672989, "dmean2": 4.07818126678, "mean": 15.6798248291, "dvar2": 16.5833816528, "min": 2.13056015968}, "zerocrossingrate": {"dvar": 0.00018450904463, "var": 0.00108002952766, "median": 0.0224609375, "max": 0.55126953125, "dmean": 0.00526617467403, "dmean2": 0.00615618238226, "mean": 0.0301874317229, "dvar2": 0.000190336126252, "min": 0.00390625}, "spectral_energyband_low": {"dvar": 6.17434943706e-06, "var": 2.61304339801e-05, "median": 0.000929767440539, "max": 0.0764530152082, "dmean": 0.000960737292189, "dmean2": 0.00144223123789, "mean": 0.00266143144108, "dvar2": 1.46007132571e-05, "min": 4.14140804971e-23}, "melbands_kurtosis": {"dvar": 79.4756698608, "var": 855.968505859, "median": 7.0540356636, "max": 519.634155273, "dmean": 4.5285487175, "dmean2": 6.94182109833, "mean": 13.2117395401, "dvar2": 181.85307312, "min": -1.60556554794}, "spectral_energyband_middle_high": {"dvar": 9.75854345597e-06, "var": 8.25524402899e-05, "median": 0.000611443596426, "max": 0.167574927211, "dmean": 0.000899930717424, "dmean2": 0.0011408807477, "mean": 0.0031331256032, "dvar2": 1.45568865264e-05, "min": 1.61341214971e-21}, "barkbands_spread": {"dvar": 38.8476257324, "var": 102.811264038, "median": 5.73101758957, "max": 101.513580322, "dmean": 2.38002443314, "dmean2": 3.50615310669, "mean": 8.24931716919, "dvar2": 72.9956970215, "min": 0.358585357666}, "mfcc": {"mean": [-784.4375, 203.348144531, 2.16559553146, 2.35019159317, 9.68588829041, -17.9149951935, 2.49333167076, -11.1312236786, -16.8482112885, 4.82146644592, -9.51479244232, -2.46291399002, -0.965934514999], "cov": [[7187.71875, -203.083511353, -1740.51452637, -184.826187134, -53.9548950195, -1121.14794922, 62.3647346497, -189.998580933, -475.568267822, 370.244110107, -199.678466797, -109.390983582, 45.1420936584], [-203.083511353, 1934.05554199, -314.559417725, 20.6365261078, 25.6530475616, 82.9251022339, 44.5393867493, -2.69138979912, 64.9304733276, -105.51222229, 18.1709308624, 48.6454048157, -17.5357055664], [-1740.51452637, -314.559417725, 1343.08996582, -109.260032654, 1.72952771187, 498.339202881, -21.8789100647, 77.8138198853, 144.89491272, -91.1748886108, 43.3343658447, 40.2520904541, -66.1327896118], [-184.826187134, 20.6365261078, -109.260032654, 435.253662109, 95.5227584839, 9.42705154419, 22.4645442963, 80.6505737305, 77.5423812866, 18.7808036804, 3.30969667435, 58.1322937012, 32.5373306274], [-53.9548950195, 25.6530475616, 1.72952771187, 95.5227584839, 246.262008667, 23.1940670013, -16.621099472, 71.2758483887, 59.5410232544, -5.70885181427, 14.9852752686, 1.92584049702, 18.2072353363], [-1121.14794922, 82.9251022339, 498.339202881, 9.42705154419, 23.1940670013, 469.695892334, -10.2977581024, 69.6428985596, 126.451667786, -104.744239807, 63.3339080811, 43.9908943176, -25.7644138336], [62.3647346497, 44.5393867493, -21.8789100647, 22.4645442963, -16.621099472, -10.2977581024, 204.725967407, -6.36625051498, -28.5122051239, 67.7854156494, 25.5759029388, 0.301455914974, 0.272190093994], [-189.998580933, -2.69138979912, 77.8138198853, 80.6505737305, 71.2758483887, 69.6428985596, -6.36625051498, 152.151046753, 65.3181152344, -23.7866439819, 41.4654273987, 27.7449874878, 13.7485189438], [-475.568267822, 64.9304733276, 144.89491272, 77.5423812866, 59.5410232544, 126.451667786, -28.5122051239, 65.3181152344, 179.935440063, -49.7104949951, 30.4097557068, 22.8818035126, 1.11194598675], [370.244110107, -105.51222229, -91.1748886108, 18.7808036804