{"metadata": {"audio_properties": {"downmix": "mix", "bit_rate": 256000, "lossless": false, "md5_encoded": "a9798b6dc52eb0eb5e04b8f4190e6776", "analysis_sample_rate": 44100, "sample_rate": 44100, "replay_gain": -4.73271179199, "equal_loudness": 0, "codec": "mp3", "length": 233.482452393}, "tags": {"album": ["Zen Peace"], "artist": ["Aeoliah"], "musicbrainz_recordingid": ["a1a00ed1-3a20-4fef-ba5c-015b3ac46774"], "albumartist": ["Aeoliah"], "title": ["Inner Chamber"], "genre": ["Newage"], "tracknumber": ["5"], "date": ["2001"], "file_name": "317722.mp3"}, "version": {"essentia_build_sha": "70f2e5ece6736b2c40cc944ad0e695b16b925413", "essentia_git_sha": "v2.1_beta2", "extractor": "music 1.0", "essentia": "2.1-beta2"}}, "tonal": {"chords_scale": "major", "hpcp": {"dmean": [0.077500231564, 0.0556324385107, 0.0519383437932, 0.0524883940816, 0.0522586256266, 0.0463978759944, 0.0439951568842, 0.0648687258363, 0.104832991958, 0.110352069139, 0.0993700921535, 0.0648443698883, 0.0389182530344, 0.0375039242208, 0.0590056143701, 0.0666251778603, 0.0444061607122, 0.0293198246509, 0.0290375240147, 0.0325545221567, 0.042089227587, 0.0409650094807, 0.0377421416342, 0.0630531609058, 0.0608546473086, 0.0431899800897, 0.0355787202716, 0.0380080789328, 0.0649232417345, 0.100623086095, 0.0967022031546, 0.0752723738551, 0.0439725220203, 0.0325845889747, 0.0427764132619, 0.074389629066], "dvar2": [0.0644792094827, 0.0364090465009, 0.0478498786688, 0.058822195977, 0.0513440854847, 0.0565211027861, 0.0476570278406, 0.0541068352759, 0.0686813667417, 0.077718436718, 0.0658520311117, 0.0415729954839, 0.0277781356126, 0.0173037741333, 0.0341688804328, 0.0507257096469, 0.0227171890438, 0.0228618904948, 0.0271941646934, 0.0220954846591, 0.0268276520073, 0.0262422785163, 0.0169564113021, 0.0444063618779, 0.0409505516291, 0.022508263588, 0.0262239705771, 0.0277545135468, 0.0404078401625, 0.067305110395, 0.0685733929276, 0.051845729351, 0.0398069061339, 0.032036319375, 0.0318630859256, 0.0516338646412], "mean": [0.209656208754, 0.0901944860816, 0.0832650661469, 0.119159124792, 0.0701984614134, 0.06463496387, 0.0780155733228, 0.0770755931735, 0.218478262424, 0.315900832415, 0.200563400984, 0.108837708831, 0.0917704924941, 0.0622975416481, 0.110408917069, 0.143887266517, 0.0669828951359, 0.0522539019585, 0.0649660304189, 0.0404608473182, 0.0607871264219, 0.0695200115442, 0.0485329478979, 0.113768778741, 0.132429212332, 0.0675926879048, 0.0791333466768, 0.0876317918301, 0.0817672684789, 0.198552116752, 0.240278691053, 0.114068053663, 0.05986174196, 0.0631438195705, 0.0551289580762, 0.163245528936], "var": [0.117717958987, 0.0230811685324, 0.0379481092095, 0.0767720937729, 0.0259471721947, 0.0348606333137, 0.0494700223207, 0.0247409697622, 0.0875089988112, 0.14271825552, 0.0757451951504, 0.0408154092729, 0.055108319968, 0.0211999639869, 0.0442009903491, 0.0757277682424, 0.0168330427259, 0.0286088585854, 0.0442138314247, 0.011369779706, 0.0204990450293, 0.0300262328237, 0.00882276706398, 0.0509704835713, 0.0680472329259, 0.0180701389909, 0.0453204028308, 0.0533462427557, 0.0206030476838, 0.0828473865986, 0.115148968995, 0.0374996848404, 0.0266397036612, 0.0398122034967, 0.0186517406255, 0.0724756643176], "dmean2": [0.132238656282, 0.0942292362452, 0.0910079851747, 0.0917917788029, 0.0928407609463, 0.0825710594654, 0.0792317613959, 0.112107545137, 0.17604213953, 0.185497477651, 0.166354984045, 0.107410751283, 0.0667375698686, 0.0633881762624, 0.0989751070738, 0.113149940968, 0.0757145509124, 0.0505204498768, 0.0516843609512, 0.0560591109097, 0.0716662034392, 0.0686400979757, 0.0650248229504, 0.107090510428, 0.102636739612, 0.0736554190516, 0.0604010000825, 0.0652836412191, 0.111766129732, 0.16961158812, 0.16293682158, 0.126967132092, 0.0771856606007, 0.0579079687595, 0.073633171618, 0.125573411584], "dvar": [0.0254178475589, 0.0130114117637, 0.0170599445701, 0.0212771389633, 0.0180152058601, 0.01918723993, 0.016657371074, 0.0197500288486, 0.0258413292468, 0.0305303819478, 0.0246519334614, 0.0157793685794, 0.0106828240678, 0.00658070808277, 0.0134315444157, 0.0197779238224, 0.00819298624992, 0.008285632357, 0.00986556522548, 0.00773866102099, 0.00968967378139, 0.00973976869136, 0.00589161971584, 0.0163517761976, 0.0159813668579, 0.00776439812034, 0.00967635307461, 0.0105936666951, 0.0140452757478, 0.0248798076063, 0.0267898514867, 0.0186308454722, 0.0136795388535, 0.0111731272191, 0.0111415227875, 0.0193261746317], "min": [0, 0, 0, 0, 0, 0, 0, 0, 0, 0, 0, 0, 0, 0, 0, 0, 0, 0, 0, 0, 0, 0, 0, 0, 0, 0, 0, 0, 0, 0, 0, 0, 0, 0, 0, 0], "median": [0.0218243617564, 0.017413077876, 0.00264714518562, 0.00182363577187, 0.00385469407775, 0.00320980744436, 0.00252535822801, 0.0120035698637, 0.0581073202193, 0.107596993446, 0.0615202300251, 0.00699956528842, 0.00218066922389, 0.00617148214951, 0.0128656299785, 0.0116942273453, 0.00815183948725, 0.00231341156177, 0.0019973681774, 0.00476338574663, 0.00933449994773, 0.00945755280554, 0.0126366093755, 0.0118364933878, 0.0134084513411, 0.010732896626, 0.00183204957284, 0.0019233020721, 0.0166553258896, 0.0489617958665, 0.0559900477529, 0.0217461828142, 0.00314540136606, 0.00125159940217, 0.00682550715283, 0.0191076844931], "max": [1, 1, 1, 1, 1, 1, 1, 1, 1, 1, 1, 1, 1, 1, 1, 1, 1, 1, 1, 1, 1, 1, 1, 1, 1, 1, 1, 1, 1, 1, 1, 1, 1, 1, 1, 1]}, "tuning_equal_tempered_deviation": 0.11159593612, "chords_key": "C", "chords_strength": {"dmean": 0.00619559315965, "dvar2": 2.23282113438e-05, "mean": 0.566126585007, "var": 0.013687719591, "dmean2": 0.0050169499591, "dvar": 2.85771548079e-05, "min": 0.211839661002, "median": 0.581784904003, "max": 0.78282725811}, "tuning_diatonic_strength": 0.492094039917, "thpcp": [1, 0.634893536568, 0.344531238079, 0.290504127741, 0.197206005454, 0.349504977465, 0.455482393503, 0.212037727237, 0.16541236639, 0.205653235316, 0.128080844879, 0.192424714565, 0.220069095492, 0.153633490205, 0.360140800476, 0.419211357832, 0.21396805346, 0.250500589609, 0.277402848005, 0.258838415146, 0.628526747227, 0.760614275932, 0.3610881567, 0.189495354891, 0.199884936213, 0.174513489008, 0.516761958599, 0.663677275181, 0.285515189171, 0.263579756021, 0.377204209566, 0.222216770053, 0.20460523665, 0.246962234378, 0.243986666203, 0.691603958607], "chords_histogram": [22.1912899017, 0.357924044132, 5.07059049606, 0.298270046711, 8.59017658234, 1.74985086918, 6.89998006821, 0.994233429432, 0.994233429432, 0.0397693365812, 0.298270046711, 0, 6.363093853, 0.775502085686, 0.497116714716, 10.399682045, 0.457347393036, 7.89421367645, 0, 3.67866373062, 6.48240184784, 1.59077346325, 12.4478025436, 1.92881286144], "tuning_nontempered_energy_ratio": 0.746808290482, "tuning_frequency": 443.060424805, "key_strength": 0.688733518124, "chords_changes_rate": 0.0306223910302, "key_scale": "major", "hpcp_entropy": {"dmean": 0.562587976456, "dvar2": 0.626317679882, "mean": 1.44832444191, "var": 0.410175234079, "dmean2": 0.962073862553, "dvar": 0.22584964335, "min": 0, "median": 1.53977751732, "max": 4.30957984924}, "key_key": "C", "chords_number_rate": 0.00258500687778}, "lowlevel": {"melbands_skewness": {"dmean": 0.617457926273, "dvar2": 0.687986552715, "mean": 1.11346530914, "var": 0.987618744373, "dmean2": 0.950590491295, "dvar": 0.292275190353, "min": -2.94597029686, "median": 1.00392723083, "max": 7.089864254}, "melbands_kurtosis": {"dmean": 3.01308870316, "dvar2": 47.8072509766, "mean": 3.55359768867, "var": 32.9121665955, "dmean2": 4.85000085831, "dvar": 19.7288837433, "min": -1.7895822525, "median": 1.91817188263, "max": 77.2474517822}, "barkbands_kurtosis": {"dmean": 2.56293463707, "dvar2": 33.853351593, "mean": 2.9125521183, "var": 21.9353847504, "dmean2": 4.16612434387, "dvar": 13.8135099411, "min": -1.84291172028, "median": 1.6740026474, "max": 67.1034698486}, "hfc": {"dmean": 3.94862985611, "dvar2": 102.599739075, "mean": 11.3048171997, "var": 189.962097168, "dmean2": 6.03867483139, "dvar": 44.5283317566, "min": 1.10332579415e-16, "median": 6.61747074127, "max": 143.865447998}, "silence_rate_20dB": {"dmean": 0, "dvar2": 0, "mean": 1, "var": 0, "dmean2": 0, "dvar": 0, "min": 1, "median": 1, "max": 1}, "erbbands_flatness_db": {"dmean": 0.0204052161425, "dvar2": 0.000647965760436, "mean": 0.343356698751, "var": 0.00271794362925, "dmean2": 0.0309689678252, "dvar": 0.000271359574981, "min": 0.0332248136401, "median": 0.347134947777, "max": 0.528832793236}, "spectral_flux": {"dmean": 0.0160523056984, "dvar2": 0.000935170101002, "mean": 0.0510145351291, "var": 0.00112277222797, "dmean2": 0.0277328975499, "dvar": 0.000315338780638, "min": 1.00927100011e-10, "median": 0.0452362596989, "max": 0.280422210693}, "spectral_energyband_low": {"dmean": 0.000885632296558, "dvar2": 3.53462710336e-05, "mean": 0.00219843373634, "var": 6.93713445798e-05, "dmean2": 0.00139947223943, "dvar": 1.41288765008e-05, "min": 7.89514082051e-23, "median": 5.45061520825e-05, "max": 0.161409437656}, "spectral_rolloff": {"dmean": 117.405220032, "dvar2": 86838.546875, "mean": 825.918273926, "var": 154054.0625, "dmean2": 206.71635437, "dvar": 55996.0273438, "min": 86.1328125, "median": 818.26171875, "max": 18475.4882812}, "spectral_entropy": {"dmean": 0.157605335116, "dvar2": 0.0384717471898, "mean": 6.03813552856, "var": 0.288480579853, "dmean2": 0.235764846206, "dvar": 0.0173104144633, "min": 4.26764822006, "median": 6.12616443634, "max": 9.80696773529}, "spectral_energy": {"dmean": 0.00642014527693, "dvar2": 0.000210807877011, "mean": 0.0197040252388, "var": 0.000514565443154, "dmean2": 0.00948113854975, "dvar": 0.000102901336504, "min": 1.01862793026e-20, "median": 0.0126300221309, "max": 0.229883357882}, "spectral_centroid": {"dmean": 64.6432189941, "dvar2": 19273.7070312, "mean": 636.002685547, "var": 68300.3515625, "dmean2": 97.6262207031, "dvar": 15443.3837891, "min": 154.751037598, "median": 631.736694336, "max": 11775.0292969}, "barkbands_flatness_db": {"dmean": 0.0208283048123, "dvar2": 0.000680475030094, "mean": 0.305192351341, "var": 0.00358315417543, "dmean2": 0.0316743478179, "dvar": 0.000287626869977, "min": 0.0480518527329, "median": 0.297824203968, "max": 0.510263621807}, "spectral_rms": {"dmean": 0.000617799407337, "dvar2": 1.00535885394e-06, "mean": 0.00377690349706, "var": 4.95834365211e-06, "dmean2": 0.000916054763366, "dvar": 4.6124068831e-07, "min": 3.15243295877e-12, "median": 0.00351026677527, "max": 0.0149758616462}, "melbands": {"dmean": [7.45410579839e-05, 0.000223389797611, 0.000145774392877, 4.75840606668e-05, 5.074413275e-05, 0.000176177345566, 0.000349421723513, 0.000507158460096, 0.000247703923378, 0.000146829363075, 0.000170681640157, 0.000188044607057, 0.00013672982459, 7.17495859135e-05, 2.90259740723e-05, 1.31159440571e-05, 4.92694334753e-06, 3.51953326572e-06, 1.93714072338e-06, 3.05255002786e-06, 1.81453162895e-06, 9.65356548477e-07, 5.85276836773e-07, 2.60729137835e-07, 1.96325203206e-07, 8.06515672025e-08, 6.2243401544e-08, 5.04276194135e-08, 2.87314776415e-08, 1.25086359049e-08, 6.40123998252e-09, 6.08593531126e-09, 5.81115644493e-09, 3.11932435437e-09, 1.77421310976e-09, 1.69436942254e-09, 1.08346187577e-09, 1.08675080046e-09, 1.12179521228e-09, 7.63354934818e-10], "dvar2": [5.14953114816e-07, 2.68760436484e-06, 8.12987821064e-07, 1.09804190629e-07, 4.62905624943e-08, 2.21331546868e-07, 9.96680910248e-07, 2.8821611977e-06, 9.12100119876e-07, 3.93007752564e-07, 5.74762054839e-07, 8.53668154832e-07, 4.99666157339e-07, 1.2610907163e-07, 3.15581978327e-08, 2.95086022284e-09, 3.34166888605e-10, 4.91700791194e-10, 6.63945287638e-11, 3.12754044884e-10, 9.94824292389e-11, 2.36444024082e-11, 6.42125849021e-12, 8.97695763211e-13, 7.71051245855e-13, 8.7108543035e-14, 5.65428204204e-14, 3.20234425999e-14, 9.07492295557e-15, 3.98116835451e-15, 3.03128421988e-15, 3.83161494679e-15, 2.25700992048e-15, 8.32030299693e-16, 3.40470240044e-16, 1.57475759812e-16, 1.33502914225e-16, 7.45592546189e-17, 1.27108199285e-16, 6.06420334569e-17], "mean": [0.000195999047719, 0.000443630153313, 0.000306840694975, 0.000110805274744, 0.0001711636869, 0.000423099088948, 0.000784646719694, 0.00104631087743, 0.000491374637932, 0.000235238694586, 0.000269361073151, 0.000278808904113, 0.000194988984731, 0.000102170044556, 4.16920338466e-05, 2.04325533559e-05, 7.89171463111e-06, 5.5180257732e-06, 3.27573320646e-06, 4.68646203444e-06, 2.89865306513e-06, 1.730893473e-06, 1.03082447822e-06, 5.09676510774e-07, 3.63286147831e-07, 1.78178055421e-07, 1.41703907275e-07, 1.10525903096e-07, 6.66313724196e-08, 2.9653445921e-08, 1.79207617634e-08, 1.65419269393e-08, 1.44520759804e-08, 7.88371234961e-09, 4.27264623681e-09, 3.99349531222e-09, 2.48300668915e-09, 2.70348987641e-09, 2.77923795089e-09, 1.67176761323e-09], "var": [9.37107586196e-07, 2.98782038044e-06, 1.37825736601e-06, 1.02351940257e-07, 1.19584427694e-07, 4.07107421552e-07, 2.47917114393e-06, 6.42185977995e-06, 1.55776160682e-06, 2.95223628655e-07, 4.06570734413e-07, 5.75391084112e-07, 3.30742125243e-07, 7.21718080854e-08, 1.38851099507e-08, 1.93476790145e-09, 2.0339688267e-10, 2.39114672507e-10, 4.69840312489e-11, 1.53452153762e-10, 5.33854661866e-11, 1.38290481497e-11, 4.02211900938e-12, 7.33838554159e-13, 4.56410733859e-13, 1.05833141458e-13, 6.69292570042e-14, 3.48545994041e-14, 1.14685059274e-14, 5.66353926512e-15, 7.30447840614e-15, 6.13395171787e-15, 3.424907842e-15, 1.27085403511e-15, 3.99902915593e-16, 1.15828221821e-16, 4.79474977369e-17, 3.71969423354e-17, 4.56560089167e-17, 2.21459626105e-17], "dmean2": [0.00011701935, 0.000361576967407, 0.000234660226852, 7.33795386623e-05, 6.19302081759e-05, 0.000234170263866, 0.000455855944892, 0.000665584288072, 0.000344827742083, 0.000226278207265, 0.000275111990049, 0.000309666240355, 0.000220122921746, 0.000120086056995, 5.02812763443e-05, 2.18734821829e-05, 8.56068072608e-06, 6.19513093625e-06, 3.36457765115e-06, 5.30357601747e-06, 3.14136013913e-06, 1.68168890013e-06, 1.02136255009e-06, 4.53255950106e-07, 3.40368956131e-07, 1.39991044534e-07, 1.07126730597e-07, 8.70757403959e-08, 4.94502074844e-08, 2.16547846321e-08, 1.11218456667e-08, 1.06254640642e-08, 1.0021444119e-08, 5.41017941558e-09, 3.11157077881e-09, 2.95089042091e-09, 1.95909444223e-09, 1.92122340259e-09, 1.97516980549e-09, 1.33511157685e-09], "dvar": [2.03296806944e-07, 1.01180648926e-06, 3.05477954043e-07, 4.12615648315e-08, 2.02075529643e-08, 1.12086830484e-07, 6.27694760169e-07, 1.81585380687e-06, 4.83825431274e-07, 1.5745436599e-07, 2.1396091654e-07, 3.10788550451e-07, 1.92598008653e-07, 4.69892107446e-08, 1.05514068593e-08, 1.13680020952e-09, 1.14171928856e-10, 1.62723209907e-10, 2.24536743365e-11, 1.0808214046e-10, 3.42988033808e-11, 7.72260293908e-12, 2.10326547845e-12, 3.0231353987e-13, 2.54315259173e-13, 2.97869842398e-14, 1.98640356144e-14, 1.1152561791e-14, 3.15106971345e-15, 1.3692335238e-15, 1.04369335118e-15, 1.29409386632e-15, 8.02852767517e-16, 3.06408821774e-16, 1.15679369016e-16, 5.72209666446e-17, 4.46443901886e-17, 2.47623530859e-17, 4.25197536242e-17, 2.16408844741e-17], "min": [1.49994738271e-23, 1.55921529138e-23, 6.34215216602e-24, 9.77934850326e-24, 5.22401835238e-24, 1.17965368354e-23, 5.11225411705e-24, 1.26451247663e-23, 3.5284044351e-24, 1.2824416284e-23, 7.7341232657e-24, 4.72128715825e-24, 8.10021073484e-24, 1.91312653468e-23, 7.87675010622e-24, 1.13611581909e-23, 1.35683002847e-23, 1.20688176989e-23, 1.3468476248e-23, 9.0832071534e-24, 1.03824484425e-23, 1.23253686759e-23, 1.1413527511e-23, 8.04463311749e-24, 9.22028199087e-24, 9.1523878882e-24, 1.20411839013e-23, 1.08278124883e-23, 1.06866829058e-23, 1.40549785539e-23, 1.12723450748e-23, 9.12627816996e-24, 9.08397155961e-24, 1.00018191114e-23, 1.10879993253e-23, 8.27556899205e-24, 1.01122517496e-23, 8.18077788796e-24, 1.0810000798e-23, 9.12558239464e-24], "median": [1.49405224192e-07, 6.52575545246e-06, 2.62884132098e-05, 2.77646031464e-05, 5.72683238715e-05, 0.000176738671144, 0.000236010848312, 0.000256663654, 0.000111052941065, 5.53376339667e-05, 4.52220228908e-05, 2.89562995022e-05, 1.66060854099e-05, 2.39429682551e-05, 7.12079827281e-06, 4.37422431787e-06, 3.06601327793e-06, 1.54730525992e-06, 1.05791889382e-06, 1.23792040085e-06, 8.0121492374e-07, 5.40713017472e-07, 3.57203617796e-07, 2.16003229525e-07, 1.34634561277e-07, 6.28636342981e-08, 4.80022670502e-08, 3.61643834879e-08, 2.54329712845e-08, 1.00604342634e-08, 4.81056972035e-09, 4.00415522961e-09, 2.6545752263e-09, 1.35124544887e-09, 1.04414232815e-09, 1.04429542791e-09, 6.96661228705e-10, 6.08317229922e-10, 6.32107255427e-10, 4.53334259021e-10], "max": [0.0200579594821, 0.039184436202, 0.0240918044001, 0.00791935063899, 0.00779586518183, 0.00735954055563, 0.021849155426, 0.0378253050148, 0.0333840176463, 0.00953971035779, 0.00755885476246, 0.0173575114459, 0.0104016531259, 0.00540684396401, 0.00259879627265, 0.000869947194587, 0.00020471130847, 0.000386476458516, 0.000114661575935, 0.000314835080644, 0.000153294909978, 7.22661425243e-05, 3.29840986524e-05, 1.00196421045e-05, 1.53993150889e-05, 5.26532267031e-06, 3.91306957681e-06, 2.79616210719e-06, 1.30473131321e-06, 2.10943062484e-06, 2.43212230089e-06, 2.71264161711e-06, 1.59062471994e-06, 7.89814123436e-07, 4.88452371883e-07, 2.39639746269e-07, 1.86482850495e-07, 1.22696633298e-07, 3.36280976398e-07, 1.73716031782e-07]}, "barkbands_crest": {"dmean": 2.92187380791, "dvar2": 14.5653858185, "mean": 12.6064653397, "var": 17.8942394257, "dmean2": 4.6715130806, "dvar": 5.75322246552, "min": 2.56873273849, "median": 11.9824485779, "max": 25.7392444611}, "mfcc": {"icov": [[0.000731801905204, -0.000869552430231, 0.00117105967365, -0.00135998835322, 0.00125762424432, -0.00100479321554, 0.000366596243111, -0.000486207369249, 0.000280405045487, -0.000373608985683, 0.000227760407142, -5.0048558478e-05, 0.000449948798632], [-0.000869552430231, 0.00192972028162, -0.0015408184845, 0.0018130504759, -0.00211623427458, 0.00185770029202, -0.000850261887535, 0.000679889461026, -0.000604105356615, 0.000480862596305, -0.000203835268621, 0.000329424103256, -0.00100275885779], [0.00117105967365, -0.0015408184845, 0.00314895412885, -0.0027745726984, 0.00194178556558, -0.00233796983957, 0.00092335959198, -0.000762125069741, -7.373252447e-05, -0.00188135809731, 0.000138965304359, -0.000796294130851, 0.000804770039394], [-0.00135998835322, 0.0018130504759, -0.0027745726984, 0.00711152004078, -0.00425585964695, 0.00177640491165, -0.00102307402994, 0.000114487826067, -0.000814153754618, -5.27000338479e-05, -0.00171243678778, 0.0010319534922, -0.00178531534038], [0.00125762424432, -0.00211623427458, 0.00194178556558, -0.00425585964695, 0.00802895799279, -0.00507543608546, 0.00298224156722, -0.00322419777513, 0.00138510460965, -0.00252628303133, 0.000563376583159, -0.00166031741537, 0.00265008816496], [-0.00100479321554, 0.00185770029202, -0.00233796983957, 0.00177640491165, -0.00507543608546, 0.0137312375009, -0.00679343519732, 0.0040894523263, -0.00481465226039, 0.00227250065655, -0.00421080784872, 0.00309069082141, -0.0043114637956], [0.000366596243111, -0.000850261887535, 0.00092335959198, -0.00102307402994, 0.00298224156722, -0.00679343519732, 0.0146609796211, -0.00597458099946, 0.00581781426445, -0.0058886311017, 0.00419120583683, -0.000737374182791, 0.00498043932021], [-0.000486207369249, 0.000679889461026, -0.000762125069741, 0.000114487826067, -0.00322419777513, 0.0040894523263, -0.00597458099946, 0.0121444948018, -0.00575434183702, 0.0050716502592, -0.00283123878762, 0.000683991180267, -0.00307368393987], [0.000280405045487, -0.000604105356615, -7.373252447e-05, -0.000814153754618, 0.00138510460965, -0.00481465226039, 0.00581781426445, -0.00575434183702, 0.0146146509796, -0.00784560665488, 0.00572314625606, -0.00147460203152, -0.000763451156672], [-0.000373608985683, 0.000480862596305, -0.00188135809731, -5.27000338479e-05, -0.00252628303133, 0.00227250065655, -0.0058886311017, 0.0050716502592, -0.00784560665488, 0.0199039820582, -0.0108833732083, 0.00388938863762, -0.000271924742265], [0.000227760407142, -0.000203835268621, 0.000138965304359, -0.00171243678778, 0.000563376583159, -0.00421080784872, 0.00419120583683, -0.00283123878762, 0.00572314625606, -0.0108833732083, 0.0236083082855, -0.011249538511, 0.0038349875249], [-5.0048558478e-05, 0.000329424103256, -0.000796294130851, 0.0010319534922, -0.00166031741537, 0.00309069082141, -0.000737374182791, 0.000683991180267, -0.00147460203152, 0.00388938863762, -0.011249538511, 0.0207291841507, -0.00775153236464], [0.000449948798632, -0.00100275885779, 0.000804770039394, -0.00178531534038, 0.00265008816496, -0.0043114637956, 0.00498043932021, -0.00307368393987, -0.000763451156672, -0.000271924742265, 0.0038349875249, -0.00775153236464, 0.0149958962575]], "mean": [-811.848876953, 204.667068481, -23.7628936768, -21.958152771, -25.3237266541, -29.9894065857, -19.6724910736, -13.982008934, -9.20542240143, -8.5325756073, -7.04257774353, -0.129825949669, 1.53550732136], "cov": [[6167.78076172, 736.793212891, -2504.35864258, -483.885101318, -797.325805664, -408.167327881, 55.6181182861, -88.7909011841, -378.222564697, -456.90802002, -368.025939941, -260.321746826, -140.109237671], [736.793212891, 1351.38513184, 532.101501465, 208.085372925, 305.806945801, 84.3922958374, 10.3438110352, 82.9850769043, 130.903442383, 124.887428284, 70.776222229, 48.1405258179, 63.9841880798], [-2504.35864258, 532.101501465, 2590.05737305, 954.506469727, 883.085205078, 538.496398926, 24.6103935242, 204.542602539, 474.447052002, 557.67755127, 403.75958252, 233.735229492, 169.708862305], [-483.885101318, 208.085372925, 954.506469727, 681.286376953, 496.905487061, 265.699645996, 25.9279994965, 134.896591187, 220.727722168, 261.038726807, 198.590682983, 100.488052368, 83.061706543], [-797.325805664, 305.806945801, 883.085205078, 496.905487061, 631.34161377, 276.055725098, 15.4424724579, 135.745147705, 211.488189697, 249.71421814, 192.058609009, 105.47718811, 67.3325119019], [-408.167327881, 84.3922958374, 538.496398926, 265.699645996, 276.055725098, 258.9894104, 48.0815544128, 56.1897239685, 137.16897583, 153.352630615, 110.904548645, 47.5391120911, 47.8244552612], [55.6181182861, 10.3438110352, 24.6103935242, 25.9279994965, 15.4424724579, 48.0815544128, 125.221321106, 26.3703022003, -13.2832527161, 30.2552242279, 3.47071409225, -20.9837703705, -36.1615447998], [-88.7909011841, 82.9850769043, 204.542602539, 134.896591187, 135.745147705, 56.1897239685, 26.3703022003, 154.210662842, 82.9347763062, 44.0579948425, 39.7576026917, 32.0131340027, 39.714138031], [-378.222564697, 130.903442383, 474.447052002, 220.727722168, 211.488189697, 137.16897583, -13.2832527161, 82.9347763062, 211.228820801, 136.706451416, 75.9654922485, 52.5691146851, 65.3714065552], [-456.90802002, 124.887428284, 557.67755127, 261.038726807, 249.71421814, 153.352630615, 30.2552242279, 44.0579948425, 136.706451416, 219.690689087, 130.812530518, 51.3944816589, 26.2089481354], [-368.025939941, 70.776222229, 403.75958252, 198.590682983, 192.058609009, 110.904548645, 3.47071409225, 39.7576026917, 75.9654922485, 130.812530518, 150.697555542, 74.7715759277, 29.0426883698], [-260.321746826, 48.1405258179, 233.735229492, 100.488052368, 105.47718811, 47.5391120911, -20.9837703705, 32.0131340027, 52.5691146851, 51.3944816589, 74.7715759277, 107.055976868, 58.8334083557], [-140.109237671, 63.9841880798, 169.708862305, 83.061706543, 67.3325119019, 47.8244552612, -36.1615447998, 39.714138031, 65.3714065552, 26.2089481354, 29.0426883698, 58.8334083557, 124.737342834]]}, "spectral_decrease": {"dmean": 1.61066371351e-09, "dvar2": 1.3186508834e-17, "mean": -4.94902518966e-09, "var": 3.25791503176e-17, "dmean2": 2.37304531581e-09, "dvar": 6.4688452121e-18, "min": -5.78540699792e-08, "median": -3.16126769206e-09, "max": -4.73703113384e-29}, "zerocrossingrate": {"dmean": 0.0028174740728, "dvar2": 3.45831176674e-05, "mean": 0.0299290139228, "var": 0.00025353312958, "dmean2": 0.00358084239997, "dvar": 2.76058362942e-05, "min": 0.00341796875, "median": 0.0302734375, "max": 0.4912109375}, "spectral_contrast_coeffs": {"dmean": [0.0392777882516, 0.0393842235208, 0.0400668606162, 0.0275996588171, 0.0165696665645, 0.0105419335887], "dvar2": [0.0029410184361, 0.00232233875431, 0.00263343448751, 0.00139441422652, 0.000497207685839, 0.000219167297473], "mean": [-0.563254654408, -0.632835507393, -0.67162501812, -0.759512901306, -0.795000612736, -0.816077649593], "var": [0.00654350873083, 0.00719951279461, 0.00956940092146, 0.00406347820535, 0.0021518622525, 0.00132527342066], "dmean2": [0.0671904236078, 0.0590334162116, 0.0653173401952, 0.0471840128303, 0.0283214226365, 0.0182020459324], "dvar": [0.000989467836916, 0.00101394741796, 0.000983621343039, 0.000485859171022, 0.000170856772456, 7.37205118639e-05], "min": [-0.970488846302, -0.958743214607, -0.959083139896, -0.957339465618, -0.957903981209, -0.961224377155], "median": [-0.55946969986, -0.636764407158, -0.669730246067, -0.752697944641, -0.793144404888, -0.813116550446], "max": [-0.317493766546, -0.333400249481, -0.370005309582, -0.542038500309, -0.575054764748, -0.6593760252]}, "spectral_skewness": {"dmean": 0.809428989887, "dvar2": 1.38936543465, "mean": 4.74887084961, "var": 4.77421665192, "dmean2": 1.42533326149, "dvar": 0.457442700863, "min": -0.0892282649875, "median": 4.11594867706, "max": 15.7217645645}, "spectral_energyband_middle_high": {"dmean": 0.00243624928407, "dvar2": 7.67347373767e-05, "mean": 0.00443950062618, "var": 5.79113620915e-05, "dmean2": 0.00401195930317, "dvar": 2.78516836261e-05, "min": 1.56894977815e-21, "median": 0.00153426104225, "max": 0.127916544676}, "gfcc": {"icov": [[0.000245789502515, -0.000629380694591, 0.000606334826443, -0.000583876273595, 0.000790917256381, -0.000549001444597, -1.04058490251e-05, 5.07121658302e-05, -0.000308308925014, 0.000273031095276, -0.000318711099681, 0.000285198766505, -0.000125771315652], [-0.000629380694591, 0.00714733824134, -0.00426773028448, 0.00382194598205, -0.00745471566916, 0.00455293199047, -0.00276901200414, 0.00416844943538, -0.00293507380411, 0.00555010791868, -0.00370472739451, 0.00347651913762, -0.00170898623765], [0.000606334826443, -0.00426773028448, 0.00404986226931, -0.00322039378807, 0.00419080071151, -0.00327219231986, 0.00081722997129, -0.00164287805092, -0.0010811885586, -0.00227470509708, 0.000890171388164, -0.00019336733385, 0.000250519806286], [-0.000583876273595, 0.00382194598205, -0.00322039378807, 0.00648077065125, -0.00533105293289, 0.000152636042912, 0.000973498797975, -0.00148366880603, 0.000317230005749, 0.0014973153593, -0.000145677840919, 0.00111820583697, 0.000994605245069], [0.000790917256381, -0.00745471566916, 0.00419080071151, -0.00533105293289, 0.0132767762989, -0.00596114620566, 0.00351785076782, -0.00420435937122, 0.00137386564165, -0.00471252575517, 0.00538830691949, -0.00417927512899, 0.00327142188326], [-0.000549001444597, 0.00455293199047, -0.00327219231986, 0.000152636042912, -0.00596114620566, 0.0132686384022, -0.00584976095706, 0.00317396130413, -0.00020966892771, 0.00106410449371, -0.00322478311136, 0.00321309361607, -0.00338542135432], [-1.04058490251e-05, -0.00276901200414, 0.00081722997129, 0.000973498797975, 0.00351785076782, -0.00584976095706, 0.0136669445783, -0.00695017213002, 0.00329819321632, -0.00273691117764, 0.00309907272458, -0.00217361864634, 0.00340277166106], [5.07121658302e-05, 0.00416844943538, -0.00164287805092, -0.00148366880603, -0.00420435937122, 0.00317396130413, -0.00695017213002, 0.0245288461447, -0.0118179749697, 0.0109795546159, -0.00465863244608, 0.00578400492668, -0.00328453816473], [-0.000308308925014, -0.00293507380411, -0.0010811885586, 0.000317230005749, 0.00137386564165, -0.00020966892771, 0.00329819321632, -0.0118179749697, 0.0183192808181, -0.0124928774312, 0.00677225273103, -0.00585420336574, 0.00341911031865], [0.000273031095276, 0.00555010791868, -0.00227470509708, 0.0014973153593, -0.00471252575517, 0.00106410449371, -0.00273691117764, 0.0109795546159, -0.0124928774312, 0.0238676741719, -0.00945609156042, 0.00840501021594, -0.00328471511602], [-0.000318711099681, -0.00370472739451, 0.000890171388164, -0.000145677840919, 0.00538830691949, -0.00322478311136, 0.00309907272458, -0.00465863244608, 0.00677225273103, -0.00945609156042, 0.0218924432993, -0.00766257103533, 0.00337353721261], [0.000285198766505, 0.00347651913762, -0.00019336733385, 0.00111820583697, -0.00417927512899, 0.00321309361607, -0.00217361864634, 0.00578400492668, -0.00585420336574, 0.00840501021594, -0.00766257103533, 0.0197959206998, -0.00529754348099], [-0.000125771315652, -0.00170898623765, 0.000250519806286, 0.000994605245069, 0.00327142188326, -0.00338542135432, 0.00340277166106, -0.00328453816473, 0.00341911031865, -0.00328471511602, 0.00337353721261, -0.00529754348099, 0.0135878464207]], "mean": [-170.954650879, 160.685531616, -139.073013306, -53.644569397, -66.0452804565, -30.2551708221, -35.6005363464, -5.70107316971, -17.2286643982, -6.49136686325, -11.5986995697, -7.46400499344, -12.178478241], "cov": [[8721.5546875, -384.961853027, -1870.2019043, -351.994506836, -556.304321289, -48.1532249451, 56.6433410645, -178.171554565, -406.261810303, -306.622497559, 196.411468506, 16.5674285889, 143.041671753], [-384.961853027, 1354.75866699, 1579.63415527, 401.147857666, 515.560852051, 138.848114014, 93.4388809204, 166.1927948, 382.221679688, 64.8568725586, -50.9898338318, -150.131332397, -90.7900924683], [-1870.2019043, 1579.63415527, 3112.10791016, 1094.62890625, 749.977600098, 430.120880127, 139.329208374, 370.356842041, 710.538513184, 254.160171509, -122.033721924, -276.773834229, -169.866653442], [-351.994506836, 401.147857666, 1094.62890625, 794.055603027, 400.143188477, 238.420913696, 31.6890125275, 190.409957886, 267.858856201, 88.5643615723, -74.7088241577, -121.230781555, -104.662574768], [-556.304321289, 515.560852051, 749.977600098, 400.143188477, 439.336761475, 138.095993042, 22.7768173218, 119.798835754, 208.816970825, 57.5806121826, -65.8956832886, -69.8562698364, -81.0363998413], [-48.1532249451, 138.848114014, 430.120880127, 238.420913696, 138.095993042, 203.203811646, 55.650177002, 61.6852760315, 88.443649292, 47.2032852173, -14.7014436722, -53.0620651245, -17.8912963867], [56.6433410645, 93.4388809204, 139.329208374, 31.6890125275, 22.7768173218, 55.650177002, 114.924598694, 37.4938621521, 27.3046092987, 3.72007489204, -5.97691202164, -20.4209461212, -16.3965606689], [-178.171554565, 166.1927948, 370.356842041, 190.409957886, 119.798835754, 61.6852760315, 37.4938621521, 123.284111023, 121.923301697, 18.5335845947, -27.0743961334, -40.6801338196, -29.912443161], [-406.261810303, 382.221679688, 710.538513184, 267.858856201, 208.816970825, 88.443649292, 27.3046092987, 121.923301697, 274.312103271, 91.6968002319, -42.9962081909, -61.2829666138, -54.0752830505], [-306.622497559, 64.8568725586, 254.160171509, 88.5643615723, 57.5806121826, 47.2032852173, 3.72007489204, 18.5335845947, 91.6968002319, 108.353187561, 2.48790979385, -31.7507991791, -14.2805356979], [196.411468506, -50.9898338318, -122.033721924, -74.7088241577, -65.8956832886, -14.7014436722, -5.97691202164, -27.0743961334, -42.9962081909, 2.48790979385, 74.0659332275, 23.0725879669, 12.304933548], [16.5674285889, -150.131332397, -276.773834229, -121.230781555, -69.8562698364, -53.0620651245, -20.4209461212, -40.6801338196, -61.2829666138, -31.7507991791, 23.0725879669, 97.7504806519, 34.2535324097], [143.041671753, -90.7900924683, -169.866653442, -104.662574768, -81.0363998413, -17.8912963867, -16.3965606689, -29.912443161, -54.0752830505, -14.2805356979, 12.304933548, 34.2535324097, 106.675811768]]}, "erbbands_spread": {"dmean": 2.42638421059, "dvar2": 13.7811832428, "mean": 9.1674413681, "var": 36.1532058716, "dmean2": 3.84984183311, "dvar": 5.84277200699, "min": 0.650562942028, "median": 8.04440021515, "max": 95.6587677002}, "erbbands_kurtosis": {"dmean": 1.98436164856, "dvar2": 14.1994829178, "mean": 2.34441423416, "var": 11.1755828857, "dmean2": 3.21803092957, "dvar": 5.68587684631, "min": -1.66742038727, "median": 1.3050532341, "max": 30.9117240906}, "dynamic_complexity": 5.33721113205, "erbbands_crest": {"dmean": 3.42146897316, "dvar2": 21.0086364746, "mean": 14.3271131516, "var": 23.5269050598, "dmean2": 5.52594614029, "dvar": 8.2141866684, "min": 2.81328415871, "median": 13.8340320587, "max": 32.5351905823}, "erbbands": {"dmean": [0.00749468291178, 0.0891809761524, 0.571334779263, 0.875306367874, 0.905987799168, 0.487001538277, 1.74631297588, 7.7075920105, 22.5554294586, 41.6752166748, 34.5126533508, 22.1671848297, 33.1626701355, 45.4076309204, 39.3798904419, 20.095697403, 7.1409277916, 2.88893961906, 1.88082969189, 1.54953920841, 1.80168735981, 0.85419344902, 0.351531773806, 0.225036039948, 0.091130182147, 0.0710463449359, 0.0348710082471, 0.0108030950651, 0.00950887706131, 0.00623568380252, 0.00290298624896, 0.00186032208148, 0.00144748867024, 0.000923407031223, 0.000408269610489, 0.000175488079549, 7.13237532182e-05, 2.05629658012e-05, 5.43924670637e-06, 7.43504733691e-06], "dvar2": [0.00526563869789, 0.677657842636, 17.5241031647, 30.2305164337, 44.8659210205, 7.74876308441, 60.4009017944, 422.078918457, 3942.60839844, 18768.7851562, 15796.6259766, 8141.52636719, 20231.6972656, 49918.2617188, 40902.5703125, 17649.2402344, 734.4921875, 94.7862243652, 104.030914307, 38.7122879028, 104.725547791, 18.5885848999, 1.34481441975, 0.906334400177, 0.104416042566, 0.0640397742391, 0.0147670479491, 0.00648020533845, 0.00598279200494, 0.00259294756688, 0.000724852783605, 0.000309255876346, 0.000141641881783, 9.26366847125e-05, 1.42669850902e-05, 4.93529887535e-06, 4.79696382172e-07, 4.20973762516e-08, 1.50067225313e-09, 2.81732803753e-10], "mean": [0.0193878244609, 0.194391086698, 0.986521184444, 1.75476253033, 1.75225651264, 1.60583233833, 5.71281433105, 18.8883895874, 50.5499343872, 87.531829834, 69.4488143921, 38.0947227478, 53.6829681396, 68.7947692871, 57.1830253601, 29.0662345886, 11.7088413239, 5.08437585831, 3.22083806992, 2.74240398407, 2.94557571411, 1.64002728462, 0.76008862257, 0.465850025415, 0.234453648329, 0.176755726337, 0.0919721573591, 0.0358254574239, 0.029332427308, 0.0177771002054, 0.00784075912088, 0.00491462927312, 0.00403795298189, 0.00232552736998, 0.000975101196673, 0.00034730261541, 0.000237819884205, 6.86904313625e-05, 1.69776394614e-05, 2.29055440286e-05], "var": [0.00843227654696, 0.903851091862, 15.255033493, 57.4851455688, 34.0897369385, 9.82746315002, 145.892456055, 782.99395752, 9647.83691406, 41169.4960938, 28521.3554688, 6635.91210938, 14876.5400391, 33432.1796875, 27305.9121094, 8104.14697266, 483.139648438, 64.9000854492, 55.0605354309, 25.6345386505, 53.9492263794, 10.7811193466, 1.3044205904, 0.616760551929, 0.156045198441, 0.084082044661, 0.0232068523765, 0.0188800357282, 0.0161499939859, 0.00543299689889, 0.000919570215046, 0.000151070926222, 7.15898640919e-05, 3.49888941855e-05, 5.21899892192e-06, 1.46912498167e-06, 1.53272736725e-07, 1.32328583646e-08, 5.8751981058e-10, 6.74868660955e-10], "dmean2": [0.0121190678328, 0.138729661703, 0.938959240913, 1.40770375729, 1.47480845451, 0.669270515442, 2.15455460548, 10.2446022034, 29.506690979, 54.5739135742, 47.7385864258, 33.7333946228, 53.2730674744, 74.4505310059, 63.3329048157, 34.4979438782, 12.0157709122, 4.95944213867, 3.29905724525, 2.68884348869, 3.11843061447, 1.49130618572, 0.611418962479, 0.389649957418, 0.15700083971, 0.12226100266, 0.0597934573889, 0.0184634942561, 0.0164823904634, 0.0107744066045, 0.00505201751366, 0.00331716239452, 0.00255996151827, 0.00162120594177, 0.000722108175978, 0.000311332812998, 0.000124728801893, 3.54514850187e-05, 8.75843215908e-06, 1.10618602776e-05], "dvar": [0.0019815096166, 0.27689063549, 6.33428955078, 11.6718730927, 16.2656898499, 2.82967233658, 25.9327507019, 212.959701538, 2481.86547852, 11815.1064453, 8604.49121094, 3331.85205078, 7707.25, 18288.2636719, 16376.0917969, 6128.40234375, 274.045227051, 33.091293335, 34.611076355, 13.3499698639, 36.4060287476, 5.970495224, 0.444292902946, 0.299721211195, 0.0360534004867, 0.0221392791718, 0.00512777315453, 0.00226498721167, 0.00212233955972, 0.000953365932219, 0.000252212106716, 0.000103781843791, 4.59269067505e-05, 3.25022156176e-05, 4.55192503068e-06, 1.67495682035e-06, 1.4621424782e-07, 1.39835139024e-08, 5.23504128935e-10, 1.35815247937e-10], "min": [1.04365828231e-21, 1.65472457065e-20, 1.9894566149e-20, 1.89259796569e-20, 1.11434889916e-19, 1.49253148082e-19, 1.43680600316e-19, 5.39791908165e-19, 3.47582172274e-19, 1.14542305039e-18, 5.26636789595e-19, 1.80509276466e-18, 1.59232143839e-18, 1.33312842596e-18, 2.89567891032e-18, 6.2187723829e-18, 5.18710279676e-18, 7.10994244687e-18, 9.22285207173e-18, 6.82548620116e-18, 9.49179247711e-18, 1.21949450999e-17, 9.72424346413e-18, 1.13830855266e-17, 1.54007513926e-17, 1.60745048908e-17, 1.91617927454e-17, 2.05175235714e-17, 1.548116162e-17, 1.78987590875e-17, 1.82625481579e-17, 1.57471266567e-17, 1.28205054012e-17, 1.16002328451e-17, 9.12167051202e-18, 5.68012932521e-18, 2.78766401157e-18, 1.26881813186e-18, 3.64888600146e-19, 3.24881098629e-20], "median": [2.04674761335e-05, 0.000575425918214, 0.0184308905154, 0.126428797841, 0.246366754174, 0.579844295979, 1.82808184624, 8.16050338745, 16.520488739, 22.9591674805, 17.1406230927, 10.9270811081, 10.4333381653, 10.0398778915, 8.69355487823, 7.94188070297, 3.37414646149, 2.4128947258, 1.24763941765, 1.06168019772, 0.896392405033, 0.606390714645, 0.339009344578, 0.200175538659, 0.0863960757852, 0.0643568262458, 0.0368746854365, 0.0124077536166, 0.00727446004748, 0.00330603681505, 0.00199847645126, 0.00138093030546, 0.000970486726146, 0.000623192405328, 0.000302819418721, 0.000140539661516, 0.00012119137682, 3.63566905435e-05, 1.20757031254e-05, 1.48735089169e-05], "max": [2.02314734459, 25.4437103271, 75.9669418335, 165.611434937, 149.838500977, 63.4989852905, 273.873260498, 323.01852417, 1440.64782715, 2953.20239258, 4403.22167969, 1411.60546875, 1531.32409668, 4625.54541016, 2999.10058594, 2393.17602539, 405.305664062, 115.789199829, 177.798995972, 80.948677063, 181.914581299, 73.2068481445, 15.1487445831, 16.7378482819, 6.21694612503, 4.87274265289, 2.22724032402, 3.51128435135, 3.91308307648, 1.76508331299, 0.695618987083, 0.301390171051, 0.172361835837, 0.198818072677, 0.0550637841225, 0.0443697609007, 0.0105164516717, 0.00281919795088, 0.000626083638053, 0.000261916429736]}, "silence_rate_30dB": {"dmean": 0.00775656336918, "dvar2": 0.0172645431012, "mean": 0.989658951759, "var": 0.010233996436, "dmean2": 0.0155146690086, "dvar": 0.00769708864391, "min": 0, "median": 1, "max": 1}, "silence_rate_60dB": {"dmean": 0.0344073176384, "dvar2": 0.0788157656789, "mean": 0.200457394123, "var": 0.160263344646, "dmean2": 0.0688214823604, "dvar": 0.0332278013229, "min": 0, "median": 0, "max": 1}, "spectral_energyband_middle_low": {"dmean": 0.00498598115519, "dvar2": 0.00011425770208, "mean": 0.0136878984049, "var": 0.000300719490042, "dmean2": 0.00694273086265, "dvar": 6.61294398014e-05, "min": 2.711863726e-22, "median": 0.00816995184869, "max": 0.212222576141}, "spectral_spread": {"dmean": 241233.609375, "dvar2": 248747458560, "mean": 1553037.875, "var": 485441437696, "dmean2": 420513.78125, "dvar": 177523015680, "min": 281468.75, "median": 1510132.125, "max": 41326712}, "barkbands": {"dmean": [1.1038257071e-05, 0.000324568507494, 0.000626983121037, 0.000279014318949, 0.000235129933571, 0.00076249812264, 0.00167285348289, 0.0024394034408, 0.000954832066782, 0.00130199955311, 0.00117700593546, 0.000466100784251, 0.000138266565045, 5.30420002178e-05, 2.72042452707e-05, 4.05363134632e-05, 1.56346613949e-05, 5.32193598701e-06, 2.72861916528e-06, 1.55392058332e-06, 5.49423020857e-07, 2.50423880743e-07, 1.17215599005e-07, 8.01464281608e-08, 6.8068167991e-08, 3.97276345154e-08, 1.96781435591e-08], "dvar2": [1.07580495623e-08, 9.69347274804e-06, 1.91835970327e-05, 3.74576393369e-06, 1.71324120402e-06, 4.22815764978e-06, 2.42426722252e-05, 6.70770095894e-05, 1.61