{"lowlevel": {"barkbands_spread": {"min": 0.883277356625, "max": 116.130958557, "var": 150.253967285, "dmean": 3.8964111805, "mean": 17.9449291229, "median": 15.4065418243, "dvar": 40.6730461121, "dmean2": 5.81189012527, "dvar2": 84.31640625}, "silence_rate_60dB": {"min": 0, "max": 1, "var": 0.119924396276, "dmean": 0.00858769752085, "mean": 0.139350384474, "median": 0, "dvar": 0.00851592049003, "dmean2": 0.0171769969165, "dvar2": 0.0194917973131}, "melbands_crest": {"min": 1.93124294281, "max": 31.9093875885, "var": 17.9715480804, "dmean": 2.38059949875, "mean": 12.2341442108, "median": 11.4556694031, "dvar": 5.46629333496, "dmean2": 3.83698797226, "dvar2": 14.6626386642}, "melbands_skewness": {"min": -1.67878615856, "max": 15.2652664185, "var": 1.86717057228, "dmean": 0.501311004162, "mean": 2.34115362167, "median": 2.09265708923, "dvar": 0.408065021038, "dmean2": 0.752222955227, "dvar2": 0.929314792156}, "spectral_rms": {"min": 3.16886534374e-12, "max": 0.0125041631982, "var": 5.03980982103e-06, "dmean": 0.000649088295177, "mean": 0.00458148121834, "median": 0.00475867046043, "dvar": 1.01675573205e-06, "dmean2": 0.000971277768258, "dvar2": 2.39436621996e-06}, "spectral_energyband_middle_high": {"min": 1.42021690809e-21, "max": 0.059029918164, "var": 2.80506810668e-05, "dmean": 0.00133933138568, "mean": 0.0044895960018, "median": 0.00301229255274, "dvar": 6.86471912559e-06, "dmean2": 0.00199238094501, "dvar2": 1.57948234119e-05}, "mfcc": {"cov": [[14736.6210938, -1266.34179688, -1131.85632324, 126.143928528, -7.86674213409, -69.928276062, -243.833816528, 215.025878906, -87.8520812988, 51.885974884, 106.657615662, 173.685241699, 309.126464844], [-1266.34179688, 1146.31518555, -81.3871383667, -75.8643493652, 31.167049408, -72.7847213745, 1.06451404095, -46.3468780518, -5.0897860527, 37.0106620789, 25.9830322266, 26.9472541809, -8.27748298645], [-1131.85632324, -81.3871383667, 649.805908203, 101.510551453, 3.27210760117, 58.6275253296, 69.2864456177, -13.7030773163, 23.7349853516, 15.5898103714, 38.3545227051, 8.2509431839, -9.08746337891], [126.143928528, -75.8643493652, 101.510551453, 277.532592773, 72.5365219116, 27.3357028961, 2.93031859398, 20.9301948547, 21.2736167908, 14.2588167191, 20.2474460602, 22.5440196991, 15.7626543045], [-7.86674213409, 31.167049408, 3.27210760117, 72.5365219116, 177.132705688, 25.2939224243, -15.5161428452, -4.95092344284, 24.787153244, 19.4704875946, 10.9673500061, 15.6533536911, 14.5720853806], [-69.928276062, -72.7847213745, 58.6275253296, 27.3357028961, 25.2939224243, 144.135437012, 49.8803367615, -0.391832321882, 3.23962235451, -1.37036049366, -1.87286698818, -3.93658041954, -0.4479842484], [-243.833816528, 1.06451404095, 69.2864456177, 2.93031859398, -15.5161428452, 49.8803367615, 153.261123657, 33.9219551086, -9.29384994507, -2.65554428101, 0.873586893082, 7.68753147125, -10.0006361008], [215.025878906, -46.3468780518, -13.7030773163, 20.9301948547, -4.95092344284, -0.391832321882, 33.9219551086, 112.892700195, 29.8270187378, -3.29646253586, 3.38770842552, 10.3823242188, 11.7158002853], [-87.8520812988, -5.0897860527, 23.7349853516, 21.2736167908, 24.787153244, 3.23962235451, -9.29384994507, 29.8270187378, 93.3028564453, 21.2494449615, -2.11548185349, 6.78934240341, 6.34361934662], [51.885974884, 37.0106620789, 15.5898103714, 14.2588167191, 19.4704875946, -1.37036049366, -2.65554428101, -3.29646253586, 21.2494449615, 110.752975464, 47.1729164124, 8.38049221039, 1.73097372055], [106.657615662, 25.9830322266, 38.3545227051, 20.2474460602, 10.9673500061, -1.87286698818, 0.873586893082, 3.38770842552, -2.11548185349, 47.1729164124, 102.133262634, 27.6789970398, 9.57933521271], [173.685241699, 26.9472541809, 8.2509431839, 22.5440196991, 15.6533536911, -3.93658041954, 7.68753147125, 10.3823242188, 6.78934240341, 8.38049221039, 27.6789970398, 77.3630142212, 27.5133857727], [309.126464844, -8.27748298645, -9.08746337891, 15.7626543045, 14.5720853806, -0.4479842484, -10.0006361008, 11.7158002853, 6.34361934662, 1.73097372055, 9.57933521271, 27.5133857727, 73.8600082397]], "mean": [-671.747375488, 137.132369995, 17.4154281616, 10.4504966736, 5.14470815659, 5.42932748795, -3.27539420128, 4.49539136887, -0.101399734616, 0.62446719408, 0.136457204819, -0.119403295219, 0.65750592947], "icov": [[0.000109848908323, 0.000130867614644, 0.000199790025363, -5.7560584537e-05, 4.20902397309e-05, -1.33918420033e-05, 0.000124671452795, -0.000156752095791, 0.000179812690476, -0.00010558674694, -8.73095123097e-05, -0.000157334769028, -0.000317896628985], [0.000130867614644, 0.00113875733223, 0.000342763203662, 0.000202901821467, -0.000273566023679, 0.000564282701816, -0.00022696024098, 0.000322693202179, 0.00010167851724, -0.000327910354827, -0.000246575509664, -0.00053080834914, -0.000217089109356], [0.000199790025363, 0.000342763203662, 0.00224589509889, -0.000787411059719, 0.000409733183915, -0.0003163421934, -0.000731252890546, 0.000651235401165, -0.000561934895813, 5.81356907787e-05, -0.00100995891262, -0.000142452729051, -0.00040751346387], [-5.7560584537e-05, 0.000202901821467, -0.000787411059719, 0.00460380315781, -0.0017742899945, -0.00029908871511, 0.00031337904511, -0.000853422679938, -3.55997690349e-05, -0.000104141552583, -0.000160775816767, -0.000698867021129, -3.0145333767e-06], [4.20902397309e-05, -0.000273566023679, 0.000409733183915, -0.0017742899945, 0.00712181208655, -0.00148543552496, 0.000845672970172, 0.000748609600123, -0.00142687221523, -0.000611543073319, -7.64404103393e-05, -0.000731932057533, -0.000776642409619], [-1.33918420033e-05, 0.000564282701816, -0.0003163421934, -0.00029908871511, -0.00148543552496, 0.00886556133628, -0.00333786802366, 0.00137455330696, -0.000629207293969, 0.000296489772154, -3.90853747376e-05, 0.00107832998037, -0.000528470496647], [0.000124671452795, -0.00022696024098, -0.000731252890546, 0.00031337904511, 0.000845672970172, -0.00333786802366, 0.00942522659898, -0.003972817678, 0.00254095252603, -0.000709244864993, 0.000800003181212, -0.00189433095511, 0.00141546770465], [-0.000156752095791, 0.000322693202179, 0.000651235401165, -0.000853422679938, 0.000748609600123, 0.00137455330696, -0.003972817678, 0.0122660500929, -0.00499476725236, 0.00161878042854, -0.00121766456868, 0.000210531419725, -0.0011979136616], [0.000179812690476, 0.00010167851724, -0.000561934895813, -3.55997690349e-05, -0.00142687221523, -0.000629207293969, 0.00254095252603, -0.00499476725236, 0.0143143655732, -0.00365928886458, 0.00268639600836, -0.00138557935134, -0.000364633480785], [-0.00010558674694, -0.000327910354827, 5.81356907787e-05, -0.000104141552583, -0.000611543073319, 0.000296489772154, -0.000709244864993, 0.00161878042854, -0.00365928886458, 0.0125023797154, -0.00603805994615, 0.0013093346497, 0.000520843779668], [-8.73095123097e-05, -0.000246575509664, -0.00100995891262, -0.000160775816767, -7.64404103393e-05, -3.90853747376e-05, 0.000800003181212, -0.00121766456868, 0.00268639600836, -0.00603805994615, 0.0143783055246, -0.00426247855648, 0.000197923713131], [-0.000157334769028, -0.00053080834914, -0.000142452729051, -0.000698867021129, -0.000731932057533, 0.00107832998037, -0.00189433095511, 0.000210531419725, -0.00138557935134, 0.0013093346497, -0.00426247855648, 0.0174201354384, -0.00525629799813], [-0.000317896628985, -0.000217089109356, -0.00040751346387, -3.0145333767e-06, -0.000776642409619, -0.000528470496647, 0.00141546770465, -0.0011979136616, -0.000364633480785, 0.000520843779668, 0.000197923713131, -0.00525629799813, 0.0172789357603]]}, "gfcc": {"cov": [[20390.1972656, -3541.37963867, -936.077392578, 1103.03991699, -918.716308594, 625.579772949, -471.056152344, 582.20916748, -11.9661245346, 624.423461914, 163.069152832, 719.983459473, -73.4577484131], [-3541.37963867, 1859.37744141, -135.932891846, -361.380889893, 277.283966064, -223.727035522, 121.288970947, -122.540298462, 95.6103591919, -153.365112305, 66.6002731323, -220.8956604, 69.7327575684], [-936.077392578, -135.932891846, 859.768432617, 96.1343383789, 49.8313217163, 46.2965049744, 59.1630210876, 44.8929824829, 9.50741004944, 78.8620986938, 3.2991631031, 15.2593507767, -34.758014679], [1103.03991699, -361.380889893, 96.1343383789, 451.80645752, -56.9825897217, 87.2217407227, 3.48261380196, 40.9132003784, 18.8260974884, 42.0811157227, 26.2061653137, 52.7004737854, 28.7814426422], [-918.716308594, 277.283966064, 49.8313217163, -56.9825897217, 270.199279785, -28.1090965271, 29.3646774292, -9.6266336441, 30.2181549072, -15.3092384338, -3.45556211472, -30.2316665649, 4.42892408371], [625.579772949, -223.727035522, 46.2965049744, 87.2217407227, -28.1090965271, 190.741973877, 31.5237960815, 36.3891334534, -14.6027259827, 31.6841926575, 14.4779911041, 35.4906959534, 4.58704471588], [-471.056152344, 121.288970947, 59.1630210876, 3.48261380196, 29.3646774292, 31.5237960815, 144.797515869, 21.0227279663, 0.626549184322, -15.3080062866, 18.037689209, -12.7138929367, 0.199895858765], [582.20916748, -122.540298462, 44.8929824829, 40.9132003784, -9.6266336441, 36.3891334534, 21.0227279663, 143.148880005, 48.2035293579, 37.3924827576, 15.8174266815, 32.3149108887, -4.05742788315], [-11.9661245346, 95.6103591919, 9.50741004944, 18.8260974884, 30.2181549072, -14.6027259827, 0.626549184322, 48.2035293579, 127.54573822, 39.4322395325, 13.2357091904, -5.69182062149, 10.5290050507], [624.423461914, -153.365112305, 78.8620986938, 42.0811157227, -15.3092384338, 31.6841926575, -15.3080062866, 37.3924827576, 39.4322395325, 117.691719055, 36.5783843994, 27.4851036072, -13.7845478058], [163.069152832, 66.6002731323, 3.2991631031, 26.2061653137, -3.45556211472, 14.4779911041, 18.037689209, 15.8174266815, 13.2357091904, 36.5783843994, 90.7711791992, 20.054851532, 6.80652141571], [719.983459473, -220.8956604, 15.2593507767, 52.7004737854, -30.2316665649, 35.4906959534, -12.7138929367, 32.3149108887, -5.69182062149, 27.4851036072, 20.054851532, 111.696968079, 18.9256782532], [-73.4577484131, 69.7327575684, -34.758014679, 28.7814426422, 4.42892408371, 4.58704471588, 0.199895858765, -4.05742788315, 10.5290050507, -13.7845478058, 6.80652141571, 18.9256782532, 71.1327972412]], "mean": [-25.3061466217, 103.583839417, -93.2454910278, 14.9048881531, -54.4918861389, 15.1294698715, -37.011554718, 8.62942028046, -20.8478355408, 2.85332775116, -17.9884662628, 3.33937549591, -13.5010242462], "icov": [[0.000140161355375, 3.75526506105e-05, 0.000243151996983, -0.000207951074117, 0.000186727294931, -0.000157297879923, 0.000276858918369, -0.000369121291442, 0.000180421062396, -0.000508311553858, 7.07746876287e-05, -0.000450584891951, 0.000275467900792], [3.75526506105e-05, 0.00171901052818, -3.2960988392e-06, 0.00087889743736, -0.000760180002544, 0.000817524560262, -0.000768630532548, 0.000677241594531, -0.00136840937193, 0.0015847197501, -0.00251624151133, 0.00229631876573, -0.00182876188774], [0.000243151996983, -3.2960988392e-06, 0.00181309250183, -0.000695285678376, 1.77417575742e-07, -0.000245998235187, -0.000169629900483, -0.00080099562183, 0.000700344739016, -0.00208859215491, 0.000787967233919, -0.000975665985607, 0.00106801930815], [-0.000207951074117, 0.00087889743736, -0.000695285678376, 0.00352750299498, -0.000221521011554, -0.000257812556811, -0.000707708415575, 0.000841498258524, -0.00145824847277, 0.00154057447799, -0.00179054564796, 0.00149459834211, -0.00247489660978], [0.000186727294931, -0.000760180002544, 1.77417575742e-07, -0.000221521011554, 0.00487054884434, -0.000387264939491, 5.34735881956e-05, -0.000402835634304, -0.000393672817154, -0.000902287196368, 0.00121666758787, -0.001192382304, 0.000810604309663], [-0.000157297879923, 0.000817524560262, -0.000245998235187, -0.000257812556811, -0.000387264939491, 0.00744800549001, -0.00246424716897, -0.000389677443309, 0.000981771503575, -0.000567335751839, -0.000831793702673, 0.000797410029918, -0.00183907139581], [0.000276858918369, -0.000768630532548, -0.000169629900483, -0.000707708415575, 5.34735881956e-05, -0.00246424716897, 0.00967306643724, -0.00263335299678, 0.00104616349563, 0.00103093462531, -0.00136293773539, -0.000502128852531, 0.00153000408318], [-0.000369121291442, 0.000677241594531, -0.00080099562183, 0.000841498258524, -0.000402835634304, -0.000389677443309, -0.00263335299678, 0.0111296400428, -0.00512621086091, 0.00147773744538, -0.00116472609807, -0.000525441020727, 0.000211861726712], [0.000180421062396, -0.00136840937193, 0.000700344739016, -0.00145824847277, -0.000393672817154, 0.000981771503575, 0.00104616349563, -0.00512621086091, 0.0130472863093, -0.00650029350072, 0.00241231266409, -4.43777571491e-05, -0.00128403492272], [-0.000508311553858, 0.0015847197501, -0.00208859215491, 0.00154057447799, -0.000902287196368, -0.000567335751839, 0.00103093462531, 0.00147773744538, -0.00650029350072, 0.0180997364223, -0.00790571980178, 0.00203679199331, 0.00113601330668], [7.07746876287e-05, -0.00251624151133, 0.000787967233919, -0.00179054564796, 0.00121666758787, -0.000831793702673, -0.00136293773539, -0.00116472609807, 0.00241231266409, -0.00790571980178, 0.0177732631564, -0.00527627579868, 0.00137864192948], [-0.000450584891951, 0.00229631876573, -0.000975665985607, 0.00149459834211, -0.001192382304, 0.000797410029918, -0.000502128852531, -0.000525441020727, -4.43777571491e-05, 0.00203679199331, -0.00527627579868, 0.0170487631112, -0.00743352854624], [0.000275467900792, -0.00182876188774, 0.00106801930815, -0.00247489660978, 0.000810604309663, -0.00183907139581, 0.00153000408318, 0.000211861726712, -0.00128403492272, 0.00113601330668, 0.00137864192948, -0.00743352854624, 0.0199906751513]]}, "erbbands_crest": {"min": 2.28501653671, "max": 31.8926010132, "var": 19.4374809265, "dmean": 2.0710940361, "mean": 9.22447776794, "median": 8.1237821579, "dvar": 4.28728199005, "dmean2": 3.13112401962, "dvar2": 9.73652648926}, "dissonance": {"min": 0.178041517735, "max": 0.500000178814, "var": 0.00167521391995, "dmean": 0.0206599719822, "mean": 0.444001436234, "median": 0.453579396009, "dvar": 0.000462224910734, "dmean2": 0.0340732596815, "dvar2": 0.00120466074441}, "silence_rate_30dB": {"min": 0, "max": 1, "var": 0.00111877603922, "dmean": 0.0020535797812, "mean": 0.99887996912, "median": 1, "dvar": 0.00204928219318, "dmean2": 0.00410754280165, "dvar2": 0.00595745118335}, "spectral_energyband_low": {"min": 1.86154528667e-23, "max": 0.119805201888, "var": 0.000103019337985, "dmean": 0.0039346376434, "mean": 0.0083616618067, "median": 0.00646401243284, "dvar": 9.82079145615e-05, "dmean2": 0.00658119749278, "dvar2": 0.000266762654064}, "barkbands_kurtosis": {"min": -1.9363001585, "max": 153.382888794, "var": 75.614151001, "dmean": 2.25708031654, "mean": 5.26868343353, "median": 2.87800788879, "dvar": 19.883020401, "dmean2": 3.40912604332, "dvar2": 45.3971214294}, "spectral_energyband_middle_low": {"min": 3.78373384522e-22, "max": 0.113166511059, "var": 0.000193744708668, "dmean": 0.00499959662557, "mean": 0.0144748687744, "median": 0.0110988831148, "dvar": 8.35171158542e-05, "dmean2": 0.0075993235223, "dvar2": 0.000200220572879}, "melbands": {"min": [1.75000035467e-24, 1.95319100512e-24, 4.9518538459e-24, 7.6361238643e-24, 7.65981177956e-24, 5.13638892202e-24, 3.76269217964e-24, 2.17099550105e-24, 5.92553933919e-24, 1.14680646208e-23, 7.77643303149e-24, 4.87391675505e-24, 5.22811964023e-24, 3.34566598969e-24, 2.92636373882e-24, 6.03845333929e-24, 6.10475788723e-24, 6.22969176095e-24, 3.75151993707e-24, 5.55627394389e-24, 7.20444971063e-24, 8.37690211963e-24, 8.00471754455e-24, 6.08376195981e-24, 5.52358157582e-24, 1.00879635112e-23, 7.44609910515e-24, 6.92002591126e-24, 5.65844247517e-24, 1.16082010274e-23, 8.90588699912e-24, 7.1578974509e-24, 7.67186636306e-24, 5.03838754847e-24, 5.76352032546e-24, 5.37698400393e-24, 6.45508667651e-24, 6.38577932953e-24, 1.21857355625e-23, 1.10622761489e-23], "max": [0.0220446679741, 0.0281511507928, 0.0247714705765, 0.0198649372905, 0.00987898744643, 0.00865083746612, 0.0140191474929, 0.0112035190687, 0.0111978994682, 0.00759530533105, 0.00876116752625, 0.00828808359802, 0.00341805093922, 0.00292449002154, 0.00267646322027, 0.00215735309757, 0.00192478601821, 0.00157627824228, 0.00102691305801, 0.00277545489371, 0.00112202041782, 0.000444425910246, 0.000524276751094, 0.000464708165964, 0.000169937484316, 0.00016151512682, 0.000130323198391, 0.000177024397999, 0.000200578622753, 0.000164466939168, 0.000204361014767, 0.000299782957882, 0.000152182314196, 0.000237859596382, 0.000155096931849, 6.41952065052e-05, 0.000106960273115, 0.000118666823255, 0.000155999165145, 5.63061803405e-05], "var": [2.4153969207e-06, 4.1945254452e-06, 2.42822034124e-06, 2.49500249083e-06, 5.00156943417e-07, 4.37153943267e-07, 8.48678268994e-07, 6.29912449313e-07, 4.37200100123e-07, 1.28809148237e-07, 1.01819018994e-07, 9.6015668305e-08, 2.35807231519e-08, 2.25063025994e-08, 1.10989146762e-08, 1.0221127944e-08, 8.74608740986e-09, 8.72188987699e-09, 5.32024690969e-09, 7.38352401441e-09, 1.44154943538e-09, 9.7668284571e-10, 9.82787073944e-10, 3.7917854967e-10, 8.23305312814e-11, 6.46778325342e-11, 5.17124849886e-11, 4.01701241715e-11, 3.77923907446e-11, 2.45400713639e-11, 3.14493708853e-11, 7.45589215367e-11, 3.99292751641e-11, 5.19845173852e-11, 3.05326666727e-11, 9.80978926562e-12, 9.54496464506e-12, 1.45791590606e-11, 1.25840631318e-11, 4.63307170406e-12], "dmean": [0.000575689424295, 0.000798432913143, 0.00069271272514, 0.000557982013561, 0.000229989425861, 0.000202049079235, 0.000221599286306, 0.000165106874192, 0.000161559204571, 7.1968708653e-05, 7.10416134098e-05, 5.7571560319e-05, 3.77467222279e-05, 4.02758305427e-05, 2.69485681201e-05, 2.53742782661e-05, 2.44561597356e-05, 1.92390689335e-05, 1.75463137566e-05, 1.60633753694e-05, 9.71085955825e-06, 8.2842016127e-06, 8.27114035928e-06, 5.31014484295e-06, 2.98268309962e-06, 2.90694197247e-06, 2.35854736275e-06, 2.08362939702e-06, 1.8558081365e-06, 1.48354251905e-06, 1.31491083266e-06, 1.71241333646e-06, 1.43213674164e-06, 1.28458430027e-06, 1.23967697618e-06, 8.69694474659e-07, 6.58767760342e-07, 7.33085869342e-07, 6.23426558377e-07, 4.83214250835e-07], "mean": [0.0012730488088, 0.00146437378135, 0.00105931854341, 0.00084557174705, 0.000536208390258, 0.000495603657328, 0.000501629605424, 0.000344652071362, 0.000396205316065, 0.000156057882123, 0.000159938892466, 0.000129850915982, 8.50843425724e-05, 7.7263401181e-05, 5.34555656486e-05, 4.41651354777e-05, 4.36516529589e-05, 3.34946271323e-05, 3.33670832333e-05, 3.13255222864e-05, 1.71296505869e-05, 1.72728541656e-05, 1.63815911947e-05, 9.29657198867e-06, 4.94793084727e-06, 4.68994312541e-06, 3.95393635699e-06, 3.07965137836e-06, 2.6378847906e-06, 2.24283485295e-06, 2.11393353311e-06, 2.91960645882e-06, 2.5541191917e-06, 2.27495775107e-06, 2.16637477024e-06, 1.51454730712e-06, 1.10855489766e-06, 1.17917852549e-06, 1.02138415059e-06, 8.2832031012e-07], "median": [0.00107098394074, 0.000979955075309, 0.000533479382284, 0.000363066181308, 0.000328201742377, 0.000287262024358, 0.000207736768061, 0.000113135465654, 0.000187650119187, 5.52319361304e-05, 7.2621871368e-05, 5.20582761965e-05, 3.56128075509e-05, 3.31015035044e-05, 2.37647600443e-05, 1.76104349521e-05, 1.56762907864e-05, 9.82809069683e-06, 9.54558618105e-06, 9.11053575692e-06, 5.21857509739e-06, 5.56068243895e-06, 5.09388110004e-06, 2.78973175227e-06, 1.9315471036e-06, 1.93290065909e-06, 1.57160070557e-06, 1.12068937597e-06, 8.84626160769e-07, 7.65836034589e-07, 6.01409510637e-07, 8.23744471745e-07, 7.75498392613e-07, 6.93450488143e-07, 6.57695125028e-07, 4.82169639326e-07, 3.77372657567e-07, 3.31123942487e-07, 2.65849848802e-07, 2.31125852679e-07], "dvar": [2.62400340034e-06, 4.21238382842e-06, 2.02857881959e-06, 2.23911661124e-06, 2.1865422184e-07, 1.51649373947e-07, 3.07117005605e-07, 1.94593610559e-07, 1.26945963075e-07, 5.20819511962e-08, 3.86701444199e-08, 2.65763766549e-08, 8.48921111185e-09, 1.01458752511e-08, 4.18445500472e-09, 5.36459499045e-09, 3.84909171203e-09, 3.1071059059e-09, 2.10400230571e-09, 2.52322784888e-09, 8.14921241599e-10, 3.38310601755e-10, 3.48133050165e-10, 2.02758532186e-10, 7.18585815851e-11, 5.37059979822e-11, 3.95771505846e-11, 3.89067562889e-11, 4.79324357983e-11, 2.6578968193e-11, 2.08005401098e-11, 4.09091267806e-11, 2.14792350572e-11, 2.57547195376e-11, 1.44718750872e-11, 5.72545309774e-12, 6.13909183905e-12, 7.43186068242e-12, 5.73675742327e-12, 2.05180815914e-12], "dmean2": [0.00095883209724, 0.00135994981974, 0.00114561326336, 0.000900820712559, 0.00035408011172, 0.000307324138703, 0.000326136272633, 0.000245940638706, 0.000218050146941, 0.000103376100014, 0.000106007850263, 8.47868795972e-05, 5.73392571823e-05, 6.11977593508e-05, 4.09518142988e-05, 3.94148555642e-05, 3.72157701349e-05, 2.95606878353e-05, 2.68260882876e-05, 2.43890026468e-05, 1.52833617904e-05, 1.29252421175e-05, 1.29899772219e-05, 8.52897937875e-06, 4.93345305586e-06, 4.8205793064e-06, 3.88589660361e-06, 3.57459612133e-06, 3.24261122842e-06, 2.51254982686e-06, 2.09891300074e-06, 2.73809382634e-06, 2.29481770475e-06, 2.02517776415e-06, 1.91510434888e-06, 1.34221590997e-06, 1.04103548892e-06, 1.12809289021e-06, 9.50305661718e-07, 7.33247702556e-07], "dvar2": [7.29030398361e-06, 1.16795445138e-05, 5.41389272257e-06, 5.84376675761e-06, 5.42189866337e-07, 3.63497633771e-07, 6.84630094838e-07, 4.16055115693e-07, 2.66110305347e-07, 1.02557358161e-07, 8.39838065758e-08, 5.51841843333e-08, 1.89578646115e-08, 2.21330154204e-08, 8.87888429446e-09, 1.24463701567e-08, 8.17480927395e-09, 6.78379263874e-09, 4.58936666448e-09, 5.08507325137e-09, 1.90552640333e-09, 7.72718056208e-10, 8.1907103322e-10, 4.9172566019e-10, 1.93389956826e-10, 1.44845399563e-10, 1.08147574229e-10, 1.06552613954e-10, 1.38577566089e-10, 7.47455222716e-11, 4.8828299043e-11, 9.21127896181e-11, 5.08266172206e-11, 5.52460334424e-11, 3.12171191674e-11, 1.32343146858e-11, 1.39125291149e-11, 1.55159149418e-11, 1.14097698303e-11, 4.2941171452e-12]}, "spectral_contrast_coeffs": {"min": [-0.977826654911, -0.977030098438, -0.980947673321, -0.974916338921, -0.960526525974, -0.962517499924], "max": [-0.34438213706, -0.37720015645, -0.423266559839, -0.475029677153, -0.543857216835, -0.630085110664], "var": [0.00497619435191, 0.00702317524701, 0.00454133655876, 0.00365159125067, 0.00202328991145, 0.00155382452067], "dmean": [0.0430954918265, 0.0396103747189, 0.0327899381518, 0.0273605771363, 0.0200423896313, 0.0160991642624], "mean": [-0.654877901077, -0.684394598007, -0.743588268757, -0.772120475769, -0.792936682701, -0.789294838905], "median": [-0.661354780197, -0.682581365108, -0.746160984039, -0.778024554253, -0.795902013779, -0.787238180637], "dvar": [0.00150714651681, 0.00129779602867, 0.000836386694573, 0.00059694936499, 0.000316586054396, 0.000258459098404], "dmean2": [0.0696843937039, 0.0625386163592, 0.052177157253, 0.0432265624404, 0.0316060371697, 0.0255777239799], "dvar2": [0.00385555648245, 0.00312034413218, 0.00195034139324, 0.0013053790899, 0.000713769870345, 0.000622051185928]}, "pitch_salience": {"min": 0.110671848059, "max": 0.959898591042, "var": 0.00873760413378, "dmean": 0.0548577979207, "mean": 0.569423556328, "median": 0.574282824993, "dvar": 0.00276422663592, "dmean2": 0.0879463925958, "dvar2": 0.00754158291966}, "erbbands_spread": {"min": 2.752628088, "max": 145.08694458, "var": 320.586975098, "dmean": 6.11625242233, "mean": 33.9989051819, "median": 30.6128234863, "dvar": 74.5297927856, "dmean2": 9.02017593384, "dvar2": 158.917633057}, "spectral_rolloff": {"min": 64.599609375, "max": 18906.1523438, "var": 1760934.375, "dmean": 285.081085205, "mean": 1078.09008789, "median": 796.728515625, "dvar": 573366.8125, "dmean2": 477.105163574, "dvar2": 1270112.75}, "erbbands_flatness_db": {"min": 0.0359779447317, "max": 0.408805221319, "var": 0.00294979801401, "dmean": 0.0144751966, "mean": 0.15080422163, "median": 0.140635609627, "dvar": 0.000253934063949, "dmean2": 0.0194155760109, "dvar2": 0.00045218699961}, "spectral_strongpeak": {"min": 0, "max": 13.2387447357, "var": 1.13874268532, "dmean": 0.387041181326, "mean": 0.799872159958, "median": 0.335998505354, "dvar": 0.461783796549, "dmean2": 0.64190018177, "dvar2": 1.08389401436}, "spectral_skewness": {"min": -0.0162956062704, "max": 8.78209590912, "var": 1.07031357288, "dmean": 0.245835155249, "mean": 2.12121915817, "median": 1.86086606979, "dvar": 0.112265966833, "dmean2": 0.38832744956, "dvar2": 0.28948494792}, "melbands_kurtosis": {"min": -1.7073829174, "max": 348.438262939, "var": 339.769989014, "dmean": 4.78425598145, "mean": 11.7993812561, "median": 6.80077838898, "dvar": 120.201766968, "dmean2": 7.35889005661, "dvar2": 285.872741699}, "spectral_entropy": {"min": 4.98334598541, "max": 9.81125354767, "var": 0.342271208763, "dmean": 0.14791020751, "mean": 7.33954906464, "median": 7.43542289734, "dvar": 0.0316108837724, "dmean2": 0.20847004652, "dvar2": 0.0591283552349}, "spectral_complexity": {"min": 0, "max": 59, "var": 89.8361053467, "dmean": 2.64146375656, "mean": 15.6819114685, "median": 16, "dvar": 14.162068367, "dmean2": 4.0896191597, "dvar2": 30.1821784973}, "hfc": {"min": 1.13117531102e-16, "max": 220.541717529, "var": 345.535430908, "dmean": 5.42206335068, "mean": 18.0236759186, "median": 13.3680896759, "dvar": 122.901802063, "dmean2": 7.77554321289, "dvar2": 277.200744629}, "erbbands": {"min": [1.04597263612e-22, 7.90823439692e-22, 4.97894389421e-21, 2.41341430537e-20, 4.08128006177e-20, 2.25702821731e-19, 1.84124988906e-19, 2.31422749817e-19, 2.68250045609e-19, 2.0715433047e-19, 6.44121820682e-19, 1.5876622402e-18, 1.69051087903e-18, 1.33464712956e-18, 1.40606032018e-18, 9.08498877417e-19, 2.27020153385e-18, 3.64869120043e-18, 3.97316644418e-18, 3.56533041984e-18, 5.74175138572e-18, 8.12910671652e-18, 8.56329961031e-18, 7.26340099411e-18, 1.41791065439e-17, 1.21273669254e-17, 1.30533195205e-17, 1.58673739023e-17, 1.28521169355e-17, 1.08093025957e-17, 1.02824241143e-17, 1.30926751197e-17, 1.15394284526e-17, 1.38253718539e-17, 7.48538649202e-18, 5.18310089696e-18, 3.24884470683e-18, 1.22535196202e-18, 3.02084136656e-19, 3.2744836352e-20], "max": [1.72801685333, 24.9935417175, 70.5020294189, 164.436767578, 258.778411865, 282.422973633, 347.28894043, 376.407440186, 963.725646973, 1164.85351563, 1342.26513672, 1106.37487793, 1813.71618652, 1884.94470215, 709.153442383, 1569.4095459, 859.608703613, 1029.57910156, 1116.72265625, 1610.36486816, 798.428710938, 399.753753662, 422.720214844, 187.162734985, 128.407089233, 207.860534668, 293.330780029, 287.158935547, 409.813751221, 312.376281738, 220.937423706, 139.932266235, 188.221832275, 95.6363372803, 23.8222332001, 13.2908220291, 4.23191404343, 1.14542937279, 0.106502480805, 0.00145593122579], "var": [0.0228113178164, 2.44330620766, 16.1760349274, 67.7865066528, 443.047790527, 369.531280518, 502.383361816, 855.92010498, 3456.08911133, 6841.90234375, 7257.70703125, 3286.71533203, 4082.88745117, 5042.47509766, 1709.85961914, 2874.30126953, 1804.59094238, 2460.34960938, 3605.95483398, 3929.8203125, 1103.26721191, 935.726074219, 535.269287109, 138.792160034, 96.3784103394, 86.6033782959, 85.00390625, 72.5407791138, 182.462905884, 134.830810547, 69.5956726074, 22.6069488525, 29.4016857147, 7.79696702957, 1.64878535271, 0.428977966309, 0.0789619162679, 0.00695835938677, 4.78860965814e-05, 1.29457591314e-08], "dmean": [0.0538911893964, 0.592328608036, 1.57875835896, 3.51026797295, 7.98812389374, 6.24458694458, 7.12376260757, 8.71649169922, 14.212720871, 15.9038944244, 20.5144023895, 11.8474464417, 14.1936283112, 13.663766861, 10.5799121857, 14.5136089325, 11.1392526627, 12.537115097, 12.1245746613, 12.9868497849, 8.0114736557, 7.77711963654, 6.2581744194, 3.70800542831, 3.3906416893, 3.04761981964, 2.71790003777, 2.1699244976, 2.74828791618, 2.2246773243, 1.95584237576, 1.08242332935, 1.00892305374, 0.57410299778, 0.357675462961, 0.208780094981, 0.0806555226445, 0.0237021241337, 0.00201537343673, 3.51304952346e-05], "mean": [0.128026515245, 1.14408314228, 2.62339735031, 5.16210842133, 11.3610448837, 10.7318286896, 16.7009429932, 21.0700035095, 32.3195724487, 32.6343688965, 51.2733688354, 27.6174983978, 32.6379814148, 32.1534957886, 24.5725212097, 29.1293926239, 20.9173145294, 23.7970333099, 22.4912109375, 26.7598209381, 15.922296524, 17.030834198, 12.748090744, 6.89127969742, 5.98882293701, 4.94043684006, 4.15151262283, 3.67970132828, 4.97951936722, 4.20730495453, 3.54406476021, 1.99688148499, 1.68204438686, 1.02223587036, 0.587182879448, 0.298737108707, 0.112704761326, 0.0295818671584, 0.00226338813081, 6.72757232678e-05], "median": [0.10620303452, 0.887659549713, 1.38903832436, 2.47158336639, 4.86499977112, 4.65601110458, 10.0023345947, 11.5933713913, 14.2248039246, 8.88802909851, 24.379699707, 11.7312488556, 15.6373090744, 14.6619234085, 12.4956874847, 13.3449745178, 9.22373199463, 9.24883365631, 7.20185661316, 7.73488998413, 5.4098277092, 5.84975147247, 4.49526882172, 2.87061738968, 2.63112235069, 1.95768380165, 1.53116667271, 1.17901206017, 1.47857832909, 1.36097955704, 1.10637187958, 0.706025183201, 0.476994007826, 0.298126459122, 0.164967134595, 0.0743113160133, 0.0254393331707, 0.00515932030976, 0.000257100502495, 3.72055255866e-05], "dvar": [0.022129163146, 2.84752964973, 15.1100711823, 60.712474823, 396.688262939, 259.839569092, 203.638519287, 298.705963135, 1293.29980469, 2092.48364258, 1968.43139648, 1251.81066895, 1564.6673584, 1383.98815918, 662.761474609, 1152.76416016, 847.666503906, 1026.66101074, 1203.22790527, 1231.56542969, 535.259094238, 287.060089111, 228.210769653, 106.767082214, 75.8105392456, 77.5815048218, 103.767280579, 50.2235183716, 92.0215148926, 61.2294540405, 32.400554657, 13.0455999374, 13.9998617172, 3.19065475464, 0.820229709148, 0.28259703517, 0.0520516335964, 0.00543177686632, 4.23613419116e-05, 9.41947764233e-09], "dmean2": [0.0890485495329, 0.998071968555, 2.69871234894, 5.89998817444, 12.8728923798, 10.1224966049, 10.9049339294, 13.3290252686, 20.8535690308, 23.7782459259, 27.724981308, 16.7179336548, 21.1295719147, 20.1656322479, 16.1282978058, 21.8946323395, 17.3103885651, 18.9087295532, 18.3807563782, 19.8708133698, 12.4056854248, 12.0292577744, 9.79525184631, 6.07248783112, 5.58336782455, 5.1589140892, 4.69987726212, 3.4850230217, 4.34679508209, 3.45943212509, 2.96822309494, 1.6731979847, 1.52164435387, 0.855050206184, 0.529647469521, 0.313322246075, 0.121065326035, 0.036372538656, 0.00316780130379, 5.29034805368e-05], "dvar2": [0.0609417408705, 8.00155925751, 42.2114639282, 167.134963989, 1005.75305176, 668.289489746, 509.4659729, 708.888549805, 2873.5793457, 4396.04199219, 4135.01464844, 2388.34643555, 3401.37817383, 2883.18701172, 1493.64660645, 2536.60351563, 1913.48803711, 2217.50219727, 2544.77636719, 2594.19189453, 1224.17480469, 658.418762207, 539.43145752, 282.392059326, 204.322494507, 212.98916626, 298.568786621, 122.027351379, 205.959945679, 128.704803467, 68.733039856, 28.666267395, 28.3022193909, 6.33378696442, 1.74695932865, 0.637133657932, 0.118994213641, 0.0129473814741, 0.000102756312117, 2.21255138655e-08]}, "erbbands_skewness": {"min": -3.53189992905, "max": 5.51132249832, "var": 0.499279290438, "dmean": 0.277941405773, "mean": 0.655513584614, "median": 0.617857933044, "dvar": 0.0858552828431, "dmean2": 0.408716648817, "dvar2": 0.18145686388}, "melbands_spread": {"min": 0.642719268799, "max": 199.74432373, "var": 152.207946777, "dmean": 3.73584508896, "mean": 17.618057251, "median": 15.3234233856, "dvar": 38.1045417786, "dmean2": 5.59186935425, "dvar2": 82.2164230347}, "spectral_kurtosis": {"min": -1.22329759598, "max": 113.734176636, "var": 159.842010498, "dmean": 2.41366386414, "mean": 8.54444503784, "median": 4.80945587158, "dvar": 25.3334007263, "dmean2": 3.9643907547, "dvar2": 71.4156188965}, "spectral_centroid": {"min": 152.426376343, "max": 11067.375, "var": 247503.234375, "dmean": 142.819763184, "mean": 916.202453613, "median": 826.564208984, "dvar": 44997.109375, "dmean2": 212.588241577, "dvar2": 91452.078125}, "melbands_flatness_db": {"min": 0.00624332856387, "max": 0.551300704479, "var": 0.00719306757674, "dmean": 0.0190783757716, "mean": 0.225746080279, "median": 0.206875354052, "dvar": 0.000486467964947, "dmean2": 0.0283350329846, "dvar2": 0.00100103847217}, "spectral_flux": {"min": 6.65613952844e-11, "max": 0.34259018302, "var": 0.00260850437917, "dmean": 0.0210817027837, "mean": 0.0647506937385, "median": 0.0532024204731, "dvar": 0.000958722725045, "dmean2": 0.0315727964044, "dvar2": 0.0019418267766}, "spectral_energyband_high": {"min": 7.66826639316e-21, "max": 0.025009509176, "var": 1.81099051133e-06, "dmean": 0.000328038207954, "mean": 0.000669409520924, "median": 0.000257480860455, "dvar": 8.41266739826e-07, "dmean2": 0.000482326780912, "dvar2": 1.81253039955e-06}, "barkbands": {"min": [4.96434664163e-24, 2.70991766137e-24, 4.88076998416e-24, 8.72389599943e-24, 4.72514934235e-23, 2.11457699741e-23, 1.46794724009e-23, 2.42818044613e-23, 8.32320262232e-23, 4.38135618679e-23, 3.93896961758e-23, 2.3611487262e-23, 4.37947522685e-23, 8.66039269655e-23, 4.7612798029e-23, 6.87850043098e-23, 1.4028288234e-22, 1.32345035745e-22, 2.3630286764e-22, 2.54409737148e-22, 4.50014576491e-22, 3.99026293135e-22, 3.34932619385e-22, 7.18782591856e-22, 1.17583330275e-21, 1.67011380551e-21, 2.28536311147e-21], "max": [0.00336307077669, 0.0988369137049, 0.0744669437408, 0.061830624938, 0.0751953944564, 0.0401319488883, 0.0593821629882, 0.0456150323153, 0.0488765798509, 0.0492045879364, 0.0238823834807, 0.0316933766007, 0.0191798657179, 0.018577830866, 0.0199784487486, 0.0296809654683, 0.00786785595119, 0.00720639387146, 0.00428392458707, 0.00459301890805, 0.00485918484628, 0.00983237940818, 0.00994288735092, 0.00806554686278, 0.00548487342894, 0.00220518745482, 0.000643907929771], "var": [4.21954595708e-08, 3.97816329496e-05, 1.28127367134e-05, 1.16866731332e-05, 4.08807791246e-05, 1.13621681521e-05, 2.33478276641e-05, 1.1985920537e-05, 6.25056645731e-06, 4.68319376523e-06, 1.24157384107e-06, 1.64810955994e-06, 9.34122567742e-07, 6.85581596827e-07, 1.38057362165e-06, 8.93719288797e-07, 4.04091679229e-07, 1.32594919933e-07, 4.17286720733e-08, 4.15975236479e-08, 3.85489826726e-08, 1.27510503489e-07, 1.04237443566e-07, 7.68246479765e-08, 4.22905479525e-08, 2.20529638995e-08, 1.94882932014e-09], "dmean": [6.26780092716e-05, 0.00236605247483, 0.00145865476225, 0.00149180856533, 0.00225230748765, 0.00108365935739, 0.00106458133087, 0.000884758017492, 0.000513057922944, 0.000493392988574, 0.00026382561191, 0.000346977467416, 0.000251520832535, 0.000225440511713, 0.000269518292043, 0.000175585009856, 0.000160814335686, 0.000104928869405, 7.0636117016e-05, 6.71438319841e-05, 5.69501207792e-05, 7.38518720027e-05, 6.73720714985e-05, 5.44551330677e-05, 5.08577577421e-05, 4.41084594058e-05, 1.27217663248e-05], "mean": [0.000162113414262, 0.00494351703674, 0.00217009731568, 0.00203544925898, 0.00381777412258, 0.00273565715179, 0.0022753875237, 0.00206726766191, 0.00106478587259, 0.00113674940076, 0.000578497827519, 0.000655336480122, 0.00043324221042, 0.000395327457227, 0.000511314487085, 0.000310565810651, 0.000352736213244, 0.000187882455066, 0.000120881981275, 0.000109306260129, 9.13079202292e-05, 0.000138161107316, 0.000124663187307, 9.62549383985e-05, 8.84495530045e-05, 6.34908938082e-05, 1.43095721796e-05], "median": [0.000110073575343, 0.00404016673565, 0.00103495083749, 0.000838135834783, 0.00195366516709, 0.00176585954614, 0.00070575310383, 0.000924150459468, 0.00031427067006, 0.000519961351529, 0.000211859238334, 0.000273316865787, 0.000168858168763, 0.000146044185385, 0.000145842102938, 8.93950855243e-05, 0.000112151872599, 6.16220931988e-05, 5.242467887e-05, 4.32365923189e-05, 3.09396564262e-05, 4.28135026596e-05, 3.92752699554e-05, 3.07454611175e-05, 2.63683577941e-05, 1.53697146743e-05, 1.62545654803e-06], "dvar": [2.3039651964e-08, 4.4571908802e-05, 1.22724632092e-05, 1.02242838693e-05, 3.37226010743e-05, 4.11276778323e-06, 8.1902171587e-06, 3.34067749463e-06, 2.39020255322e-06, 1.48555784563e-06, 4.42609547235e-07, 7.15291491815e-07, 4.63013975605e-07, 3.13429609378e-07, 4.76383092973e-07, 3.341075967e-07, 1.20502988921e-07, 6.93872195257e-08, 3.52356401834e-08, 3.76867284047e-08, 3.81981983821e-08, 6.32581844684e-08, 4.77416577382e-08, 3.77337912028e-08, 1.85587225587e-08, 1.42429987804e-08, 1.72686243083e-09], "dmean2": [0.000100579323771, 0.00394781818613, 0.00250273756683, 0.00249512842856, 0.00357750896364, 0.00164922245312, 0.00159001490101, 0.00123448937666, 0.000733674038202, 0.000728315673769, 0.000404260470532, 0.000524305389263, 0.000390965171391, 0.000347407476511, 0.000413603847846, 0.000269176613074, 0.000249521399383, 0.000167678226717, 0.000117151023005, 0.000113498572318, 9.55060168053e-05, 0.000115706468932, 0.000102477919427, 8.21888243081e-05, 7.52027990529e-05, 6.60444056848e-05, 1.99897804123e-05], "dvar2": [5.74004488385e-08, 0.000124236496049, 3.45733606082e-05, 2.78567804344e-05, 8.6392792582e-05, 1.02330368463e-05, 1.81249761226e-05, 7.295301657e-06, 4.78819674754e-06, 3.18996421811e-06, 9.77439754024e-07, 1.55662849011e-06, 1.04229559383e-06, 6.67923927722e-07, 1.01732814528e-06, 6.93019387654e-07, 2.76403369526e-07, 1.66282447367e-07, 9.51883905032e-08, 1.04497999587e-07, 1.05138859396e-07, 1.40677045124e-07, 9.97118121404e-08, 7.75565709432e-08, 3.82726561554e-08, 3.22343218784e-08, 4.19855572531e-09]}, "barkbands_flatness_db": {"min": 0.0242721550167, "max": 0.402804493904, "var": 0.00437115505338, "dmean": 0.015988972038, "mean": 0.139392122626, "median": 0.123142793775, "dvar": 0.000316920835758, "dmean2": 0.0236235056072, "dvar2": 0.000638397352304}, "erbbands_kurtosis": {"min": -1.7555949688, "max": 47.4925003052, "var": 5.89785432816, "dmean": 0.830327808857, "mean": 1.06777429581, "median": 0.39520907402, "dvar": 1.65495705605, "dmean2": 1.24447357655, "dvar2": 3.59085631371}, "spectral_energy": {"min": 1.02927497259e-20, "max": 0.160262957215, "var": 0.000485430413391, "dmean": 0.00808531418443, "mean": 0.0266805458814, "median": 0.0232110694051, "dvar": 0.000232195889112, "dmean2": 0.0125615121797, "dvar2": 0.000583288900089}, "spectral_spread": {"min": 752049.6875, "max": 40802680, "var": 3847194673150.0, "dmean": 587115.625, "mean": 4908692.5, "median": 4806952, "dvar": 746991976448, "dmean2": 842647.5, "dvar2": 1518250622980.0}, "spectral_contrast_valleys": {"min": [-27.2036647797, -27.4866981506, -27.5232372284, -27.7322425842, -27.274728775, -27.2100772858], "max": [-5.08233499527, -4.29501724243, -5.14849805832, -5.55965423584, -5.46996736526, -7.24716806412], "var": [1.63109767437, 1.56739854813, 1.53778874874, 1.84444332123, 2.57579731941, 3.06591868401], "dmean": [0.322562098503, 0.320600360632, 0.290174692869, 0.292741030455, 0.260409444571, 0.264643222094], "mean": [-7.19941854477, -6.97839736938, -7.59899044037, -8.16629695892, -8.35788249969, -10.5252790451], "median": [-6.81777954102, -6.71712350845, -7.30242776871, -7.85312700272, -7.92792606354, -10.0218601227], "dvar": [0.109089836478, 0.108781799674, 0.090628914535, 0.11145401001, 0.12021715194, 0.133265733719], "dmean2": [0.522406697273, 0.508842229843, 0.458258152008, 0.442011624575, 0.385035187006, 0.349632263184], "dvar2": [0.257506012917, 0.236929193139, 0.185923561454, 0.218187332153, 0.233540058136, 0.220710411668]}, "zerocrossingrate": {"min": 0.00390625, "max": 0.5390625, "var": 0.00141670927405, "dmean": 0.00870460551232, "mean": 0.0519838146865, "median": 0.0458984375, "dvar": 0.000148019433254, "dmean2": 0.0104184141383, "dvar2": 0.000171722800587}, "spectral_decrease": {"min": -4.10271852047e-08, "max": 1.13674352694e-17, "var": 3.02279092787e-17, "dmean": 2.04459071895e-09, "mean": -6.63600596695e-09, "median": -5.75010616899e-09, "dvar": 1.49891231588e-17, "dmean2": 3.19100301738e-09, "dvar2": 3.79196831238e-17}, "barkbands_skewness": {"min": -2.60573363304, "max": 9.53831768036, "var": 1.04065489769, "dmean": 0.373433917761, "mean": 1.66378307343, "median": 1.5