{"lowlevel": {"spectral_strongpeak": {"max": 9.17990684509, "dmean": 0.381254255772, "dvar2": 1.24714994431, "dmean2": 0.652143478394, "var": 0.56668305397, "median": 0.405105471611, "min": 0, "dvar": 0.477451115847, "mean": 0.621891438961}, "barkbands_flatness_db": {"max": 0.439546853304, "dmean": 0.0316299125552, "dvar2": 0.00211399304681, "dmean2": 0.0466365367174, "var": 0.00384306767955, "median": 0.151102975011, "min": 0.0089683001861, "dvar": 0.00100176536944, "mean": 0.156570658088}, "barkbands_skewness": {"max": 22.3749961853, "dmean": 1.08662927151, "dvar2": 3.59811544418, "dmean2": 1.58311283588, "var": 5.36155796051, "median": 1.99127197266, "min": -8.86324214935, "dvar": 1.70288920403, "mean": 2.46606326103}, "spectral_energyband_middle_high": {"max": 0.0740124806762, "dmean": 0.00191165483557, "dvar2": 2.20376568905e-05, "dmean2": 0.00284951482899, "var": 2.29224824579e-05, "median": 0.00211972533725, "min": 1.28502568745e-21, "dvar": 9.72152520262e-06, "mean": 0.00382806034759}, "erbbands_kurtosis": {"max": 48.8340148926, "dmean": 1.3078635931, "dvar2": 9.75022697449, "dmean2": 2.10750770569, "var": 7.00087165833, "median": 0.0084068775177, "min": -1.86495041847, "dvar": 3.95602321625, "mean": 0.787766873837}, "erbbands_crest": {"max": 32.4773254395, "dmean": 3.02417945862, "dvar2": 21.7026233673, "dmean2": 4.9258685112, "var": 19.0603599548, "median": 8.08169364929, "min": 2.01329040527, "dvar": 8.61842441559, "mean": 9.0869512558}, "dynamic_complexity": 4.6895647049, "barkbands_crest": {"max": 25.9510326385, "dmean": 3.54716825485, "dvar2": 25.9263477325, "dmean2": 5.63050794601, "var": 28.8753395081, "median": 12.7372522354, "min": 2.03272867203, "dvar": 10.6068992615, "mean": 13.2307319641}, "dissonance": {"max": 0.499999970198, "dmean": 0.0222683567554, "dvar2": 0.00148649094626, "dmean2": 0.036892067641, "var": 0.00109251774848, "median": 0.469246059656, "min": 0.251906663179, "dvar": 0.000564737303648, "mean": 0.460303395987}, "spectral_energyband_low": {"max": 0.255886077881, "dmean": 0.0164624396712, "dvar2": 0.00145008193795, "dmean2": 0.0248655546457, "var": 0.00155618030112, "median": 0.0198983941227, "min": 1.63853777975e-23, "dvar": 0.000737344846129, "mean": 0.0315305516124}, "spectral_contrast_coeffs": {"max": [-0.307906448841, -0.330008178949, -0.436674982309, -0.50506901741, -0.542535066605, -0.602526545525], "dmean": [0.0560387596488, 0.0631450638175, 0.0446183122694, 0.037808906287, 0.02879197523, 0.0200723409653], "dvar2": [0.00694440631196, 0.00640484131873, 0.00346523523331, 0.00238725706004, 0.00135736411903, 0.000681827485096], "dmean2": [0.0914709791541, 0.0975537002087, 0.0700611546636, 0.058741800487, 0.0433330275118, 0.0303730033338], "var": [0.00833310093731, 0.0101951770484, 0.00607288256288, 0.00403549196199, 0.00287568150088, 0.00190277467482], "median": [-0.662256479263, -0.71635633707, -0.774996042252, -0.777345299721, -0.788130581379, -0.789133191109], "min": [-0.967710614204, -0.962656259537, -0.968445599079, -0.959411561489, -0.964624106884, -0.956434965134], "dvar": [0.00263365497813, 0.00294587225653, 0.00151648081373, 0.0010992011521, 0.000680458906572, 0.000339056074154], "mean": [-0.653427541256, -0.704128086567, -0.763465166092, -0.770339429379, -0.780847549438, -0.785069108009]}, "silence_rate_60dB": {"max": 1, "dmean": 0.0114018693566, "dvar2": 0.0260232537985, "dmean2": 0.0228058695793, "var": 0.0991309732199, "median": 0, "min": 0, "dvar": 0.0112715829164, "mean": 0.1115783602}, "mfcc": {"icov": [[0.000115040267701, -7.71181075834e-05, -7.24875062588e-05, -7.15740898158e-05, 2.01717284654e-05, -8.1420665083e-05, 0.000144770005136, -8.76540507306e-05, -3.85405764973e-05, -7.37700102036e-05, -0.000217909095227, 1.36243727411e-06, 4.24813588324e-05], [-7.71181075834e-05, 0.00069201370934, 0.000206912198337, 0.000111427805678, -0.000383049744414, 0.000271063705441, -0.000324273685692, -0.000137073962833, -3.42967869074e-05, 0.000554127211217, -0.000277026701951, -0.000125103935716, -6.93923284416e-05], [-7.24875062588e-05, 0.000206912198337, 0.00156239978969, -0.000463980511995, -0.000360384321539, -0.000653515802696, -0.000567971554119, 0.000421781820478, -0.000629405491054, 0.000782589311711, 0.000320676277624, -0.000321937783156, -0.00026022005477], [-7.15740898158e-05, 0.000111427805678, -0.000463980511995, 0.00279810582288, -0.000913444091566, -0.000549407675862, -0.00010682787979, -0.000689703621902, 0.000221408336074, -0.000494724255987, 0.00101269898005, 0.000565394933801, -0.000936482625548], [2.01717284654e-05, -0.000383049744414, -0.000360384321539, -0.000913444091566, 0.00316770863719, -0.000539942819159, 0.000218172863242, 0.00051849213196, -0.000339869817253, -0.00161289749667, 4.18622112193e-05, 0.000478228146676, -7.42435004213e-05], [-8.1420665083e-05, 0.000271063705441, -0.000653515802696, -0.000549407675862, -0.000539942819159, 0.00596553599462, -0.0025020102039, 0.00101081759203, -0.000774059270043, 0.000523543567397, -0.00188904651441, -0.000355108699296, 0.00146847416181], [0.000144770005136, -0.000324273685692, -0.000567971554119, -0.00010682787979, 0.000218172863242, -0.0025020102039, 0.00715400604531, -0.00356933637522, 0.00020580230921, -0.000894306926057, 0.000677359756082, -0.000724893121514, -1.2515830349e-05], [-8.76540507306e-05, -0.000137073962833, 0.000421781820478, -0.000689703621902, 0.00051849213196, 0.00101081759203, -0.00356933637522, 0.0065584955737, -0.00162867701147, -3.8862319343e-05, -0.00136634998489, 0.000412167457398, -0.000744153221603], [-3.85405764973e-05, -3.42967869074e-05, -0.000629405491054, 0.000221408336074, -0.000339869817253, -0.000774059270043, 0.00020580230921, -0.00162867701147, 0.00763367814943, -0.0014121204149, 0.000238107080804, -0.000506229756866, 0.000310973293381], [-7.37700102036e-05, 0.000554127211217, 0.000782589311711, -0.000494724255987, -0.00161289749667, 0.000523543567397, -0.000894306926057, -3.8862319343e-05, -0.0014121204149, 0.00848607812077, -0.0032318753656, 0.000626114313491, -0.0012223306112], [-0.000217909095227, -0.000277026701951, 0.000320676277624, 0.00101269898005, 4.18622112193e-05, -0.00188904651441, 0.000677359756082, -0.00136634998489, 0.000238107080804, -0.0032318753656, 0.0114108258858, -0.00464874785393, 0.000487737532239], [1.36243727411e-06, -0.000125103935716, -0.000321937783156, 0.000565394933801, 0.000478228146676, -0.000355108699296, -0.000724893121514, 0.000412167457398, -0.000506229756866, 0.000626114313491, -0.00464874785393, 0.0132522694767, -0.00481106061488], [4.24813588324e-05, -6.93923284416e-05, -0.00026022005477, -0.000936482625548, -7.42435004213e-05, 0.00146847416181, -1.2515830349e-05, -0.000744153221603, 0.000310973293381, -0.0012223306112, 0.000487737532239, -0.00481106061488, 0.011997513473]], "cov": [[11669.3652344, 1236.67041016, 775.45501709, 584.419372559, 479.097625732, 457.944244385, 223.2472229, 368.001525879, 298.8934021, 280.232147217, 424.702941895, 173.137573242, 71.2086715698], [1236.67041016, 1863.80712891, -166.570373535, -36.6561584473, 140.282730103, -28.4603042603, 90.9040908813, 132.046676636, 27.3951778412, -17.0675373077, 98.549949646, 56.9581832886, 28.9490070343], [775.45501709, -166.570373535, 1077.76330566, 347.363800049, 237.864059448, 265.958190918, 174.806854248, 41.768321991, 126.137496948, 8.09059333801, -1.6202505827, 30.6947135925, 28.4025592804], [584.419372559, -36.6561584473, 347.363800049, 599.453063965, 255.603042603, 149.027038574, 121.148353577, 91.7596969604, 69.2546386719, 77.9281616211, -9.30520534515, -6.99257135391, 44.9215011597], [479.097625732, 140.282730103, 237.864059448, 255.603042603, 506.588378906, 124.135627747, 69.9814224243, 27.3861656189, 73.0364608765, 110.88470459, 30.0769863129, 0.353378623724, 22.261177063], [457.944244385, -28.4603042603, 265.958190918, 149.027038574, 124.135627747, 307.662719727, 143.102600098, 52.2276000977, 71.6838607788, 40.7041740417, 57.4493560791, 28.3381252289, -6.56834602356], [223.2472229, 90.9040908813, 174.806854248, 121.148353577, 69.9814224243, 143.102600098, 287.225219727, 160.975494385, 66.0509643555, 50.2209854126, 42.6232261658, 34.9725151062, 21.8809318542], [368.001525879, 132.046676636, 41.768321991, 91.7596969604, 27.3861656189, 52.2276000977, 160.975494385, 276.742675781, 73.1784439087, 52.8352584839, 57.8216056824, 31.2248153687, 32.2959022522], [298.8934021, 27.3951778412, 126.137496948, 69.2546386719, 73.0364608765, 71.6838607788, 66.0509643555, 73.1784439087, 174.767547607, 51.2723884583, 31.8407535553, 20.4176502228, 11.1145133972], [280.232147217, -17.0675373077, 8.09059333801, 77.9281616211, 110.88470459, 40.7041740417, 50.2209854126, 52.8352584839, 51.2723884583, 185.550567627, 66.5071868896, 21.4426326752, 27.671049118], [424.702941895, 98.549949646, -1.6202505827, -9.30520534515, 30.0769863129, 57.4493560791, 42.6232261658, 57.8216056824, 31.8407535553, 66.5071868896, 155.359024048, 61.9000701904, 19.5469932556], [173.137573242, 56.9581832886, 30.6947135925, -6.99257135391, 0.353378623724, 28.3381252289, 34.9725151062, 31.2248153687, 20.4176502228, 21.4426326752, 61.9000701904, 116.193084717, 44.0761451721], [71.2086715698, 28.9490070343, 28.4025592804, 44.9215011597, 22.261177063, -6.56834602356, 21.8809318542, 32.2959022522, 11.1145133972, 27.671049118, 19.5469932556, 44.0761451721, 109.76725769]], "mean": [-668.698059082, 106.451568604, 14.3070087433, 19.7012996674, 12.7418394089, 9.20852565765, 3.95411896706, 11.5971689224, 3.68954491615, 5.66023635864, 6.9564948082, 4.38248157501, 0.735654354095]}, "melbands_spread": {"max": 228.481506348, "dmean": 8.75095176697, "dvar2": 447.361938477, "dmean2": 13.1581802368, "var": 600.507446289, "median": 13.5442733765, "min": 0.262378901243, "dvar": 208.589431763, "mean": 20.8485965729}, "barkbands_kurtosis": {"max": 711.867797852, "dmean": 10.7826147079, "dvar2": 1560.44055176, "dmean2": 16.6639041901, "var": 902.78125, "median": 4.45251274109, "min": -1.90476369858, "dvar": 667.549499512, "mean": 13.587890625}, "spectral_energyband_high": {"max": 0.0235546082258, "dmean": 0.000767099088989, "dvar2": 8.8859378593e-06, "dmean2": 0.00105661794078, "var": 6.61149397274e-06, "median": 0.000378518161597, "min": 8.13681574256e-21, "dvar": 4.48179980594e-06, "mean": 0.00118798355106}, "hfc": {"max": 244.35357666, "dmean": 10.7711324692, "dvar2": 949.537536621, "dmean2": 15.5687561035, "var": 702.057128906, "median": 17.0771961212, "min": 1.19383245571e-16, "dvar": 443.633911133, "mean": 22.6367740631}, "spectral_skewness": {"max": 5.91915130615, "dmean": 0.248316138983, "dvar2": 0.126620203257, "dmean2": 0.350728243589, "var": 0.329797625542, "median": 1.61362612247, "min": -0.475175410509, "dvar": 0.066830471158, "mean": 1.59970104694}, "erbbands": {"max": [9.80305099487, 52.8155899048, 143.362701416, 260.533111572, 170.059265137, 225.352737427, 177.835601807, 218.611785889, 928.106201172, 1856.89953613, 1115.95214844, 1945.32421875, 1795.47607422, 878.710083008, 1970.07104492, 1375.26159668, 1127.82678223, 760.78704834, 937.545227051, 491.067749023, 608.048950195, 619.00213623, 389.715301514, 307.772949219, 400.736206055, 170.915725708, 167.833587646, 184.190490723, 260.605072021, 214.798141479, 151.795196533, 69.0049591064, 58.7276535034, 37.9889526367, 24.7682418823, 44.2608451843, 6.57060146332, 2.18951582909, 0.178760364652, 0.00470980722457], "dmean": [0.580508053303, 3.00590634346, 5.68712759018, 10.0736904144, 7.87881422043, 9.12306976318, 6.11827945709, 6.97847175598, 25.3003330231, 38.7490692139, 15.1677675247, 26.5058269501, 17.401725769, 11.3640413284, 17.1305160522, 18.1159076691, 16.3150215149, 16.509475708, 14.3097400665, 10.615111351, 10.1882972717, 10.6208543777, 8.51515293121, 8.20875453949, 6.3797955513, 4.96356725693, 4.01143169403, 4.75374794006, 7.09360551834, 5.87837696075, 4.23976325989, 2.29339981079, 1.60829889774, 0.966108977795, 0.640174806118, 0.739890873432, 0.166926383972, 0.0586949661374, 0.00996006093919, 0.000227606069529], "dvar2": [2.87167668343, 86.6667404175, 561.622375488, 3019.60546875, 1117.07495117, 721.600219727, 453.783996582, 541.100219727, 7468.01367188, 26600.9707031, 4946.93017578, 17874.234375, 8218.14257812, 2493.23681641, 11733.2597656, 7971.03369141, 4565.94580078, 3498.27246094, 2920.03149414, 1214.62585449, 942.168640137, 1189.21716309, 817.602600098, 475.123199463, 436.360076904, 418.442993164, 181.687362671, 255.838043213, 945.432922363, 664.855407715, 278.33416748, 54.4746818542, 18.9081554413, 8.80564785004, 9.16551589966, 31.526506424, 0.620442152023, 0.053188432008, 0.00136019196361, 5.35053800377e-07], "dmean2": [0.942195892334, 4.83268976212, 9.59152984619, 18.5903301239, 14.1550302505, 14.9734306335, 10.0774812698, 11.6540489197, 41.8730125427, 62.2344360352, 24.2306270599, 41.9179039001, 27.1144351959, 17.9666461945, 27.639787674, 28.5503520966, 25.6850547791, 25.620595932, 22.1449375153, 16.1855049133, 15.5762996674, 16.4410648346, 13.1729001999, 12.1007566452, 9.48318958282, 7.36346769333, 5.88372516632, 6.9115447998, 10.1991729736, 8.39031124115, 6.05846595764, 3.10810995102, 2.2093360424, 1.329018116, 0.921986699104, 1.16051185131, 0.24353222549, 0.0889932215214, 0.0152681590989, 0.00032893702155], "var": [1.46241867542, 44.2429924011, 192.833312988, 640.988464355, 277.026733398, 390.020263672, 192.304473877, 225.090454102, 3513.60473633, 12953.5166016, 2664.56640625, 10901.6015625, 4628.55566406, 1565.76245117, 5002.33398438, 4481.57324219, 2634.82202148, 2558.50537109, 1898.03564453, 950.081787109, 745.209838867, 878.804138184, 487.748352051, 431.993133545, 346.065124512, 250.712692261, 169.207763672, 263.669403076, 676.019226074, 442.049072266, 193.645706177, 52.7748413086, 23.8025112152, 8.70724964142, 4.57041501999, 10.3271579742, 0.320259839296, 0.0247950982302, 0.000664254184812, 3.64984231283e-07], "median": [0.319864362478, 2.30888032913, 3.17618989944, 2.19668030739, 2.58873963356, 3.00686621666, 1.41710150242, 1.59552299976, 4.32946252823, 7.62145709991, 4.94929599762, 4.90470314026, 5.18461084366, 4.63264131546, 5.32281160355, 4.58144807816, 6.13897418976, 5.82637453079, 4.76760721207, 4.49097681046, 6.36181974411, 5.53008270264, 5.1610584259, 5.64209508896, 3.50894522667, 1.72246038914, 1.83913087845, 1.980437994, 1.77204012871, 1.49041485786, 1.28340053558, 1.09241843224, 0.81869405508, 0.496637403965, 0.207556977868, 0.082617431879, 0.0365260951221, 0.0126739870757, 0.00179625803139, 0.000106672378024], "min": [3.74695172246e-22, 1.97106396317e-21, 3.37892415404e-21, 6.38941729728e-21, 1.05209147347e-19, 1.9235141642e-19, 4.04330988671e-20, 1.80913188759e-19, 8.02536627358e-19, 5.4964962632e-19, 6.57684739295e-19, 1.59473721937e-18, 1.21590194051e-18, 1.26154587011e-18, 2.04335345471e-18, 1.86345242483e-18, 3.63231178353e-18, 2.85100640095e-18, 5.31767491081e-18, 4.78777225706e-18, 1.01222769846e-17, 1.14306045713e-17, 1.08140564027e-17, 1.03717033722e-17, 1.41804548483e-17, 1.4369803108e-17, 2.22378938094e-17, 1.83118845183e-17, 1.46538139169e-17, 2.10920964598e-17, 3.09568572304e-17, 1.53926152441e-17, 1.50383437139e-17, 1.21178038903e-17, 6.75639676767e-18, 5.55188407022e-18, 4.13595807028e-18, 1.17449710475e-18, 3.31185358732e-19, 3.93747212734e-20], "dvar": [1.16090941429, 36.2712516785, 217.956848145, 1056.6373291, 385.170043945, 288.942932129, 192.257781982, 212.665390015, 3014.02416992, 10805.6904297, 1987.86181641, 6941.08935547, 3315.37573242, 1042.12792969, 4531.10205078, 3188.3996582, 1830.25402832, 1549.28857422, 1310.73620605, 547.678222656, 417.583984375, 516.214660645, 345.332092285, 216.988754272, 202.208908081, 187.006195068, 97.9425430298, 143.083068848, 489.937988281, 332.68157959, 135.374725342, 27.938243866, 10.3684940338, 4.46057605743, 3.85735583305, 12.2531003952, 0.268063604832, 0.0222737397999, 0.000585719244555, 2.59041684103e-07], "mean": [0.77393168211, 4.37359046936, 7.49831485748, 8.68107318878, 7.95599651337, 11.1226072311, 6.39719629288, 6.94219493866, 26.554101944, 43.4606590271, 20.2119903564, 34.7560768127, 22.9304904938, 15.9629268646, 22.1194190979, 23.5175209045, 22.5996685028, 22.9052600861, 19.0439281464, 15.3436403275, 15.9154119492, 15.717751503, 12.6978054047, 13.5464906693, 10.1850786209, 7.0389289856, 6.04575490952, 7.40040779114, 9.29157829285, 7.48272132874, 5.78749227524, 3.69316387177, 2.73215150833, 1.56977641582, 0.876780748367, 0.747284054756, 0.212036073208, 0.0689555555582, 0.0114389816299, 0.000327406363795]}, "spectral_contrast_valleys": {"max": [-4.95185089111, -4.55694723129, -4.94808530807, -5.537940979, -5.42579221725, -7.43401098251], "dmean": [0.425087243319, 0.533354282379, 0.442184656858, 0.414713144302, 0.328838407993, 0.334535598755], "dvar2": [0.335468918085, 0.539865076542, 0.419162720442, 0.355711191893, 0.266876727343, 0.241622313857], "dmean2": [0.659114420414, 0.812591731548, 0.681252837181, 0.617239177227, 0.471841007471, 0.425685375929], "var": [3.84748506546, 1.65639877319, 1.49245965481, 1.37267720699, 1.25185954571, 1.75047254562], "median": [-6.88888597488, -7.37556838989, -7.68126821518, -7.97972154617, -7.84676074982, -9.78770160675], "min": [-27.435005188, -27.1124153137, -27.4866218567, -27.2275524139, -27.0253791809, -27.2809238434], "dvar": [0.168968766928, 0.263436973095, 0.194742813706, 0.173102110624, 0.145721912384, 0.154841586947], "mean": [-7.48338794708, -7.48079156876, -7.80210065842, -8.13389778137, -7.98516273499, -9.99613285065]}, "average_loudness": 0.921827197075, "erbbands_spread": {"max": 196.224014282, "dmean": 13.34582901, "dvar2": 484.5184021, "dmean2": 19.7033996582, "var": 789.502929688, "median": 42.0611343384, "min": 1.87766122818, "dvar": 236.771011353, "mean": 47.2291412354}, "melbands_flatness_db": {"max": 0.606389164925, "dmean": 0.038696270436, "dvar2": 0.0030349730514, "dmean2": 0.055478297174, "var": 0.00762519240379, "median": 0.242130845785, "min": 0.0078702531755, "dvar": 0.00153906887863, "mean": 0.241257205606}, "barkbands_spread": {"max": 122.10105896, "dmean": 8.46229934692, "dvar2": 239.084686279, "dmean2": 12.6600399017, "var": 328.326416016, "median": 17.1584663391, "min": 0.265970170498, "dvar": 123.146865845, "mean": 22.1160240173}, "spectral_decrease": {"max": 2.08907943028e-11, "dmean": 5.07255970561e-09, "dvar2": 1.18288706949e-16, "dmean2": 7.84697817835e-09, "var": 1.3813329924e-16, "median": -8.68117222552e-09, "min": -6.92362434052e-08, "dvar": 5.8586939621e-17, "mean": -1.18164473761e-08}, "melbands_crest": {"max": 37.1986236572, "dmean": 4.21469831467, "dvar2": 41.2833251953, "dmean2": 6.84818744659, "var": 45.8110313416, "median": 18.9057044983, "min": 2.17543458939, "dvar": 15.8472080231, "mean": 18.7311344147}, "erbbands_flatness_db": {"max": 0.43696591258, "dmean": 0.0216714907438, "dvar2": 0.000832024263218, "dmean2": 0.0312326289713, "var": 0.00283179199323, "median": 0.127967327833, "min": 0.0275887064636, "dvar": 0.000449499493698, "mean": 0.134715348482}, "melbands_kurtosis": {"max": 949.066833496, "dmean": 27.8196754456, "dvar2": 6563.46972656, "dmean2": 42.3069114685, "var": 4981.92431641, "median": 14.5879402161, "min": -1.78270900249, "dvar": 2869.10253906, "mean": 41.7720527649}, "spectral_rms": {"max": 0.0160175636411, "dmean": 0.0012884575408, "dvar2": 5.34334776603e-06, "dmean2": 0.00196075486019, "var": 1.05007857201e-05, "median": 0.00583579950035, "min": 3.20265385392e-12, "dvar": 2.64875802714e-06, "mean": 0.00591714540496}, "melbands_skewness": {"max": 24.670091629, "dmean": 1.55082964897, "dvar2": 6.73683309555, "dmean2": 2.25237631798, "var": 11.719408989, "median": 3.33370518684, "min": -6.38741636276, "dvar": 3.27468681335, "mean": 4.22593259811}, "barkbands": {"max": [0.0313858389854, 0.249787986279, 0.147061258554, 0.0861596986651, 0.0460590086877, 0.0218128301203, 0.0791607052088, 0.0647352784872, 0.0897662639618, 0.0378996953368, 0.0665492266417, 0.0401801578701, 0.0306849163026, 0.0153526524082, 0.0158335696906, 0.00857032556087, 0.0104362908751, 0.00554549181834, 0.00546980649233, 0.00399410398677, 0.0038372867275, 0.007329354994, 0.0051115299575, 0.00324750924483, 0.00282497215085, 0.00686465762556, 0.000894565077033], "dmean": [0.0013369313674, 0.0149280894548, 0.00580867100507, 0.00329804280773, 0.00230502826162, 0.000754572160076, 0.00249352585524, 0.000891991541721, 0.00113931577653, 0.000384831917472, 0.000408389634686, 0.000470159662655, 0.000380133104045, 0.000331438175635, 0.0002595584956, 0.00018763524713, 0.000203359100851, 0.000149285508087, 0.00015344186977, 0.000109217246063, 0.000101848963823, 0.000197144850972, 0.000153416098328, 9.73205460468e-05, 8.00615234766e-05, 0.000132847941131, 5.02043731103e-05], "dvar2": [1.65921701409e-05, 0.00178253254853, 0.000764843309298, 0.000341577891959, 4.54364271718e-05, 6.55564099361e-06, 7.43784330552e-05, 2.25104140554e-05, 2.95274294331e-05, 3.54492863153e-06, 6.5952785917e-06, 5.38850918019e-06, 2.49263189289e-06, 1.49658831106e-06, 9.19759315821e-07, 3.37738327971e-07, 4.2794877686e-07, 2.57258022884e-07, 1.67053684663e-07, 2.00838641717e-07, 1.07728403975e-07, 7.96701669969e-07, 3.58106433396e-07, 7.39756131907e-08, 7.69848469417e-08, 7.68955942476e-07, 3.24264348706e-08], "dmean2": [0.00223595811985, 0.0239300578833, 0.0102670276538, 0.00621127709746, 0.00378534803167, 0.00124284019694, 0.00407452927902, 0.00145726662595, 0.00179176207166, 0.00062365073245, 0.000658226315863, 0.000751640589442, 0.000607770984061, 0.000527035794221, 0.000402918434702, 0.000289975549094, 0.000320972845657, 0.000231638026889, 0.000225962969125, 0.000161294970894, 0.000149945626617, 0.000286053691525, 0.000215029562241, 0.000131944427267, 0.000109420157969, 0.000203595671337, 7.57120578783e-05], "var": [9.22972503759e-06, 0.00103542266879, 0.000197944566025, 6.72016758472e-05, 2.21020673052e-05, 2.72676766144e-06, 3.78740078304e-05, 9.34781110118e-06, 1.86554916581e-05, 1.76673097485e-06, 2.85450823867e-06, 2.82799237539e-06, 1.44872831243e-06, 9.56241592576e-07, 6.17798775693e-07, 2.5248516522e-07, 3.06090186086e-07, 1.41069321558e-07, 1.69619042367e-07, 1.22181518236e-07, 1.1507295028e-07, 5.14147302511e-07, 2.70388369472e-07, 8.93478642183e-08, 6.23782554499e-08, 2.74879482731e-07, 1.72796816855e-08], "median": [0.000450627529062, 0.0124311633408, 0.00155231158715, 0.000433177105151, 0.000938808952924, 0.000125290025608, 0.000407567888033, 0.000171799765667, 0.00020061856776, 0.000112553672807, 0.000119133466796, 0.000112307985546, 0.000120143595268, 9.4351489679e-05, 7.56495865062e-05, 9.33128467295e-05, 9.36319556786e-05, 8.79467697814e-05, 9.21728933463e-05, 3.51257222064e-05, 5.19005625392e-05, 4.78929141536e-05, 4.67662212031e-05, 5.29080643901e-05, 3.79762313969e-05, 1.97864792426e-05, 9.40112295211e-06], "min": [5.81667613984e-24, 1.00906022509e-23, 3.28983120368e-24, 1.29580501102e-24, 5.01654793431e-23, 1.17207257247e-23, 5.91200382712e-23, 1.58242152817e-23, 7.00213197422e-23, 3.7454576199e-23, 4.68047330939e-23, 3.49863503335e-23, 8.7199516949e-23, 8.67484399725e-23, 6.97482918275e-23, 1.7063694993e-22, 1.85454875308e-22, 1.92030087751e-22, 2.59855275532e-22, 3.36886747755e-22, 5.09318387798e-22, 4.99315480059e-22, 9.09124908545e-22, 8.27915603725e-22, 9.82233760451e-22, 1.86147060994e-21, 2.42038398865e-21], "dvar": [6.11050927546e-06, 0.000774803454988, 0.000279836705886, 0.000116742026876, 1.77237216121e-05, 2.64897607849e-06, 3.0379222153e-05, 8.81285268406e-06, 1.16716182674e-05, 1.37965389513e-06, 2.59570106209e-06, 2.11416931961e-06, 1.01238697425e-06, 6.46752084776e-07, 4.14028619389e-07, 1.5028022915e-07, 1.84613355714e-07, 1.05706192244e-07, 8.09817990444e-08, 9.23149556797e-08, 5.98588840717e-08, 3.94729113395e-07, 1.82799794857e-07, 3.99834476639e-08, 3.68893182667e-08, 3.04208981561e-07, 1.43558516186e-08], "mean": [0.00183276610915, 0.0222281124443, 0.00604990078136, 0.0026261608582, 0.00284166703932, 0.000727437902242, 0.0027067323681, 0.00102280743886, 0.00149936974049, 0.000480172107928, 0.000511086313054, 0.000577665050514, 0.000496410299093, 0.000423147459514, 0.00033001365955, 0.000271140917903, 0.000286267779302, 0.000216059677768, 0.000251085759373, 0.000149662228068, 0.00016288702318, 0.000252312194789, 0.000211429491173, 0.00016642283299, 0.000126078492031, 0.000144854406244, 5.95163655817e-05]}, "spectral_kurtosis": {"max": 46.0419311523, "dmean": 1.42596769333, "dvar2": 7.41137313843, "dmean2": 2.11215519905, "var": 10.3889570236, "median": 3.86070871353, "min": -1.21651136875, "dvar": 3.2704513073, "mean": 4.3794336319}, "erbbands_skewness": {"max": 6.13633871078, "dmean": 0.506714046001, "dvar2": 0.53779309988, "dmean2": 0.759679973125, "var": 0.866473317146, "median": 0.19926597178, "min": -5.10318660736, "dvar": 0.249617606401, "mean": 0.201417431235}, "melbands": {"max": [0.0757502838969, 0.0630379244685, 0.0400389172137, 0.012797029689, 0.00652460101992, 0.00481129204854, 0.0141883827746, 0.0181605126709, 0.00800886750221, 0.01485209167, 0.00879586767405, 0.00291664642282, 0.0093563599512, 0.00501770107076, 0.00317173381336, 0.00366865121759, 0.00167113938369, 0.00197939970531, 0.00097837287467, 0.000560468237381, 0.000717948249076, 0.000790280813817, 0.000347184657585, 0.000310125848046, 0.000291343661956, 0.00024172225676, 0.000269404990831, 0.000127150167827, 0.000120823911857, 0.000104415383248, 0.000116335599159, 0.000147155849845, 0.000144277466461, 0.00012661832443, 9.04163680389e-05, 6.7437911639e-05, 4.18871604779e-05, 4.32775632362e-05, 3.36685952789e-05, 3.78040858777e-05], "dmean": [0.00455065490678, 0.00284808478318, 0.0016515981406, 0.000581073341891, 0.000249896635069, 0.000157317859703, 0.000428803556133, 0.000379826611606, 0.00012134903227, 0.00017305399524, 8.59262581798e-05, 4.57752394141e-05, 5.66734124732e-05, 5.34441860509e-05, 4.23279598181e-05, 3.88121552533e-05, 3.17190570058e-05, 2.49430759141e-05, 2.00309787033e-05, 1.25581627799e-05, 1.26970890051e-05, 1.15738921522e-05, 1.01824944068e-05, 6.65227389618e-06, 7.13199324309e-06, 5.64428592043e-06, 4.34164894614e-06, 3.07059758597e-06, 2.61594391304e-06, 2.72118427347e-06, 2.93818106911e-06, 4.18830404669e-06, 3.70780344383e-06, 3.1817346553e-06, 2.60588331003e-06, 1.91621211343e-06, 1.3280366602e-06, 1.24224413867e-06, 9.31557678996e-07, 8.1052422729e-07], "dvar2": [0.000166864600033, 8.0176636402e-05, 7.65779768699e-05, 3.15912097903e-06, 6.09382425409e-07, 2.75501093938e-07, 2.07681750908e-06, 2.60281285591e-06, 3.31051751346e-07, 7.69424332248e-07, 2.04943148674e-07, 3.93013124267e-08, 1.38158384289e-07, 7.37390095651e-08, 3.77017315145e-08, 2.74348792573e-08, 1.40879414801e-08, 1.04432906767e-08, 5.42112577051e-09, 1.77100223375e-09, 1.57850965632e-09, 1.5256239605e-09, 1.44347922504e-09, 5.11247655322e-10, 3.62492036388e-10, 2.87512930131e-10, 2.76905415264e-10, 1.734139915e-10, 9.00501201384e-11, 8.79308292845e-11, 1.03657998851e-10, 3.12595782592e-10, 2.96344365713e-10, 1.72762484874e-10, 1.05225481106e-10, 5.9116649076e-11, 1.49654490189e-11, 1.18898233273e-11, 6.54459472726e-12, 7.09636125903e-12], "dmean2": [0.00730573106557, 0.00441301986575, 0.00303221610375, 0.000969585380517, 0.000409144646255, 0.000262060959358, 0.000704212114215, 0.000609986600466, 0.000192878156668, 0.000272971723462, 0.000134250003612, 7.29300736566e-05, 9.13104086067e-05, 8.50686483318e-05, 6.71544548823e-05, 6.16024844931e-05, 4.99199450132e-05, 3.92113252019e-05, 3.16654914059e-05, 1.91688723135e-05, 1.96310957108e-05, 1.78825957846e-05, 1.62877331604e-05, 1.03036163637e-05, 1.06152483568e-05, 8.43284033181e-06, 6.53704773868e-06, 4.65828998131e-06, 3.84817940358e-06, 4.01727220378e-06, 4.35942183685e-06, 6.0452280195e-06, 5.50608228878e-06, 4.52354879599e-06, 3.81287372875e-06, 2.70089344667e-06, 1.84099792477e-06, 1.73169144091e-06, 1.32502964334e-06, 1.13219527975e-06], "var": [9.35759817366e-05, 4.8649868404e-05, 1.65516667039e-05, 1.40746101351e-06, 2.90961992278e-07, 1.17771413954e-07, 1.02329124729e-06, 1.24434461668e-06, 1.96487846438e-07, 4.66072037852e-07, 1.13656533074e-07, 2.45079228023e-08, 5.73048417607e-08, 3.93329209203e-08, 2.05609289594e-08, 1.66065756702e-08, 9.58403489904e-09, 5.88941606594e-09, 3.53385742891e-09, 1.28924437792e-09, 1.13976661442e-09, 1.13949993885e-09, 7.18741344219e-10, 2.78592565683e-10, 3.28977983743e-10, 2.63315202975e-10, 1.70925593124e-10, 9.87200043934e-11, 6.5361098478e-11, 7.53342874193e-11, 9.62965263085e-11, 2.2694246482e-10, 1.78245362914e-10, 1.23006882458e-10, 7.0130928842e-11, 3.94217297695e-11, 1.60639904156e-11, 1.41101540174e-11, 7.17213441415e-12, 6.23258215871e-12], "median": [0.00337920035236, 0.00250858208165, 0.000430157204391, 0.000236289706663, 6.60772493575e-05, 2.84951111098e-05, 7.40033210604e-05, 7.88217948866e-05, 2.8438256777e-05, 2.96961479762e-05, 2.34866492974e-05, 1.75974109879e-05, 1.66511072166e-05, 1.40720876516e-05, 8.90441242518e-06, 1.24672960737e-05, 8.86494035512e-06, 6.90254091751e-06, 5.84781537327e-06, 5.73990200792e-06, 7.00229702488e-06, 5.52168694412e-06, 4.00523776989e-06, 4.02124533139e-06, 4.2739275159e-06, 2.77080584965e-06, 1.51732149334e-06, 8.9149938276e-07, 9.66675884229e-07, 1.18905302315e-06, 1.09244388113e-06, 9.97431357064e-07, 8.18998671548e-07, 7.87046246842e-07, 7.33240938189e-07, 6.38422079646e-07, 6.44574470243e-07, 5.58763247227e-07, 4.99841007695e-07, 3.67819893654e-07], "min": [3.38812090589e-24, 2.15922628799e-24, 2.78647010412e-24, 1.29884599092e-23, 2.40576602847e-24, 4.38439227576e-24, 1.13456681182e-23, 4.75957846659e-24, 6.64444208718e-24, 9.95063544933e-24, 6.00285756866e-24, 5.05228412218e-24, 6.97969219468e-24, 4.71225903962e-24, 6.76274519056e-24, 7.35730334393e-24, 5.24909702942e-24, 9.48044200652e-24, 6.27469588116e-24, 6.14605081132e-24, 1.39776843846e-23, 1.17049082747e-23, 9.3434287002e-24, 9.93798133155e-24, 7.48751903584e-24, 1.27447294997e-23, 7.3387098924e-24, 9.87989986968e-24, 1.37614055457e-23, 1.48239017886e-23, 9.60680884607e-24, 7.4086029686e-24, 1.15093046912e-23, 1.10769749941e-23, 1.88281991865e-23, 1.22737456182e-23, 8.4233226396e-24, 1.02178510369e-23, 1.18310171567e-23, 9.19038574028e-24], "dvar": [7.09149899194e-05, 3.6024608562e-05, 2.68259955192e-05, 1.19189553516e-06, 2.59763481836e-07, 1.09850475383e-07, 8.44018245516e-07, 1.05223477931e-06, 1.34220783821e-07, 2.99271164295e-07, 8.29933881619e-08, 1.64151270354e-08, 5.34390238727e-08, 2.90688184634e-08, 1.51653551939e-08, 1.13263904922e-08, 6.19510265309e-09, 4.51571668947e-09, 2.39722397488e-09, 7.77087727499e-10, 6.85605905382e-10, 6.68251676217e-10, 5.78876946378e-10, 2.08181208383e-10, 1.64539964986e-10, 1.36282457541e-10, 1.25665478024e-10, 7.55783075013e-11, 4.38187160168e-11, 4.4093454582e-11, 5.54781359741e-11, 1.62184862762e-10, 1.43114811668e-10, 8.86284101664e-11, 5.05060472611e-11, 2.71031565247e-11, 7.82663083648e-12, 6.35711275287e-12, 3.37116272398e-12, 3.42860939292e-12], "mean": [0.00651286588982, 0.00469281151891, 0.00147943827324, 0.000702482415363, 0.000278727617115, 0.000153191562276, 0.000459262082586, 0.000429988402175, 0.000158955852385, 0.00022457925661, 0.000109559819975, 6.13471711404e-05, 7.08615698386e-05, 6.69200890115e-05, 5.27001575392e-05, 5.14890816703e-05, 4.12883273384e-05, 3.10029827233e-05, 2.51884594036e-05, 1.78812879312e-05, 1.87966797967e-05, 1.67405814864e-05, 1.33509320221e-05, 9.76254523266e-06, 1.13328169391e-05, 8.73973931448e-06, 6.03168109592e-06, 4.18377749156e-06, 3.57605108547e-06, 3.95005372411e-06, 4.3903733058e-06, 5.42807720194e-06, 4.53542998002e-06, 4.02492378271e-06, 3.43321789842e-06, 2.71079375125e-06, 2.12466534322e-06, 2.03996000891e-06, 1.52342533966e-06, 1.2577780808e-06]}, "spectral_centroid": {"max": 10805.3115234, "dmean": 353.483978271, "dvar2": 332987.75, "dmean2": 510.694732666, "var": 769884.25, "median": 1159.54296875, "min": 122.665184021, "dvar": 193037.9375, "mean": 1392.82470703}, "pitch_salience": {"max": 0.886229276657, "dmean": 0.0936670601368, "dvar2": 0.0211343020201, "dmean2": 0.149490192533, "var": 0.0228817798197, "median": 0.448086053133, "min": 0.0566569827497, "dvar": 0.00849550031126, "mean": 0.449889957905}, "gfcc": {"icov": [[9.35709977057e-05, -6.8595065386e-05, -8.68785718922e-05, -4.26640363003e-05, 4.99893867527e-05, -0.000107398213004, 2.31232424994e-05, -7.42222546251e-05, -0.000154921945068, -5.82347529416e-05, 0.000143150318763, -6.56212505419e-05, 0.000194350199308], [-6.8595065386e-05, 0.00084604753647, 0.000106219842564, 0.000271276716376, -0.000424932135502, 0.000367977714632, -0.000715246482287, 0.000862327055074, -0.00090184470173, 0.00133837480098, -0.00126129458658, 0.000911991519388, -0.000513317354489], [-8.68785718922e-05, 0.000106219842564, 0.00102506997064, -0.000302579137497, -0.000749437720515, -0.000176744302735, -9.17800716707e-05, 0.000248190423008, 0.000425232399721, -0.000498853332829, 0.000726713100448, -0.000774922780693, 0.000119965385238], [-4.26640363003e-05, 0.000271276716376, -0.000302579137497, 0.001804132713, -0.000354356132448, -0.000239754401264, -0.000422179466113, 0.000387376960134, -0.000489973521326, 0.000630686176009, -0.00103950523771, 0.000900118786376, -0.00135699787643], [4.99893867527e-05, -0.000424932135502, -0.000749437720515, -0.000354356132448, 0.00304460967891, -0.000519617111422, 0.00025825938792, -0.000917262921575, -0.000613131909631, 0.00031460711034, -6.00526145718e-05, 0.000809131830465, 0.000353203387931], [-0.000107398213004, 0.000367977714632, -0.000176744302735, -0.000239754401264, -0.000519617111422, 0.00542611116543, -0.00303348503076, 0.000706102757249, -0.000336861237884, -0.00086575106252, -0.000498307694215, 0.00129407853819, -1.99063433683e-05], [2.31232424994e-05, -0.000715246482287, -9.17800716707e-05, -0.000422179466113, 0.00025825938792, -0.00303348503076, 0.00658554304391, -0.00409540021792, 0.00243920902722, -0.00101268198341, 0.00116312049795, -0.00297299213707, 0.00135876669083], [-7.42222546251e-05, 0.000862327055074, 0.000248190423008, 0.000387376960134, -0.000917262921575, 0.000706102757249, -0.00409540021792, 0.0105511853471, -0.00639555649832, 0.00469842785969, -0.00316405319609, 0.00182154285721, -0.00044459302444], [-0.000154921945068, -0.00090184470173, 0.000425232399721, -0.000489973521326, -0.000613131909631, -0.000336861237884, 0.00243920902722, -0.00639555649832, 0.0130012705922, -0.00789717491716, 0.00191290525254, -0.0013331528753, 0.000520940171555], [-5.82347529416e-05, 0.00133837480098, -0.000498853332829, 0.000630686176009, 0.00031460711034, -0.00086575106252, -0.00101268198341, 0.00469842785969, -0.00789717491716, 0.0145226707682, -0.00587684940547, 0.00265437271446, -0.001532753231], [0.000143150318763, -0.00126129458658, 0.000726713100448, -0.00103950523771, -6.00526145718e-05, -0.000498307694215, 0.00116312049795, -0.00316405319609, 0.00191290525254, -0.00587684940547, 0.0125810932368, -0.00510247750208, 0.00234802463092], [-6.56212505419e-05, 0.000911991519388, -0.000774922780693, 0.000900118786376, 0.000809131830465, 0.00129407853819, -0.00297299213707, 0.00182154285721, -0.0013331528753, 0.00265437271446, -0.00510247750208, 0.0148132126778, -0.00409946264699], [0.000194350199308, -0.000513317354489, 0.000119965385238, -0.00135699787643, 0.000353203387931, -1.99063433683e-05, 0.00135876669083, -0.00044459302444, 0.000520940171555, -0.001532753231, 0.00234802463092, -0.00409946264699, 0.0124530391768]], "cov": [[15597.8017578, 1032.28259277, 1989.19628906, 766.808898926, 774.626342773, 746.995849609, 575.707214355, 395.841217041, 483.164154053, 186.02671814, -4.16621255875, -27.5174541473, -211.531417847], [1032.28259277, 1965.89233398, -167.107925415, -94.7017745972, 260.525543213, -13.8363084793, 141.339477539, 74.6169967651, 94.3613433838, -92.6820755005, 118.063110352, -52.7503547668, -18.9356365204], [1989.19628906, -167.107925415, 1781.32788086, 461.318939209, 463.359588623, 265.011047363, 177.084625244, 25.8061733246, 26.6703948975, 55.822517395, -63.123626709, 37.138217926, -6.06006002426], [766.808898926, -94.7017745972, 461.318939209, 798.180908203, 216.956359863, 161.218688965, 112.842315674, 51.5143165588, 50.0506706238, 33.576587677, 29.1168670654, -3.61128330231, 45.6532554626], [774.626342773, 260.525543213, 463.359588623, 216.956359863, 562.654418945, 140.700759888, 111.704460144, 102.05178833, 81.7613525391, 10.9436254501, 16.7927627563, -29.4426307678, -21.3828411102], [746.995849609, -13.8363084793, 265.011047363, 161.218688965, 140.700759888, 342.078704834, 197.678573608, 72.5871582031, 43.9233169556, 43.850944519, 19.3195953369, -1.43020761013, -20.1885185242], [575.707214355, 141.339477539, 177.084625244, 112.842315674, 111.704460144, 197.678573608, 350.707122803, 135.019119263, 24.4667987823, -2.75749135017, 29.4964466095, 32.5886726379, -25.0628452301], [395.841217041, 74.6169967651, 25.8061733246, 51.5143165588, 102.05178833, 72.5871582031, 135.019119263, 211.870330811, 91.6959075928, 0.219901517034, 40.1001930237, 1.38820695877, -18.5963039398], [483.164154053, 94.3613433838, 26.6703948975, 50.0506706238, 81.7613525391, 43.9233169556, 24.4667987823, 91.6959075928, 176.061233521, 75.9849395752, 36.6844711304, -7.16192531586, -7.38576602936], [186.02671814, -92.6820755005, 55.822517395, 33.576587677, 10.9436254501, 43.850944519, -2.75749135017, 0.219901517034, 75.9849395752, 139.935546875, 43.5497360229, -0.21801584959, 2.22777223587], [-4.16621255875, 118.063110352, -63.123626709, 29.1168670654, 16.7927627563, 19.3195953369, 29.4964466095, 40.1001930237, 36.6844711304, 43.5497360229, 131.767440796, 25.1815910339, -6.24916410446], [-27.5174541473, -52.7503547668, 37.138217926, -3.61128330231, -29.4426307678, -1.43020761013, 32.5886726379, 1.38820695877, -7.16192531586, -0.21801584959, 25.1815910339, 94.9474334717, 21.6112155914], [-211.531417847, -18.9356365204, -6.06006002426, 45.6532554626, -21.3828411102, -20.1885185242, -25.0628452301, -18.5963039398, -7.38576602936, 2.22777223587, -6.24916410446, 21.6112155914, 99.3762741089]], "mean": [-14.6051292419, 65.5757141113, -89.375541687, 27.8174114227, -43.1209716797, 18.7238807678, -28.4422340393, 14.1609106064, -14.6770105362, 4.35931634903, -12.52414608, 2.39966464043, -15.3315725327]}, "spectral_flux": {"max": 0.506688892841, "dmean": 0.0426507554948, "dvar2": 0.00590295344591, "dmean2": 0.0654904544353, "var": 0.00819357018918, "median": 0.0933064743876, "min": 1.02534952751e-10, "dvar": 0.00295724812895, "mean": 0.113561734557}, "zerocrossingrate": {"max": 0.51708984375, "dmean": 0.0166753064841, "dvar2": 0.000584091932978, "dmean2": 0.0189836844802, "var": 0.00329527934082, "median": 0.0458984375, "min": 0.00244140625, "dvar": 0.000506376905832, "mean": 0.0629340261221}, "spectral_energyband_middle_low": {"max": 0.12509098649, "dmean": 0.00867500063032, "dvar2": 0.000748459016904, "dmean2": 0.0146156270057, "var": 0.000259675376583, "median": 0.00630170106888, "min": 2.13255078293e-22, "dvar": 0.000270601070952, "mean": 0.011605435051}, "silence_rate_20dB": {"max": 1, "dmean": 0, "dvar2": 0, "dmean2": 0, "var": 0, "median": 1, "min": 1, "dvar": 0, "mean": 1}, "silence_rate_30dB": {"max": 1, "dmean": 0.0715887844563, "dvar2": 0.126242876053, "dmean2": 0.143190950155, "var": 0.0934069082141, "median": 1, "min": 0, "dvar": 0.0664649605751, "mean": 0.895710706711}, "spectral_entropy": {"max": 9.79901695251, "dmean": 0.221453756094, "dvar2": 0.0979328751564, "dmean2": 0.31366404891, "var": 0.242303073406, "median": 7.60058069229, "min": 5.20359611511, "dvar": 0.0535829104483, "mean": 7.6319861412}, "spectral_rolloff": {"max": 18927.6855469, "dmean": 706.987121582, "dvar2": 4482273, "dmean2": 1132.77600098, "var": 5121388.5, "median": 559.86328125, "min": 43.06640625, "dvar": 2214487, "mean": 1450.44384766}, "spectral_complexity": {"max": 63, "dmean": 3.97271037102, "dvar2": 49.6774406433, "dmean2": 5.71978712082, "var": 93.9330215454, "median": 13, "min": 0, "dvar": 29.3644161224, "mean": 14.1881132126}, "spectral_spread": {"max": 40484388, "dmean": 856078