{"tonal": {"chords_key": "F#", "hpcp_entropy": {"dmean": 0.732909858227, "dmean2": 1.21413660049, "max": 4.66085290909, "dvar": 0.321940004826, "mean": 2.4919655323, "dvar2": 0.869773447514, "min": 0, "var": 0.595935106277, "median": 2.51306509972}, "key_key": "B", "chords_strength": {"dmean": 0.0110171996057, "dmean2": 0.0123310917988, "max": 0.710613250732, "dvar": 7.44242934161e-05, "mean": 0.534389197826, "dvar2": 0.000101846751932, "min": 0.246432244778, "var": 0.00661858636886, "median": 0.544181287289}, "key_scale": "minor", "chords_number_rate": 0.00199650600553, "thpcp": [1, 0.787082672119, 0.4700063169, 0.344767153263, 0.346220105886, 0.575958669186, 0.702755331993, 0.413247317076, 0.179655447602, 0.147406280041, 0.133016988635, 0.134076476097, 0.125651925802, 0.100044302642, 0.0773117318749, 0.0649154186249, 0.112561896443, 0.207358643413, 0.218686193228, 0.237179473042, 0.535352408886, 0.854721426964, 0.679272770882, 0.347009986639, 0.260302335024, 0.285965114832, 0.326217293739, 0.294521838427, 0.214483916759, 0.16370844841, 0.147210091352, 0.157431766391, 0.217467293143, 0.311365962029, 0.441095799208, 0.760506272316], "key_strength": 0.760191440582, "tuning_nontempered_energy_ratio": 0.776710987091, "tuning_frequency": 441.527557373, "chords_changes_rate": 0.0613925643265, "tuning_diatonic_strength": 0.678235352039, "chords_scale": "major", "chords_histogram": [6.36386346817, 0, 0.374344885349, 0, 1.84676814079, 0, 3.64362359047, 24.3823318481, 0.0499126538634, 51.0356864929, 2.7701523304, 7.86124277115, 0, 0.499126523733, 0.0249563269317, 0.0249563269317, 1.04816567898, 0.0499126538634, 0, 0, 0, 0.0249563269317, 0, 0], "tuning_equal_tempered_deviation": 0.104191996157, "hpcp": {"dmean": [0.0634884536266, 0.0649466440082, 0.0798045769334, 0.10905726254, 0.156307041645, 0.20627835393, 0.204826921225, 0.225489199162, 0.193283215165, 0.146753102541, 0.133666291833, 0.13893379271, 0.128765627742, 0.107336692512, 0.0719997137785, 0.0563679635525, 0.0463819690049, 0.0412498414516, 0.0363307558, 0.0309733394533, 0.0265209954232, 0.0242916047573, 0.0469184145331, 0.0860675796866, 0.0866837352514, 0.0924858152866, 0.152388036251, 0.180019110441, 0.170873343945, 0.135514259338, 0.113540828228, 0.128522217274, 0.140366271138, 0.118123158813, 0.0853642225266, 0.0693991333246], "dmean2": [0.11805640161, 0.12080989033, 0.144802108407, 0.197035953403, 0.281398385763, 0.362372875214, 0.366171449423, 0.405373096466, 0.355904072523, 0.273822396994, 0.245064124465, 0.2452455163, 0.225595071912, 0.18796056509, 0.133778735995, 0.104643113911, 0.0859590172768, 0.0748484581709, 0.064737573266, 0.0557952597737, 0.0484708696604, 0.0455329157412, 0.0875751152635, 0.16049900651, 0.160881400108, 0.169196665287, 0.264925062656, 0.319256663322, 0.299266338348, 0.246269926429, 0.212296396494, 0.239910811186, 0.262783676386, 0.221337541938, 0.158366799355, 0.129571974277], "max": [1, 1, 1, 1, 1, 1, 1, 1, 1, 1, 1, 1, 1, 1, 1, 1, 1, 1, 1, 1, 1, 1, 1, 1, 1, 1, 1, 1, 1, 1, 1, 1, 1, 1, 1, 1], "dvar": [0.0253628287464, 0.0251296330243, 0.0286156255752, 0.0406100302935, 0.0548523142934, 0.0716018006206, 0.0863566175103, 0.0816319957376, 0.0722130611539, 0.0613142810762, 0.0553736202419, 0.0494309216738, 0.0516724102199, 0.0356162674725, 0.0292303152382, 0.0227738786489, 0.0175345316529, 0.013390224427, 0.0101486491039, 0.00926257576793, 0.00796330440789, 0.00825079716742, 0.0146489012986, 0.0345590040088, 0.033901527524, 0.0397938862443, 0.0538293085992, 0.0781739279628, 0.0665884613991, 0.0540269464254, 0.0452314242721, 0.0525715127587, 0.0627277866006, 0.0485454872251, 0.0328934416175, 0.0272098798305], "mean": [0.0459543094039, 0.0491451919079, 0.0678863748908, 0.0971985533834, 0.13769608736, 0.237405881286, 0.312168210745, 0.245702192187, 0.146721035242, 0.107625342906, 0.108078911901, 0.179795980453, 0.219377875328, 0.129002675414, 0.0560827217996, 0.0460155569017, 0.0415236763656, 0.0418544113636, 0.0392245352268, 0.0312306508422, 0.0241342652589, 0.0202645305544, 0.035138245672, 0.0647307783365, 0.0682668760419, 0.0740398913622, 0.167120009661, 0.266816854477, 0.212047368288, 0.108325488865, 0.0812581181526, 0.089269220829, 0.101834669709, 0.0919403508306, 0.0669550597668, 0.0511045753956], "dvar2": [0.0714901760221, 0.0709597095847, 0.0814877450466, 0.114586003125, 0.150226384401, 0.19991146028, 0.216166317463, 0.227790296078, 0.204200059175, 0.170917063951, 0.153842628002, 0.133738741279, 0.126806169748, 0.100208282471, 0.0832059830427, 0.0651737675071, 0.0499489977956, 0.0377109870315, 0.0285024251789, 0.0267832502723, 0.023370070383, 0.0246047638357, 0.0423636324704, 0.0967005640268, 0.0952261984348, 0.110886149108, 0.146657571197, 0.194476053119, 0.181287229061, 0.15297396481, 0.125808626413, 0.143960043788, 0.170981884003, 0.134919524193, 0.092637501657, 0.0769212022424], "min": [0, 0, 0, 0, 0, 0, 0, 0, 0, 0, 0, 0, 0, 0, 0, 0, 0, 0, 0, 0, 0, 0, 0, 0, 0, 0, 0, 0, 0, 0, 0, 0, 0, 0, 0, 0], "var": [0.0163500383496, 0.0166425015777, 0.0221914276481, 0.0364095456898, 0.0521213896573, 0.10016721487, 0.158017590642, 0.10505490005, 0.0590420849621, 0.04594835639, 0.0451689846814, 0.0755786150694, 0.111424639821, 0.0444585978985, 0.0198365114629, 0.0154249146581, 0.0125836050138, 0.0104519519955, 0.00943164341152, 0.00722073903307, 0.00488009955734, 0.00464123673737, 0.00903801899403, 0.0238840188831, 0.0246936902404, 0.0297526624054, 0.0657960399985, 0.136154711246, 0.0994140729308, 0.0451689474285, 0.0318266265094, 0.03585909307, 0.0433196909726, 0.0353681892157, 0.0242497771978, 0.0177232008427], "median": [0.0100030694157, 0.0112776728347, 0.0185012426227, 0.0248652361333, 0.0364608466625, 0.0537743456662, 0.0546933524311, 0.0519743487239, 0.0356525816023, 0.0209928844124, 0.0231478419155, 0.0402603521943, 0.0498465485871, 0.0327056534588, 0.0142192114145, 0.0127605963498, 0.0131221720949, 0.0153804784641, 0.0143145723268, 0.0108078261837, 0.00918964017183, 0.00727837020531, 0.0096597513184, 0.0147495577112, 0.0159781351686, 0.0161510594189, 0.0401629470289, 0.0555964782834, 0.0414228849113, 0.0229034014046, 0.0152334533632, 0.0165147017688, 0.019807331264, 0.0195078849792, 0.0143481576815, 0.0108759365976]}}, "lowlevel": {"melbands_flatness_db": {"dmean": 0.0280193462968, "dmean2": 0.0453865379095, "max": 0.344895035028, "dvar": 0.000710987893399, "mean": 0.173931926489, "dvar2": 0.00180729292333, "min": 0.0336646512151, "var": 0.00208696909249, "median": 0.177528113127}, "melbands_crest": {"dmean": 3.25256252289, "dmean2": 5.39452695847, "max": 29.6434440613, "dvar": 8.87086391449, "mean": 17.9218597412, "dvar2": 22.9947986603, "min": 4.02981805801, "var": 22.1229610443, "median": 17.8641433716}, "spectral_entropy": {"dmean": 0.0942688733339, "dmean2": 0.150151789188, "max": 8.86212253571, "dvar": 0.00830033235252, "mean": 8.21001911163, "dvar2": 0.0210980121046, "min": 6.32207584381, "var": 0.0261130593717, "median": 8.22488117218}, "melbands": {"dmean": [0.0029002497904, 0.0037420920562, 0.00142436102033, 0.00135734048672, 0.000256179831922, 9.55194918788e-05, 0.000110853259685, 7.60048715165e-05, 6.3870298618e-05, 4.96971151733e-05, 5.84868248552e-05, 6.35948090348e-05, 6.01434330747e-05, 4.08759078709e-05, 2.69793308689e-05, 2.69724423561e-05, 2.02249921131e-05, 2.03581839742e-05, 2.49243512371e-05, 2.11345213756e-05, 2.32360744121e-05, 2.21476893785e-05, 1.8198044927e-05, 1.85313383554e-05, 1.41353202707e-05, 7.87982935435e-06, 8.22856873128e-06, 1.04717482827e-05, 7.96305994299e-06, 5.65017307963e-06, 6.2315748437e-06, 5.70769634578e-06, 3.21545576298e-06, 4.37818789578e-06, 6.79945060256e-06, 3.83833503292e-06, 3.57522458216e-06, 2.83042231786e-06, 2.66953043138e-06, 3.09453776026e-06], "dmean2": [0.00487731117755, 0.00645899958909, 0.00248930999078, 0.00238242559135, 0.000448949227575, 0.000160409370437, 0.000182392235729, 0.000123375095427, 0.000103658851003, 8.11966092442e-05, 9.62829726632e-05, 9.74745707936e-05, 9.3377646408e-05, 6.58034041408e-05, 4.46330886916e-05, 4.50210682175e-05, 3.27843736159e-05, 3.30524089804e-05, 4.13839770772e-05, 3.52017596015e-05, 3.84024824598e-05, 3.72511349269e-05, 3.0099419746e-05, 3.1252286135e-05, 2.37808999373e-05, 1.32436025524e-05, 1.36345242936e-05, 1.68093356478e-05, 1.36182452479e-05, 9.55981067818e-06, 1.03865977508e-05, 9.52974914981e-06, 5.2949021665e-06, 7.17501507097e-06, 1.13973283078e-05, 6.1215914684e-06, 5.66352673559e-06, 4.43226099378e-06, 4.28057501267e-06, 4.92431900057e-06], "max": [0.0390444137156, 0.0682127848268, 0.0235706176609, 0.0276735126972, 0.00782090891153, 0.00246793427505, 0.00383392185904, 0.0028737289831, 0.00168555602431, 0.00208649411798, 0.00147463101894, 0.00166701269336, 0.00174293993041, 0.000817233230919, 0.00145210255869, 0.00130933336914, 0.000449496496003, 0.000542853900697, 0.000884253589902, 0.00113482528832, 0.00219552172348, 0.00230984040536, 0.000414611044107, 0.000405004597269, 0.000286377355224, 0.00013330305228, 0.00016518762277, 0.000287661532639, 0.000179901398951, 0.0001059898932, 8.54137906572e-05, 8.60295331222e-05, 0.000106129373307, 9.01050734683e-05, 0.000120621938549, 0.000107850559289, 0.000158024515258, 0.000149070154293, 8.74992256286e-05, 7.35131834517e-05], "dvar": [1.94429467228e-05, 3.38544559781e-05, 3.94705739382e-06, 1.03428847069e-05, 2.52559345881e-07, 3.26561320207e-08, 5.25172652033e-08, 1.80203691968e-08, 1.04483453001e-08, 7.85505971379e-09, 1.25724266553e-08, 1.11790177115e-08, 1.15118625743e-08, 3.74740727338e-09, 2.44348741241e-09, 2.31937802297e-09, 1.10841869017e-09, 1.22130883184e-09, 2.11494999292e-09, 1.91312565789e-09, 6.1357625647e-09, 5.58428903119e-09, 6.87053247628e-10, 4.71653605061e-10, 2.66834582208e-10, 7.76621406073e-11, 7.98430974114e-11, 1.82832304851e-10, 7.47094469622e-11, 3.46995661371e-11, 3.81514125847e-11, 4.13620110384e-11, 1.28830366514e-11, 2.26063143899e-11, 1.33289684845e-10, 2.53481610701e-11, 3.80163296676e-11, 2.87323203424e-11, 1.84685131771e-11, 1.4335770418e-11], "mean": [0.00500591285527, 0.00736787728965, 0.00269956770353, 0.00124150398187, 0.000304544111714, 0.000133106674184, 0.000133063527755, 0.000104147053207, 9.42394253798e-05, 6.89974331181e-05, 7.96100575826e-05, 9.70561159193e-05, 9.31049507926e-05, 6.47701745038e-05, 3.96911200369e-05, 4.09190906794e-05, 3.32363160851e-05, 3.40601472999e-05, 4.03352205467e-05, 3.41776685673e-05, 3.5316857975e-05, 3.5495551856e-05, 3.53541145159e-05, 3.87837353628e-05, 3.12299198413e-05, 1.99269634322e-05, 2.07442662941e-05, 2.41159523284e-05, 1.78510199476e-05, 1.44419891512e-05, 1.70655057445e-05, 1.37660617838e-05, 8.49918251333e-06, 1.14980521175e-05, 1.32426630444e-05, 8.93136075319e-06, 8.06748448667e-06, 6.47346087135e-06, 6.48468130748e-06, 6.65854304316e-06], "dvar2": [5.11876351084e-05, 9.48412198341e-05, 1.09863185571e-05, 2.82871660602e-05, 6.8694004085e-07, 8.61402682517e-08, 1.31112344093e-07, 4.45117755987e-08, 2.62334349799e-08, 2.00707965803e-08, 3.24384430428e-08, 2.42647733018e-08, 2.75646243608e-08, 9.37192012884e-09, 6.62384502803e-09, 6.12469230887e-09, 2.80686163201e-09, 2.96308311221e-09, 5.82893111556e-09, 5.17399367794e-09, 1.5833910183e-08, 1.53915387102e-08, 1.699494101e-09, 1.24635401999e-09, 7.1389250067e-10, 2.1089086033e-10, 2.02621572298e-10, 4.04504457707e-10, 2.01823502355e-10, 9.30912569252e-11, 1.02651005751e-10, 1.12714025613e-10, 3.19165596729e-11, 5.60976473607e-11, 3.6160108241e-10, 5.81110402853e-11, 8.3458802369e-11, 6.00026556219e-11, 4.20365582621e-11, 3.47197860739e-11], "min": [9.84468132015e-11, 4.86831365151e-12, 3.45401138246e-12, 2.92982847185e-12, 4.55919069858e-12, 2.94431059394e-12, 2.18393098744e-12, 3.06717628726e-12, 1.57671250188e-12, 8.22972657903e-13, 1.10533240547e-12, 3.69440806072e-13, 1.38221617312e-12, 4.18736334669e-13, 4.8068553261e-13, 1.05491104133e-12, 9.43396619504e-13, 7.77594460176e-13, 9.39455544607e-13, 8.98612239307e-13, 1.15674288724e-12, 8.65466823641e-13, 7.82658714314e-13, 1.14359075595e-12, 8.18322785836e-13, 8.21985274985e-13, 1.20267099231e-12, 7.1745463303e-13, 1.48673543095e-12, 1.02197926771e-12, 9.55087896791e-13, 1.11772310157e-12, 1.67221347446e-12, 9.28570805317e-13, 1.12569307174e-12, 2.53917741867e-12, 1.37715696052e-12, 2.05985055401e-12, 1.36461664451e-12, 8.06350754397e-13], "var": [2.56263683696e-05, 4.08195810451e-05, 5.99115446676e-06, 7.3401811278e-06, 2.17746560338e-07, 3.59772087677e-08, 5.4760821655e-08, 2.20787761407e-08, 1.72482916838e-08, 1.17158727164e-08, 1.74897749616e-08, 2.29273737773e-08, 2.49318201639e-08, 7.07920699838e-09, 3.5053830949e-09, 4.49901182975e-09, 1.89965554398e-09, 2.30799246381e-09, 3.16307802173e-09, 1.89055748834e-09, 5.03226971205e-09, 3.98439325977e-09, 1.17599197047e-09, 7.64140639653e-10, 4.99342955873e-10, 1.53682858106e-10, 1.78244100035e-10, 4.3107709069e-10, 1.29317820341e-10, 6.67186930703e-11, 1.04453709571e-10, 1.03809259799e-10, 2.63048628019e-11, 5.06842519343e-11, 1.62858115882e-10, 5.50611292671e-11, 7.86277154496e-11, 6.10048608851e-11, 4.38695260674e-11, 3.38731855065e-11], "median": [0.00351704610512, 0.00606650998816, 0.0019238232635, 0.000472503248602, 0.000170343235368, 8.03224247647e-05, 6.00344574195e-05, 5.78791295993e-05, 4.90056299896e-05, 3.35163604177e-05, 3.17203302984e-05, 3.63078106602e-05, 3.0422481359e-05, 3.12506199407e-05, 1.87885707419e-05, 1.97332283278e-05, 1.85887274711e-05, 1.86112065421e-05, 2.0496574507e-05, 2.28512017202e-05, 2.24016330321e-05, 2.46204981522e-05, 2.6783112844e-05, 3.31533301505e-05, 2.63092479145e-05, 1.76891298906e-05, 1.81560462806e-05, 1.96163855435e-05, 1.57705289894e-05, 1.33128323796e-05, 1.53444998432e-05, 1.113370854e-05, 7.84996336733e-06, 1.03666016003e-05, 9.66933839663e-06, 7.4872764344e-06, 6.66280720907e-06, 4.98372628499e-06, 5.2043087635e-06, 5.7144134189e-06]}, "silence_rate_60dB": {"dmean": 0.00274622393772, "dmean2": 0.00536828953773, "max": 1, "dvar": 0.00273876963183, "mean": 0.0413130298257, "dvar2": 0.00633808970451, "min": 0, "var": 0.0396063476801, "median": 0}, "spectral_energyband_middle_high": {"dmean": 0.00164323172066, "dmean2": 0.00254133786075, "max": 0.0483979098499, "dvar": 3.89743991036e-06, "mean": 0.0057925353758, "dvar2": 8.65705806063e-06, "min": 2.12947715017e-10, "var": 1.16776309369e-05, "median": 0.00514339003712}, "erbbands_skewness": {"dmean": 0.283835172653, "dmean2": 0.446351230145, "max": 4.56112909317, "dvar": 0.0709531083703, "mean": -0.487778753042, "dvar2": 0.171830534935, "min": -2.69263720512, "var": 0.208160549402, "median": -0.520458996296}, "dynamic_complexity": 2.52552080154, "dissonance": {"dmean": 0.00878774933517, "dmean2": 0.014991662465, "max": 0.500000059605, "dvar": 7.89792466094e-05, "mean": 0.48510453105, "dvar2": 0.000204035983188, "min": 0.289492607117, "var": 0.000115100141556, "median": 0.487592071295}, "spectral_skewness": {"dmean": 0.0957875102758, "dmean2": 0.149276927114, "max": 2.3564581871, "dvar": 0.00815062969923, "mean": 1.1541287899, "dvar2": 0.0181724689901, "min": 0.279784053564, "var": 0.0225666426122, "median": 1.15533185005}, "spectral_kurtosis": {"dmean": 0.452683985233, "dmean2": 0.710436344147, "max": 7.44408988953, "dvar": 0.197655633092, "mean": 2.0567817688, "dvar2": 0.464822590351, "min": -0.875336885452, "var": 0.547939181328, "median": 2.03968572617}, "gfcc": {"cov": [[11607.140625, 493.964630127, -26.6768989563, 246.683197021, -33.8159332275, 152.854949951, -40.5010528564, 75.7330703735, -161.581924438, -49.8862724304, -85.654624939, 51.0602836609, -64.9693145752], [493.964630127, 397.464294434, -150.649902344, 47.0650939941, -55.5342521667, 11.257730484, 66.9145584106, 8.45013332367, -0.735194802284, -48.2676887512, 34.4721984863, 13.4424724579, -3.29715490341], [-26.6768989563, -150.649902344, 389.969421387, 57.1638641357, 51.9698944092, -26.9998016357, -44.4699211121, 22.2170028687, 17.494096756, 29.8753376007, -34.3687667847, 3.83150911331, -14.1728496552], [246.683197021, 47.0650939941, 57.1638641357, 202.1587677, 57.8558540344, 0.549651861191, -36.3536911011, 26.2942390442, 32.5041542053, 16.3912220001, 5.41235876083, -8.40416717529, 3.09020352364], [-33.8159332275, -55.5342521667, 51.9698944092, 57.8558540344, 148.247253418, 55.0234642029, 21.0014591217, 4.78821992874, 14.8367547989, 33.5557823181, -8.42222118378, -2.09163975716, 0.766634106636], [152.854949951, 11.257730484, -26.9998016357, 0.549651861191, 55.0234642029, 131.09425354, 81.481803894, 14.1752977371, -17.7656326294, -2.25923585892, 10.8207845688, 5.29088973999, -0.814873993397], [-40.5010528564, 66.9145584106, -44.4699211121, -36.3536911011, 21.0014591217, 81.481803894, 164.587966919, 40.3896141052, -13.4606971741, -24.349029541, 9.47495079041, 18.8875312805, -5.16237545013], [75.7330703735, 8.45013332367, 22.2170028687, 26.2942390442, 4.78821992874, 14.1752977371, 40.3896141052, 85.6635055542, 36.7739982605, 1.98384511471, -2.12887001038, 8.40921020508, 2.98581337929], [-161.581924438, -0.735194802284, 17.494096756, 32.5041542053, 14.8367547989, -17.7656326294, -13.4606971741, 36.7739982605, 70.4868850708, 30.5463562012, 3.62729787827, -5.75418424606, 6.37529087067], [-49.8862724304, -48.2676887512, 29.8753376007, 16.3912220001, 33.5557823181, -2.25923585892, -24.349029541, 1.98384511471, 30.5463562012, 63.0694122314, 19.170129776, -2.16901397705, 1.30514204502], [-85.654624939, 34.4721984863, -34.3687667847, 5.41235876083, -8.42222118378, 10.8207845688, 9.47495079041, -2.12887001038, 3.62729787827, 19.170129776, 58.2737083435, 24.0151805878, 3.71035385132], [51.0602836609, 13.4424724579, 3.83150911331, -8.40416717529, -2.09163975716, 5.29088973999, 18.8875312805, 8.40921020508, -5.75418424606, -2.16901397705, 24.0151805878, 49.4576072693, 17.4782581329], [-64.9693145752, -3.29715490341, -14.1728496552, 3.09020352364, 0.766634106636, -0.814873993397, -5.16237545013, 2.98581337929, 6.37529087067, 1.30514204502, 3.71035385132, 17.4782581329, 39.6232872009]], "mean": [71.9978637695, 27.6611747742, -77.1607666016, 49.7925376892, -38.2381286621, 22.3814067841, -28.1907348633, 14.1522836685, -24.6208190918, 0.593640685081, -19.1766166687, 0.63197261095, -13.7993831635], "icov": [[0.000123919584439, -0.000245286035351, 5.32557096449e-05, -0.0001493011805, 0.000160394454724, -0.000309708237182, 0.000327118905261, -0.000349428592017, 0.000603860651609, -0.000583944260143, 0.000752784195356, -0.000570127449464, 0.000376020383555], [-0.000245286035351, 0.00490757916123, 0.00117486051749, -0.00215124362148, 0.00141877925489, 0.000937372387853, -0.00296212779358, 0.00253360229544, -0.00347970589064, 0.00422134250402, -0.00304131302983, 0.000150924737682, 0.000648222165182], [5.32557096449e-05, 0.00117486051749, 0.00397065002471, -0.00154922693036, 2.60490705841e-05, 0.000423737918027, 0.000313855067361, -0.00069683836773, 0.000417902308982, -0.0019477782771, 0.00377703434788, -0.00400592526421, 0.00323807215318], [-0.0001493011805, -0.00215124362148, -0.00154922693036, 0.00900364480913, -0.00522638158873, 0.000334259355441, 0.00397936301306, -0.00395599426702, -0.000634122465272, 0.00313346157782, -0.00505484873429, 0.00462411344051, -0.00232318369672], [0.000160394454724, 0.00141877925489, 2.60490705841e-05, -0.00522638158873, 0.0143175953999, -0.00584581121802, -0.00301902904175, 0.00468926411122, -0.00212285667658, -0.00841837376356, 0.00869912374765, -0.00533530442044, 0.00181175884791], [-0.000309708237182, 0.000937372387853, 0.000423737918027, 0.000334259355441, -0.00584581121802, 0.0156861357391, -0.00673527317122, -0.00160682748538, 0.00424852222204, 0.00149403628893, -0.00648782635108, 0.00590476347134, -0.00335497315973], [0.000327118905261, -0.00296212779358, 0.000313855067361, 0.00397936301306, -0.00301902904175, -0.00673527317122, 0.0152699286118, -0.0085125407204, 0.00344052282162, 0.00237531098537, 0.000323473737808, -0.00358307221904, 0.00356105086394], [-0.000349428592017, 0.00253360229544, -0.00069683836773, -0.00395599426702, 0.00468926411122, -0.00160682748538, -0.0085125407204, 0.0249522738159, -0.0170327518135, 0.00342010008171, 0.00332524254918, -0.00547962076962, 0.00131764775142], [0.000603860651609, -0.00347970589064, 0.000417902308982, -0.000634122465272, -0.00212285667658, 0.00424852222204, 0.00344052282162, -0.0170327518135, 0.0345445200801, -0.0162649024278, 0.00240509165451, 0.00501977140084, -0.00470215594396], [-0.000583944260143, 0.00422134250402, -0.0019477782771, 0.00313346157782, -0.00841837376356, 0.00149403628893, 0.00237531098537, 0.00342010008171, -0.0162649024278, 0.0390486679971, -0.0221402309835, 0.00943279825151, -0.00205884664319], [0.000752784195356, -0.00304131302983, 0.00377703434788, -0.00505484873429, 0.00869912374765, -0.00648782635108, 0.000323473737808, 0.00332524254918, 0.00240509165451, -0.0221402309835, 0.0422772057354, -0.0254160333425, 0.00981102697551], [-0.000570127449464, 0.000150924737682, -0.00400592526421, 0.00462411344051, -0.00533530442044, 0.00590476347134, -0.00358307221904, -0.00547962076962, 0.00501977140084, 0.00943279825151, -0.0254160333425, 0.0439495071769, -0.0206700209528], [0.000376020383555, 0.000648222165182, 0.00323807215318, -0.00232318369672, 0.00181175884791, -0.00335497315973, 0.00356105086394, 0.00131764775142, -0.00470215594396, -0.00205884664319, 0.00981102697551, -0.0206700209528, 0.0365316383541]]}, "spectral_complexity": {"dmean": 4.5352640152, "dmean2": 7.47852706909, "max": 55, "dvar": 14.7958698273, "mean": 32.2362709045, "dvar2": 38.8389930725, "min": 0, "var": 95.3028869629, "median": 34}, "spectral_flux": {"dmean": 0.0370593816042, "dmean2": 0.055637512356, "max": 0.484716653824, "dvar": 0.00170596910175, "mean": 0.11946053803, "dvar2": 0.00317525630817, "min": 3.46460838045e-05, "var": 0.00355455558747, "median": 0.102292925119}, "spectral_energyband_low": {"dmean": 0.0163501966745, "dmean2": 0.0272997580469, "max": 0.264872670174, "dvar": 0.000548693642486, "mean": 0.0358680672944, "dvar2": 0.00145868270192, "min": 5.25761045811e-10, "var": 0.000752901716623, "median": 0.0325279124081}, "spectral_decrease": {"dmean": 5.07849451381e-09, "dmean2": 8.616066971e-09, "max": -4.56752034774e-16, "dvar": 4.41348336964e-17, "mean": -1.32197897074e-08, "dvar2": 1.17617062762e-16, "min": -7.36669605317e-08, "var": 6.06398364652e-17, "median": -1.26311370252e-08}, "barkbands_spread": {"dmean": 10.6313867569, "dmean2": 17.3634872437, "max": 138.310470581, "dvar": 98.9778900146, "mean": 44.7220458984, "dvar2": 256.12991333, "min": 1.78570091724, "var": 311.562286377, "median": 42.772605896}, "spectral_rms": {"dmean": 0.00121062644757, "dmean2": 0.00200208928436, "max": 0.0167547669262, "dvar": 1.93177902474e-06, "mean": 0.00693850731477, "dvar2": 5.02437933392e-06, "min": 2.27057216762e-06, "var": 5.25559562448e-06, "median": 0.00716328807175}, "spectral_centroid": {"dmean": 360.749420166, "dmean2": 588.072387695, "max": 5946.97363281, "dvar": 111537.140625, "mean": 2075.99609375, "dvar2": 290527.8125, "min": 437.288208008, "var": 259664.609375, "median": 2085.5625}, "barkbands_skewness": {"dmean": 0.595605194569, "dmean2": 0.970131158829, "max": 7.22856998444, "dvar": 0.342152237892, "mean": 1.70473146439, "dvar2": 0.888903737068, "min": -5.01217985153, "var": 0.826022982597, "median": 1.68715929985}, "spectral_rolloff": {"dmean": 1202.80761719, "dmean2": 2049.49047852, "max": 18346.2890625, "dvar": 1999793, "mean": 2350.75195312, "dvar2": 5043482, "min": 86.1328125, "var": 5711776, "median": 1722.65625}, "erbbands_spread": {"dmean": 13.5372533798, "dmean2": 21.3129291534, "max": 155.79258728, "dvar": 156.451461792, "mean": 64.7556152344, "dvar2": 391.570678711, "min": 2.32221961021, "var": 419.515319824, "median": 62.7495880127}, "barkbands": {"dmean": [0.000308524671709, 0.0112479105592, 0.00737927481532, 0.00216002180241, 0.00530733447522, 0.000468343700049, 0.000522656424437, 0.000347031571437, 0.000397313822759, 0.000359764002496, 0.000529412995093, 0.000320852384903, 0.000261299137492, 0.000239054395934, 0.000291717326036, 0.0003068150545, 0.000364774023183, 0.00036357351928, 0.000233865779592, 0.000281720072962, 0.00021487523918, 0.000202650029678, 0.000284985580947, 0.000231152313063, 0.000479713402456, 0.000195334723685, 7.80297195888e-05], "dmean2": [0.000501484028064, 0.018864152953, 0.0128747243434, 0.00379942241125, 0.00920717231929, 0.000794348074123, 0.000874339661095, 0.000561646127608, 0.000651312584523, 0.000587520597037, 0.000823302369099, 0.000522475864273, 0.000440635427367, 0.000383583275834, 0.000481987575768, 0.000512045051437, 0.000609014590736, 0.000607429014053, 0.000395914452383, 0.000453074782854, 0.000361743936082, 0.000332342635375, 0.000462311960291, 0.000354561052518, 0.00074434990529, 0.000308312650304, 0.000122441299027], "max": [0.00503889424726, 0.140911132097, 0.134374573827, 0.0406473092735, 0.105243101716, 0.0101231215522, 0.0175196751952, 0.010904725641, 0.0107406964526, 0.0112880682573, 0.0116652380675, 0.00913010817021, 0.00988882873207, 0.0053453668952, 0.0101987551898, 0.0155472476035, 0.0400101952255, 0.00820620264858, 0.00446266774088, 0.00683970795944, 0.00394714344293, 0.00461397273466, 0.00566550763324, 0.00941319297999, 0.00687310332432, 0.00332774687558, 0.00137227121741], "dvar": [2.72871915286e-07, 0.000274355465081, 0.000130101718241, 9.51682795858e-06, 0.000147633167217, 7.19908143765e-07, 1.08330948478e-06, 3.03744911889e-07, 4.39320388068e-07, 4.53730649497e-07, 9.43589384406e-07, 2.23602782512e-07, 2.01385475407e-07, 1.34505668825e-07, 2.79403082004e-07, 4.42072462192e-07, 1.66293659731e-06, 1.91221857904e-07, 6.88194532472e-08, 1.06292290525e-07, 4.76446402331e-08, 4.62315803418e-08, 1.57740089435e-07, 1.64889783605e-07, 6.62420404751e-07, 6.69256152719e-08, 1.22605285924e-08], "mean": [0.000343975931173, 0.0202187690884, 0.0130460346118, 0.00337303942069, 0.00518633797765, 0.000659851299133, 0.000600964413024, 0.000492085353471, 0.00054553343216, 0.00048318321933, 0.000786710064858, 0.000519689638168, 0.000386192434235, 0.000397422991227, 0.000480838963995, 0.000498597277328, 0.000602114305366, 0.000786712334957, 0.000611132476479, 0.000741321302485, 0.00064718601061, 0.000576002290472, 0.000728730927221, 0.000603982887696, 0.000907873734832, 0.000366562249837, 0.000141267184517], "dvar2": [6.77146545058e-07, 0.00073297630297, 0.000369077723008, 2.61654640781e-05, 0.000400605495088, 1.95100801648e-06, 2.72693773695e-06, 7.34769685096e-07, 1.12397947305e-06, 1.19396622722e-06, 2.17105639422e-06, 5.67535778373e-07, 5.32599813141e-07, 3.21568364825e-07, 7.50002641325e-07, 1.14534589102e-06, 4.5839460654e-06, 4.93769107379e-07, 1.86956810921e-07, 2.37674669279e-07, 1.27367513869e-07, 1.18986392295e-07, 3.99951034069e-07, 3.32272520609e-07, 1.66095173881e-06, 1.66967950577e-07, 2.88252994807e-08], "min": [5.64092716981e-10, 2.47730950337e-11, 1.31725810815e-11, 5.24451575917e-12, 1.73236876233e-11, 1.65524208923e-11, 1.12417679332e-11, 6.01944709355e-12, 6.41484391647e-12, 9.69124606953e-12, 5.88631357198e-12, 2.32237341337e-12, 1.1127312613e-11, 7.88222959125e-12, 1.26058339114e-11, 1.56093263315e-11, 1.28734028645e-11, 2.01400857797e-11, 2.0703798051e-11, 3.81107680136e-11, 6.92443741235e-11, 7.86186740709e-11, 9.47402156726e-11, 1.74861791713e-10, 1.42724873586e-10, 2.99111319046e-10, 3.45300066318e-10], "var": [3.25014383407e-07, 0.000368956592865, 0.000165647797985, 1.48100843944e-05, 0.000109161715955, 7.46161049392e-07, 1.12083682779e-06, 4.48885003834e-07, 6.52550397717e-07, 7.14277632596e-07, 2.03445665647e-06, 4.10795308881e-07, 3.60690393109e-07, 2.75741797395e-07, 4.15775701867e-07, 4.65848074782e-07, 1.16762032576e-06, 3.30533708848e-07, 1.41652975572e-07, 2.80139175857e-07, 1.1003565703e-07, 1.25887552826e-07, 2.80153329868e-07, 4.03118946224e-07, 9.32144700982e-07, 1.08428025669e-07, 2.04543830762e-08], "median": [0.000105558843643, 0.0149290878326, 0.00952856242657, 0.0021200904157, 0.00218594167382, 0.000418706331402, 0.000252289581113, 0.000271362019703, 0.000264007452643, 0.000174436136149, 0.000210173457162, 0.000263702910161, 0.000189676400623, 0.000218881716137, 0.000251737597864, 0.000338182027917, 0.000418700976297, 0.000665843952447, 0.000543531961739, 0.000647932756692, 0.000617663667072, 0.000506250129547, 0.000613080104813, 0.000505577598233, 0.000677531876136, 0.000320502906106, 0.00010066491086]}, "melbands_kurtosis": {"dmean": 13.8620262146, "dmean2": 23.1664390564, "max": 227.210113525, "dvar": 319.443267822, "mean": 26.4362449646, "dvar2": 863.329528809, "min": -1.67880451679, "var": 475.889312744, "median": 21.198387146}, "erbbands_crest": {"dmean": 1.71726322174, "dmean2": 2.87882351875, "max": 22.1317596436, "dvar": 3.13803124428, "mean": 5.3358540535, "dvar2": 8.30036830902, "min": 2.00992107391, "var": 5.32823753357, "median": 4.66137313843}, "melbands_skewness": {"dmean": 1.14481949806, "dmean2": 1.86072659492, "max": 13.2480506897, "dvar": 1.32628810406, "mean": 4.48108148575, "dvar2": 3.42803549767, "min": -2.2234249115, "var": 3.28559970856, "median": 4.34603691101}, "spectral_energyband_middle_low": {"dmean": 0.00747058261186, "dmean2": 0.0128606632352, "max": 0.129346370697, "dvar": 0.000195149783394, "mean": 0.0110094193369, "dvar2": 0.000522030401044, "min": 1.436040592e-10, "var": 0.000168466474861, "median": 0.00738385505974}, "spectral_contrast_coeffs": {"dmean": [0.0580548942089, 0.0470406338573, 0.039428267628, 0.0306683611125, 0.0192642733455, 0.0155621645972], "dmean2": [0.0979231968522, 0.0785384848714, 0.0632241666317, 0.050588093698, 0.032290160656, 0.0251693557948], "max": [-0.366455107927, -0.52505671978, -0.527601182461, -0.600186944008, -0.590979278088, -0.648446023464], "dvar": [0.00235930760391, 0.00144929846283, 0.000951206951868, 0.000627518165857, 0.000256737723248, 0.000168774364283], "mean": [-0.643905639648, -0.782313406467, -0.781607627869, -0.793395042419, -0.803119361401, -0.76606553793], "dvar2": [0.00667242426425, 0.00397846382111, 0.00238707638346, 0.00170495128259, 0.000692211615387, 0.000407368090237], "min": [-0.93758648634, -0.950126886368, -0.949984490871, -0.944468379021, -0.934101581573, -0.916567862034], "var": [0.00569501612335, 0.00327311968431, 0.00358672672883, 0.00191766105127, 0.000798007589765, 0.000816464831587], "median": [-0.64316123724, -0.786911010742, -0.788419187069, -0.799151182175, -0.803860723972, -0.763070464134]}, "spectral_contrast_valleys": {"dmean": [0.40131020546, 0.378331393003, 0.292344212532, 0.25704190135, 0.16912959516, 0.172508209944], "dmean2": [0.673526346684, 0.617544829845, 0.475347518921, 0.42335152626, 0.284790426493, 0.257470160723], "max": [-5.14741420746, -4.74784564972, -5.83334302902, -5.49615526199, -5.38400411606, -7.3234744072], "dvar": [0.104020349681, 0.115698844194, 0.0553869009018, 0.049672447145, 0.0247732326388, 0.0310829244554], "mean": [-6.59783220291, -6.85560178757, -7.31854772568, -7.37201070786, -6.62009572983, -8.68385314941], "dvar2": [0.285758823156, 0.308332175016, 0.142029613256, 0.128082379699, 0.0625816956162, 0.062713176012], "min": [-16.0180168152, -15.0534133911, -15.7739048004, -15.2869358063, -14.7431030273, -16.0595054626], "var": [1.31289172173, 1.16817200184, 1.11309874058, 1.05890977383, 1.01559531689, 0.953531622887], "median": [-6.35687446594, -6.70633220673, -7.16405200958, -7.21345043182, -6.43717050552, -8.49118614197]}, "silence_rate_20dB": {"dmean": 0, "dmean2": 0, "max": 1, "dvar": 0, "mean": 1, "dvar2": 0, "min": 1, "var": 0, "median": 1}, "silence_rate_30dB": {"dmean": 0.0471851192415, "dmean2": 0.0943820253015, "max": 1, "dvar": 0.0449599772692, "mean": 0.969920098782, "dvar2": 0.119683638215, "min": 0, "var": 0.0291738063097, "median": 1}, "spectral_strongpeak": {"dmean": 0.262020528316, "dmean2": 0.455355077982, "max": 13.3059635162, "dvar": 0.188934266567, "mean": 0.607902765274, "dvar2": 0.496144980192, "min": 0, "var": 0.239353999496, "median": 0.531287670135}, "spectral_spread": {"dmean": 702365.1875, "dmean2": 1042805.75, "max": 18997172, "dvar": 494770421760, "mean": 6934551, "dvar2": 1025495269380.0, "min": 3260642.25, "var": 1822893670400.0, "median": 6873568}, "barkbands_flatness_db": {"dmean": 0.020904244855, "dmean2": 0.0338212624192, "max": 0.320132762194, "dvar": 0.000394662871258, "mean": 0.093253724277, "dvar2": 0.00101400713902, "min": 0.0139033338055, "var": 0.00102194654755, "median": 0.0925495922565}, "pitch_salience": {"dmean": 0.0819427371025, "dmean2": 0.135240525007, "max": 0.957852303982, "dvar": 0.00551422545686, "mean": 0.499546229839, "dvar2": 0.014539799653, "min": 0.150932565331, "var": 0.0129314223304, "median": 0.502509832382}, "erbbands_kurtosis": {"dmean": 0.618083775043, "dmean2": 0.983089923859, "max": 28.5467529297, "dvar": 0.666871190071, "mean": -0.165020376444, "dvar2": 1.5879585743, "min": -1.66061639786, "var": 1.11832427979, "median": -0.343328475952}, "average_loudness": 0.972739517689, "barkbands_crest": {"dmean": 2.95932888985, "dmean2": 4.9531083107, "max": 24.3035964966, "dvar": 7.81646347046, "mean": 11.3219079971, "dvar2": 21.2517852783, "min": 1.9996227026, "var": 16.3047389984, "median": 11.130282402}, "hfc": {"dmean": 13.7842025757, "dmean2": 20.9613189697, "max": 178.386276245, "dvar": 289.404876709, "mean": 53.3520431519, "dvar2": 683.378967285, "min": 2.23188053496e-05, "var": 711.292053223, "median": 50.3223190308}, "barkbands_kurtosis": {"dmean": 2.50925540924, "dmean2": 4.22117042542, "max": 56.8582496643, "dvar": 11.4705028534, "mean": 2.45251536369, "dvar2": 31.084487915, "min": -1.90762770176, "var": 15.114569664, "median": 1.47823476791}, "erbbands": {"dmean": [0.311058819294, 2.74846863747, 7.81131124496, 8.06289196014, 16.0533294678, 16.3184013367, 5.41503477097, 4.25742292404, 7.31212377548, 6.91406059265, 7.63052797318, 7.48478555679, 11.3767347336, 15.9254713058, 15.1972541809, 11.8339080811, 11.0052309036, 10.720957756, 11.5854816437, 16.4195957184, 17.852437973, 18.9000511169, 19.3010463715, 15.7610359192, 9.47109794617, 13.2980270386, 9.66874313354, 9.5447101593, 7.75766038895, 6.1396818161, 9.0521812439, 5.34974622726, 3.71978330612, 3.48206210136, 4.9583067894, 1.30281364918, 0.257255911827, 0.0835564211011, 0.0132886730134, 0.000578002945986], "dmean2": [0.530268132687, 4.62996101379, 13.6521615982, 14.0067873001, 27.7604045868, 29.1766910553, 9.31705093384, 7.17566680908, 12.0358352661, 11.3630638123, 12.3372621536, 12.3312549591, 18.7365036011, 24.2366294861, 23.7327270508, 19.1646938324, 18.3939552307, 17.294090271, 18.8085021973, 27.0125427246, 29.4386024475, 31.449048996, 32.2674446106, 26.3491744995, 15.7914295197, 21.1867656708, 16.3972988129, 15.9247779846, 12.8620910645, 9.96881008148, 14.8519048691, 8.29025745392, 5.75605154037, 5.47409534454, 7.85836982727, 2.04904770851, 0.393152862787, 0.127429232001, 0.0209323652089, 0.000930821639486], "max": [4.05560684204, 33.5233345032, 148.84487915, 161.758361816, 275.077667236, 379.902557373, 168.670059204, 116.756317139, 284.00189209, 285.834106445, 233.028656006, 307.683959961, 300.306091309, 451.633575439, 529.592529297, 464.805450439, 407.70501709, 287.402160645, 363.606628418, 768.063964844, 1260.6932373, 1456.08105469, 494.080688477, 295.418640137, 155.696212769, 370.080230713, 171.714523315, 141.319961548, 150.923187256, 178.23097229, 183.046524048, 218.457748413, 176.072647095, 91.3592834473, 84.4234466553, 22.3156414032, 4.46892881393, 1.41634678841, 0.210171371698, 0.00893214903772], "dvar": [0.247470408678, 16.8000583649, 153.748672485, 151.382461548, 1143.77001953, 1509.58447266, 102.002449036, 61.7873039246, 251.318878174, 169.548248291, 135.170074463, 191.040054321, 484.207519531, 731.407836914, 836.189331055, 343.971466064, 318.734954834, 320.271087646, 379.582244873, 995.088562012, 2475.03442383, 2556.23120117, 598.036560059, 321.508026123, 101.571472168, 269.314910889, 106.311187744, 90.8408966064, 69.4385299683, 48.1568717957, 196.714279175, 71.2475662231, 45.8663902283, 20.7685527802, 100.447380066, 2.92763018608, 0.127801150084, 0.0155591489747, 0.000367929460481, 8.17180705326e-07], "mean": [0.466358244419, 4.99691390991, 13.9226980209, 15.3284330368, 16.870475769, 14.5804624557, 7.15279960632, 6.00473690033, 8.73744010925, 9.11894702911, 11.5831832886, 10.6129217148, 15.9859771729, 25.0365276337, 24.8601760864, 20.2508106232, 17.6707115173, 18.641450882, 21.7584781647, 28.5039596558, 29.9813041687, 34.5050964355, 42.164806366, 38.8049926758, 27.9492168427, 34.573600769, 26.658197403, 28.2258014679, 21.8556728363, 18.6159896851, 20.5056552887, 13.5224056244, 9.50638580322, 8.07326030731, 7.84305858612, 2.51753425598, 0.499730557203, 0.149079024792, 0.0239084977657, 0.00116459815763], "dvar2": [0.666491568089, 45.9397697449, 436.839660645, 418.478027344, 3079.61352539, 4170.91943359, 269.076782227, 165.5546875, 619.819763184, 427.122833252, 335.586486816, 488.992828369, 1249.98693848, 1576.20227051, 2087.92358398, 898.955993652, 826.608154297, 809.020812988, 957.414855957, 2625.58764648, 6163.58349609, 6869.00927734, 1545.19470215, 852.576416016, 266.407867432, 588.223388672, 287.965026855, 237.083023071, 180.585281372, 112.94165802, 512.316894531, 151.037521362, 91.9842605591, 48.8923721313, 251.653060913, 7.18532562256, 0.298305004835, 0.0355628505349, 0.000869859184604, 2.08584492611e-06], "min": [5.70888269991e-09, 2.78776202123e-09, 1.11768327926e-08, 1.877721445e-08, 2.76128115928e-08, 6.52154810155e-08, 1.49050194409e-07, 1.17382498388e-07, 1.34049344069e-07, 3.08659565462e-07, 1.92708398572e-07, 1.43793130292e-07, 2.27815903031e-07, 1.30099621742e-07, 5.13231270816e-07, 1.41498048833e-07, 4.82443113015e-07, 5.74156899802e-07, 6.05385821473e-07, 6.46491912448e-07, 1.05044455267e-06, 8.26205223348e-07, 1.16062312827e-06, 1.086468842e-06, 1.32197203584e-06, 1.3490046058e-06, 2.65526500698e-06, 2.81350321529e-06, 2.53277062257e-06, 2.42734859057e-06, 2.85040732706e-06, 3.22712730849e-06, 2.80552035292e-06, 1.14796637263e-06, 1.3218497088e-06, 1.14276417662e-06, 5.62633999834e-07, 2.16573312173e-07, 4.59995561641e-08, 5.05426234199e-09], "var": [0.300458490849, 22.108499527, 178.062866211, 262.051940918, 894.02142334, 1033.56335449, 103.799621582, 68.2970352173, 264.610748291, 191.971557617, 224.333953857, 273.20211792, 666.622436523, 1543.90869141, 1648.29003906, 650.394836426, 594.622680664, 577.121704102, 720.639099121, 1333.90808105, 2339.48706055, 2216.80932617, 1022.10327148, 641.262023926, 240.541595459, 690.317749023, 205.692581177, 245.264389038, 192.646636963, 116.235847473, 291.892852783, 168.214920044, 110.5210495, 50.8305091858, 112.876060486, 5.35480356216, 0.206890821457, 0.0257145054638, 0.00060468330048, 1.21808966469e-06], "median": [0.248151451349, 3.69223213196, 10.1597166061, 8.7427444458, 7.76099872589, 5.7295627594, 4.1858496666, 3.69086885452, 3.81506729126, 4.92640781403, 6.54194545746, 5.28845405579, 6.75931739807, 9.34605407715, 9.71042633057, 10.2155265808, 9.71527862549, 10.56483078, 12.4173316956, 16.9797000885, 20.0019454956, 25.0954170227, 35.2097740173, 33.6601867676, 25.5272293091, 29.5153045654, 24.7424621582, 26.1676940918, 19.0259361267, 17.1022377014, 16.194683075, 11.5323867798, 7.60179233551, 6.88831996918, 4.77075386047, 2.03885316849, 0.411870062351, 0.10005427897, 0.0170009993017, 0.000963657104876]}, "spectral_energy": {"dmean": 0.0197258479893, "dmean2": 0.0333330668509, "max": 0.287740260363, "dvar": 0.000660037971102, "mean": 0.0547337457538, "dvar2": 0.00175470800605, "min": 5.28438492964e-09, "var": 0.000927764514927, "median": 0.0525955185294}, "zerocrossingrate": {"dmean": 0.0162415839732, "dmean2": 0.0199688132852, "max": 0.4560546875, "dvar": 0.000203763294849, "mean": 0.101879283786, "dvar2": 0.0002868208976, "min": 0.01708984375, "var": 0.00193128618412, "median": 0.09521484375}, "spectral_energyband_high": {"dmean": 0.001282964251, "dmean2": 0.00195822166279, "max": 0.0188672225922, "dvar": 2.54886936091e-06, "mean": 0.00441593164578, "dvar2": 5.96480458626e-06, "min": 1.21798404695e-09, "