{"lowlevel": {"spectral_strongpeak": {"max": 12.9315156937, "dmean": 0.241818547249, "dvar2": 0.616193771362, "dmean2": 0.411900311708, "var": 0.559282839298, "median": 0.792222619057, "min": 4.9465582741e-09, "dvar": 0.246177837253, "mean": 0.868311166763}, "barkbands_flatness_db": {"max": 0.543003678322, "dmean": 0.0195908155292, "dvar2": 0.00127064436674, "dmean2": 0.0303680114448, "var": 0.00765475584194, "median": 0.171131372452, "min": 0.0224745813757, "dvar": 0.000512365659233, "mean": 0.191194981337}, "barkbands_skewness": {"max": 28.1899604797, "dmean": 0.592276573181, "dvar2": 1.17207467556, "dmean2": 0.95572322607, "var": 4.4767370224, "median": 2.20412397385, "min": -16.385263443, "dvar": 0.462944924831, "mean": 2.53620505333}, "spectral_energyband_middle_high": {"max": 0.0918917283416, "dmean": 0.00192617985886, "dvar2": 2.76413702522e-05, "dmean2": 0.003193882294, "var": 5.77745195187e-05, "median": 0.00437866896391, "min": 1.64031611836e-21, "dvar": 1.03572219814e-05, "mean": 0.00705252308398}, "erbbands_kurtosis": {"max": 49.0057029724, "dmean": 0.962044835091, "dvar2": 6.05824899673, "dmean2": 1.55373072624, "var": 7.88470458984, "median": 0.609399199486, "min": -1.78175067902, "dvar": 2.52709007263, "mean": 1.31785452366}, "erbbands_crest": {"max": 30.5076980591, "dmean": 2.58785057068, "dvar2": 15.4992856979, "dmean2": 4.29953193665, "var": 20.8009548187, "median": 8.29557228088, "min": 2.61425256729, "dvar": 5.86683225632, "mean": 9.57302093506}, "dynamic_complexity": 3.91714596748, "barkbands_crest": {"max": 26.5482635498, "dmean": 2.08057928085, "dvar2": 14.7699375153, "dmean2": 3.36497664452, "var": 34.199798584, "median": 16.2150974274, "min": 2.84229302406, "dvar": 5.93337869644, "mean": 15.491101265}, "dissonance": {"max": 0.499967455864, "dmean": 0.0214737318456, "dvar2": 0.00146560952999, "dmean2": 0.0365275591612, "var": 0.00151438172907, "median": 0.468301713467, "min": 0.136403337121, "dvar": 0.000524314469658, "mean": 0.457683086395}, "spectral_energyband_low": {"max": 0.417684853077, "dmean": 0.0158505123109, "dvar2": 0.00338734081015, "dmean2": 0.0268896911293, "var": 0.00219765282236, "median": 0.0503709986806, "min": 8.54956278808e-23, "dvar": 0.00113591272384, "mean": 0.0515684559941}, "spectral_contrast_coeffs": {"max": [-0.249772548676, -0.432089090347, -0.468990981579, -0.596282958984, -0.690382838249, -0.552076816559], "dmean": [0.0419619120657, 0.0428850539029, 0.037500679493, 0.0276606958359, 0.0177124068141, 0.0174286775291], "dvar2": [0.00340895983391, 0.00313702737913, 0.00248494581319, 0.00133710494265, 0.000569408410229, 0.000981412944384], "dmean2": [0.0702275782824, 0.0707208067179, 0.0623146630824, 0.0467458851635, 0.0298599842936, 0.0282759740949], "var": [0.00643449742347, 0.00453476374969, 0.00389847275801, 0.00267350301147, 0.00107038405258, 0.00235440419056], "median": [-0.624350249767, -0.722909748554, -0.755901932716, -0.783507764339, -0.815322518349, -0.801299214363], "min": [-0.975438654423, -0.956101715565, -0.962255358696, -0.965187489986, -0.957718193531, -0.959488451481], "dvar": [0.00124632089864, 0.00115971313789, 0.000893809599802, 0.000470804225188, 0.000204548923648, 0.000418217648985], "mean": [-0.615756988525, -0.717391967773, -0.751473367214, -0.778828561306, -0.815124511719, -0.798706829548]}, "silence_rate_60dB": {"max": 1, "dmean": 0.00615680636838, "dvar2": 0.0140882534906, "dmean2": 0.0123147973791, "var": 0.069648206234, "median": 0, "min": 0, "dvar": 0.00611913530156, "mean": 0.075317427516}, "mfcc": {"icov": [[9.95774753392e-05, 2.95730424114e-05, 9.43605700741e-05, -1.43812176248e-05, -6.41551596345e-05, -0.00012638035696, -0.000118828902487, 9.89981981547e-06, -0.000108829262899, -1.72006330104e-05, -0.000145562444231, 5.43021487829e-05, 3.91532967114e-06], [2.95730424114e-05, 0.000729290361051, -9.27978253458e-05, 5.07246477355e-05, 0.000142070246511, 0.000192239414901, -0.000273565441603, -0.000351914059138, -9.18328078114e-05, -0.000400270830141, -4.67418503831e-05, -0.000283401663182, -0.000172961212229], [9.43605700741e-05, -9.27978253458e-05, 0.00272419536486, 1.02010917544e-05, -0.000854448007885, 0.000712064735126, 0.000135091439006, 6.66475170874e-05, -0.00138754281215, -0.000713619578164, 0.00108358170837, -0.00178756879177, 0.000506062933709], [-1.43812176248e-05, 5.07246477355e-05, 1.02010917544e-05, 0.00257702358067, 0.000172612577444, -0.000655557028949, -0.000354123301804, -0.000952495902311, -0.00159768294543, 0.000585370988119, 9.85203150776e-05, -6.69376458973e-05, -0.00105953821912], [-6.41551596345e-05, 0.000142070246511, -0.000854448007885, 0.000172612577444, 0.00390572100878, -0.000902868516278, -0.00188212806825, 7.4644551205e-05, 0.000456131092506, -0.00168488558847, 0.00107838434633, -0.000185096869245, -0.00103809579741], [-0.00012638035696, 0.000192239414901, 0.000712064735126, -0.000655557028949, -0.000902868516278, 0.00548909138888, -0.000387363892514, -0.00163107330445, 0.000427075457992, -0.000580330612138, -0.00275992020033, 0.000451376166893, -0.000410816661315], [-0.000118828902487, -0.000273565441603, 0.000135091439006, -0.000354123301804, -0.00188212806825, -0.000387363892514, 0.0076668378897, -0.000483735202579, 0.00129371101502, -0.00159487430938, 0.000238504857407, -0.00255001778714, -3.5946151911e-05], [9.89981981547e-06, -0.000351914059138, 6.66475170874e-05, -0.000952495902311, 7.4644551205e-05, -0.00163107330445, -0.000483735202579, 0.01224102173, -0.00526855653152, -6.14197706454e-05, 0.00107214832678, -0.00131766649429, -0.000983144622296], [-0.000108829262899, -9.18328078114e-05, -0.00138754281215, -0.00159768294543, 0.000456131092506, 0.000427075457992, 0.00129371101502, -0.00526855653152, 0.0137182101607, -0.00174162758049, -0.00355916563421, 7.93469444034e-05, -0.000360396894393], [-1.72006330104e-05, -0.000400270830141, -0.000713619578164, 0.000585370988119, -0.00168488558847, -0.000580330612138, -0.00159487430938, -6.14197706454e-05, -0.00174162758049, 0.0143667180091, -0.00372666772455, 0.0020708872471, -0.00208321702667], [-0.000145562444231, -4.67418503831e-05, 0.00108358170837, 9.85203150776e-05, 0.00107838434633, -0.00275992020033, 0.000238504857407, 0.00107214832678, -0.00355916563421, -0.00372666772455, 0.020317832008, -0.0110161583871, -0.000237887215917], [5.43021487829e-05, -0.000283401663182, -0.00178756879177, -6.69376458973e-05, -0.000185096869245, 0.000451376166893, -0.00255001778714, -0.00131766649429, 7.93469444034e-05, 0.0020708872471, -0.0110161583871, 0.0226357653737, -0.00708442972973], [3.91532967114e-06, -0.000172961212229, 0.000506062933709, -0.00105953821912, -0.00103809579741, -0.000410816661315, -3.5946151911e-05, -0.000983144622296, -0.000360396894393, -0.00208321702667, -0.000237887215917, -0.00708442972973, 0.0209074616432]], "cov": [[13611.8808594, -270.04699707, -363.872619629, 690.00604248, 621.754089355, 906.475830078, 535.435913086, 326.047149658, 327.695709229, 280.671936035, 431.479797363, 258.764953613, 230.133544922], [-270.04699707, 1605.46508789, 170.590240479, 91.0543746948, 57.9473838806, 14.2889852524, 111.882827759, 111.967605591, 99.6951675415, 96.4060516357, 75.8566513062, 103.342819214, 69.6377563477], [-363.872619629, 170.590240479, 517.129455566, 43.4628715515, 134.791763306, -34.4521026611, 47.0696411133, 42.6692619324, 75.0434875488, 55.507850647, 13.384926796, 63.402130127, 27.7283000946], [690.00604248, 91.0543746948, 43.4628715515, 625.855285645, 79.4611434937, 190.845855713, 92.9385223389, 156.725814819, 160.928512573, 53.0860099792, 101.078544617, 92.1948699951, 86.9673690796], [621.754089355, 57.9473838806, 134.791763306, 79.4611434937, 446.560516357, 137.993560791, 168.372299194, 55.3288726807, 41.5554122925, 100.188987732, 50.614906311, 68.345916748, 63.3363761902], [906.475830078, 14.2889852524, -34.4521026611, 190.845855713, 137.993560791, 343.763092041, 104.269729614, 101.10496521, 77.5891189575, 69.873336792, 106.933959961, 72.915977478, 63.2175865173], [535.435913086, 111.882827759, 47.0696411133, 92.9385223389, 168.372299194, 104.269729614, 225.699066162, 53.4651756287, 35.4300270081, 67.9490966797, 57.5302619934, 68.9731903076, 49.1139984131], [326.047149658, 111.967605591, 42.6692619324, 156.725814819, 55.3288726807, 101.10496521, 53.4651756287, 158.867706299, 97.836769104, 41.6094589233, 57.0146408081, 56.0076408386, 45.5303497314], [327.695709229, 99.6951675415, 75.0434875488, 160.928512573, 41.5554122925, 77.5891189575, 35.4300270081, 97.836769104, 157.490661621, 47.5074958801, 68.3362579346, 57.1414070129, 42.9399986267], [280.671936035, 96.4060516357, 55.507850647, 53.0860099792, 100.188987732, 69.873336792, 67.9490966797, 41.6094589233, 47.5074958801, 114.283210754, 52.1240081787, 40.9623527527, 37.1917991638], [431.479797363, 75.8566513062, 13.384926796, 101.078544617, 50.614906311, 106.933959961, 57.5302619934, 57.0146408081, 68.3362579346, 52.1240081787, 124.933059692, 80.0618133545, 47.6612091064], [258.764953613, 103.342819214, 63.402130127, 92.1948699951, 68.345916748, 72.915977478, 68.9731903076, 56.0076408386, 57.1414070129, 40.9623527527, 80.0618133545, 112.71194458, 55.692073822], [230.133544922, 69.6377563477, 27.7283000946, 86.9673690796, 63.3363761902, 63.2175865173, 49.1139984131, 45.5303497314, 42.9399986267, 37.1917991638, 47.6612091064, 55.692073822, 82.5706939697]], "mean": [-652.906433105, 143.343322754, 7.41271829605, 5.96435070038, 10.3618707657, 6.51471662521, 9.38044643402, 1.80620741844, 2.97318816185, 13.0962238312, 4.5563993454, 2.30856585503, 1.83839786053]}, "melbands_spread": {"max": 207.474365234, "dmean": 3.42890286446, "dvar2": 55.5425720215, "dmean2": 5.55063724518, "var": 147.061340332, "median": 10.214225769, "min": 0.280222952366, "dvar": 24.1749782562, "mean": 13.0597791672}, "barkbands_kurtosis": {"max": 1261.5357666, "dmean": 5.17215251923, "dvar2": 403.771728516, "dmean2": 8.33414649963, "var": 1274.36547852, "median": 5.3123626709, "min": -1.90797507763, "dvar": 222.353637695, "mean": 13.8144931793}, "spectral_energyband_high": {"max": 0.0157912876457, "dmean": 0.000295388541417, "dvar2": 1.31749663979e-06, "dmean2": 0.000479787646327, "var": 1.10800453967e-06, "median": 0.000285179063212, "min": 7.65941297567e-21, "dvar": 5.3366454722e-07, "mean": 0.000660878082272}, "hfc": {"max": 155.053726196, "dmean": 5.55048799515, "dvar2": 259.006713867, "dmean2": 9.09979343414, "var": 394.508422852, "median": 18.9230194092, "min": 1.14177394312e-16, "dvar": 96.4692001343, "mean": 23.9899311066}, "spectral_skewness": {"max": 12.2784738541, "dmean": 0.239190131426, "dvar2": 0.315776109695, "dmean2": 0.394685149193, "var": 1.2023884058, "median": 1.92338168621, "min": -0.0637611597776, "dvar": 0.117477975786, "mean": 2.11993646622}, "erbbands": {"max": [14.0046854019, 83.599319458, 119.890724182, 121.503334045, 84.3472213745, 97.790397644, 201.430679321, 359.009460449, 553.990844727, 241.174438477, 805.31439209, 760.810974121, 282.073455811, 809.801818848, 765.565368652, 3619.23486328, 660.27947998, 620.709655762, 628.396118164, 359.530822754, 312.010009766, 241.601272583, 537.823242188, 362.614562988, 255.944320679, 137.374847412, 114.59967041, 167.112564087, 97.5788726807, 134.364822388, 143.295471191, 131.032363892, 155.373794556, 69.9115524292, 36.4006729126, 12.0472803116, 2.46274209023, 1.0624127388, 0.343185693026, 0.00931292586029], "dmean": [0.375909358263, 3.51263689995, 4.16944313049, 2.70260596275, 2.61493420601, 3.34215664864, 5.4314904213, 10.1554584503, 15.0728387833, 8.21733570099, 22.7935447693, 32.789188385, 9.31881809235, 23.8525829315, 19.1507606506, 28.4646816254, 24.875043869, 26.6756381989, 27.4791793823, 12.3325653076, 8.10756778717, 5.61117696762, 6.85201215744, 5.85754060745, 5.51328706741, 4.5047826767, 2.92412161827, 3.11948990822, 2.29107666016, 1.42637169361, 1.07838284969, 0.846355557442, 0.638637304306, 0.439589381218, 0.213116779923, 0.120701372623, 0.0719592422247, 0.030763592571, 0.00878214184195, 0.00027965568006], "dvar2": [2.43984532356, 177.3699646, 240.380386353, 161.888473511, 91.7557754517, 67.6090316772, 187.527069092, 779.326843262, 1427.19055176, 353.925140381, 3098.53540039, 6065.35888672, 414.418273926, 3329.55712891, 4167.04248047, 23760.6953125, 5347.06689453, 5570.47119141, 5575.35595703, 1608.20910645, 746.92364502, 552.965148926, 1908.99389648, 797.102722168, 456.652832031, 260.704406738, 110.926300049, 264.272125244, 113.968963623, 35.3654212952, 17.4508533478, 14.2942409515, 15.7043972015, 4.70076799393, 1.24867284298, 0.45442071557, 0.154503047466, 0.0305647701025, 0.00267031858675, 2.72319039141e-06], "dmean2": [0.596037149429, 6.00614404678, 7.16992282867, 4.75661849976, 4.35050201416, 5.2551484108, 8.49066257477, 16.6348590851, 23.4119091034, 13.3868608475, 35.3714637756, 53.7919120789, 15.1276006699, 37.9553718567, 32.2873725891, 46.1298980713, 41.8030433655, 45.8576774597, 46.6740074158, 21.238275528, 14.0283250809, 9.65410041809, 12.1300640106, 10.1254034042, 9.34648704529, 7.58108997345, 4.73763751984, 5.27213430405, 3.77424168587, 2.26800274849, 1.7315967083, 1.36190068722, 1.00975775719, 0.70614773035, 0.353991657495, 0.204678729177, 0.125084847212, 0.0539419315755, 0.015501475893, 0.000495321000926], "var": [1.7956802845, 102.368629456, 149.58442688, 90.3087158203, 36.5940132141, 58.1172142029, 260.899871826, 1004.33013916, 1387.65551758, 293.565093994, 3678.57446289, 4171.390625, 492.385040283, 4031.19628906, 2164.83618164, 21622.7773438, 4803.22705078, 5738.24951172, 5389.98583984, 1035.10424805, 495.123413086, 266.93560791, 489.713439941, 315.635986328, 296.191436768, 184.254241943, 104.457496643, 119.377906799, 75.5503234863, 42.1041069031, 23.9196434021, 12.657541275, 8.7805185318, 3.77791190147, 0.611710369587, 0.165449306369, 0.0451540276408, 0.00810333713889, 0.000684437225573, 6.82897564275e-07], "median": [0.298375606537, 10.8514652252, 10.9716081619, 2.10669660568, 2.46234989166, 4.27520751953, 6.14989471436, 8.66499042511, 17.4485702515, 12.505106926, 22.8906211853, 35.4660301208, 15.6480751038, 24.8922348022, 22.3489875793, 15.4289007187, 19.585773468, 22.5348396301, 25.6054840088, 13.7581567764, 8.69009971619, 5.04403591156, 4.64632511139, 5.12364387512, 4.83973932266, 2.85418057442, 1.43953561783, 1.24312925339, 0.874536395073, 0.543704867363, 1.00216555595, 0.987044811249, 0.813916921616, 0.701704502106, 0.253609716892, 0.0642865300179, 0.016011852771, 0.00269455788657, 0.000400852528401, 8.36006511236e-05], "min": [2.4160649184e-21, 2.73260387632e-21, 6.50343251249e-21, 5.82778209853e-20, 1.23948232653e-19, 1.30587235948e-19, 2.60153653473e-19, 3.94931257157e-19, 3.67468757423e-19, 1.00127473114e-18, 1.07222811273e-18, 1.71361816944e-18, 3.02458198069e-18, 1.23584536847e-18, 2.02510626399e-18, 7.7475216825e-18, 8.30830298852e-18, 6.05617597144e-18, 7.70890392842e-18, 8.64772579953e-18, 1.10701209147e-17, 7.37210327995e-18, 8.87814026788e-18, 1.03018529325e-17, 1.73760785477e-17, 1.73796486593e-17, 1.77054089281e-17, 1.84039315225e-17, 1.93923842304e-17, 2.42754977384e-17, 1.53130421235e-17, 1.22069929855e-17, 1.49353696538e-17, 1.4077882798e-17, 1.00157460479e-17, 6.2328439659e-18, 3.55658174409e-18, 1.18957929566e-18, 2.92479406522e-19, 3.25359797097e-20], "dvar": [0.938403010368, 58.0470161438, 84.3321990967, 58.8951072693, 32.8746986389, 26.4234218597, 79.6638565063, 313.105895996, 584.250793457, 129.964614868, 1393.50964355, 2323.57275391, 161.769439697, 1398.96679688, 1470.13525391, 9895.83398438, 1965.21984863, 1897.43896484, 1963.29138184, 557.326782227, 251.866012573, 192.030471802, 644.686279297, 270.507110596, 161.820648193, 97.3061981201, 47.2655220032, 98.2521362305, 44.9337387085, 15.4188833237, 8.06387042999, 6.30774879456, 6.10456562042, 1.87071382999, 0.471542000771, 0.169338032603, 0.0564667731524, 0.011199971661, 0.000983777921647, 9.90557737168e-07], "mean": [0.812627911568, 10.9047222137, 13.4775705338, 4.96070337296, 4.41483068466, 6.70469331741, 11.5280542374, 18.916677475, 28.8498363495, 17.1529254913, 43.6242828369, 55.4958381653, 21.4390773773, 45.0938072205, 36.5456771851, 51.785736084, 48.2407722473, 59.8097419739, 58.8957595825, 25.512140274, 17.2682857513, 11.1223163605, 10.8699235916, 10.5787935257, 11.3305587769, 8.55578899384, 5.80739784241, 4.98174667358, 4.22197771072, 2.97335505486, 2.41804885864, 1.97586643696, 1.54890906811, 1.11968183517, 0.46165278554, 0.172369539738, 0.0766371041536, 0.0266081113368, 0.00670290179551, 0.000272274628514]}, "spectral_contrast_valleys": {"max": [-4.7346162796, -4.84494304657, -4.9506187439, -5.4370303154, -5.27233600616, -7.50584220886], "dmean": [0.356077343225, 0.307011157274, 0.263957291842, 0.226263135672, 0.216793984175, 0.180145278573], "dvar2": [0.254633158445, 0.18836773932, 0.146163925529, 0.129903391004, 0.165938436985, 0.112985305488], "dmean2": [0.596990346909, 0.516393363476, 0.439525276423, 0.374782532454, 0.342773526907, 0.271043598652], "var": [3.32217764854, 1.74744606018, 1.71550285816, 2.02108073235, 2.12937927246, 2.29791808128], "median": [-6.85976314545, -6.31191444397, -6.88597297668, -7.357234478, -7.54985237122, -9.80227088928], "min": [-27.1009044647, -27.1427440643, -26.9958591461, -27.1172943115, -27.2408695221, -27.2707252502], "dvar": [0.104534231126, 0.0812442451715, 0.0635173618793, 0.0580861344934, 0.0794241353869, 0.0615754649043], "mean": [-7.3907661438, -6.67931985855, -7.15366697311, -7.58856868744, -7.87996721268, -10.2950868607]}, "average_loudness": 0.843958675861, "erbbands_spread": {"max": 184.82131958, "dmean": 6.02137184143, "dvar2": 107.464881897, "dmean2": 9.73767852783, "var": 233.788360596, "median": 30.6814174652, "min": 0.924397289753, "dvar": 42.6620445251, "mean": 31.7318592072}, "melbands_flatness_db": {"max": 0.661333978176, "dmean": 0.0220077559352, "dvar2": 0.00171468162443, "dmean2": 0.0340923927724, "var": 0.0100583890453, "median": 0.26050105691, "min": 0.00512089254335, "dvar": 0.00069870549487, "mean": 0.274325042963}, "barkbands_spread": {"max": 89.2830657959, "dmean": 3.52513647079, "dvar2": 62.6046142578, "dmean2": 5.70735359192, "var": 108.028411865, "median": 12.6843338013, "min": 0.083268404007, "dvar": 24.4983444214, "mean": 14.39412117}, "spectral_decrease": {"max": 1.59169952761e-15, "dmean": 4.45221992607e-09, "dvar2": 2.22848492132e-16, "dmean2": 7.49219619678e-09, "var": 1.79344562323e-16, "median": -1.70205147754e-08, "min": -1.14802475082e-07, "dvar": 7.41998678038e-17, "mean": -1.7720742207e-08}, "melbands_crest": {"max": 31.8279380798, "dmean": 2.07219839096, "dvar2": 14.2003803253, "dmean2": 3.34591245651, "var": 29.1326236725, "median": 19.6080703735, "min": 1.96019649506, "dvar": 5.56584358215, "mean": 18.7650604248}, "erbbands_flatness_db": {"max": 0.528805434704, "dmean": 0.014548339881, "dvar2": 0.000443159893621, "dmean2": 0.0226866640151, "var": 0.00413996912539, "median": 0.147417888045, "min": 0.0462419167161, "dvar": 0.000195970249479, "mean": 0.160807579756}, "melbands_kurtosis": {"max": 634.452697754, "dmean": 9.61624526978, "dvar2": 614.311706543, "dmean2": 15.6140670776, "var": 1628.59460449, "median": 14.280837059, "min": -1.79410231113, "dvar": 249.284103394, "mean": 25.6078834534}, "spectral_rms": {"max": 0.0206637978554, "dmean": 0.000851926044561, "dvar2": 5.06203105033e-06, "dmean2": 0.00140387704596, "var": 1.10874498205e-05, "median": 0.00805949792266, "min": 3.21850293812e-12, "dvar": 1.74636272732e-06, "mean": 0.00750240217894}, "melbands_skewness": {"max": 17.3384552002, "dmean": 0.751990556717, "dvar2": 1.85985136032, "dmean2": 1.21507656574, "var": 4.74248123169, "median": 3.34293460846, "min": -1.80636560917, "dvar": 0.690333068371, "mean": 3.51543235779}, "barkbands": {"max": [0.0141774229705, 0.406941503286, 0.109092958272, 0.0448984727263, 0.0243389457464, 0.0284442640841, 0.0398500114679, 0.0294137299061, 0.0270554143935, 0.0192757211626, 0.016403472051, 0.0731987804174, 0.0134921185672, 0.0117416465655, 0.0119348634034, 0.00546501250938, 0.00456699961796, 0.0098076928407, 0.00595938786864, 0.0029625503812, 0.00307682598941, 0.00277308863588, 0.0051083038561, 0.00738392258063, 0.00475201290101, 0.00144264800474, 0.00144604954403], "dmean": [0.000326269597281, 0.0146306483075, 0.00283785932697, 0.000894663040526, 0.000932324968744, 0.00101798377, 0.00105058564804, 0.000815229897853, 0.00117559637874, 0.000618261576165, 0.0003924605262, 0.000707497412805, 0.000545141578186, 0.000530208053533, 0.000464757002192, 0.000170216313563, 0.000114369642688, 0.000125766629935, 0.000111993329483, 9.73127607722e-05, 7.49863829697e-05, 6.21834406047e-05, 3.58281758963e-05, 3.72972535843e-05, 3.21972147503e-05, 3.8518832298e-05, 3.85377024941e-05], "dvar2": [2.19089770326e-06, 0.00318992114626, 0.000143186785863, 1.71018036781e-05, 5.34464334123e-06, 6.82201925883e-06, 6.56227894069e-06, 4.24646532338e-06, 7.88719080447e-06, 2.09635845749e-06, 1.20692300243e-06, 1.1504667782e-05, 2.42762848757e-06, 2.20335982704e-06, 1.76780724814e-06, 3.1033164305e-07, 1.83149211352e-07, 6.09538744811e-07, 1.78515264793e-07, 1.25297404452e-07, 1.03672327612e-07, 8.45365448754e-08, 2.07898906979e-08, 4.28331183855e-08, 2.31769519132e-08, 4.63088412062e-08, 4.96052869892e-08], "dmean2": [0.000457912363345, 0.0247087739408, 0.00493908440694, 0.00159253005404, 0.00147679157089, 0.00164589565247, 0.00165360537358, 0.00126064196229, 0.00192997057457, 0.000991573557258, 0.00064724998083, 0.00115979788825, 0.000916305056307, 0.000908455869649, 0.000790023012087, 0.000294775672955, 0.000196736276848, 0.000222115355427, 0.000189416052308, 0.000164556709933, 0.000124068013974, 0.000101978715975, 5.78208564548e-05, 5.92688957113e-05, 5.22116097272e-05, 6.68669526931e-05, 6.75621486153e-05], "var": [2.03251920539e-06, 0.00195623538457, 7.33592678444e-05, 9.67699725152e-06, 4.33238619735e-06, 8.35138234834e-06, 6.08645132161e-06, 4.95831181979e-06, 5.629037787e-06, 1.90079890672e-06, 1.32058482905e-06, 9.82418805506e-06, 2.13457815335e-06, 2.43077170126e-06, 1.28064687033e-06, 2.01053182991e-07, 9.40087332424e-08, 1.59430186386e-07, 1.15301212134e-07, 8.33969053815e-08, 6.75147049378e-08, 5.70772193953e-08, 2.9359831899e-08, 2.7677666381e-08, 1.7087367965e-08, 1.34079547465e-08, 1.30917099384e-08], "median": [8.99075075722e-06, 0.0392193309963, 0.00303342239931, 0.000293529767077, 0.00125653448049, 0.00100147048943, 0.00115461228415, 0.000663332175463, 0.00125802773982, 0.000614874646999, 0.000351846625563, 0.00037140751374, 0.000387934036553, 0.000398150034016, 0.000375217030523, 0.000161864169058, 9.17960715014e-05, 8.04212395451e-05, 0.000102968857391, 5.95706042077e-05, 3.33160496666e-05, 2.29146971833e-05, 3.20726321661e-05, 4.97165383422e-05, 5.12318511028e-05, 1.07397736429e-05, 1.69804752659e-06], "min": [3.4653113399e-23, 3.41551717738e-23, 4.65591504389e-24, 2.70043748599e-23, 4.0707346323e-23, 4.90949256749e-23, 3.26119105632e-23, 6.21163213158e-23, 7.84510936863e-23, 6.97252002911e-23, 3.48822049167e-23, 1.70563819369e-22, 2.05150182513e-22, 8.65217844572e-23, 1.60473316514e-22, 1.99460930287e-22, 1.44340946919e-22, 1.40698971758e-22, 3.27444574968e-22, 3.08316932071e-22, 4.70052602738e-22, 6.42648300607e-22, 5.69157362344e-22, 7.53109527048e-22, 1.30737794129e-21, 1.87965061001e-21, 2.04842372775e-21], "dvar": [1.05321612409e-06, 0.00106862362009, 5.14718813065e-05, 6.13256543147e-06, 2.05300102607e-06, 2.68854864771e-06, 2.64042546405e-06, 1.89884747215e-06, 3.02272519548e-06, 8.61143746533e-07, 4.72481588076e-07, 4.67801601189e-06, 8.92316506906e-07, 7.60685168189e-07, 6.21301069259e-07, 1.04604559681e-07, 6.37102886003e-08, 2.06561054483e-07, 6.36391135345e-08, 4.64066083339e-08, 4.10622149616e-08, 3.31292575595e-08, 9.52675627275e-09, 1.74259398023e-08, 9.14756359549e-09, 1.68422928937e-08, 1.83889738992e-08], "mean": [0.000435506750364, 0.0435029529035, 0.00676698889583, 0.00126965751406, 0.00191703159362, 0.00200032698922, 0.00193335174117, 0.00146485853475, 0.00199545919895, 0.00108376902062, 0.000706580816768, 0.00123450346291, 0.00100412603933, 0.00117766752373, 0.000840091845021, 0.000342678074958, 0.000208511672099, 0.000195594169782, 0.000219686247874, 0.00018207958783, 0.000132154847961, 0.000116562659969, 8.17453474156e-05, 9.25620479393e-05, 8.12888756627e-05, 4.23987185059e-05, 2.98915438179e-05]}, "spectral_kurtosis": {"max": 228.025115967, "dmean": 2.21380138397, "dvar2": 101.252815247, "dmean2": 3.77027392387, "var": 286.752471924, "median": 5.26588058472, "min": -1.2669532299, "dvar": 35.1536102295, "mean": 8.50017547607}, "erbbands_skewness": {"max": 5.85400485992, "dmean": 0.295107781887, "dvar2": 0.202546730638, "dmean2": 0.472140192986, "var": 0.498518705368, "median": 0.205485999584, "min": -3.07088494301, "dvar": 0.0811598226428, "mean": 0.315800726414}, "melbands": {"max": [0.122267469764, 0.07174346596, 0.0196400843561, 0.00690608425066, 0.00586073612794, 0.0069420998916, 0.00880795437843, 0.00204358692281, 0.00598519714549, 0.00516694784164, 0.00134967034683, 0.00317821791396, 0.00169122510124, 0.00896995700896, 0.00337914936244, 0.00143098970875, 0.0013008719543, 0.00113277544733, 0.000874483434018, 0.000361482816515, 0.00032585367444, 0.000297248654533, 0.000325549015542, 0.000564132875297, 0.000268862320809, 0.000290526426397, 0.000237680971622, 9.97254901449e-05, 7.31109830667e-05, 9.5173738373e-05, 0.000108214582724, 7.51302941353e-05, 7.17952352716e-05, 9.37828954193e-05, 0.000110231077997, 0.000100460427348, 6.73388494761e-05, 9.97916577035e-05, 0.000100698591268, 5.23279377376e-05], "dmean": [0.00381378969178, 0.00298334471881, 0.00045517651597, 0.000229523415328, 0.000166766738403, 0.000209263831493, 0.000231859652558, 9.03280670173e-05, 0.000193471089005, 0.000195146654733, 4.61046474811e-05, 0.000102731697552, 5.57498678972e-05, 9.04773769435e-05, 5.84031295148e-05, 4.66793462692e-05, 5.60398912057e-05, 4.76388195239e-05, 2.43404647335e-05, 1.4252852452e-05, 9.91723754851e-06, 6.68287566441e-06, 5.44845534023e-06, 6.99634392731e-06, 4.88673276777e-06, 4.68607186122e-06, 3.96414179704e-06, 3.06500191982e-06, 1.88617991626e-06, 2.06442473427e-06, 1.76993921741e-06, 1.45212186453e-06, 1.11181373086e-06, 6.88447073571e-07, 6.49142350539e-07, 6.63678861201e-07, 5.06037167725e-07, 4.74336957268e-07, 4.51032633464e-07, 3.81222093893e-07], "dvar2": [0.000237589294557, 0.000107244930405, 4.33555169366e-06, 3.72476904431e-07, 1.67186456679e-07, 3.16505548881e-07, 3.26971075992e-07, 3.77781539385e-08, 1.91179921671e-07, 2.28120896395e-07, 1.01643840011e-08, 6.15523632064e-08, 2.85219048379e-08, 1.81806740329e-07, 3.94071975052e-08, 1.64249787105e-08, 2.52617748941e-08, 1.6501244815e-08, 7.49018358448e-09, 1.95109439716e-09, 1.11229270239e-09, 6.14514827912e-10, 8.78622563594e-10, 1.89860882571e-09, 4.86322482285e-10, 2.72040695526e-10, 3.36930428002e-10, 1.18122261972e-10, 4.16426476635e-11, 7.99247543148e-11, 9.67142615993e-11, 4.98300255225e-11, 2.59962693733e-11, 7.46541457125e-12, 6.93721816103e-12, 8.21266925993e-12, 5.313979725e-12, 6.87213350462e-12, 7.68700467862e-12, 2.7586956157e-12], "dmean2": [0.00631818547845, 0.0051076519303, 0.000796918640845, 0.000357979879482, 0.000263365538558, 0.000342400628142, 0.000361579732271, 0.000147468046634, 0.000303186097881, 0.000319922692142, 7.49886385165e-05, 0.000163372780662, 9.3584501883e-05, 0.000148548191646, 9.66285806498e-05, 7.82366187195e-05, 9.635801689e-05, 8.10309575172e-05, 4.17775117967e-05, 2.46662839345e-05, 1.71926621988e-05, 1.14649374154e-05, 9.58681994234e-06, 1.24092966871e-05, 8.43382440507e-06, 7.95182859292e-06, 6.86531166139e-06, 5.16393220096e-06, 3.0931571473e-06, 3.34623314302e-06, 3.04821423924e-06, 2.43168005909e-06, 1.79647088316e-06, 1.08372728391e-06, 1.04730827388e-06, 1.10461598979e-06, 8.23705079256e-07, 7.58468331696e-07, 7.16034264769e-07, 6.19621914666e-07], "var": [0.000146562975715, 6.92602261552e-05, 2.10243979382e-06, 2.83828001102e-07, 2.26528229064e-07, 4.00177469828e-07, 3.17665040939e-07, 3.31420260125e-08, 2.20904638581e-07, 1.59097993446e-07, 1.1700622693e-08, 6.86790144755e-08, 1.63771005646e-08, 1.53222032395e-07, 3.47637296727e-08, 1.5412759069e-08, 2.38687611898e-08, 1.60888120604e-08, 4.12483380785e-09, 1.25968779852e-09, 6.80018374943e-10, 3.28854193876e-10, 2.60548832509e-10, 4.7475789966e-10, 2.0074326923e-10, 1.82002538041e-10, 1.47377374193e-10, 7.81505346548e-11, 3.96311872208e-11, 5.1007656432e-11, 3.77520757711e-11, 2.73356077357e-11, 1.99818391e-11, 1.08970801133e-11, 8.37761023748e-12, 7.44082573334e-12, 4.00017475741e-12, 4.08316653058e-12, 4.84679484047e-12, 2.27484762798e-12], "median": [0.00676530320197, 0.0117658488452, 0.000392551010009, 0.000263400783297, 0.000211980950553, 0.000184676726349, 0.00026615805109, 0.000139371783007, 0.00020961878181, 0.000194946114789, 6.71279922244e-05, 9.91267879726e-05, 6.49475114187e-05, 5.27310767211e-05, 3.51681519533e-05, 4.13019006373e-05, 3.96180257667e-05, 4.10525026382e-05, 2.11079041037e-05, 1.33792636916e-05, 8.50563810673e-06, 5.18864817423e-06, 4.01024180974e-06, 3.90321474697e-06, 3.703376251e-06, 3.95513916374e-06, 2.51091478276e-06, 1.68041015058e-06, 9.20739978483e-07, 7.38282324164e-07, 6.42885936486e-07, 5.19813170285e-07, 3.32217723553e-07, 2.66950564765e-07, 4.9051300266e-07, 6.99547058503e-07, 5.16282966601e-07, 5.09015990247e-07, 5.67717279409e-07, 5.52946630705e-07], "min": [1.76806069401e-23, 2.5496765429e-24, 1.10921826546e-23, 9.93865422991e-24, 8.28116359359e-24, 9.19580363698e-24, 5.9152876973e-24, 1.18464401763e-23, 8.30277996011e-24, 1.21432356812e-23, 1.49762134744e-23, 4.73423867659e-24, 4.8363389714e-24, 1.74259342409e-23, 1.64193871689e-23, 2.15618120601e-23, 9.74092861059e-24, 1.1552391485e-23, 1.28407835701e-23, 1.32090183186e-23, 1.18247614897e-23, 6.21392874234e-24, 1.08907154681e-23, 5.86139350911e-24, 7.72224617591e-24, 1.42601107882e-23, 1.0567389782e-23, 1.16974740495e-23, 1.05059635499e-23, 1.09209706504e-23, 9.87114114705e-24, 1.00414388616e-23, 1.42963952344e-23, 1.23528194576e-23, 8.74318995945e-24, 8.47184231843e-24, 6.60873272059e-24, 1.02960066422e-23, 1.02605228899e-23, 1.23855690181e-23], "dvar": [8.15584280645e-05, 3.6267167161e-05, 1.56774069637e-06, 1.45175064858e-07, 6.88906993673e-08, 1.25989942035e-07, 1.33881187026e-07, 1.40558009676e-08, 8.40269578362e-08, 8.78133477045e-08, 3.97802590868e-09, 2.57261820735e-08, 1.00540642478e-08, 7.36460918915e-08, 1.52949315435e-08, 6.07013639353e-09, 8.59203108661e-09, 5.80535219896e-09, 2.6386126617e-09, 6.60403898234e-10, 3.77649717054e-10, 2.17552198478e-10, 2.97778746106e-10, 6.43365860586e-10, 1.65331331958e-10, 9.80868303246e-11, 1.16716622478e-10, 4.44055868465e-11, 1.74370587414e-11, 3.37898251046e-11, 3.48509415771e-11, 1.87462476098e-11, 1.0702100664e-11, 3.4121895847e-12, 3.08718827412e-12, 3.58457773013e-12, 2.24190544601e-12, 2.71769911263e-12, 2.94284388525e-12, 1.10359919987e-12], "mean": [0.0101144323125, 0.0104091223329, 0.000822929956485, 0.000432819797425, 0.000370722962543, 0.000393675174564, 0.000438990246039, 0.000186923731235, 0.000368604261894, 0.000322509207763, 9.8424985481e-05, 0.000186415752978, 0.000103315716842, 0.000156986556249, 0.000107050196675, 9.21950122574e-05, 0.000116063842142, 0.000100065801234, 4.4217271352e-05, 2.73874047707e-05, 1.89675447473e-05, 1.2131571566e-05, 8.90451883606e-06, 1.01218347481e-05, 8.19185424916e-06, 8.85836197995e-06, 7.13913914296e-06, 5.33245429324e-06, 3.62828404832e-06, 3.25776250065e-06, 2.6974166758e-06, 2.49683330367e-06, 2.02939872906e-06, 1.4354789073e-06, 1.3321696315e-06, 1.4170079794e-06, 1.10550752197e-06, 1.04558080238e-06, 1.08020446987e-06, 9.05706997401e-07]}, "spectral_centroid": {"max": 10721.0791016, "dmean": 152.614196777, "dvar2": 115541.265625, "dmean2": 244.535568237, "var": 250554.828125, "median": 910.472290039, "min": 96.8556747437, "dvar": 53657.1953125, "mean": 969.478088379}, "pitch_salience": {"max": 0.843920052052, "dmean": 0.0613748393953, "dvar2": 0.0106902094558, "dmean2": 0.100141592324, "var": 0.0271058082581, "median": 0.358476281166, "min": 0.0382382161915, "dvar": 0.00411819759756, "mean": 0.381730735302}, "gfcc": {"icov": [[0.000168927421328, -0.000161547854077, 5.82223583478e-05, -0.00037323590368, 6.30900176475e-05, -0.000272701698123, 0.000135181166115, -0.000365518673789, 0.000528058444615, -0.000641572463792, 0.000562673783861, -0.000683532503899, 0.000453570857644], [-0.000161547854077, 0.00120732106734, 0.00010683957953, 0.000474219530588, -0.000156744325068, 0.000467525242129, -0.000906789442524, 0.000172748041223, -0.00110591796692, 0.00147128943354, -0.00175401521847, 0.00186440174002, -0.001581821125], [5.82223583478e-05, 0.00010683957953, 0.00191245495807, 2.89320450975e-06, -0.000764085445553, -8.58802668517e-05, 0.000342616520356, -0.00121426885016, -0.000704011297785, 0.000391187350033, -0.000299424747936, 0.000238075997913, -0.000468137819553], [-0.00037323590368, 0.000474219530588, 2.89320450975e-06, 0.00264964904636, -0.000686037179548, 0.000154642475536, -0.0011176232947, 0.000101232188172, -0.00112902966794, 0.00129088736139, -0.00115836923942, 0.00135986262467, -0.0019419065211], [6.30900176475e-05, -0.000156744325068, -0.000764085445553, -0.000686037179548, 0.00440565915778, -0.0013736828696, -0.00086161668878, 0.000722374941688, -0.000267986935796, -0.000947479682509, -0.00114813982509, -0.000926739070565, 0.000664798833895], [-0.000272701698123, 0.000467525242129, -8.58802668517e-05, 0.000154642475536, -0.0013736828696, 0.00503883277997, 0.000824932125397, -0.000821758352686, -0.000795940461103, -0.000985951977782, -0.00213676784188, 0.00162236311007, -0.000778694986366], [0.000135181166115, -0.000906789442524, 0.000342616520356, -0.0011176232947, -0.00086161668878, 0.000824932125397, 0.00635727448389, -1.91320350496e-06, -0.00265146023594, -0.000812034122646, 0.000563204637729, -0.00212600128725, 0.00129517901223], [-0.000365518673789, 0.000172748041223, -0.00121426885016, 0.000101232188172, 0.000722374941688, -0.000821758352686, -1.91320350496e-06, 0.00877098925412, -0.00144566490781, -3.63911458408e-05, -0.00185435730964, 0.0014992231736, -0.00206071138382], [0.000528058444615, -0.00110591796692, -0.000704011297785, -0.00112902966794, -0.000267986935796, -0.000795940461103, -0.00265146023594, -0.00144566490781, 0.0108667761087, -0.00395429134369, 0.00283136870712, -0.00325676985085, 0.000233091472182], [-0.000641572463792, 0.00147128943354, 0.000391187350033, 0.00129088736139, -0.000947479682509, -0.000985951977782, -0.000812034122646, -3.63911458408e-05, -0.00395429134369, 0.0156387593597, -0.00587717210874, -0.000571755052079, 0.000759719754569], [0.000562673783861, -0.00175401521847, -0.000299424747936, -0.00115836923942, -0.00114813982509, -0.00213676784188, 0.000563204637729, -0.00185435730964, 0.00283136870712, -0.00587717210874, 0.0158932395279, -0.00123552198056, -0.00106265034992], [-0.000683532503899, 0.00186440174002, 0.000238075997913, 0.00135986262467, -0.000926739070565, 0.00162236311007, -0.00212600128725, 0.0014992231736, -0.00325676985085, -0.000571755052079, -0.00123552198056, 0.0162543803453, -0.00679027708247], [0.000453570857644, -0.001581821125, -0.000468137819553, -0.0019419065211, 0.000664798833895, -0.000778694986366, 0.00129517901223, -0.00206071138382, 0.000233091472182, 0.000759719754569, -0.00106265034992, -0.00679027708247, 0.0207409728318]], "cov": [[18863.7695312, -595.801391602, -13.3730154037, 2173.16186523, 641.681945801, 1305.75354004, 48.7377891541, 754.116699219, -97.9064178467, 805.002502441, 89.4794235229, 537.625976562, -2.24886202812], [-595.801391602, 1783.03918457, 94.7414016724, 93.688117981, 132.366226196, -80.125869751, 317.311523438, 42.4599189758, 209.058700562, -81.2954101562, 152.844863892, -85.9826202393, 117.386558533], [-13.3730154037, 94.7414016724, 753.28112793, 142.87361145, 220.465301514, 142.567092896, 49.5508613586, 143.469573975, 117.003440857, 44.7671051025, 85.6307754517, 10.5131874084, 52.2173957825], [2173.16186523, 93.688117981, 142.87361145, 845.400878906, 268.939025879, 212.960922241, 189.376693726, 138.425918579, 128.143951416, 110.30721283, 83.7687683105, 78.0957565308, 67.6798706055], [641.681945801, 132.366226196, 220.465301514, 268.939025879, 439.395080566, 196.5496521, 138.620376587, 74.3311233521, 118.93964386, 100.3802948, 99.9717788696, 52.6034088135, 35.5728645325], [1305.75354004, -80.125869751, 142.567092896, 212.960922241, 196.5496521, 406.634002686, -6.00669145584, 119.89415741, 38.2376937866, 120.131797791, 87.3807754517, 29.4517383575, 19.0338668823], [48.7377891541, 317.311523438, 49.5508613586, 189.376693726, 138.620376587, -6.00669145584, 325.608978271, 22.2036914825, 153.7240448, 34.0205993652, 39.4037628174, 47.1905784607, 33.6823921204], [754.116699219, 42.4599189758, 143.469573975, 138.425918579, 74.3311233521, 119.89415741, 22.2036914825, 189.548614502, 44.1476745605, 54.4486427307, 49.0771369934, 17.0950469971, 28.1308479309], [-97.9064178467, 209.058700562, 117.003440857, 128.143951416, 118.93964386, 38.2376937866, 153.7240448, 44.1476745605, 206.198913574, 46.3938941956, 37.3909988403, 39.2464179993, 35.8814582825], [805.002502441, -81.2954101562, 44.7671051025, 110.30721283, 100.3802948, 120.131797791, 34.0205993652, 54.4486427307, 46.3938941956, 141.089859009, 47.7059631348, 45.9746398926, 3.91828513145], [89.4794235229, 152.844863892, 85.6307754517, 83.7687683105, 99.9717788696, 87.3807754517, 39.4037628174, 49.0771369934, 37.3909988403, 47.7059631348, 120.910087585, 5.55357313156, 27.8127555847], [537.625976562, -85.9826202393, 10.5131874084, 78.0957565308, 52.6034088135, 29.4517383575, 47.1905784607, 17.0950469971, 39.2464179993, 45.9746398926, 5.55357313156, 111.01600647, 21.9103393555], [-2.24886202812, 117.386558533, 52.2173957825, 67.6798706055, 35.5728645325, 19.0338668823, 33.6823921204, 28.1308479309, 35.8814582825, 3.91828513145, 27.8127555847, 21.9103393555, 73.0480270386]], "mean": [-6.35907125473, 106.384353638, -100.061347961, 12.6158037186, -45.5406608582, 22.0832691193, -28.3113117218, 12.470913887, -15.0364561081, 6.82140350342, -6.60043764114, -7.18820619583, -7.97132587433]}, "spectral_flux": {"max": 0.502385497093, "dmean": 0.0231540706009, "dvar2": 0.00266401632689, "dmean2": 0.0368745662272, "var": 0.00413595838472, "median": 0.0693466812372, "min": 1.03042366306e-10, "dvar": 0.00110684405081, "mean": 0.0842861309648}, "zerocrossingrate": {"max": 0.77587890625, "dmean": 0.00627052690834, "dvar2": 9.43081759033e-05, "dmean2": 0.00779723236337, "var": 0.00293624657206, "median": 0.029296875, "min": 0.0029296875, "dvar": 7.52415580791e-05, "mean": 0.0401286296546}, "spectral_energyband_middle_low": {"max": 0.0747829303145, "dmean": 0.00338424975052, "dvar2": 5.67974238947e-05, "dmean2": 0.0054572718218, "var": 6.53276219964e-05, "median": 0.0093455594033, "min": 3.33533798607e-22, "dvar": 2.15752370423e-05, "mean": 0.0107186334208}, "silence_rate_20dB": {"max": 1, "dmean": 0, "dvar2": 0, "dmean2": 0, "var": 0, "median": 1, "min": 1, "dvar": 0, "mean": 1}, "silence_rate_30dB": {"max": 1, "dmean": 0.0650312677026, "dvar2": 0.14490275085, "dmean2": 0.130075037479, "var": 0.161195427179, "median": 1, "min": 0, "dvar": 0.0608005411923, "mean": 0.797999203205}, "spectral_entropy": {"max": 9.79097366333, "dmean": 0.122334830463, "dvar2": 0.0415242090821, "dmean2": 0.187727108598, "var": 0.353246510029, "median": 7.53827047348, "min": 4.61901807785, "dvar": 0.0192472245544, "mean": 7.40710496902}, "spectral_rolloff": {"max": 19186.0839844, "dmean": 241.373092651, "dvar2": 920378.1875, "dmean2": 414.099822998, "var": 2945548.5, "median": 581.396484375, "min": 64.599609375, "dvar": 350451.84375, "mean": 885.79095459}, "spectral_complexity": {"max": 57, "dmean": 2.86887931824, "dvar2": 28.5693035126, "dmean2": 4.72118520737, "var": 147.144714355, "median": 19, "min": 0, "dvar": 12.3233499527, "mean": 20.5984992981}, "spectral_spread": {"max": 42151292, "dmea