{"tonal": {"chords_key": "F", "hpcp_entropy": {"dmean": 0.622750103474, "dmean2": 1.05901610851, "max": 4.63451147079, "dvar": 0.286276489496, "mean": 2.34216141701, "dvar2": 0.807429492474, "min": 0, "var": 0.927207410336, "median": 2.34803104401}, "key_key": "F", "chords_strength": {"dmean": 0.0124271931127, "dmean2": 0.0145229976624, "max": 0.818183243275, "dvar": 0.000414427515352, "mean": 0.484240204096, "dvar2": 0.000782429706305, "min": -1, "var": 0.0435645207763, "median": 0.507555186749}, "key_scale": "major", "chords_number_rate": 0.00324524799362, "thpcp": [1, 0.637694060802, 0.495336353779, 0.482493937016, 0.424655795097, 0.596030831337, 0.727498650551, 0.562867581844, 0.485011577606, 0.489452600479, 0.475439488888, 0.580403387547, 0.639896988869, 0.55034583807, 0.573146104813, 0.631416141987, 0.544636964798, 0.503768742085, 0.527619481087, 0.512949049473, 0.695727586746, 0.824415683746, 0.570024847984, 0.457514435053, 0.515442669392, 0.424376159906, 0.40622150898, 0.450919568539, 0.419961601496, 0.465719401836, 0.5201613307, 0.482859820127, 0.594265162945, 0.71594029665, 0.678450584412, 0.924328804016], "key_strength": 0.793964028358, "tuning_nontempered_energy_ratio": 0.805951237679, "tuning_frequency": 440, "chords_changes_rate": 0.0896306633949, "tuning_diatonic_strength": 0.627352356911, "chords_scale": "major", "chords_histogram": [15.7317256927, 5.09967565536, 6.76866006851, 13.4136915207, 3.84793686867, 6.59867095947, 0.98902797699, 2.27167367935, 5.33147907257, 5.05331468582, 3.6315870285, 0.479060411453, 1.96260237694, 2.03987026215, 2.0244166851, 3.21434092522, 1.65353119373, 3.67794775963, 2.75073409081, 3.89429759979, 2.65801262856, 0.432699739933, 5.11512899399, 1.35991346836], "tuning_equal_tempered_deviation": 0.0963886007667, "hpcp": {"dmean": [0.143184766173, 0.138012632728, 0.137786060572, 0.14006100595, 0.140435576439, 0.133217930794, 0.129804313183, 0.129709810019, 0.142681881785, 0.133832290769, 0.113537110388, 0.102903567255, 0.105725944042, 0.0977570861578, 0.0995282530785, 0.104603737593, 0.104824066162, 0.116110108793, 0.113501526415, 0.116451829672, 0.136326849461, 0.140576794744, 0.15192104876, 0.194706395268, 0.179412782192, 0.149934977293, 0.126724496484, 0.115312956274, 0.115495912731, 0.138478636742, 0.146150887012, 0.1316626966, 0.125561639667, 0.122114129364, 0.133216172457, 0.148920461535], "dmean2": [0.25171816349, 0.244112491608, 0.241433680058, 0.242971271276, 0.247545361519, 0.236389547586, 0.225733354688, 0.227272227407, 0.242660403252, 0.227709040046, 0.194609642029, 0.176426053047, 0.181439608335, 0.168763458729, 0.17155829072, 0.180087149143, 0.181816101074, 0.20354168117, 0.199152737856, 0.205475986004, 0.235215827823, 0.241721957922, 0.264564216137, 0.337454348803, 0.308765292168, 0.262871265411, 0.226439088583, 0.206422805786, 0.204072311521, 0.238928243518, 0.252348214388, 0.230641767383, 0.219940453768, 0.213138505816, 0.238515421748, 0.263061642647], "max": [1, 1, 1, 1, 1, 1, 1, 1, 1, 1, 1, 1, 1, 1, 1, 1, 1, 1, 1, 1, 1, 1, 1, 1, 1, 1, 1, 1, 1, 1, 1, 1, 1, 1, 1, 1], "dvar": [0.0461726896465, 0.0413689985871, 0.0404347255826, 0.0419039689004, 0.0444333925843, 0.0442902855575, 0.0415777936578, 0.0383955314755, 0.0368143841624, 0.0364940986037, 0.0263300333172, 0.0245786663145, 0.028100637719, 0.0241768937558, 0.027470305562, 0.030491348356, 0.030542595312, 0.0388924852014, 0.0383534990251, 0.0358308292925, 0.0399430058897, 0.0439622849226, 0.0425636917353, 0.0572507940233, 0.0550998002291, 0.0468936488032, 0.0435433015227, 0.0411745347083, 0.0396465137601, 0.0433780662715, 0.0473472438753, 0.0406404808164, 0.0387170799077, 0.0399393551052, 0.0448766797781, 0.0482306741178], "mean": [0.179900243878, 0.154723882675, 0.161133944988, 0.177515938878, 0.153118893504, 0.141629233956, 0.148334607482, 0.14421017468, 0.195596411824, 0.231775701046, 0.160256430507, 0.128625318408, 0.14491122961, 0.119308844209, 0.114204861224, 0.126771241426, 0.118067741394, 0.130932062864, 0.146237835288, 0.135750904679, 0.167071327567, 0.201278999448, 0.190739169717, 0.259865224361, 0.281139373779, 0.179280906916, 0.139258548617, 0.135648041964, 0.119387462735, 0.16756772995, 0.204528510571, 0.158244237304, 0.13635584712, 0.137604400516, 0.133664757013, 0.163174241781], "dvar2": [0.125460535288, 0.117212757468, 0.112965859473, 0.114003106952, 0.123036235571, 0.123037204146, 0.112223774195, 0.10570088774, 0.0981910377741, 0.0922182276845, 0.0704915449023, 0.0650670900941, 0.0726201012731, 0.0644601136446, 0.0744941532612, 0.0809565708041, 0.0825453326106, 0.105697847903, 0.101925030351, 0.0982392653823, 0.107357114553, 0.114442870021, 0.116770587862, 0.155044570565, 0.139126107097, 0.127807214856, 0.120562583208, 0.115568883717, 0.111624792218, 0.113395214081, 0.123813934624, 0.113373979926, 0.104115173221, 0.109309017658, 0.126458615065, 0.136055991054], "min": [0, 0, 0, 0, 0, 0, 0, 0, 0, 0, 0, 0, 0, 0, 0, 0, 0, 0, 0, 0, 0, 0, 0, 0, 0, 0, 0, 0, 0, 0, 0, 0, 0, 0, 0, 0], "var": [0.0663403272629, 0.0486271828413, 0.0492861606181, 0.0616382434964, 0.0504666380584, 0.0485268644989, 0.0541300214827, 0.0471483059227, 0.0628915056586, 0.0921968445182, 0.0443269200623, 0.0355442613363, 0.0500731617212, 0.0331743098795, 0.032164376229, 0.0419381409883, 0.0360931716859, 0.0436331853271, 0.061034552753, 0.047156997025, 0.0577811896801, 0.0806510150433, 0.0589302070439, 0.0906814560294, 0.109374709427, 0.0581248737872, 0.0500515252352, 0.0567640140653, 0.0392696410418, 0.0559599250555, 0.0784626230597, 0.0523896925151, 0.0444686673582, 0.0479682460427, 0.0446150265634, 0.0542825758457], "median": [0.0697826296091, 0.0632425770164, 0.0702284649014, 0.0717874765396, 0.0579561255872, 0.0476644001901, 0.0438658334315, 0.0544994063675, 0.0811700820923, 0.089278742671, 0.069374024868, 0.0557774677873, 0.0539929866791, 0.0473368689418, 0.0444688610733, 0.044909182936, 0.0398636199534, 0.0428367070854, 0.0371417477727, 0.0395267754793, 0.0608186610043, 0.0712926760316, 0.0869903340936, 0.122731611133, 0.122168958187, 0.0731284990907, 0.0422762781382, 0.0326694771647, 0.0381551943719, 0.0629616901278, 0.0768990144134, 0.064139328897, 0.0475939698517, 0.0449112728238, 0.0468043237925, 0.0630558133125]}}, "lowlevel": {"melbands_flatness_db": {"dmean": 0.0224231015891, "dmean2": 0.0355692207813, "max": 0.686528205872, "dvar": 0.000479878217448, "mean": 0.201072111726, "dvar2": 0.00115486176219, "min": 0.0148647036403, "var": 0.0127912424505, "median": 0.168079644442}, "melbands_crest": {"dmean": 3.33475351334, "dmean2": 5.50649118423, "max": 36.2480354309, "dvar": 9.18483257294, "mean": 13.7181129456, "dvar2": 24.333770752, "min": 2.75346398354, "var": 31.5164203644, "median": 12.7141647339}, "spectral_entropy": {"dmean": 0.12204592675, "dmean2": 0.184074640274, "max": 9.34968757629, "dvar": 0.0193860940635, "mean": 7.52431631088, "dvar2": 0.0416948385537, "min": 3.88762164116, "var": 0.71183770895, "median": 7.86506319046}, "melbands": {"dmean": [0.000809493183624, 0.000960434204899, 0.000533312093467, 0.000354975112714, 0.00019583813264, 0.000130968343001, 0.00014955062943, 0.000209357676795, 9.58192686085e-05, 0.000120555218018, 0.000138256335049, 7.10952153895e-05, 8.43652596814e-05, 8.54498430272e-05, 6.43019011477e-05, 6.25669417786e-05, 4.60875126009e-05, 3.10866671498e-05, 2.30660953093e-05, 1.70665516634e-05, 1.41218743011e-05, 1.31658653117e-05, 1.00630113593e-05, 7.08512516212e-06, 6.09478684055e-06, 5.93852746533e-06, 5.44684144188e-06, 4.31859825767e-06, 3.23607014252e-06, 2.96731127492e-06, 2.79317464447e-06, 2.74600620287e-06, 2.65604899141e-06, 2.58413115262e-06, 2.44882971856e-06, 2.11135920836e-06, 1.77257072664e-06, 1.80153222118e-06, 1.59958221957e-06, 9.77735453489e-07], "dmean2": [0.00136654463131, 0.00161961850245, 0.000903669337276, 0.000598712475039, 0.000322753185173, 0.000209961697692, 0.000243539208896, 0.000330764334649, 0.000152131615323, 0.00018158002058, 0.000216721920879, 0.000112668327347, 0.000129714986542, 0.000131877095555, 0.000100933655631, 9.56846779445e-05, 7.22786498955e-05, 5.00254463986e-05, 3.75408017135e-05, 2.77305953205e-05, 2.29940887948e-05, 2.11129336094e-05, 1.65464189195e-05, 1.15948005259e-05, 1.00660226963e-05, 9.67757114267e-06, 8.90235151019e-06, 7.16683734936e-06, 5.42748921362e-06, 4.99004590893e-06, 4.59092916572e-06, 4.39618088421e-06, 4.31530224887e-06, 4.08083906223e-06, 3.81700783691e-06, 3.19485138789e-06, 2.65214862338e-06, 2.70647774414e-06, 2.47955722443e-06, 1.46633112763e-06], "max": [0.021648619324, 0.0212834589183, 0.00993022788316, 0.00832571648061, 0.00830831471831, 0.00497583812103, 0.00508890114725, 0.0124961351976, 0.0055564250797, 0.0109876580536, 0.0104598784819, 0.00437762588263, 0.00520612532273, 0.0102338930592, 0.00803280156106, 0.00720601435751, 0.00366098829545, 0.00411013746634, 0.00212741689757, 0.0010267898906, 0.00152054114733, 0.00102925789542, 0.000718230614439, 0.000351341353962, 0.000258417945588, 0.000522091169842, 0.000461017392809, 0.000282863882603, 0.000263301539235, 0.000280928274151, 0.000258463609498, 0.000222911883611, 0.00022871112742, 0.000316439050948, 0.000336353579769, 0.000260550179519, 0.000275679369224, 0.000295585836284, 0.000250120676355, 0.000116849856568], "dvar": [3.81721793019e-06, 3.38322684001e-06, 8.78982291397e-07, 2.95968845876e-07, 1.23580463196e-07, 4.93456084882e-08, 5.75374805578e-08, 1.91907219005e-07, 3.67007544355e-08, 9.52095078333e-08, 1.37996607918e-07, 2.68707900375e-08, 4.4254960585e-08, 3.94455241803e-08, 2.33220944779e-08, 2.59957566584e-08, 1.47651153526e-08, 7.63774199442e-09, 3.96231936151e-09, 1.5403146536e-09, 1.33711142158e-09, 9.95609150678e-10, 5.35100352916e-10, 2.65811622713e-10, 1.42360290223e-10, 1.42835465677e-10, 1.13842185678e-10, 6.6008705446e-11, 5.05132324857e-11, 4.63892604885e-11, 4.52885368096e-11, 4.04926855935e-11, 4.77292302903e-11, 5.90012969037e-11, 7.38053645977e-11, 6.99345303889e-11, 6.13410849892e-11, 6.91589702173e-11, 4.16981484064e-11, 1.33909498073e-11], "mean": [0.000947309308685, 0.00135584641248, 0.00086249836022, 0.000575769052375, 0.000337727105943, 0.000262386311078, 0.000276304228464, 0.000394910166506, 0.000197356683202, 0.000279970117845, 0.000327086716425, 0.000136371003464, 0.000205818098038, 0.000188806050573, 0.000140160322189, 0.000136591028422, 7.91917336755e-05, 5.55125880055e-05, 4.15099566453e-05, 3.28935020661e-05, 2.74343437923e-05, 2.60390843323e-05, 1.98888810701e-05, 1.45136109495e-05, 1.23951313071e-05, 1.2614195839e-05, 1.18129373732e-05, 9.0993980848e-06, 6.50386800771e-06, 5.86502665101e-06, 5.71402597416e-06, 5.70396014155e-06, 4.79993377667e-06, 4.59204238723e-06, 4.3213904064e-06, 3.80403184863e-06, 3.10985205942e-06, 2.99679891214e-06, 2.56154476119e-06, 1.69908196312e-06], "dvar2": [9.77465424512e-06, 8.93978267413e-06, 2.43565295932e-06, 8.05802130799e-07, 3.40288210054e-07, 1.33255539936e-07, 1.53034818595e-07, 4.69748300702e-07, 9.26072871721e-08, 2.12944456734e-07, 3.42936630204e-07, 6.29011296382e-08, 9.94105491259e-08, 9.16987090704e-08, 5.32038306744e-08, 5.39628643992e-08, 3.32254437296e-08, 1.82624795286e-08, 9.50166256786e-09, 3.77100128901e-09, 3.25774740517e-09, 2.39206587871e-09, 1.31754807065e-09, 6.58721244218e-10, 3.78340581086e-10, 3.49988260595e-10, 2.85642148823e-10, 1.70851041648e-10, 1.28196855909e-10, 1.20255458369e-10, 1.10997051828e-10, 9.25134205354e-11, 1.10376756346e-10, 1.21982757229e-10, 1.50982115699e-10, 1.408064082e-10, 1.25411486751e-10, 1.44899522936e-10, 8.31271232404e-11, 2.70019753085e-11], "min": [1.14959623309e-13, 1.30387000296e-15, 1.21694250559e-15, 1.09513895602e-15, 1.42530149331e-15, 8.43827615763e-16, 1.35382228872e-15, 6.03182114377e-16, 1.00524303169e-15, 8.33826274239e-16, 4.90868510186e-16, 3.55551026395e-16, 4.18609029429e-16, 2.72020263497e-16, 5.82141551269e-16, 1.46381766961e-15, 7.13276704004e-16, 9.4761461573e-16, 4.01163830014e-16, 8.81763998009e-16, 8.94275151096e-16, 3.16458761814e-16, 1.85405585987e-16, 2.4223273525e-16, 3.05236607584e-16, 6.61482280406e-16, 1.87291626605e-15, 8.83712544365e-16, 4.35785692929e-16, 1.8803170576e-16, 9.28722392874e-16, 1.55086089285e-15, 2.48992428746e-15, 1.23436766739e-15, 4.13676491879e-16, 5.03089660368e-16, 1.04757869131e-15, 6.59043301974e-16, 6.22752492986e-16, 1.26122041176e-15], "var": [3.78112099497e-06, 4.48844502898e-06, 1.30149226152e-06, 4.75802352184e-07, 2.76667179833e-07, 1.39121837606e-07, 1.35233293008e-07, 6.24405345206e-07, 1.33204139274e-07, 4.46803710474e-07, 7.3227795383e-07, 8.30108248806e-08, 2.48975709383e-07, 2.03305859259e-07, 1.42329184882e-07, 1.91237404579e-07, 3.07516785369e-08, 1.70383298581e-08, 8.00381627641e-09, 3.70918473713e-09, 2.79809797554e-09, 2.23395812959e-09, 1.49224588242e-09, 8.32243385318e-10, 3.4016822692e-10, 3.78114289878e-10, 3.06207476042e-10, 1.57921661859e-10, 1.19935672505e-10, 9.84245809854e-11, 9.94496637818e-11, 1.05765014802e-10, 1.13998838147e-10, 1.39408443123e-10, 1.60910673674e-10, 1.58695126484e-10, 1.32825056509e-10, 1.34078220748e-10, 8.71265420921e-11, 3.24489185521e-11], "median": [0.00029565076693, 0.000484906544443, 0.000479174952488, 0.000360959675163, 0.000175419758307, 0.000149269399117, 0.000157596819918, 0.000143061333802, 8.53409001138e-05, 8.02345384727e-05, 6.07591755397e-05, 5.55222359253e-05, 4.43681637989e-05, 4.932689626e-05, 4.07210754929e-05, 3.6148037907e-05, 2.71177541435e-05, 2.04976568057e-05, 1.833605711e-05, 1.6642457922e-05, 1.32794039018e-05, 1.15670954983e-05, 7.96487438492e-06, 5.26697567693e-06, 6.53459574096e-06, 7.50247863834e-06, 7.19333593224e-06, 5.25645737071e-06, 3.29058434545e-06, 2.46858417086e-06, 2.3315526505e-06, 2.27174814427e-06, 1.86725537787e-06, 1.67813402641e-06, 1.50655080233e-06, 1.14815975394e-06, 8.03059890586e-07, 6.50055824281e-07, 6.47998376735e-07, 4.53790363508e-07]}, "silence_rate_60dB": {"dmean": 0.00772797549143, "dmean2": 0.0154571449384, "max": 1, "dvar": 0.00766924070194, "mean": 0.157020330429, "dvar2": 0.0183131415397, "min": 0, "var": 0.132365360856, "median": 0}, "spectral_energyband_middle_high": {"dmean": 0.00216556550004, "dmean2": 0.00324470805936, "max": 0.0754316523671, "dvar": 1.0582244613e-05, "mean": 0.00863359309733, "dvar2": 2.24355935643e-05, "min": 1.04322847832e-13, "var": 0.000104787955934, "median": 0.00466018076986}, "erbbands_skewness": {"dmean": 0.313029587269, "dmean2": 0.488661497831, "max": 7.87796211243, "dvar": 0.0881224647164, "mean": 0.477521896362, "dvar2": 0.214435771108, "min": -3.74934434891, "var": 0.97348934412, "median": 0.305106520653}, "dynamic_complexity": 5.83129024506, "dissonance": {"dmean": 0.0185723546892, "dmean2": 0.0317152626812, "max": 0.500000119209, "dvar": 0.000463536271127, "mean": 0.461459368467, "dvar2": 0.00130591657944, "min": 0.232116386294, "var": 0.00154404039495, "median": 0.476460844278}, "spectral_skewness": {"dmean": 0.23973326385, "dmean2": 0.395065426826, "max": 9.88571453094, "dvar": 0.12963308394, "mean": 1.93923640251, "dvar2": 0.364892840385, "min": -0.130782321095, "var": 1.110907197, "median": 1.59776413441}, "spectral_kurtosis": {"dmean": 2.48460268974, "dmean2": 4.21543216705, "max": 136.43888855, "dvar": 29.3163299561, "mean": 8.26098537445, "dvar2": 84.8184051514, "min": -1.35727381706, "var": 149.674942017, "median": 4.23774290085}, "gfcc": {"cov": [[39068.4804688, -3493.61181641, -2305.18212891, 729.172546387, -2553.1953125, 2094.78027344, -1696.06945801, 1220.36914062, -929.845153809, 928.407165527, -650.4375, 424.08114624, -630.988098145], [-3493.61181641, 3802.97241211, -438.387542725, -158.66633606, 41.6610603333, -517.617919922, 117.661613464, -335.945526123, 107.446456909, -428.270324707, 118.238014221, -276.644378662, 148.362213135], [-2305.18212891, -438.387542725, 1243.84411621, 326.757293701, 507.345550537, -222.481201172, 185.671005249, -34.8806724548, 35.9768714905, 131.627166748, -70.0821685791, 46.739906311, -32.8933944702], [729.172546387, -158.66633606, 326.757293701, 561.965393066, 190.852279663, -5.54382610321, 1.21922278404, 11.2626819611, -9.55051040649, 128.906158447, -66.3819274902, 35.0369606018, -31.0374736786], [-2553.1953125, 41.6610603333, 507.345550537, 190.852279663, 584.851867676, -204.864639282, 255.756973267, -104.904098511, 57.6773681641, 58.1541481018, -26.6483573914, 41.9106826782, -2.0958442688], [2094.78027344, -517.617919922, -222.481201172, -5.54382610321, -204.864639282, 363.530212402, -117.095191956, 119.951690674, -34.5409660339, 51.1437416077, 15.2027196884, 23.8084430695, -21.2395915985], [-1696.06945801, 117.661613464, 185.671005249, 1.21922278404, 255.756973267, -117.095191956, 284.103393555, -53.7699508667, 38.5241241455, 11.5319423676, 14.2017049789, 25.1204566956, 13.025639534], [1220.36914062, -335.945526123, -34.8806724548, 11.2626819611, -104.904098511, 119.951690674, -53.7699508667, 168.945907593, -3.7787194252, 57.4272270203, -12.3470888138, 33.6331939697, -17.1547603607], [-929.845153809, 107.446456909, 35.9768714905, -9.55051040649, 57.6773681641, -34.5409660339, 38.5241241455, -3.7787194252, 116.967155457, -10.6103820801, 35.6248779297, -18.8860454559, 21.6482868195], [928.407165527, -428.270324707, 131.627166748, 128.906158447, 58.1541481018, 51.1437416077, 11.5319423676, 57.4272270203, -10.6103820801, 174.986282349, -27.9744491577, 56.3756484985, -36.9039878845], [-650.4375, 118.238014221, -70.0821685791, -66.3819274902, -26.6483573914, 15.2027196884, 14.2017049789, -12.3470888138, 35.6248779297, -27.9744491577, 101.078544617, -9.9477186203, 26.039768219], [424.08114624, -276.644378662, 46.739906311, 35.0369606018, 41.9106826782, 23.8084430695, 25.1204566956, 33.6331939697, -18.8860454559, 56.3756484985, -9.9477186203, 92.769569397, 0.833129405975], [-630.988098145, 148.362213135, -32.8933944702, -31.0374736786, -2.0958442688, -21.2395915985, 13.025639534, -17.1547603607, 21.6482868195, -36.9039878845, 26.039768219, 0.833129405975, 70.0558013916]], "mean": [-30.567150116, 87.5892410278, -109.639144897, 17.9478168488, -51.1204223633, 9.46922111511, -29.753282547, 0.351341515779, -19.5134544373, -2.86510658264, -11.7043428421, -4.83911371231, -11.0213785172], "icov": [[0.000114826034405, -7.54116845201e-05, 9.6736010164e-05, -0.000121997349197, 0.000323520682286, -0.00029766742955, 0.000182856922038, -0.000153202272486, 0.000257790554315, -0.000388808140997, 0.00050856359303, -0.00047797546722, 0.000565397436731], [-7.54116845201e-05, 0.000636931159534, 0.000243568749283, -0.000210346493986, -0.000231079669902, 0.000920208403841, -0.000315290642902, 0.000241736852331, -0.000102038873592, 0.000927323126234, -0.000670103006996, 0.00141840043943, -0.00086480146274], [9.6736010164e-05, 0.000243568749283, 0.00169270206243, -0.000592828262597, -0.000807057076599, 0.000694683520123, 0.000169542618096, -0.000612943433225, 0.000332973257173, -0.00046245023259, 0.000399362354074, 0.000405935657909, 0.000392682268284], [-0.000121997349197, -0.000210346493986, -0.000592828262597, 0.00295793265104, -0.00124504568521, -0.00033977534622, 0.000824183342047, 0.000247810501605, -0.000203553790925, -0.00141161424108, 0.000533131242264, 0.000328801135765, -0.000736833026167], [0.000323520682286, -0.000231079669902, -0.000807057076599, -0.00124504568521, 0.0061157150194, -0.000331356743118, -0.00248426268809, 0.0018137646839, -0.00105782435276, -0.00133251096122, 0.00232122233137, -0.00313090439886, 0.00226068729535], [-0.00029766742955, 0.000920208403841, 0.000694683520123, -0.00033977534622, -0.000331356743118, 0.00636706268415, -4.67877216579e-05, -0.00170096103102, 0.000232091508224, 0.000859028019477, -0.00325016654097, 0.0022172650788, -0.00137906253804], [0.000182856922038, -0.000315290642902, 0.000169542618096, 0.000824183342047, -0.00248426268809, -4.67877216579e-05, 0.00695740431547, -0.000391997222323, 0.000165445191669, -0.00117850920651, -0.000243111717282, -0.00206303456798, 0.000724302197341], [-0.000153202272486, 0.000241736852331, -0.000612943433225, 0.000247810501605, 0.0018137646839, -0.00170096103102, -0.000391997222323, 0.0104053476825, -0.00294998358004, -0.00108855566941, 0.00102848047391, -0.00224211043678, 7.21385295037e-05], [0.000257790554315, -0.000102038873592, 0.000332973257173, -0.000203553790925, -0.00105782435276, 0.000232091508224, 0.000165445191669, -0.00294998358004, 0.0125879012048, -0.00154289486818, -0.00292977457866, 0.00307132303715, -0.00176039803773], [-0.000388808140997, 0.000927323126234, -0.00046245023259, -0.00141161424108, -0.00133251096122, 0.000859028019477, -0.00117850920651, -0.00108855566941, -0.00154289486818, 0.0126018617302, -0.00186258193571, -0.00178299332038, 0.00169348868076], [0.00050856359303, -0.000670103006996, 0.000399362354074, 0.000533131242264, 0.00232122233137, -0.00325016654097, -0.000243111717282, 0.00102848047391, -0.00292977457866, -0.00186258193571, 0.016119690612, -0.00298124086112, -0.000227527620154], [-0.00047797546722, 0.00141840043943, 0.000405935657909, 0.000328801135765, -0.00313090439886, 0.0022172650788, -0.00206303456798, -0.00224211043678, 0.00307132303715, -0.00178299332038, -0.00298124086112, 0.0205395612866, -0.00758401770145], [0.000565397436731, -0.00086480146274, 0.000392682268284, -0.000736833026167, 0.00226068729535, -0.00137906253804, 0.000724302197341, 7.21385295037e-05, -0.00176039803773, 0.00169348868076, -0.000227527620154, -0.00758401770145, 0.0221995860338]]}, "spectral_complexity": {"dmean": 3.42921185493, "dmean2": 5.50985383987, "max": 61, "dvar": 15.8849163055, "mean": 22.5900630951, "dvar2": 38.1210212708, "min": 0, "var": 198.832763672, "median": 22}, "spectral_flux": {"dmean": 0.0184038449079, "dmean2": 0.0294289346784, "max": 0.264583259821, "dvar": 0.000490832899231, "mean": 0.0812708958983, "dvar2": 0.0011511814082, "min": 8.93828619155e-05, "var": 0.00237782811746, "median": 0.0819952487946}, "spectral_energyband_low": {"dmean": 0.00459007034078, "dmean2": 0.00755612878129, "max": 0.0985037684441, "dvar": 7.80346745159e-05, "mean": 0.00714726746082, "dvar2": 0.000190400925931, "min": 5.20557175924e-13, "var": 0.000111058048788, "median": 0.00330679421313}, "spectral_decrease": {"dmean": 1.78985548605e-09, "dmean2": 2.89212764848e-09, "max": 8.70147798759e-15, "dvar": 6.33238026336e-18, "mean": -6.52107079446e-09, "dvar2": 1.57718047631e-17, "min": -3.04482021818e-08, "var": 2.22023448954e-17, "median": -6.31234353676e-09}, "barkbands_spread": {"dmean": 5.28869915009, "dmean2": 8.26747989655, "max": 137.780670166, "dvar": 51.7628097534, "mean": 23.7966423035, "dvar2": 113.647392273, "min": 0.264272123575, "var": 316.722381592, "median": 22.2251396179}, "spectral_rms": {"dmean": 0.000616842589807, "dmean2": 0.000977947027422, "max": 0.0109381088987, "dvar": 5.32511421625e-07, "mean": 0.0046578287147, "dvar2": 1.27970622543e-06, "min": 5.67776851312e-07, "var": 4.91880246045e-06, "median": 0.00510111358017}, "spectral_centroid": {"dmean": 195.901107788, "dmean2": 301.450561523, "max": 5372.35058594, "dvar": 55362.0039062, "mean": 1405.95776367, "dvar2": 115511.171875, "min": 158.224853516, "var": 659985.5, "median": 1292.78588867}, "barkbands_skewness": {"dmean": 0.484732687473, "dmean2": 0.7674883008, "max": 13.8036823273, "dvar": 0.296412706375, "mean": 0.956542849541, "dvar2": 0.819578886032, "min": -15.8032913208, "var": 3.93753814697, "median": 1.07224822044}, "spectral_rolloff": {"dmean": 499.329864502, "dmean2": 812.825073242, "max": 21920.8007812, "dvar": 1040057.4375, "mean": 2068.47265625, "dvar2": 2183216.5, "min": 43.06640625, "var": 10831900, "median": 1248.92578125}, "erbbands_spread": {"dmean": 6.40620994568, "dmean2": 9.90201854706, "max": 134.894271851, "dvar": 60.5442047119, "mean": 34.8262825012, "dvar2": 133.780960083, "min": 1.17559838295, "var": 457.666229248, "median": 31.1974105835}, "barkbands": {"dmean": [0.00027448326, 0.00295550655574, 0.00192086177412, 0.00117225002032, 0.00150392728392, 0.000674270675518, 0.000781509501394, 0.000861823325977, 0.00076464319136, 0.00082318240311, 0.000605998444371, 0.000687788648065, 0.000661586818751, 0.000461107760202, 0.000312151532853, 0.000226751086302, 0.000214224957745, 0.000149768879055, 0.000142139688251, 0.000130735046696, 0.000111812143587, 0.000126887636725, 0.000135732712806, 0.000136244561872, 9.34419513214e-05, 5.12828337378e-05, 3.95531860704e-05], "dmean2": [0.000437729206169, 0.00499725341797, 0.00323135778308, 0.00198626006022, 0.00252092839219, 0.00107984838542, 0.00128354970366, 0.00136508292053, 0.00115865375847, 0.00129598891363, 0.000943240418565, 0.00106887647416, 0.0010257891845, 0.000729909574147, 0.000510296027642, 0.000371278438251, 0.000344090774888, 0.000244075825321, 0.00023250420054, 0.000213179999264, 0.000184988952242, 0.000201058326638, 0.000207994147786, 0.000201190254302, 0.000138457980938, 7.50285907998e-05, 6.14814853179e-05], "max": [0.01345753856, 0.074423097074, 0.0432674475014, 0.0248675048351, 0.0317001976073, 0.0209686160088, 0.0356260351837, 0.0506042279303, 0.0617328248918, 0.0670335516334, 0.0364013276994, 0.0666329264641, 0.0603379905224, 0.0321505516768, 0.0488443784416, 0.0173177607358, 0.0153309004381, 0.00886647310108, 0.0108333490789, 0.00908661726862, 0.0112018343061, 0.0103788608685, 0.0164597388357, 0.0208804905415, 0.0131935235113, 0.00733961910009, 0.0167649723589], "dvar": [3.64142039189e-07, 4.12169974879e-05, 1.52223710757e-05, 4.2790088628e-06, 4.87117767989e-06, 1.3067412965e-06, 1.72265322362e-06, 4.19105390392e-06, 3.39813459505e-06, 4.42671171186e-06, 2.24859309128e-06, 2.41928910327e-06, 2.45645014729e-06, 1.44592956985e-06, 8.03380089565e-07, 2.72280573199e-07, 2.23919215614e-07, 1.14197412415e-07, 7.102067201e-08, 5.62387612035e-08, 6.48000906267e-08, 9.1233545163e-08, 2.14655841546e-07, 3.63403557913e-07, 1.11345805465e-07, 3.10780272628e-08, 5.35901918397e-08], "mean": [0.00029279050068, 0.0036524112802, 0.00244515947998, 0.00170500238892, 0.00250064185821, 0.00135542091448, 0.00136876595207, 0.00158401322551, 0.00174607988447, 0.00184440379962, 0.00139831600245, 0.00139638478868, 0.00143467064481, 0.000803909962997, 0.000570657139178, 0.00044265773613, 0.000442891003331, 0.000316129327985, 0.000323182961438, 0.000307209644234, 0.00024730808218, 0.000267308729235, 0.000262539135292, 0.000252507132245, 0.000171468316694, 9.28195440792e-05, 5.47373019799e-05], "dvar2": [8.65413596784e-07, 0.000106894338387, 3.98049342039e-05, 1.1675551832e-05, 1.328804683e-05, 3.50716891262e-06, 4.63261858386e-06, 1.05629624159e-05, 7.76653996581e-06, 1.0787221072e-05, 5.1108131629e-06, 5.56929944651e-06, 5.35953813596e-06, 3.3133587749e-06, 1.87571561128e-06, 6.72640624089e-07, 5.287198519e-07, 2.82382501382e-07, 1.7708585176e-07, 1.38070646472e-07, 1.5975480494e-07, 2.01137552835e-07, 4.14086201772e-07, 7.06571938736e-07, 2.16857799273e-07, 7.16645729426e-08, 1.32870610514e-07], "min": [3.75119748632e-13, 1.29428423274e-13, 1.5355402903e-15, 1.03179349118e-15, 4.02939163426e-15, 3.18552764902e-15, 4.05124339024e-15, 6.62015498234e-15, 5.65846765534e-15, 2.79055703275e-15, 2.90968416997e-15, 2.60377546821e-15, 1.31114059497e-14, 8.41896708869e-15, 6.52202536837e-15, 1.45455242089e-14, 5.15315321e-15, 5.24838004206e-15, 1.52143109309e-14, 4.29054612206e-14, 1.13350389459e-14, 1.09234425975e-13, 3.11116624542e-14, 6.98990222799e-14, 1.58018034963e-13, 8.37095583822e-13, 1.22425541926e-10], "var": [4.32139103168e-07, 4.53936954727e-05, 1.82483163371e-05, 7.00575492374e-06, 8.55194593896e-06, 3.89588785765e-06, 3.71645910491e-06, 1.2232512745e-05, 1.59157843882e-05, 2.14926512854e-05, 1.20416589198e-05, 1.11377648864e-05, 1.56357109518e-05, 2.97037308883e-06, 1.7721590666e-06, 6.37388552605e-07, 5.91224079471e-07, 3.7684631593e-07, 2.09990986377e-07, 1.73507274326e-07, 1.64398670677e-07, 2.59315527273e-07, 5.32535864295e-07, 8.40899247123e-07, 3.09987200353e-07, 5.72854226277e-08, 6.30205150287e-08], "median": [5.38828317076e-05, 0.00112068571616, 0.000709599175025, 0.000754912674893, 0.00159417488612, 0.000755122862756, 0.000773582665715, 0.000486823555548, 0.000522443035152, 0.000390991859604, 0.000295302161248, 0.000403370358981, 0.000379385484848, 0.000277362589259, 0.000244026814471, 0.00022704746516, 0.000203484974918, 0.000117504430818, 0.000197638699319, 0.000190771286725, 0.000107846732135, 0.000111048517283, 9.65909712249e-05, 6.43739185762e-05, 4.92364888487e-05, 1.60056879395e-05, 4.08999630963e-06]}, "melbands_kurtosis": {"dmean": 5.29197788239, "dmean2": 8.55728721619, "max": 342.548980713, "dvar": 91.5652694702, "mean": 10.051281929, "dvar2": 231.064758301, "min": -1.58334302902, "var": 209.831619263, "median": 5.3090801239}, "erbbands_crest": {"dmean": 2.21896624565, "dmean2": 3.60160207748, "max": 30.5148029327, "dvar": 4.85971975327, "mean": 9.12712287903, "dvar2": 12.3954153061, "min": 2.06452798843, "var": 27.8189868927, "median": 7.79461956024}, "melbands_skewness": {"dmean": 0.627850174904, "dmean2": 0.988663852215, "max": 14.138001442, "dvar": 0.498769074678, "mean": 2.08865213394, "dvar2": 1.16126251221, "min": -2.9249420166, "var": 2.32983326912, "median": 1.86718833447}, "spectral_energyband_middle_low": {"dmean": 0.00365060614422, "dmean2": 0.00593731878325, "max": 0.0724269449711, "dvar": 2.10797606996e-05, "mean": 0.0113543616608, "dvar2": 5.55590340809e-05, "min": 1.27151734237e-13, "var": 9.49080422288e-05, "median": 0.00922653917223}, "spectral_contrast_coeffs": {"dmean": [0.0513893924654, 0.0445049665868, 0.034221790731, 0.0264289323241, 0.0189611148089, 0.0164201576263], "dmean2": [0.0857086926699, 0.0745378807187, 0.0561471767724, 0.0440087579191, 0.031167851761, 0.0266245007515], "max": [-0.332946687937, -0.405919849873, -0.432222783566, -0.424642145634, -0.605376243591, -0.622996211052], "dvar": [0.00168460037094, 0.00130445649847, 0.000780373287853, 0.000475649168948, 0.00024781373213, 0.000250442419201], "mean": [-0.647325277328, -0.749409675598, -0.770727336407, -0.791223287582, -0.798985898495, -0.770627856255], "dvar2": [0.00470895925537, 0.0036234378349, 0.00208896584809, 0.00124574278016, 0.000662455335259, 0.000667061016429], "min": [-0.960442483425, -0.967274427414, -0.973153173923, -0.964173436165, -0.970243930817, -0.926001131535], "var": [0.00811532419175, 0.00649568997324, 0.00889533665031, 0.00538932485506, 0.00265423371457, 0.00211231014691], "median": [-0.653290212154, -0.758293330669, -0.794857859612, -0.804998755455, -0.803363800049, -0.765289843082]}, "spectral_contrast_valleys": {"dmean": [0.41060256958, 0.322371244431, 0.272158354521, 0.228818789124, 0.20241138339, 0.235366687179], "dmean2": [0.685529828072, 0.545899093151, 0.454251825809, 0.378229737282, 0.321861386299, 0.353701859713], "max": [-5.28098297119, -4.79807806015, -5.08438968658, -5.36704492569, -5.55214691162, -6.96022558212], "dvar": [0.114319674671, 0.0724870860577, 0.0520697273314, 0.0395503267646, 0.0462422892451, 0.096540980041], "mean": [-7.62833929062, -6.94368505478, -7.41509246826, -7.81058120728, -7.97547721863, -10.5235176086], "dvar2": [0.301008015871, 0.198004364967, 0.137029141188, 0.0991203635931, 0.105127319694, 0.211175993085], "min": [-20.7040557861, -19.8266677856, -19.8135700226, -19.1793937683, -18.5503673553, -19.9113426208], "var": [3.57028889656, 3.30359458923, 3.40608096123, 3.62068986893, 3.982224226, 5.75391387939], "median": [-7.18409061432, -6.42992162704, -6.84770536423, -7.1722612381, -7.17758178711, -9.53864955902]}, "silence_rate_20dB": {"dmean": 0, "dmean2": 0, "max": 1, "dvar": 0, "mean": 1, "dvar2": 0, "min": 1, "var": 0, "median": 1}, "silence_rate_30dB": {"dmean": 0, "dmean2": 0, "max": 1, "dvar": 0, "mean": 1, "dvar2": 0, "min": 1, "var": 0, "median": 1}, "spectral_strongpeak": {"dmean": 0.535517692566, "dmean2": 0.904662549496, "max": 15.8262987137, "dvar": 0.85756611824, "mean": 1.23597061634, "dvar2": 2.11344194412, "min": 0, "var": 3.40734219551, "median": 0.387737691402}, "spectral_spread": {"dmean": 454190.28125, "dmean2": 669023, "max": 34628872, "dvar": 412351266816, "mean": 5025930.5, "dvar2": 771724673024, "min": 618462.8125, "var": 15537034756100.0, "median": 4691484}, "barkbands_flatness_db": {"dmean": 0.0171888060868, "dmean2": 0.0274859927595, "max": 0.526524722576, "dvar": 0.000276566424873, "mean": 0.13618734479, "dvar2": 0.000689001230057, "min": 0.0124804768711, "var": 0.0105391070247, "median": 0.0970490425825}, "pitch_salience": {"dmean": 0.0712617263198, "dmean2": 0.118489831686, "max": 0.902993261814, "dvar": 0.00415745889768, "mean": 0.615584790707, "dvar2": 0.0111853349954, "min": 0.0810745060444, "var": 0.0119160646573, "median": 0.627987921238}, "erbbands_kurtosis": {"dmean": 1.08070039749, "dmean2": 1.72508180141, "max": 105.130973816, "dvar": 4.8701043129, "mean": 1.79222178459, "dvar2": 12.7589607239, "min": -1.83883655071, "var": 28.5044593811, "median": 0.324184417725}, "average_loudness": 0.846036314964, "barkbands_crest": {"dmean": 2.39200687408, "dmean2": 3.99188065529, "max": 26.7758998871, "dvar": 5.19614124298, "mean": 9.31702423096, "dvar2": 14.1452827454, "min": 2.12444186211, "var": 20.3091030121, "median": 8.37808132172}, "hfc": {"dmean": 7.64330005646, "dmean2": 11.471575737, "max": 410.467285156, "dvar": 233.521499634, "mean": 29.4107131958, "dvar2": 455.129058838, "min": 6.71646103001e-06, "var": 970.457458496, "median": 23.1010684967}, "barkbands_kurtosis": {"dmean": 2.93968939781, "dmean2": 4.91963243484, "max": 348.934387207, "dvar": 73.2480697632, "mean": 6.12393665314, "dvar2": 232.523895264, "min": -1.88736999035, "var": 397.739349365, "median": 1.58676719666}, "erbbands": {"dmean": [0.093251362443, 0.677416026592, 2.01432585716, 2.94755959511, 4.46502113342, 5.7369184494, 5.26723527908, 6.03891658783, 9.32493782043, 18.0649490356, 12.4964857101, 18.1537704468, 27.2652797699, 17.0898513794, 27.3335075378, 24.7535362244, 29.2989196777, 23.3408126831, 17.1825771332, 13.2093162537, 11.3839302063, 11.2443618774, 8.32710266113, 6.96585178375, 7.31251335144, 6.23906135559, 4.79268503189, 4.47511053085, 4.4879617691, 4.47448253632, 3.88161802292, 2.89949679375, 2.4062333107, 1.29238450527, 0.536056280136, 0.230970725417, 0.0926200598478, 0.027041150257, 0.00627777725458, 0.000505289819557], "dmean2": [0.158013746142, 1.15971779823, 3.40375971794, 5.03044557571, 7.56571865082, 9.56528377533, 8.70866775513, 9.78910636902, 15.1530780792, 28.6122722626, 19.8594989777, 27.3881607056, 42.6845474243, 27.2332115173, 41.7840232849, 38.4381637573, 45.3232536316, 36.2624549866, 27.4313869476, 21.3413677216, 18.4545230865, 17.9521102905, 13.6071434021, 11.3621549606, 11.8041362762, 10.261838913, 7.95866823196, 7.31885147095, 7.13447523117, 7.07004880905, 5.942527771, 4.28522253036, 3.60635399818, 1.92726707458, 0.78750616312, 0.34169369936, 0.138094946742, 0.040053255856, 0.00987680349499, 0.000806657131761], "max": [2.59672117233, 18.5459041595, 48.8596725464, 61.1706085205, 96.7523345947, 174.581954956, 293.802124023, 247.022262573, 309.477020264, 1030.49145508, 688.380493164, 1508.38464355, 1981.96887207, 1016.95281982, 1825.33068848, 2403.125, 3188.34667969, 1870.52502441, 2884.46142578, 1524.80114746, 1140.0045166, 719.938537598, 539.752685547, 282.106872559, 762.795166016, 371.592193604, 375.632781982, 456.246337891, 402.326934814, 484.327545166, 517.37512207, 469.167510986, 370.142730713, 167.126907349, 111.255599976, 33.9034614563, 13.752910614, 5.02807044983, 2.43817329407, 0.248453721404], "dvar": [0.0638122931123, 1.89758169651, 16.0078201294, 28.732919693, 55.1014976501, 84.2942504883, 118.671081543, 116.078216553, 208.890182495, 1268.11572266, 686.9453125, 2083.4675293, 5380.68798828, 1463.9765625, 4383.50683594, 3310.60546875, 4899.62304688, 3559.6027832, 2359.49438477, 1187.89208984, 710.658813477, 625.375366211, 356.659881592, 182.59942627, 222.267059326, 127.011398315, 108.288650513, 113.98298645, 106.662918091, 160.181732178, 194.095870972, 151.250930786, 114.824623108, 23.3554916382, 3.81038451195, 0.634645879269, 0.110951274633, 0.0103726331145, 0.00138826866169, 1.04044083855e-05], "mean": [0.096022285521, 0.854487597942, 2.71393966675, 4.4293589592, 6.8472776413, 8.97963523865, 8.98991298676, 11.7838945389, 17.4647636414, 34.2396507263, 25.2582473755, 43.712802887, 66.4422912598, 36.4432754517, 71.3629226685, 55.7488555908, 67.9527206421, 45.7849464417, 33.9882583618, 27.0227012634, 24.4004936218, 24.3165187836, 18.5173625946, 15.8002004623, 17.209186554, 14.5264606476, 10.4186935425, 9.95687103271, 9.75068664551, 8.39684486389, 7.36442327499, 5.43687200546, 4.19595098495, 2.27852010727, 1.01842343807, 0.425767600536, 0.165030837059, 0.0439102947712, 0.0081523032859, 0.000717166403774], "dvar2": [0.163807794452, 5.15140914917, 41.8044815063, 80.5303878784, 152.197158813, 224.918380737, 330.317169189, 318.55847168, 550.911987305, 3075.58862305, 1775.36730957, 4584.65234375, 13401.6826172, 3466.51342773, 9709.53027344, 7460.96630859, 10610.8710938, 8022.79052734, 5506.48779297, 2872.42504883, 1738.18408203, 1472.48339844, 874.11114502, 471.574035645, 529.097045898, 316.978912354, 272.538787842, 275.129516602, 231.092468262, 337.980102539, 378.42980957, 293.027801514, 226.160720825, 44.9028167725, 7.74487686157, 1.40783417225, 0.267761558294, 0.0229491423815, 0.00348562677391, 2.67692921625e-05], "min": [1.34813262984e-11, 1.5043633006e-11, 4.34772660582e-12, 7.31742270943e-12, 1.15994418931e-11, 1.1964596848e-11, 3.53408170783e-11, 4.37982254631e-11, 9.97333465813e-11, 8.81910447448e-11, 1.30975313928e-10, 1.33386218737e-10, 1.00779259937e-10, 9.08194353055e-11, 1.18269727345e-10, 1.39166483892e-10, 5.58557533559e-10, 4.35656288822e-10, 5.29876920119e-10, 4.12313877485e-10, 7.73919539565e-10, 2.69932937114e-10, 2.67701250056e-10, 4.05735917086e-10, 1.62830515738e-09, 1.57735702278e-09, 5.39662314836e-10, 1.21952914434e-09, 3.0302267362e-09, 2.9764510856e-09, 8.00649047061e-10, 1.46329048878e-09, 9.99014981851e-10, 1.21999221836e-09, 1.45110401473e-09, 1.88286652936e-09, 1.60419311168e-09, 3.54916496192e-09, 1.06638564645e-08, 3.18516635289e-09], "var": [0.05587695539, 2.1476085186, 20.3359527588, 39.5399856567, 76.4191665649, 159.029724121, 269.939727783, 306.46572876, 498.906280518, 4199.83935547, 1970.74133301, 10391.8759766, 28932.7382812, 4621.265625, 29729.9238281, 13675.3417969, 32556.2207031, 8700.08203125, 5811.78564453, 2636.24438477, 1758.85864258, 1721.9564209, 1234.26428223, 534.08807373, 681.409790039, 370.568206787, 276.590545654, 278.077819824, 317.578063965, 395.783721924, 462.952606201, 361.326293945, 246.258850098, 57.6572532654, 11.5863523483, 1.40254700184, 0.178929895163, 0.017026303336, 0.00151860690676, 1.14282111099e-05], "median": [0.0245986804366, 0.26886972785, 0.892822146416, 2.1555788517, 3.96390795708, 4.93533182144, 4.22897672653, 6.72299003601, 10.1587972641, 13.4276094437, 11.6081295013, 13.5928535461, 13.5989332199, 15.3156042099, 15.0539722443, 18.7041931152, 19.4442863464, 16.7124233246, 13.9029359818, 13.2942380905, 12.6745767593, 11.105799675, 7.55603694916, 8.51169776917, 10.8403148651, 8.91725349426, 5.25497817993, 4.24727058411, 4.00665140152, 3.27966666222, 2.62674975395, 1.5253341198, 1.0014821291, 0.625820279121, 0.264656186104, 0.0860607922077, 0.0258167739958, 0.00522458460182, 0.000691839435603, 8.74362303875e-05]}, "spectral_energy": {"dmean": 0.00714636780322, "dmean2": 0.0115005346015, "max": 0.12263328582, "dvar": 9.86873201327e-05, "mean": 0.0272796545178, "dvar2": 0.000245227653068, "min": 3.30429822393e-10, "var": 0.000379778706701, "median": 0.0266718938947}, "zerocrossingrate": {"dmean": 0.0100195389241, "dmean2": 0.0116059156135, "max": 0.9052734375, "dvar": 0.000247348216362, "mean": 0.0832412913442, "dvar2": 0.000251981138717, "min": 0.00146484375, "var": 0.0143930884078, "median": 0.06201171875}, "spectral_energyband_high": {"dmean": 0.000606447516475, "dmean2": 0.000903136271518, "max": 0.0400287099183, "dvar": 2.66248252956e-06, "mean": 0.00149421347305, "dvar2": 4.80678863823e-06, "min": 8.641441034