{"tonal": {"hpcp": {"dvar": [0.0417826548219, 0.0345034003258, 0.0375220216811, 0.0261029191315, 0.0260399878025, 0.0273143332452, 0.0277292504907, 0.0270460937172, 0.0259751491249, 0.0330668613315, 0.0222121868283, 0.0192316044122, 0.0194944925606, 0.0283560436219, 0.0330345518887, 0.0350760780275, 0.0316872522235, 0.0284501928836, 0.0224757771939, 0.0229762233794, 0.0276396144181, 0.0321404933929, 0.0276099424809, 0.026997923851, 0.0309963915497, 0.0171831250191, 0.0131045021117, 0.0148172453046, 0.0162041727453, 0.0187884848565, 0.0217700228095, 0.0211240183562, 0.0200718082488, 0.0253308676183, 0.0271455328912, 0.0358659848571], "var": [0.128992050886, 0.0597690865397, 0.046921659261, 0.04627372697, 0.0322337932885, 0.0450753904879, 0.0783551037312, 0.0557941161096, 0.0506863258779, 0.104477278888, 0.0500048324466, 0.0274971295148, 0.0301041509956, 0.0345819406211, 0.0523472093046, 0.103567287326, 0.0657983645797, 0.0348430760205, 0.0298725832254, 0.0283223111182, 0.059266500175, 0.133781149983, 0.0663563385606, 0.0451775193214, 0.0905338078737, 0.0368234477937, 0.0162936691195, 0.022252779454, 0.0217110700905, 0.0371412672102, 0.0555996820331, 0.0323023870587, 0.0300498474389, 0.044792521745, 0.0333841443062, 0.0861743912101], "median": [0.108365267515, 0.0496994480491, 0.00440002512187, 0.00191833055578, 0.00283888354897, 0.012181757018, 0.0188836269081, 0.0143480468541, 0.0116983596236, 0.00629014195874, 0.00643439544365, 0.00326677272096, 0.00238113524392, 0.00248711789027, 0.0247666761279, 0.0463563501835, 0.0301409997046, 0.00480691576377, 0.00233422266319, 0.0040882602334, 0.0368648916483, 0.0550066977739, 0.0350039675832, 0.0127911828458, 0.00674953963608, 0.00649489276111, 0.00517953559756, 0.00547764543444, 0.00614573527128, 0.00560001749545, 0.00587030593306, 0.00602767802775, 0.00444692280143, 0.0036062146537, 0.0140260225162, 0.079926148057], "max": [1, 1, 1, 1, 1, 1, 1, 1, 1, 1, 1, 1, 1, 1, 1, 1, 1, 1, 1, 1, 1, 1, 1, 1, 1, 1, 1, 1, 1, 1, 1, 1, 1, 1, 1, 1], "dmean": [0.127011194825, 0.106022290885, 0.0885924696922, 0.0666770264506, 0.067632265389, 0.0752211511135, 0.076914653182, 0.0749995335937, 0.0776491835713, 0.0778199955821, 0.0675455927849, 0.0487574487925, 0.0502990521491, 0.064852155745, 0.0895662605762, 0.0997995808721, 0.0925235152245, 0.068222746253, 0.0563443638384, 0.0611074604094, 0.0872027724981, 0.0911788642406, 0.0883504748344, 0.07951810956, 0.0759219229221, 0.0570760294795, 0.0406319350004, 0.0437944568694, 0.0493011809886, 0.0558897666633, 0.060370195657, 0.0586170144379, 0.0563637912273, 0.0628133788705, 0.0755289494991, 0.114617526531], "dmean2": [0.211864650249, 0.18010340631, 0.157790213823, 0.118919819593, 0.12078627944, 0.132284924388, 0.132542744279, 0.130240991712, 0.132737129927, 0.134993135929, 0.115308396518, 0.0860554277897, 0.0892008244991, 0.115714967251, 0.155229315162, 0.167912498116, 0.157741174102, 0.121177896857, 0.100048437715, 0.105915687978, 0.147539138794, 0.151734128594, 0.149881869555, 0.138305053115, 0.130106121302, 0.0959534719586, 0.0715201571584, 0.0768508911133, 0.0863828510046, 0.0946533605456, 0.103253394365, 0.0998933240771, 0.0997205078602, 0.111585631967, 0.131743833423, 0.191017881036], "mean": [0.296801865101, 0.169809773564, 0.0972206220031, 0.0862231850624, 0.0747827142477, 0.106938950717, 0.15107858181, 0.122134253383, 0.12867975235, 0.178165331483, 0.119789600372, 0.05861902982, 0.0614169985056, 0.0702927783132, 0.138139143586, 0.222738564014, 0.165661111474, 0.074768923223, 0.0632283389568, 0.0672343447804, 0.167030438781, 0.269307732582, 0.177414894104, 0.118166029453, 0.158155068755, 0.100016370416, 0.0483177341521, 0.0574487410486, 0.0587533600628, 0.0839413180947, 0.104869097471, 0.0765398070216, 0.0734619945288, 0.086749099195, 0.0934006050229, 0.22910785675], "dvar2": [0.110794633627, 0.0934765413404, 0.105705149472, 0.0713776797056, 0.0725083053112, 0.0749025121331, 0.0729812532663, 0.0733109340072, 0.0698625445366, 0.0820061862469, 0.0582694858313, 0.0526325143874, 0.0542457215488, 0.0792133286595, 0.091191418469, 0.0868153199553, 0.0858541876078, 0.0775049254298, 0.0597907938063, 0.061141602695, 0.0739327818155, 0.0790555402637, 0.072772577405, 0.072931446135, 0.0782719179988, 0.0445526130497, 0.0363735035062, 0.04022147879, 0.0444793663919, 0.0484010465443, 0.0544339045882, 0.0574853643775, 0.0551320798695, 0.0667989775538, 0.0743639022112, 0.0928557515144], "min": [1.29587999709e-06, 6.02536783845e-06, 4.60083754206e-07, 3.41249574376e-07, 5.60980708997e-07, 1.12593477297e-06, 1.1815450307e-06, 1.09920335944e-06, 1.85492785931e-06, 3.61997962273e-07, 9.25557685605e-07, 2.83902795672e-06, 1.46889783537e-06, 1.81289954071e-06, 2.66694883067e-06, 2.71106546279e-06, 2.80677613773e-06, 3.01737600239e-06, 8.12287339613e-07, 5.51375251234e-07, 2.92466324936e-06, 4.02405976274e-06, 3.68663745576e-06, 8.0545299852e-07, 3.6122213487e-07, 6.35953711026e-07, 1.22372125588e-06, 2.28872249863e-06, 0, 2.52336735684e-06, 8.12964060515e-07, 1.52659686137e-06, 9.01533667275e-07, 8.19733941171e-07, 1.31588001295e-06, 2.07589391721e-06]}, "key_key": "A", "thpcp": [1, 0.572131752968, 0.327560693026, 0.290507555008, 0.251961737871, 0.360304176807, 0.509021699429, 0.411500960588, 0.433554381132, 0.600283741951, 0.403601229191, 0.197502225637, 0.206929281354, 0.236834019423, 0.465425461531, 0.750462114811, 0.558153867722, 0.251915276051, 0.213032141328, 0.22652938962, 0.562767505646, 0.907365381718, 0.59775531292, 0.398131012917, 0.532864153385, 0.336980253458, 0.162794575095, 0.193559229374, 0.197954818606, 0.282819360495, 0.353330314159, 0.257881820202, 0.247511908412, 0.292279481888, 0.314690083265, 0.771921873093], "chords_key": "A", "tuning_equal_tempered_deviation": 0.0499865934253, "tuning_frequency": 434.193115234, "tuning_diatonic_strength": 0.457672119141, "chords_histogram": [21.1352653503, 3.50241541862, 1.27674257755, 6.26293992996, 7.19461679459, 3.65769505501, 0.465838521719, 8.16080093384, 0.690131127834, 5.67632865906, 0.948930323124, 0.414078682661, 0.120772950351, 0, 0.603864729404, 0.448585242033, 0.897170484066, 0.0862663909793, 0.845410645008, 0.258799165487, 4.41683912277, 6.03864717484, 19.8585224152, 7.03933763504], "key_strength": 0.80094742775, "key_scale": "minor", "chords_strength": {"dvar": 6.5350686782e-05, "var": 0.00961438566446, "median": 0.50291877985, "max": 0.749316632748, "dmean": 0.00930312089622, "dmean2": 0.007388449274, "mean": 0.498509973288, "dvar2": 6.48084387649e-05, "min": 0.202218875289}, "chords_number_rate": 0.00207039341331, "tuning_nontempered_energy_ratio": 0.666131138802, "hpcp_entropy": {"dvar": 0.261075377464, "var": 0.732542157173, "median": 1.58543515205, "max": 4.72444534302, "dmean": 0.507332742214, "dmean2": 0.855249047279, "mean": 1.64704477787, "dvar2": 0.678045034409, "min": 0.0406939834356}, "chords_changes_rate": 0.051242236048, "chords_scale": "minor"}, "rhythm": {"bpm_histogram_first_peak_spread": {"dvar": 0, "var": 0, "median": 0.629870116711, "max": 0.629870116711, "dmean": 0, "dmean2": 0, "mean": 0.629870116711, "dvar2": 0, "min": 0.629870116711}, "bpm_histogram_first_peak_weight": {"dvar": 0, "var": 0, "median": 0.113095238805, "max": 0.113095238805, "dmean": 0, "dmean2": 0, "mean": 0.113095238805, "dvar2": 0, "min": 0.113095238805}, "bpm_histogram_first_peak_bpm": {"dvar": 0, "var": 0, "median": 103, "max": 103, "dmean": 0, "dmean2": 0, "mean": 103, "dvar2": 0, "min": 103}, "bpm": 103.339393616, "bpm_histogram_second_peak_weight": {"dvar": 0, "var": 0, "median": 0.0496031753719, "max": 0.0496031753719, "dmean": 0, "dmean2": 0, "mean": 0.0496031753719, "dvar2": 0, "min": 0.0496031753719}, "beats_loudness": {"dvar": 0.000243392161792, "var": 0.000401766767027, "median": 0.0177164971828, "max": 0.0973361060023, "dmean": 0.0147497039288, "dmean2": 0.0251384302974, "mean": 0.0240764543414, "dvar2": 0.000646536587738, "min": 0.000183164593182}, "beats_loudness_band_ratio": {"dvar": [0.0389334671199, 0.0241819489747, 0.0214680004865, 0.00447952607647, 0.00147775770165, 0.0641258731484], "var": [0.0793887749314, 0.0342104956508, 0.0308292265981, 0.00596667220816, 0.00782345514745, 0.0586962662637], "median": [0.409896105528, 0.148210570216, 0.12252561748, 0.0227618440986, 0.00549415312707, 0.0339720845222], "max": [0.993098676205, 0.904154956341, 0.885484576225, 0.4206161201, 0.551918148994, 0.974827289581], "dmean": [0.218185737729, 0.161781206727, 0.148571610451, 0.0486514121294, 0.0193770565093, 0.146727651358], "dmean2": [0.37421053648, 0.281113445759, 0.262787938118, 0.0857976898551, 0.0331628397107, 0.272507429123], "mean": [0.418546825647, 0.204911291599, 0.184741944075, 0.055433947593, 0.0344545952976, 0.143948271871], "dvar2": [0.0954182520509, 0.0679332017899, 0.0578926429152, 0.0119266202673, 0.00368283316493, 0.177421301603], "min": [0.000825725204777, 0.000283120374661, 5.35615472472e-05, 4.33738678112e-05, 1.38570394483e-05, 0.00445674546063]}, "bpm_histogram_second_peak_bpm": {"dvar": 0, "var": 0, "median": 108, "max": 108, "dmean": 0, "dmean2": 0, "mean": 108, "dvar2": 0, "min": 108}, "onset_rate": 2.80544757843, "beats_count": 505, "beats_position": [0.510838985443, 1.03328800201, 1.55573689938, 2.07818579674, 2.60063481331, 3.15791368484, 3.72680258751, 4.28408145905, 4.82975053787, 5.3754196167, 5.92108821869, 6.46675729752, 7.02403593063, 7.58131504059, 8.13859367371, 8.68426322937, 9.24154186249, 9.79882049561, 10.3560991287, 10.9249887466, 11.4822673798, 12.051156044, 12.6084346771, 13.1657142639, 13.722992897, 14.2918815613, 14.8491611481, 15.3367795944, 15.8243989944, 16.3236274719, 16.8112468719, 17.2756462097, 17.7400455475, 18.2044448853, 18.6572322845, 19.1100215912, 19.574420929, 20.0388202667, 20.5032196045, 20.9676189423, 21.43201828, 21.8848075867, 22.3375968933, 22.7787742615, 23.2431735992, 23.6959629059, 24.1719722748, 24.6363716125, 25.1123809814, 25.553560257, 25.9947395325, 26.4475269318, 26.9235363007, 27.3995456696, 27.8755550385, 28.3515644073, 28.8159637451, 29.2687530518, 29.7215423584, 30.1859397888, 30.6503391266, 31.1031284332, 31.5791378021, 32.0667572021, 32.5659866333, 33.146484375, 33.7153739929, 34.2726516724, 34.8415412903, 35.3988189697, 35.9444885254, 36.4901580811, 37.0474357605, 37.6163253784, 38.1736030579, 38.730884552, 39.2881622314, 39.8454399109, 40.3911094666, 40.9367790222, 41.4940567017, 42.0745582581, 42.6550559998, 43.2703857422, 43.8973236084, 44.5358734131, 45.2324714661, 45.929069519, 46.625667572, 47.322265625, 48.0304756165, 48.7502937317, 49.4468917847, 50.1551017761, 50.8633079529, 51.5715179443, 52.2797279358, 52.9763259888, 53.6729240417, 54.3463020325, 55.0312919617, 55.7278900146, 56.4128799438, 57.0978660583, 57.7712478638, 58.5142860413, 59.280544281, 60.0235824585, 60.7782287598, 61.4864387512, 62.1830368042, 62.9260749817, 63.6691131592, 64.4469833374, 65.2364578247, 66.0375518799, 66.8502502441, 67.5236282349, 68.1853942871, 68.8355560303, 69.485710144, 70.0894317627, 70.6931533813, 71.2852630615, 71.8657608032, 72.4462585449, 73.0267562866, 73.6072540283, 74.18775177, 74.7682495117, 75.3487548828, 75.917640686, 76.4981384277, 77.0670318604, 77.6359176636, 78.1931991577, 78.738861084, 79.3193664551, 79.8998641968, 80.491973877, 81.0724716187, 81.6645812988, 82.2799072266, 82.8952331543, 83.4873428345, 84.0794525146, 84.6715621948, 85.263671875, 85.8557815552, 86.4478912354, 87.0400009155, 87.6321105957, 88.2126083374, 88.7931060791, 89.3736038208, 89.965713501, 90.5578231812, 91.1383209229, 91.730430603, 92.3225402832, 92.9030380249, 93.4835357666, 94.0640335083, 94.6561431885, 95.2598648071, 95.8519744873, 96.432472229, 97.0129699707, 97.5934677124, 98.1855773926, 98.7776870728, 99.3581848145, 99.9386825562, 100.519180298, 101.09967804, 101.680175781, 102.260681152, 102.829566956, 103.398452759, 103.97895813, 104.559455872, 105.139953613, 105.720451355, 106.300949097, 106.858230591, 107.276191711, 107.694145203, 108.1353302, 108.588119507, 109.029296875, 109.482086182, 109.934875488, 110.34122467, 110.759178162, 111.142311096, 111.53704834, 111.943397522, 112.338134766, 112.744483948, 113.15083313, 113.545578003, 113.940315247, 114.33505249, 114.718185425, 115.10131073, 115.484443665, 115.879180908, 116.250701904, 116.633827209, 117.005348206, 117.376869202, 117.748390198, 118.119903564, 118.491424561, 118.862945557, 119.234466553, 119.605987549, 119.989112854, 120.372245789, 120.743759155, 121.115280151, 121.463577271, 121.823486328, 122.183395386, 122.554916382, 122.914825439, 123.274734497, 123.623039246, 123.971336365, 124.319633484, 124.667930603, 125.016235352, 125.352920532, 125.689613342, 126.026298523, 126.421043396, 126.827392578, 127.222129822, 127.640090942, 128.069656372, 128.499221802, 128.92880249, 129.35836792, 129.776321411, 130.194290161, 130.612243652, 131.006988525, 131.40171814, 131.796463013, 132.260864258, 132.725265503, 133.189651489, 133.665664673, 134.234558105, 134.803451538, 135.407165527, 136.022491455, 136.637817383, 137.253143311, 137.84526062, 138.460586548, 139.087524414, 139.71446228, 140.341400146, 140.956726074, 141.572067261, 142.187393188, 142.802719116, 143.441268921, 144.079818726, 144.753189087, 145.40335083, 145.972244263, 146.541137695, 147.121627808, 147.702133179, 148.271011353, 148.863128662, 149.455230713, 150.035736084, 150.616226196, 151.208343506, 151.800445557, 152.392562866, 152.973052979, 153.55355835, 154.134063721, 154.633285522, 155.132507324, 155.631744385, 156.049697876, 156.456054688, 156.874008179, 157.28036499, 157.70993042, 158.13949585, 158.569061279, 158.998641968, 159.428207397, 159.869384766, 160.310562134, 160.786575317, 161.250976562, 161.726974487, 162.272644043, 162.818313599, 163.363983154, 163.956100464, 164.548202515, 165.140319824, 165.720809937, 166.301315308, 166.88180542, 167.462310791, 168.031204224, 168.600082397, 169.180587769, 169.772689819, 170.376419067, 170.968521118, 171.549026489, 172.129516602, 172.721633911, 173.336959839, 173.894241333, 174.463119507, 175.020401001, 175.658950806, 176.274276733, 176.878005981, 177.481719971, 178.08543396, 178.723983765, 179.362533569, 179.977859497, 180.593200684, 181.208526611, 181.812240601, 182.41595459, 182.950012207, 183.484085083, 184.0181427, 184.610244751, 185.202362061, 185.794464111, 186.398178101, 187.001907349, 187.535964966, 188.070022583, 188.6040802, 189.068481445, 189.54447937, 190.020492554, 190.484893799, 190.949295044, 191.390472412, 191.83164978, 192.284439087, 192.725616455, 193.166793823, 193.584762573, 194.025939941, 194.46711731, 194.943130493, 195.407531738, 195.883529663, 196.429199219, 196.940048218, 197.462493896, 197.996551514, 198.530609131, 199.064666748, 199.598724365, 200.144393921, 200.620407104, 201.096420288, 201.572418213, 202.036819458, 202.501220703, 202.95401001, 203.406799316, 203.847976685, 204.31237793, 204.730331421, 205.148300171, 205.566253662, 205.984207153, 206.564712524, 207.145217896, 207.737319946, 208.375869751, 209.002807617, 209.594909668, 210.187026978, 210.790740967, 211.394470215, 211.998184204, 212.683166504, 213.356552124, 214.018310547, 214.680084229, 215.34185791, 216.02684021, 216.711837769, 217.361984253, 218.012145996, 218.662307739, 219.312469482, 219.974243164, 220.61277771, 221.239730835, 221.831832886, 222.435546875, 223.016052246, 223.584945679, 224.165435791, 224.745941162, 225.338043213, 225.930160522, 226.510650635, 227.091156006, 227.683258057, 228.275375366, 228.867477417, 229.471191406, 230.063308716, 230.667022705, 231.270736694, 231.874465942, 232.478179932, 233.081893921, 233.708831787, 234.335784912, 234.985931396, 235.624481201, 236.274642944, 236.785476685, 237.307937622, 237.818771362, 238.329605103, 238.840454102, 239.36289978, 239.896957397, 240.431015015, 240.953460693, 241.475906372, 241.99836731, 242.485977173, 242.973602295, 243.461227417, 243.94883728, 244.436462402, 244.924072266, 245.411697388, 245.887710571, 246.363708496, 246.816497803, 247.269287109, 247.722076416, 248.244537354, 248.766983032, 249.289428711, 249.858322144, 250.438812256, 251.007705688, 251.576599121, 252.145477295, 252.714370728, 253.28326416, 253.852142334, 254.421035767, 254.989929199, 255.558822632, 256.046447754, 256.534057617, 257.02166748, 257.404815674, 257.799530029, 258.182678223, 258.577423096, 258.960540771, 259.343658447, 259.726806641, 260.109924316, 260.493041992, 260.876190186, 261.270935059, 261.665649414, 262.060394287, 262.45513916, 262.838256836, 263.221405029, 263.604522705, 263.999267578, 264.394012451, 264.788757324, 265.183502197, 265.578216553, 265.984588623, 266.367706299, 266.750823975, 267.122344971, 267.493865967, 267.865386963, 268.236907959], "danceability": 0.920469105244, "bpm_histogram_second_peak_spread": {"dvar": 0, "var": 0, "median": 0.519230723381, "max": 0.519230723381, "dmean": 0, "dmean2": 0, "mean": 0.519230723381, "dvar2": 0, "min": 0.519230723381}}, "lowlevel": {"spectral_flux": {"dvar": 0.000382764003007, "var": 0.00170286709908, "median": 0.0408347845078, "max": 0.288004845381, "dmean": 0.0155233182013, "dmean2": 0.0253295209259, "mean": 0.0515486747026, "dvar2": 0.000966726394836, "min": 0.000481673429022}, "spectral_rolloff": {"dvar": 3324748.25, "var": 21359614, "median": 473.73046875, "max": 19078.4179688, "dmean": 480.477081299, "dmean2": 832.997253418, "mean": 2319.53125, "dvar2": 7237330.5, "min": 86.1328125}, "barkbands_flatness_db": {"dvar": 0.0004461510689, "var": 0.00547849200666, "median": 0.189965963364, "max": 0.477717429399, "dmean": 0.0191623307765, "dmean2": 0.0281076580286, "mean": 0.193628743291, "dvar2": 0.000970895518549, "min": 0.0196041762829}, "spectral_centroid": {"dvar": 148531.34375, "var": 929952.375, "median": 505.796539307, "max": 6648.28173828, "dmean": 171.718688965, "dmean2": 246.595993042, "mean": 889.90234375, "dvar2": 227684.484375, "min": 112.714729309}, "melbands_skewness": {"dvar": 0.787624359131, "var": 4.89118766785, "median": 2.36694550514, "max": 29.3183307648, "dmean": 0.647266328335, "dmean2": 0.976277351379, "mean": 2.79037714005, "dvar2": 1.76091909409, "min": -1.66122364998}, "melbands": {"dvar": [1.53830171712e-07, 3.80942793754e-07, 1.13676924229e-06, 1.37527433708e-06, 3.30789418967e-07, 2.60527912133e-07, 4.69783543622e-07, 1.54040193934e-07, 1.56306668941e-07, 2.87655623765e-08, 3.22932720564e-08, 4.28368140959e-09, 7.59286233887e-09, 4.09472589169e-09, 1.27475203726e-08, 2.89630253114e-09, 4.5427595019e-09, 1.12848363987e-09, 5.71942826433e-10, 4.11666284394e-10, 3.00202279702e-10, 2.23802629207e-10, 1.67583558142e-10, 1.05641363712e-10, 1.88047660776e-10, 2.18385254325e-10, 5.5831311796e-11, 2.02137716288e-11, 3.43069739284e-11, 6.6431464496e-11, 1.50163353974e-10, 2.14081335992e-10, 1.7920194495e-10, 1.54425985888e-10, 2.61540372692e-10, 3.11767944794e-10, 2.15471973597e-10, 2.89267526599e-10, 1.37573868964e-10, 8.49378484213e-11], "var": [8.00834641268e-07, 1.66626023201e-06, 3.81079416911e-06, 4.33192371929e-06, 1.03450054212e-06, 7.2668882467e-07, 1.30743922e-06, 7.78371372689e-07, 4.11111955145e-07, 7.87850140682e-08, 1.50752313743e-07, 9.24208798381e-09, 2.63691042335e-08, 1.00819574911e-08, 2.89725523572e-08, 6.40058361867e-09, 1.96361398253e-08, 3.01022495819e-09, 1.2057542742e-09, 8.6314022596e-10, 6.39884312204e-10, 4.7124032454e-10, 2.5239771384e-10, 3.27292110081e-10, 4.62105270715e-10, 7.43498984601e-10, 1.95784374823e-10, 4.72722000433e-11, 7.35609628766e-11, 1.71282502071e-10, 3.72380515312e-10, 6.08764150201e-10, 5.21710730172e-10, 4.23006601968e-10, 6.45150877165e-10, 7.48286432817e-10, 5.11364783851e-10, 6.65827892821e-10, 3.02964570098e-10, 1.87487886327e-10], "median": [0.000539773143828, 0.000674827955663, 0.000342163868481, 0.000126138853375, 0.000204664422199, 0.000142346281791, 0.000159594943398, 5.01821232319e-05, 3.41518680216e-05, 1.82993862836e-05, 1.03833554022e-05, 7.71008581069e-06, 4.73752697872e-06, 4.58248268842e-06, 3.94675862481e-06, 2.73590603683e-06, 2.40669692175e-06, 1.35902871534e-06, 6.42420275199e-07, 8.1754473058e-07, 5.76404318053e-07, 4.08132393659e-07, 4.4821223355e-07, 4.32533283856e-07, 3.51673520527e-07, 4.18439555006e-07, 1.45214897884e-07, 1.16693854579e-07, 1.65946005382e-07, 2.18855362277e-07, 1.16274726736e-07, 1.74191157498e-07, 2.10154112779e-07, 1.07258067317e-07, 1.02619523545e-07, 1.19530753295e-07, 7.63448753105e-08, 8.11127804923e-08, 6.05601897519e-08, 2.52574352544e-08], "max": [0.00886896811426, 0.0200696475804, 0.0218317247927, 0.0313553027809, 0.0165211092681, 0.0137060526758, 0.017318893224, 0.0137500176206, 0.0158189181238, 0.00758786918595, 0.00665474776179, 0.0022642579861, 0.00704225571826, 0.00394126726314, 0.00471942359582, 0.00211989879608, 0.00313731678762, 0.00111601909157, 0.000796495121904, 0.000710864551365, 0.000455446512206, 0.000325725763105, 0.000390047673136, 0.00068376242416, 0.000383138802135, 0.000531440717168, 0.000337054283591, 0.000135698239319, 0.000179869108251, 0.000347100256477, 0.000526402960531, 0.000556259125005, 0.000853112956975, 0.000471369858133, 0.000545165210497, 0.000427163584391, 0.000346585642546, 0.000448355654953, 0.000259752210695, 0.000211029386264], "dmean": [0.000148693274241, 0.000295992475003, 0.000465605146019, 0.000404070771765, 0.000234143910347, 0.00018502426974, 0.000263691472355, 0.000115797578474, 8.2044127339e-05, 4.40099465777e-05, 4.10905231547e-05, 1.71666270035e-05, 1.93331889022e-05, 1.75600089278e-05, 2.57004976447e-05, 1.44951409311e-05, 1.49706229422e-05, 9.11574443307e-06, 5.60818716622e-06, 4.85931741423e-06, 4.12126019e-06, 3.53486234417e-06, 2.75694333141e-06, 2.58003910858e-06, 3.92103629565e-06, 4.18712716055e-06, 2.00229260372e-06, 1.09811503535e-06, 1.41201860515e-06, 1.8819791876e-06, 2.45015075961e-06, 3.0448736652e-06, 2.69936685982e-06, 2.47007710641e-06, 3.0558733215e-06, 3.44233308169e-06, 2.9363586691e-06, 3.22831124322e-06, 2.2352396627e-06, 1.68443375514e-06], "dmean2": [0.000229751545703, 0.000447222759249, 0.000710713735316, 0.000611741270404, 0.000357946992153, 0.00028713332722, 0.000400438817451, 0.000169450460817, 0.000125415579532, 6.41232545604e-05, 5.80769519729e-05, 2.62516368821e-05, 2.88263217953e-05, 2.64828613581e-05, 4.10954598919e-05, 2.29212546401e-05, 2.36678733927e-05, 1.47403488882e-05, 9.28198824113e-06, 8.13958922663e-06, 6.81520259604e-06, 5.89049614064e-06, 4.60329647467e-06, 4.16553075411e-06, 6.16765282757e-06, 6.34292428003e-06, 3.15414467877e-06, 1.75767047494e-06, 2.2266981432e-06, 2.8733174986e-06, 3.74354294763e-06, 4.44172610514e-06, 3.9279111661e-06, 3.6211886254e-06, 4.42100690634e-06, 5.0448102229e-06, 4.24284871769e-06, 4.72253304906e-06, 3.23353310705e-06, 2.4182108973e-06], "mean": [0.000773226143792, 0.00097486784216, 0.00101901276503, 0.000804707175121, 0.000531584431883, 0.000403701269533, 0.000596559839323, 0.000292083132081, 0.000170011786395, 8.91523523023e-05, 9.88983520074e-05, 3.44023574144e-05, 3.78600925615e-05, 3.10274772346e-05, 4.42562522949e-05, 2.5432142138e-05, 3.00749961752e-05, 1.74631113623e-05, 1.07933865365e-05, 9.44512703427e-06, 7.97993016022e-06, 6.62216280034e-06, 4.82968152937e-06, 4.85208374812e-06, 7.09004279997e-06, 8.32129808259e-06, 4.04147249355e-06, 1.91147205442e-06, 2.37086146626e-06, 3.33659568241e-06, 4.14141004512e-06, 5.20867251907e-06, 4.71894054499e-06, 4.09852009398e-06, 5.02788907397e-06, 5.58598821954e-06, 4.83412759422e-06, 5.15804231327e-06, 3.56750615538e-06, 2.68051053354e-06], "dvar2": [3.74075085574e-07, 8.20430670956e-07, 2.60760316451e-06, 3.05068897433e-06, 7.29618477635e-07, 5.93107927216e-07, 1.08440701752e-06, 3.37886575608e-07, 3.77126895046e-07, 5.73328691189e-08, 6.30161167692e-08, 9.80590364463e-09, 1.35505100474e-08, 7.77684228126e-09, 3.17813437789e-08, 6.56391119236e-09, 1.05307647047e-08, 2.85851986526e-09, 1.6771009026e-09, 1.1940255451e-09, 8.78819961248e-10, 6.44842235165e-10, 4.8040338374e-10, 2.701912305e-10, 4.61454846556e-10, 4.74242645154e-10, 1.29319444042e-10, 5.01399859132e-11, 8.53631401676e-11, 1.49281781381e-10, 3.44361150706e-10, 4.31333246897e-10, 3.55666496255e-10, 3.02931513207e-10, 5.10833819689e-10, 6.4149802137e-10, 4.10266154383e-10, 5.82622339262e-10, 2.76179940029e-10, 1.67199587509e-10], "min": [6.33653884918e-09, 1.66203206753e-09, 6.31216912073e-10, 2.1064733291e-10, 8.78041320207e-11, 7.58918414223e-11, 6.8348854354e-11, 1.38616835024e-11, 1.89504766046e-11, 4.42409511803e-11, 2.90807065928e-11, 1.75574953881e-11, 3.58019065783e-11, 1.24246828104e-11, 2.34097758539e-11, 1.07744715927e-11, 7.79112972055e-12, 6.97760208987e-12, 3.56657303517e-12, 2.60808406122e-11, 2.30156154551e-11, 3.48365390354e-12, 1.47105123222e-11, 1.5951080734e-11, 1.30909528009e-11, 1.38771980018e-11, 7.22401435546e-12, 5.0652147407e-12, 6.1955978542e-12, 1.438373292e-11, 2.23274714689e-11, 1.10706383297e-11, 1.38029631128e-11, 1.4323750519e-11, 1.31286925775e-11, 2.15445109669e-11, 1.75136034147e-11, 1.07296203172e-11, 7.22098205883e-12, 1.09243898649e-11]}, "spectral_decrease": {"dvar": 3.83897417418e-18, "var": 2.19765427861e-17, "median": -3.52820950233e-09, "max": 3.32517867407e-11, "dmean": 1.28361266061e-09, "dmean2": 1.91632998359e-09, "mean": -5.04504127363e-09, "dvar2": 8.55830840249e-18, "min": -3.5117519559e-08}, "barkbands_kurtosis": {"dvar": 38.8451576233, "var": 202.689483643, "median": 11.6815738678, "max": 186.448455811, "dmean": 4.05801391602, "dmean2": 6.05385351181, "mean": 14.219994545, "dvar2": 82.8883209229, "min": -1.98494720459}, "silence_rate_30dB": {"dvar": 0.00103422463872, "var": 0.000689714623149, "median": 1, "max": 1, "dmean": 0.00103537528776, "dmean2": 0.00207092938945, "mean": 0.999309837818, "dvar2": 0.00275664404035, "min": 0}, "gfcc": {"mean": [-62.1098365784, 89.0428924561, -57.6521453857, 1.91226637363, -44.0867843628, -9.46500205994, -16.5580196381, -16.0074539185, 0.202972352505, -13.4674406052, 7.08617210388, -13.6396656036, -3.10942530632], "cov": [[10417.1455078, -1442.3371582, -2811.92480469, 1168.70056152, -1728.27661133, 828.137023926, -1199.17175293, 473.594360352, -541.603393555, 342.907623291, -154.961746216, 146.522445679, 4.00834608078], [-1442.3371582, 2839.20849609, 755.98638916, -591.034057617, 659.296875, -556.166564941, 536.739196777, -228.627090454, 340.155273438, -248.727630615, 266.771820068, -77.2196578979, 3.61233115196], [-2811.92480469, 755.98638916, 1776.23986816, 13.7474937439, 376.212432861, -89.0290374756, 319.654022217, -115.699859619, 107.603248596, -74.05884552, 11.7445383072, -29.8107452393, -10.8224039078], [1168.70056152, -591.034057617, 13.7474937439, 657.469604492, -199.460479736, 198.265655518, -197.91796875, 68.9482421875, -86.5292510986, 63.8157043457, -67.4365081787, 13.1823253632, 5.80174636841], [-1728.27661133, 659.296875, 376.212432861, -199.460479736, 650.571655273, -193.653686523, 243.624938965, -70.7105712891, 146.502593994, -69.1669464111, 46.9184379578, -16.1886615753, 8.8530330658], [828.137023926, -556.166564941, -89.0290374756, 198.265655518, -193.653686523, 357.492095947, -85.9163513184, 110.146087646, -58.3581161499, 94.197303772, -46.777797699, 40.8174629211, 18.2321147919], [-1199.17175293, 536.739196777, 319.654022217, -197.91796875, 243.624938965, -85.9163513184, 403.54486084, 1.85893654823, 142.567489624, -35.7285041809, 104.203147888, 10.593788147, 2.70248627663], [473.594360352, -228.627090454, -115.699859619, 68.9482421875, -70.7105712891, 110.146087646, 1.85893654823, 175.708862305, -9.07683467865, 60.0605545044, 13.6841259003, 38.7155303955, 16.7937450409], [-541.603393555, 340.155273438, 107.603248596, -86.5292510986, 146.502593994, -58.3581161499, 142.567489624, -9.07683467865, 196.897796631, 18.7751502991, 76.273109436, -1.42989969254, 24.9443378448], [342.907623291, -248.727630615, -74.05884552, 63.8157043457, -69.1669464111, 94.197303772, -35.7285041809, 60.0605545044, 18.7751502991, 173.012054443, 26.4757823944, 24.4687290192, 7.60969638824], [-154.961746216, 266.771820068, 11.7445383072, -67.4365081787, 46.9184379578, -46.777797699, 104.203147888, 13.6841259003, 76.273109436, 26.4757823944, 154.657028198, 20.5924682617, 5.95877170563], [146.522445679, -77.2196578979, -29.8107452393, 13.1823253632, -16.1886615753, 40.8174629211, 10.593788147, 38.7155303955, -1.42989969254, 24.4687290192, 20.5924682617, 111.442352295, 34.4812278748], [4.00834608078, 3.61233115196, -10.8224039078, 5.80174636841, 8.8530330658, 18.2321147919, 2.70248627663, 16.7937450409, 24.9443378448, 7.60969638824, 5.95877170563, 34.4812278748, 86.4415283203]], "icov": [[0.010576528497, -0.0148187167943, 0.0148298088461, -0.0148328468204, 0.0148723451421, -0.0136785311624, 0.0129146622494, -0.0125420792028, 0.0114027466625, -0.0117340255529, 0.00968968030065, -0.00945478212088, 0.00722185987979], [-0.0148187167943, 0.0216584261507, -0.02097196877, 0.0210415273905, -0.0210078470409, 0.0196877978742, -0.0182649809867, 0.0178361516446, -0.0165507383645, 0.0172518081963, -0.0145815974101, 0.0135479029268, -0.0102927293628], [0.0148298088461, -0.02097196877, 0.0216159932315, -0.0211683437228, 0.020613912493, -0.0193799119443, 0.0174281261861, -0.0170831587166, 0.0161709189415, -0.01663890481, 0.0140627333894, -0.0132619170472, 0.0101852882653], [-0.0148328468204, 0.0210415273905, -0.0211683437228, 0.0230665877461, -0.020737990737, 0.0185595508665, -0.0171180199832, 0.0171503387392, -0.016171419993, 0.0166192911565, -0.0138322208077, 0.0133937625214, -0.0101630352437], [0.0148723451421, -0.0210078470409, 0.020613912493, -0.020737990737, 0.0234800167382, -0.0184712670743, 0.0173756815493, -0.0175728108734, 0.015094534494, -0.0164569020271, 0.014449625276, -0.0134686203673, 0.00999242532998], [-0.0136785311624, 0.0196877978742, -0.0193799119443, 0.0185595508665, -0.0184712670743, 0.0229535605758, -0.0172456689179, 0.0145547678694, -0.0146992094815, 0.0139196021482, -0.0115317134187, 0.0117060998455, -0.00995680503547], [0.0129146622494, -0.0182649809867, 0.0174281261861, -0.0171180199832, 0.0173756815493, -0.0172456689179, 0.0211563669145, -0.0167447831482, 0.0119501473382, -0.0131007721648, 0.00998733751476, -0.0121532101184, 0.00980919133872], [-0.0125420792028, 0.0178361516446, -0.0170831587166, 0.0171503387392, -0.0175728108734, 0.0145547678694, -0.0167447831482, 0.0233439784497, -0.0130383446813, 0.0126367127523, -0.0123216286302, 0.0100435642526, -0.00924246758223], [0.0114027466625, -0.0165507383645, 0.0161709189415, -0.016171419993, 0.015094534494, -0.0146992094815, 0.0119501473382, -0.0130383446813, 0.0216403771192, -0.015125351958, 0.00866747926921, -0.00879701040685, 0.00498513504863], [-0.0117340255529, 0.0172518081963, -0.01663890481, 0.0166192911565, -0.0164569020271, 0.0139196021482, -0.0131007721648, 0.0126367127523, -0.015125351958, 0.0219328459352, -0.0134477550164, 0.0100741628557, -0.00732900295407], [0.00968968030065, -0.0145815974101, 0.0140627333894, -0.0138322208077, 0.014449625276, -0.0115317134187, 0.00998733751476, -0.0123216286302, 0.00866747926921, -0.0134477550164, 0.0198833011091, -0.0107127195224, 0.00746833439916], [-0.00945478212088, 0.0135479029268, -0.0132619170472, 0.0133937625214, -0.0134686203673, 0.0117060998455, -0.0121532101184, 0.0100435642526, -0.00879701040685, 0.0100741628557, -0.0107127195224, 0.0201371721923, -0.0109904818237], [0.00722185987979, -0.0102927293628, 0.0101852882653, -0.0101630352437, 0.00999242532998, -0.00995680503547, 0.00980919133872, -0.00924246758223, 0.00498513504863, -0.00732900295407, 0.00746833439916, -0.0109904818237, 0.0192625727504]]}, "silence_rate_20dB": {"dvar": 0, "var": 0, "median": 1, "max": 1, "dmean": 0, "dmean2": 0, "mean": 1, "dvar2": 0, "min": 1}, "barkbands_skewness": {"dvar": 0.396938741207, "var": 4.1520318985, "median": 3.01595497131, "max": 13.2004165649, "dmean": 0.488610953093, "dmean2": 0.70423156023, "mean": 2.77821755409, "dvar2": 0.719927549362, "min": -7.82127571106}, "erbbands_skewness": {"dvar": 0.26066800952, "var": 2.15298080444, "median": 1.23943376541, "max": 13.1951284409, "dmean": 0.402867376804, "dmean2": 0.592613101006, "mean": 1.24431836605, "dvar2": 0.448313295841, "min": -5.32590436935}, "spectral_contrast_valleys": {"dvar": [0.0836240947247, 0.091768860817, 0.114796020091, 0.10752248764, 0.100679367781, 0.14760363102], "var": [1.36430323124, 1.01709270477, 1.25136625767, 1.82376718521, 1.86430287361, 2.46948027611], "median": [-7.44929456711, -7.20160055161, -8.37695884705, -9.14352703094, -9.3085193634, -11.0376644135], "max": [-5.45245361328, -5.10335016251, -5.53363990784, -5.1322722435, -5.59640169144, -6.84259080887], "dmean": [0.318976730108, 0.315741539001, 0.338077753782, 0.317460745573, 0.290010035038, 0.29832482338], "dmean2": [0.529268801212, 0.524827778339, 0.55683195591, 0.5102673769, 0.447848081589, 0.424016535282], "mean": [-7.77004575729, -7.34465742111, -8.47899055481, -9.25766849518, -9.35925865173, -11.0159664154], "dvar2": [0.215018436313, 0.242083922029, 0.298041969538, 0.270381420851, 0.241195425391, 0.278579443693], "min": [-14.2861366272, -14.2621049881, -14.2767601013, -14.4050569534, -13.7239322662, -15.3081178665]}, "spectral_strongpeak": {"dvar": 1.32092106342, "var": 3.7899017334, "median": 0.473714798689, "max": 18.0168895721, "dmean": 0.417239397764, "dmean2": 0.712353527546, "mean": 1.12802374363, "dvar2": 3.455037117, "min": 0.017550457269}, "erbbands_crest": {"dvar": 5.88368654251, "var": 24.3302021027, "median": 10.8222694397, "max": 30.9360122681, "dmean": 2.3956489563, "dmean2": 3.82365393639, "mean": 11.7275848389, "dvar2": 14.8638458252, "min": 2.86643481255}, "barkbands_crest": {"dvar": 3.79795384407, "var": 22.2407741547, "median": 10.8649721146, "max": 26.4636211395, "dmean": 1.86922121048, "dmean2": 2.94441151619, "mean": 11.6316671371, "dvar2": 9.15826416016, "min": 2.36262726784}, "spectral_energyband_middle_low": {"dvar": 5.16860709467e-05, "var": 0.000244952738285, "median": 0.00602911040187, "max": 0.128422603011, "dmean": 0.00402458244935, "dmean2": 0.00601124856621, "mean": 0.012640491128, "dvar2": 0.00011520775297, "min": 3.08534997551e-09}, "spectral_contrast_coeffs": {"dvar": [0.00135925493669, 0.00140704598743, 0.00101643928792, 0.000759163347539, 0.000552633951884, 0.00031465140637], "var": [0.0122277745977, 0.00883271824569, 0.00715232780203, 0.006664107088, 0.00504427123815, 0.00257441867143], "median": [-0.634079217911, -0.668332517147, -0.748794555664, -0.765533387661, -0.777695655823, -0.79325056076], "max": [-0.234938502312, -0.34008154273, -0.401804029942, -0.430114001036, -0.541855633259, -0.596256375313], "dmean": [0.0413751639426, 0.0411748029292, 0.0343734361231, 0.029655540362, 0.0239984355867, 0.01793009229], "dmean2": [0.067021869123, 0.0675028190017, 0.0557479038835, 0.0470186322927, 0.036832947284, 0.0265934262425], "mean": [-0.623281657696, -0.667677938938, -0.741769134998, -0.754819214344, -0.768986284733, -0.791023910046], "dvar2": [0.00333324749954, 0.0035536987707, 0.00248309806921, 0.00175649067387, 0.00113894976676, 0.000637970340904], "min": [-0.922629475594, -0.953596651554, -0.957540392876, -0.940183579922, -0.945836305618, -0.90648496151]}, "hfc": {"dvar": 560.391174316, "var": 2126.08984375, "median": 8.95587158203, "max": 396.960906982, "dmean": 6.97409820557, "dmean2": 9.71168613434, "mean": 23.4649162292, "dvar2": 896.558044434, "min": 0.0517741851509}, "spectral_energyband_high": {"dvar": 8.41763085191e-06, "var": 3.13897398883e-05, "median": 0.000258407264482, "max": 0.0551107786596, "dmean": 0.000658376782667, "dmean2": 0.000884500390384, "mean": 0.0016258872347, "dvar2": 1.28744950416e-05, "min": 2.6887785225e-06}, "erbbands_spread": {"dvar": 178.537506104, "var": 554.412536621, "median": 23.692445755, "max": 216.014831543, "dmean": 7.74430799484, "dmean2": 11.8466720581, "mean": 30.3482379913, "dvar2": 418.596221924, "min": 2.32725954056}, "dissonance": {"dvar": 0.000766573881265, "var": 0.00304568116553, "median": 0.421921402216, "max": 0.500000059605, "dmean": 0.02818435058, "dmean2": 0.0466322638094, "mean": 0.414907366037, "dvar2": 0.00204620673321, "min": 0.12904073298}, "spectral_kurtosis": {"dvar": 32.3952178955, "var": 206.59324646, "median": 7.66834640503, "max": 102.768951416, "dmean": 3.4529671669, "dmean2": 5.18861484528, "mean": 13.4443626404, "dvar2": 73.5752029419, "min": -1.37547183037}, "spectral_skewness": {"dvar": 0.220208436251, "var": 2.05219626427, "median": 2.2974793911, "max": 8.48273277283, "dmean": 0.358220785856, "dmean2": 0.525117337704, "mean": 2.6300599575, "dvar2": 0.475957304239, "min": -0.576000511646}, "pitch_salience": {"dvar": 0.00290901237167, "var": 0.0229249484837, "median": 0.494196504354, "max": 0.894856989384, "dmean": 0.0523294955492, "dmean2": 0.0824605897069, "mean": 0.492673546076, "dvar2": 0.00691202282906, "min": 0.030889229849}, "spectral_complexity": {"dvar": 4.92829608917, "var": 67.807144165, "median": 8, "max": 61, "dmean": 1.66712677479, "dmean2": 2.64423155785, "mean": 10.6284189224, "dvar2": 11.4833974838, "min": 0}, "spectral_spread": {"dvar": 781797621760, "var": 5312268992510.0, "median": 4394303, "max": 28051190, "dmean": 590093.75, "dmean2": 862185, "mean": 4749902.5, "dvar2": 1548259688450.0, "min": 1082639.875}, "dynamic_complexity": 4.8194975853, "melbands_crest": {"dvar": 6.67414522171, "var": 37.5317802429, "median": 15.0276031494, "max": 38.435344696, "dmean": 2.44647145271, "dmean2": 3.85535550117, "mean": 15.7890748978, "dvar2": 15.8620576859, "min": 2.70941710472}, "zerocrossingrate": {"dvar": 0.000556988932658, "var": 0.0164128132164, "median": 0.083984375, "max": 0.861328125, "dmean": 0.0172793008387, "dmean2": 0.020372396335, "mean": 0.124986350536, "dvar2": 0.000542083987966, "min": 0.01220703125}, "spectral_energyband_low": {"dvar": 8.67167545948e-06, "var": 3.48532848875e-05, "median": 0.00438178889453, "max": 0.0661492347717, "dmean": 0.00159810145851, "dmean2": 0.00245188269764, "mean": 0.00586205348372, "dvar2": 2.10244124901e-05, "min": 2.71979505584e-08}, "melbands_kurtosis": {"dvar": 823.332458496, "var": 5339.80419922, "median": 11.0047245026, "max": 1506.82751465, "dmean": 8.9180021286, "dmean2": 13.7970647812, "mean": 25.2805213928, "dvar2": 2068.36645508, "min": -1.94782781601}, "spectral_energyband_middle_high": {"dvar": 3.36136554324e-06, "var": 1.73032385646e-05, "median": 0.000419348856667, "max": 0.0632421448827, "dmean": 0.000732623564545, "dmean2": 0.00111224269494, "mean": 0.00219174986705, "dvar2": 7.84352778282e-06, "min": 2.08983230721e-09}, "barkbands_spread": {"dvar": 96.1385803223, "var": 480.443664551, "median": 17.6438961029, "max": 139.813705444, "dmean": 5.28409194946, "dmean2": 8.12628173828, "mean": 25.1181945801, "dvar2": 208.122467041, "min": 2.45647358894}, "mfcc": {"mean": [-733.891662598, 144.485549927, 36.6440467834, 17.0359191895, 1.91107559204, 4.53633594513, -4.22676563263, 0.656036555767, -7.36037540436, 0.0827600881457, 4.53120517731, 2.89030241966, -1.31479763985], "cov": [[13257.875, -3225.72900391, -1382.67431641, -618.057617188, -410.44631958, -255.026580811, -483.967254639, -248.607025146, -298.532531738, -190.389984131, 4.43336105347, -250.176040649, -97.9298095703], [-3225.72900391, 3482.78857422, 204.345687866, 224.58454895, 61.5370292664, -85.2518692017, 114.380577087, 150.241378784, -6.71782970428, 28.6792201996, 87.4109649658, 94.6065979004, 54.8482437134], [-1382.67431641, 204.345687866, 1198.84863281, 234.948181152, 56.5573501587, 154.250991821, 97.3847732544, 40.1058654785, 48.1380081177, 8.88731956482, -7.34073638916, 50.9077720642, 1.72088575363], [-618.057617188, 224.58454895, 234.948181152, 398.615386963, 125.997344971, 51.6482429504, 29.4681758881, 29.3570232391, 13.1326656342, 6.63121271133, 13.3447570801, -13.2543315887, -8.16650485992], [-410.44631958, 61.5370292664, 56.5573501587, 125.997344971, 292.826385498, 65.7451324463, 2.89838767052, -4.58436536789, 40.5178871155, -1.66870748997, -1.8583214283, -31.642162323, -14.7098646164], [-255.026580811, -85.2518692017, 154.250991821, 51.6