{"tonal": {"chords_key": "B", "hpcp_entropy": {"dmean": 0.759451687336, "dmean2": 1.25595343113, "max": 4.69094228745, "dvar": 0.381642043591, "mean": 2.31687903404, "dvar2": 1.00524652004, "min": 0, "var": 0.877472221851, "median": 2.30746078491}, "key_key": "E", "chords_strength": {"dmean": 0.0130228335038, "dmean2": 0.0158396214247, "max": 0.815747857094, "dvar": 0.000529509503394, "mean": 0.5227470994, "dvar2": 0.000997200259008, "min": -1, "var": 0.0196401085705, "median": 0.518283605576}, "key_scale": "major", "chords_number_rate": 0.0021953897085, "thpcp": [1, 0.609083652496, 0.29977235198, 0.37228178978, 0.57050049305, 0.572932720184, 0.427431821823, 0.375317960978, 0.328665465117, 0.300844848156, 0.317215263844, 0.354267477989, 0.448110997677, 0.480289041996, 0.394088923931, 0.338307052851, 0.338291168213, 0.37819853425, 0.540481567383, 0.805170059204, 0.777474284172, 0.527625620365, 0.400741189718, 0.327219039202, 0.298826932907, 0.318976819515, 0.33053457737, 0.345644831657, 0.361450076103, 0.360881954432, 0.39606153965, 0.415418565273, 0.403138697147, 0.564284086227, 0.81196051836, 0.998001217842], "key_strength": 0.775184690952, "tuning_nontempered_energy_ratio": 0.904503464699, "tuning_frequency": 434.193115234, "chords_changes_rate": 0.0902305170894, "tuning_diatonic_strength": 0.683773517609, "chords_scale": "minor", "chords_histogram": [22.6564216614, 0, 8.07903385162, 0, 0, 1.16355657578, 0, 0.504939615726, 0, 0.131723374128, 0, 0, 1.80021953583, 1.6684961319, 10.4061470032, 5.86169052124, 0.153677284718, 17.8046112061, 0.702524721622, 24.7420425415, 0.263446748257, 0.46103182435, 3.1613612175, 0.439077943563], "tuning_equal_tempered_deviation": 0.353388756514, "hpcp": {"dmean": [0.121994785964, 0.109511934221, 0.113528244197, 0.111696653068, 0.113733127713, 0.136313125491, 0.166733205318, 0.191508367658, 0.206297025084, 0.170915544033, 0.138473376632, 0.110765852034, 0.0961102172732, 0.100055515766, 0.104423619807, 0.107459701598, 0.104640059173, 0.116150021553, 0.143586099148, 0.150605872273, 0.146068185568, 0.187759831548, 0.192287281156, 0.226531997323, 0.267262399197, 0.176307439804, 0.0989828258753, 0.109421290457, 0.131756693125, 0.136540010571, 0.124436892569, 0.122171111405, 0.111312188208, 0.104316629469, 0.106190465391, 0.117322422564], "dmean2": [0.207922711968, 0.187133133411, 0.196037456393, 0.193704456091, 0.201769113541, 0.242448449135, 0.290733665228, 0.323507577181, 0.356995552778, 0.296290516853, 0.24105066061, 0.189186632633, 0.162245348096, 0.170489743352, 0.178780451417, 0.182073146105, 0.177346885204, 0.202157512307, 0.255503982306, 0.268825381994, 0.257403820753, 0.330547124147, 0.33637970686, 0.384322315454, 0.471299499273, 0.307605952024, 0.169877573848, 0.186539500952, 0.217056363821, 0.228917196393, 0.211728155613, 0.210619151592, 0.191890999675, 0.182849541306, 0.185478046536, 0.203378215432], "max": [1, 1, 1, 1, 1, 1, 1, 1, 1, 1, 1, 1, 1, 1, 1, 1, 1, 1, 1, 1, 1, 1, 1, 1, 1, 1, 1, 1, 1, 1, 1, 1, 1, 1, 1, 1], "dvar": [0.0378913730383, 0.0337198413908, 0.0352108255029, 0.0358387418091, 0.0362480133772, 0.0449855104089, 0.0468263849616, 0.0521869845688, 0.0604718998075, 0.0521098673344, 0.0462401211262, 0.0348411612213, 0.02699056454, 0.0278153121471, 0.0294238366187, 0.0293379612267, 0.0282364226878, 0.0335876755416, 0.05085754022, 0.0526497960091, 0.046319577843, 0.0627628266811, 0.0619362704456, 0.0534532554448, 0.0907867699862, 0.0386051014066, 0.0268028061837, 0.0305780712515, 0.0375695489347, 0.0394307933748, 0.0376446023583, 0.0429265163839, 0.0372636131942, 0.035308174789, 0.0352318696678, 0.0398772284389], "mean": [0.160285696387, 0.171795517206, 0.140962436795, 0.121009707451, 0.121004022658, 0.135278567672, 0.193325892091, 0.288002848625, 0.278096288443, 0.188727423549, 0.143341898918, 0.117043614388, 0.106887988746, 0.114095434546, 0.118229560554, 0.123634368181, 0.129287779331, 0.129084572196, 0.141668021679, 0.14859187603, 0.144199460745, 0.201839879155, 0.2904317379, 0.356976985931, 0.357691943645, 0.217864319682, 0.107226155698, 0.133162200451, 0.204063430429, 0.204933419824, 0.152888923883, 0.13424821198, 0.117560990155, 0.107609778643, 0.113465346396, 0.126718625426], "dvar2": [0.0975758135319, 0.0856143906713, 0.0950116440654, 0.0980459973216, 0.0994479879737, 0.122529678047, 0.128335893154, 0.135293319821, 0.15715688467, 0.138557374477, 0.120658703148, 0.0907483175397, 0.0703426599503, 0.0724486336112, 0.0774538144469, 0.0756739452481, 0.0712143033743, 0.0899703502655, 0.142990067601, 0.149879857898, 0.129232913256, 0.171406149864, 0.153214454651, 0.139086842537, 0.244716182351, 0.102250680327, 0.0708279013634, 0.0823536142707, 0.0907152965665, 0.0968611463904, 0.0969041660428, 0.109818436205, 0.0976679474115, 0.0951785817742, 0.0958956480026, 0.107622399926], "min": [0, 0, 0, 0, 0, 0, 0, 0, 0, 0, 0, 0, 0, 0, 0, 0, 0, 0, 0, 0, 0, 0, 0, 0, 0, 0, 0, 0, 0, 0, 0, 0, 0, 0, 0, 0], "var": [0.0612323582172, 0.0745593234897, 0.0470055490732, 0.0414259396493, 0.0399943441153, 0.0453552678227, 0.0570477098227, 0.0936124920845, 0.0931707918644, 0.0633892789483, 0.0501982532442, 0.0381547659636, 0.0324680954218, 0.0352863781154, 0.0359104052186, 0.0381650626659, 0.0421139262617, 0.0416334457695, 0.0484196767211, 0.0500597991049, 0.0459628924727, 0.0718153789639, 0.123036451638, 0.114938348532, 0.126486554742, 0.0534690022469, 0.0326517932117, 0.0421527884901, 0.0835668295622, 0.0788412466645, 0.0543880909681, 0.0529097355902, 0.0424967110157, 0.0360851623118, 0.038837287575, 0.0457257591188], "median": [0.032649230212, 0.037369389087, 0.0382675752044, 0.0288741271943, 0.0297447219491, 0.0406927838922, 0.0963423252106, 0.168342873454, 0.147704303265, 0.0672838911414, 0.0324735082686, 0.0237234439701, 0.0235348120332, 0.0258101336658, 0.031632412225, 0.0335356593132, 0.0366100743413, 0.039243273437, 0.0410277433693, 0.0408671349287, 0.0410867184401, 0.0730274021626, 0.101749524474, 0.255570590496, 0.247932076454, 0.142818182707, 0.0238170083612, 0.0338162183762, 0.0514837093651, 0.0548913031816, 0.0361060164869, 0.0247865281999, 0.0214954055846, 0.0200067590922, 0.020740037784, 0.0257124397904]}}, "lowlevel": {"melbands_flatness_db": {"dmean": 0.0325702875853, "dmean2": 0.0488638095558, "max": 0.57915687561, "dvar": 0.00110286881682, "mean": 0.1753783077, "dvar2": 0.00227687228471, "min": 0.00318571995012, "var": 0.00906114000827, "median": 0.169808641076}, "melbands_crest": {"dmean": 4.02483940125, "dmean2": 6.66456890106, "max": 34.1040458679, "dvar": 13.8551540375, "mean": 15.8851013184, "dvar2": 35.1366081238, "min": 1.66255450249, "var": 53.5584144592, "median": 16.7822685242}, "spectral_entropy": {"dmean": 0.124649271369, "dmean2": 0.185921177268, "max": 9.81811332703, "dvar": 0.0204343087971, "mean": 7.97753095627, "dvar2": 0.0402199737728, "min": 4.56397247314, "var": 0.103614591062, "median": 7.98268985748}, "melbands": {"dmean": [0.00358930975199, 0.00195959885605, 0.000573643425014, 0.000182532647159, 0.000142125471029, 8.68715360411e-05, 4.99161105836e-05, 8.30606659292e-05, 0.000115854360047, 0.000158298498718, 0.000158212467795, 9.99077601591e-05, 7.70303231548e-05, 5.58719002584e-05, 5.23863163835e-05, 4.91777755087e-05, 4.40178846475e-05, 4.25877842645e-05, 3.70076522813e-05, 3.46813430951e-05, 2.51801920967e-05, 1.8163364075e-05, 1.75091972778e-05, 1.43463985296e-05, 1.08720851131e-05, 7.8108996604e-06, 6.68199163556e-06, 7.28905388314e-06, 4.61953732156e-06, 3.69145232071e-06, 4.22366383646e-06, 2.92963545689e-06, 2.79060873254e-06, 2.22915218728e-06, 1.69554573404e-06, 1.73926412117e-06, 1.76577486855e-06, 1.75834259153e-06, 1.33815194658e-06, 1.03840397969e-06], "dmean2": [0.00605711061507, 0.00319138122723, 0.000935068586841, 0.000304443616187, 0.000235030296608, 0.000142572942423, 8.22055153549e-05, 0.000136751172249, 0.000190459599253, 0.000255559571087, 0.000269015639788, 0.000167466321727, 0.000129840671434, 9.17553043109e-05, 8.25995666673e-05, 7.58368332754e-05, 6.94411137374e-05, 6.84598780936e-05, 5.71035525354e-05, 5.39452157682e-05, 3.89263404941e-05, 2.8725440643e-05, 2.81525335595e-05, 2.31111880566e-05, 1.74042288563e-05, 1.21911261886e-05, 1.02528874777e-05, 1.17368499559e-05, 7.24157325749e-06, 5.61707383895e-06, 6.52522840028e-06, 4.44964416602e-06, 4.36902337242e-06, 3.41492523148e-06, 2.50670746027e-06, 2.64441564468e-06, 2.66803090199e-06, 2.706865871e-06, 2.0336747184e-06, 1.56157500442e-06], "max": [0.0667176544666, 0.0417848452926, 0.0181000493467, 0.00570710189641, 0.00593174714595, 0.00417237309739, 0.00636389292777, 0.00372032332234, 0.00303097721189, 0.00517430761829, 0.00565153453499, 0.00576267857105, 0.00440878374502, 0.00250548683107, 0.00241905590519, 0.00258512236178, 0.00180007796735, 0.00154550059233, 0.00235382909887, 0.0021851407364, 0.00121755199507, 0.00101173028816, 0.00092418526765, 0.00035539950477, 0.000312012707582, 0.000253531034105, 0.000232333695749, 0.000224184870603, 0.000118655603728, 7.15055866749e-05, 0.000137058101245, 9.80606055236e-05, 0.000109473665361, 7.07732033334e-05, 7.38065646146e-05, 6.17228579358e-05, 5.39089523954e-05, 4.96763459523e-05, 4.11504952353e-05, 3.36429657182e-05], "dvar": [4.61858289782e-05, 1.22787378132e-05, 1.99513442567e-06, 1.65529073115e-07, 1.13667894652e-07, 4.40085443643e-08, 1.52824863875e-08, 2.76347780215e-08, 4.5156287598e-08, 9.7872124627e-08, 1.25508748283e-07, 7.90678669205e-08, 4.7543117887e-08, 2.88318524611e-08, 2.07076276126e-08, 2.00406926609e-08, 1.44662539725e-08, 1.0516354898e-08, 7.17930603855e-09, 6.08761840937e-09, 2.83636270026e-09, 1.18691667605e-09, 1.08057907067e-09, 5.14127407314e-10, 3.26975418963e-10, 2.34357838691e-10, 1.50461074155e-10, 2.25595875314e-10, 7.00288230182e-11, 3.08356118417e-11, 7.61221710666e-11, 2.72478411362e-11, 3.09662989695e-11, 1.96535149266e-11, 1.42823799662e-11, 1.27305345085e-11, 1.28019903706e-11, 1.31723061278e-11, 6.94764905329e-12, 5.17488309149e-12], "mean": [0.00639679236338, 0.00420875148848, 0.000866190472152, 0.000231663419981, 0.000167234684341, 0.000100236728031, 6.4682244556e-05, 0.000107013416709, 0.000144624151289, 0.000220946254558, 0.000190516264411, 0.000108719083073, 8.53230449138e-05, 6.28266789136e-05, 6.70343142701e-05, 6.12325893599e-05, 5.66860326217e-05, 5.73822908336e-05, 5.32123158337e-05, 4.9847032642e-05, 3.74510054826e-05, 3.20912404277e-05, 2.96202470054e-05, 2.56466828432e-05, 1.94762651518e-05, 1.38270997923e-05, 1.21509765449e-05, 1.21743169075e-05, 8.46984676173e-06, 7.23671064407e-06, 7.13207464287e-06, 5.45826060261e-06, 5.12823226018e-06, 3.96469613406e-06, 2.96088660434e-06, 2.94823212244e-06, 3.09458391712e-06, 2.97501628665e-06, 2.34504796026e-06, 1.75623529231e-06], "dvar2": [0.000133515277412, 3.18089660141e-05, 4.70377472084e-06, 4.48278257181e-07, 3.08229374468e-07, 1.14170717325e-07, 3.60130165689e-08, 6.76376146203e-08, 1.16076648737e-07, 2.47715263413e-07, 3.38992037996e-07, 2.09585195421e-07, 1.26168899328e-07, 7.32260616587e-08, 4.69831427097e-08, 4.4625828366e-08, 3.31779794749e-08, 2.45116709152e-08, 1.51356633893e-08, 1.47921888072e-08, 6.57126530967e-09, 2.85497203656e-09, 2.61690935588e-09, 1.27558352769e-09, 7.84201092952e-10, 5.3259219257e-10, 3.29266114374e-10, 5.67655589201e-10, 1.65822577891e-10, 6.50942355573e-11, 1.8505018351e-10, 5.94944579713e-11, 7.75863470692e-11, 4.49054127216e-11, 3.0646186977e-11, 2.75483941214e-11, 2.59103363764e-11, 2.92510494992e-11, 1.54711295858e-11, 1.23540778302e-11], "min": [1.26197914844e-24, 1.79075488119e-24, 7.14347865127e-25, 1.84860757339e-24, 1.37708746376e-24, 1.59589381304e-24, 1.94429245689e-24, 1.57380975061e-24, 1.86210873057e-24, 2.14218038434e-24, 1.88737870638e-24, 2.07850274321e-24, 1.94603702279e-24, 2.25604910335e-24, 3.40912472192e-24, 3.67692761646e-24, 2.94310080343e-24, 2.57908665796e-24, 2.35592027445e-24, 1.70889182683e-24, 3.20855092031e-24, 3.36934009989e-24, 2.53402435925e-24, 4.1888963718e-24, 4.40398797507e-24, 4.85180971704e-24, 3.39088862438e-24, 4.96405200208e-24, 4.76924516812e-24, 3.92334843616e-24, 4.34975102683e-24, 4.7524341478e-24, 5.44826665862e-24, 4.60653116793e-24, 4.52826354436e-24, 6.01222884179e-24, 6.60468349756e-24, 7.42880175208e-24, 5.52831000809e-24, 6.56889208943e-24], "var": [8.46068069222e-05, 3.64006627933e-05, 2.72867850981e-06, 1.96308604927e-07, 1.08991606851e-07, 4.46945875865e-08, 3.49786120069e-08, 3.76624846865e-08, 5.93532938353e-08, 1.53372951672e-07, 1.45103356886e-07, 7.56019105097e-08, 4.80816240156e-08, 3.0221379177e-08, 2.79476708442e-08, 2.62876156398e-08, 1.91060536281e-08, 1.5352927818e-08, 1.12103002436e-08, 7.99880517377e-09, 4.37404157339e-09, 2.02019889706e-09, 1.89511206727e-09, 1.00606434295e-09, 6.10759609554e-10, 3.99669491946e-10, 2.89832963185e-10, 3.24469534574e-10, 1.33577121586e-10, 6.89271487109e-11, 1.02261157875e-10, 5.15546945412e-11, 4.59951590703e-11, 3.20014049981e-11, 2.54570722141e-11, 2.20142792884e-11, 2.23700849511e-11, 2.21432889386e-11, 1.21901074304e-11, 8.20591598144e-12], "median": [0.00072439602809, 0.000639545090962, 0.000132864399347, 6.49875219096e-05, 5.84327681281e-05, 3.06585716316e-05, 2.40770114033e-05, 4.55101799162e-05, 5.12965634698e-05, 7.82696297392e-05, 5.01092872582e-05, 2.5347337214e-05, 2.01554630621e-05, 1.12988018373e-05, 1.26540871861e-05, 1.1543974324e-05, 1.37584102049e-05, 1.36324497362e-05, 1.91730941879e-05, 2.14754709305e-05, 1.51256344907e-05, 1.909994171e-05, 1.6978052372e-05, 1.51698022819e-05, 1.13378482638e-05, 7.85110478319e-06, 6.87381634634e-06, 6.09889411862e-06, 4.68125927e-06, 4.72070951218e-06, 4.32336764788e-06, 3.35835693477e-06, 3.26517601934e-06, 2.25877420235e-06, 1.41780333252e-06, 1.49494701418e-06, 1.65277981523e-06, 1.51660719894e-06, 1.18948230465e-06, 7.26286828012e-07]}, "silence_rate_60dB": {"dmean": 0.0362318828702, "dmean2": 0.0724717229605, "max": 1, "dvar": 0.0349187552929, "mean": 0.123394444585, "dvar2": 0.0757815763354, "min": 0, "var": 0.108163803816, "median": 0}, "spectral_energyband_middle_high": {"dmean": 0.00307568558492, "dmean2": 0.00449934974313, "max": 0.0874990299344, "dvar": 4.93482330057e-05, "mean": 0.00620851712301, "dvar2": 9.71132685663e-05, "min": 1.20414232733e-21, "var": 8.84298497112e-05, "median": 0.00361519143917}, "erbbands_skewness": {"dmean": 0.381514370441, "dmean2": 0.59517621994, "max": 11.4068384171, "dvar": 0.154414758086, "mean": -0.00450060004368, "dvar2": 0.364083975554, "min": -4.52962732315, "var": 0.537229418755, "median": -0.0225283820182}, "dynamic_complexity": 4.1842417717, "dissonance": {"dmean": 0.0150837702677, "dmean2": 0.0257429648191, "max": 0.500000119209, "dvar": 0.000240852677962, "mean": 0.476965278387, "dvar2": 0.000658631732222, "min": 0.278955042362, "var": 0.000436415779404, "median": 0.482785731554}, "spectral_skewness": {"dmean": 0.1428591609, "dmean2": 0.215173721313, "max": 3.68898510933, "dvar": 0.0223185326904, "mean": 1.34059333801, "dvar2": 0.0462665855885, "min": -0.361054360867, "var": 0.096318334341, "median": 1.34654223919}, "spectral_kurtosis": {"dmean": 0.746903181076, "dmean2": 1.1782118082, "max": 19.7580852509, "dvar": 0.72119897604, "mean": 2.9744951725, "dvar2": 1.68536221981, "min": -1.2684981823, "var": 2.24816465378, "median": 2.87628602982}, "gfcc": {"cov": [[25971.6191406, 817.616271973, -534.924255371, 478.343170166, -65.4563903809, 770.143249512, -26.9311237335, 446.408691406, -241.441802979, 313.526306152, -304.834503174, 139.911437988, -268.31072998], [817.616271973, 1250.77514648, 552.640014648, 456.006439209, 365.417602539, 141.014801025, 279.182922363, 100.565231323, 91.4136581421, -28.0309448242, 32.3989486694, -75.7866439819, -0.297980338335], [-534.924255371, 552.640014648, 1543.85998535, 531.098693848, 553.979492188, 206.795074463, 236.061126709, 148.813537598, 67.7560272217, 79.8899230957, 50.0981369019, 6.30323600769, -34.9678573608], [478.343170166, 456.006439209, 531.098693848, 693.103881836, 339.263183594, 90.9980773926, 141.954040527, 191.076156616, 148.772644043, -4.30843925476, 5.62161970139, -38.4897956848, 12.7016735077], [-65.4563903809, 365.417602539, 553.979492188, 339.263183594, 570.58190918, 215.041656494, 249.618270874, 128.274047852, 87.3970870972, 73.9839096069, 29.1781806946, -15.1700944901, 1.65725338459], [770.143249512, 141.014801025, 206.795074463, 90.9980773926, 215.041656494, 316.488006592, 192.128479004, 54.9427719116, 17.7168674469, 60.7407493591, 29.2794208527, -5.588306427, -17.88904953], [-26.9311237335, 279.182922363, 236.061126709, 141.954040527, 249.618270874, 192.128479004, 307.527526855, 98.6901626587, 63.515537262, 39.6304397583, 23.2269458771, -18.4405841827, -7.82425308228], [446.408691406, 100.565231323, 148.813537598, 191.076156616, 128.274047852, 54.9427719116, 98.6901626587, 188.883804321, 106.650344849, 14.6967496872, -9.39146900177, -9.21748638153, 3.74204421043], [-241.441802979, 91.4136581421, 67.7560272217, 148.772644043, 87.3970870972, 17.7168674469, 63.515537262, 106.650344849, 172.219161987, 20.4401912689, 0.835760056973, -13.4214868546, 25.1069965363], [313.526306152, -28.0309448242, 79.8899230957, -4.30843925476, 73.9839096069, 60.7407493591, 39.6304397583, 14.6967496872, 20.4401912689, 107.760093689, 39.2778167725, 18.1861858368, -10.3995399475], [-304.834503174, 32.3989486694, 50.0981369019, 5.62161970139, 29.1781806946, 29.2794208527, 23.2269458771, -9.39146900177, 0.835760056973, 39.2778167725, 106.860664368, 33.0825576782, -0.392703145742], [139.911437988, -75.7866439819, 6.30323600769, -38.4897956848, -15.1700944901, -5.588306427, -18.4405841827, -9.21748638153, -13.4214868546, 18.1861858368, 33.0825576782, 84.0059738159, 22.1158943176], [-268.31072998, -0.297980338335, -34.9678573608, 12.7016735077, 1.65725338459, -17.88904953, -7.82425308228, 3.74204421043, 25.1069965363, -10.3995399475, -0.392703145742, 22.1158943176, 76.4155883789]], "mean": [-8.14426422119, 40.1846580505, -112.281738281, 34.8236083984, -51.4763717651, 22.0449371338, -31.3842353821, 24.6088008881, -19.5159072876, 6.69786405563, -24.230430603, 3.06631946564, -11.6305274963], "icov": [[9.11160095711e-05, -0.000192285297089, 0.000140131334774, -0.00013912776194, 0.000142592645716, -0.000361139653251, 0.000306216243189, -0.000405308383051, 0.000371577043552, -0.000537555140909, 0.000571423035581, -0.00050993822515, 0.000325271597831], [-0.000192285297089, 0.00181437365245, -0.000495677231811, -0.00029926377465, -0.000451663392596, 0.000977220246568, -0.00169172673486, 0.00144270830788, -0.000857593491673, 0.00198107585311, -0.00185268733185, 0.0020269646775, -0.000895237666555], [0.000140131334774, -0.000495677231811, 0.00140937208198, -0.000767131627072, -0.00055519543821, -0.000538039952517, 0.000557633931749, -0.000650761940051, 0.00094767101109, -0.00120188738219, 0.000954605813604, -0.00150383589789, 0.00120279449038], [-0.00013912776194, -0.00029926377465, -0.000767131627072, 0.00360966613516, -0.00126387889031, 0.000467450299766, 0.00059775612317, -0.00136370479595, -0.00164636247791, 0.00210252031684, -0.00139532447793, 0.00149665924255, -0.000789145182353], [0.000142592645716, -0.000451663392596, -0.00055519543821, -0.00126387889031, 0.00475297402591, -0.00147386617027, -0.00123132858425, -0.000684145372361, 0.000719623058103, -0.00264009460807, 0.00128380779643, -0.000442589720478, -0.000546800205484], [-0.000361139653251, 0.000977220246568, -0.000538039952517, 0.000467450299766, -0.00147386617027, 0.00728858588263, -0.00426880642772, 0.00156321097165, -0.000366137333913, 0.000509183562826, -0.00250515574589, 0.00222751917318, -0.000831490266137], [0.000306216243189, -0.00169172673486, 0.000557633931749, 0.00059775612317, -0.00123132858425, -0.00426880642772, 0.00889254361391, -0.00362727721222, 0.000502343114931, -0.00146783818491, 0.0012614420848, -0.00120546109974, 0.00133046787232], [-0.000405308383051, 0.00144270830788, -0.000650761940051, -0.00136370479595, -0.000684145372361, 0.00156321097165, -0.00362727721222, 0.012797832489, -0.00659478735179, 0.00256144697778, -0.000605893728789, 0.000554780010134, 0.000245761941187], [0.000371577043552, -0.000857593491673, 0.00094767101109, -0.00164636247791, 0.000719623058103, -0.000366137333913, 0.000502343114931, -0.00659478735179, 0.0123702399433, -0.00493874540552, 0.0018014383968, 0.000275181431789, -0.00252514658496], [-0.000537555140909, 0.00198107585311, -0.00120188738219, 0.00210252031684, -0.00264009460807, 0.000509183562826, -0.00146783818491, 0.00256144697778, -0.00493874540552, 0.0175079870969, -0.00738336378708, 0.00140037608799, 0.000683655263856], [0.000571423035581, -0.00185268733185, 0.000954605813604, -0.00139532447793, 0.00128380779643, -0.00250515574589, 0.0012614420848, -0.000605893728789, 0.0018014383968, -0.00738336378708, 0.0165318697691, -0.00851601455361, 0.0031653768383], [-0.00050993822515, 0.0020269646775, -0.00150383589789, 0.00149665924255, -0.000442589720478, 0.00222751917318, -0.00120546109974, 0.000554780010134, 0.000275181431789, 0.00140037608799, -0.00851601455361, 0.0205025561154, -0.0082164183259], [0.000325271597831, -0.000895237666555, 0.00120279449038, -0.000789145182353, -0.000546800205484, -0.000831490266137, 0.00133046787232, 0.000245761941187, -0.00252514658496, 0.000683655263856, 0.0031653768383, -0.0082164183259, 0.0181648358703]]}, "spectral_complexity": {"dmean": 4.66469049454, "dmean2": 6.4256067276, "max": 64, "dvar": 29.6131534576, "mean": 20.7841701508, "dvar2": 45.2143554688, "min": 0, "var": 182.499008179, "median": 20}, "spectral_flux": {"dmean": 0.0309319980443, "dmean2": 0.0478692576289, "max": 0.378622442484, "dvar": 0.00149921292905, "mean": 0.0980048030615, "dvar2": 0.00345993507653, "min": 6.4196745142e-11, "var": 0.00412619300187, "median": 0.0802647843957}, "spectral_energyband_low": {"dmean": 0.0135074760765, "dmean2": 0.0220085848123, "max": 0.226280003786, "dvar": 0.000593697070144, "mean": 0.0289241112769, "dvar2": 0.00160144735128, "min": 1.69720173651e-23, "var": 0.00155496178195, "median": 0.00429882667959}, "spectral_decrease": {"dmean": 4.23257429105e-09, "dmean2": 6.63400268053e-09, "max": 7.35398981294e-12, "dvar": 4.12527313015e-17, "mean": -1.03904245208e-08, "dvar2": 1.06269143992e-16, "min": -6.18842292965e-08, "var": 1.23400299323e-16, "median": -5.45895595394e-09}, "barkbands_spread": {"dmean": 7.69147062302, "dmean2": 12.2514286041, "max": 124.486289978, "dvar": 70.7697525024, "mean": 26.0357551575, "dvar2": 177.474716187, "min": 0.189766049385, "var": 197.903503418, "median": 24.8010425568}, "spectral_rms": {"dmean": 0.00114182732068, "dmean2": 0.0016980500659, "max": 0.0151911163703, "dvar": 1.94283734345e-06, "mean": 0.00542851071805, "dvar2": 4.32278147855e-06, "min": 3.14562633753e-12, "var": 1.1232149518e-05, "median": 0.00481476727873}, "spectral_centroid": {"dmean": 314.439819336, "dmean2": 485.430480957, "max": 11785.5595703, "dvar": 143920.71875, "mean": 2009.48620605, "dvar2": 298806.0625, "min": 134.7706604, "var": 1021214.875, "median": 2001.3815918}, "barkbands_skewness": {"dmean": 0.817491173744, "dmean2": 1.25359988213, "max": 28.9266147614, "dvar": 0.97543913126, "mean": 1.77473008633, "dvar2": 2.27491164207, "min": -7.95181560516, "var": 4.05627536774, "median": 1.36757826805}, "spectral_rolloff": {"dmean": 763.657104492, "dmean2": 1223.32751465, "max": 19509.0820312, "dvar": 1560720.75, "mean": 2304.2121582, "dvar2": 3293991.75, "min": 64.599609375, "var": 7320596, "median": 1614.99023438}, "erbbands_spread": {"dmean": 9.88946819305, "dmean2": 14.973323822, "max": 196.251449585, "dvar": 133.111465454, "mean": 45.3614120483, "dvar2": 263.902313232, "min": 2.39765071869, "var": 576.096923828, "median": 39.5186576843}, "barkbands": {"dmean": [0.00119260756765, 0.0115193808451, 0.00252811191604, 0.00106118689291, 0.000814873201307, 0.000500809925143, 0.000287527946057, 0.000530293851625, 0.00110869528726, 0.000878138584085, 0.000583874294534, 0.000465715565952, 0.000499162648339, 0.000469371938379, 0.000508739729412, 0.000455040222732, 0.000307533511659, 0.000302923755953, 0.000207434437471, 0.00020648894133, 0.000141059499583, 0.000142765187775, 0.000105765240733, 0.000133005523821, 0.000100140699942, 8.67985727382e-05, 1.06665065687e-05], "dmean2": [0.00187592173461, 0.0193195007741, 0.00398039678112, 0.00177769560833, 0.0013624477433, 0.000818230153527, 0.000475855980767, 0.000882069172803, 0.0017926117871, 0.00149272405542, 0.000984982470982, 0.000751597166527, 0.000777503533754, 0.000743682205211, 0.00079677591566, 0.000713938497938, 0.000490518577863, 0.00047999972594, 0.00032338235178, 0.000323274667608, 0.000208763987757, 0.000216034721234, 0.000154721346917, 0.000198865483981, 0.000139784155181, 0.000110451808723, 1.65461115103e-05], "max": [0.0378325134516, 0.20043951273, 0.102665498853, 0.0320217050612, 0.0276304986328, 0.0214263740927, 0.0276613663882, 0.0159392524511, 0.027497747913, 0.0325008779764, 0.0296664666384, 0.01853091456, 0.024883357808, 0.0173920094967, 0.0248939581215, 0.0229916609824, 0.0125181879848, 0.0120182838291, 0.00513080088422, 0.00582681130618, 0.00312844617292, 0.00406669965014, 0.00363239995204, 0.00345440628007, 0.00259839976206, 0.00182566279545, 0.000290140102152], "dvar": [7.09193091097e-06, 0.00044630796765, 3.38493009622e-05, 7.29224120732e-06, 3.34014680448e-06, 1.41920190799e-06, 4.30834745657e-07, 1.0086854445e-06, 3.92503443436e-06, 4.9098512136e-06, 2.85569194602e-06, 1.63822380728e-06, 2.11996598409e-06, 1.45251613048e-06, 1.31660647185e-06, 9.4599130307e-07, 3.17219786439e-07, 2.41573218318e-07, 1.44691583159e-07, 1.55985077299e-07, 4.99850791869e-08, 7.74288793082e-08, 5.25434344922e-08, 6.89341916882e-08, 4.1225451497e-08, 2.66775028734e-08, 5.47778655768e-10], "mean": [0.001852370915, 0.0217929035425, 0.00466313492507, 0.00122009054758, 0.0010304057505, 0.000574010657147, 0.000373319722712, 0.000620645936579, 0.00157588999718, 0.000942323706113, 0.000625379325356, 0.000558492320124, 0.000612879055552, 0.000622806255706, 0.000714593101293, 0.000682785583194, 0.000550526718143, 0.000564670190215, 0.000381327932701, 0.000381718156859, 0.000298840546748, 0.00027843247517, 0.000193158775801, 0.000247689022217, 0.00018786698638, 0.000157843751367, 1.43459383253e-05], "dvar2": [1.66026602528e-05, 0.00129297969397, 8.2191421825e-05, 1.7999780539e-05, 9.1599249572e-06, 3.68552991858e-06, 1.02430453808e-06, 2.57969941231e-06, 1.01105679278e-05, 1.31234419314e-05, 7.6571268437e-06, 3.97141320718e-06, 4.74650096294e-06, 3.27039879267e-06, 2.81671941593e-06, 2.35936363424e-06, 7.80985317306e-07, 5.54599921543e-07, 3.25577730109e-07, 3.67324417994e-07, 1.020080731e-07, 1.7797835028e-07, 1.12917199147e-07, 1.38056279297e-07, 8.64350795382e-08, 4.48702017763e-08, 1.31724209318e-09], "min": [1.77979888511e-25, 4.55230565817e-24, 7.40222897249e-25, 5.73666454202e-25, 9.17818600638e-24, 6.22700213969e-24, 8.28198795323e-24, 1.13529532486e-23, 1.92891889891e-23, 1.79965488881e-23, 1.10942494702e-23, 2.6937741357e-23, 3.39287560723e-23, 2.7861134601e-23, 3.65587362887e-23, 4.34955751925e-23, 6.6833210969e-23, 9.80934714799e-23, 1.13322708934e-22, 2.13351281458e-22, 2.25180509478e-22, 3.11589833925e-22, 3.84653247442e-22, 6.32091498916e-22, 8.49540944331e-22, 1.45909762806e-21, 1.97318623882e-21], "var": [1.20865834106e-05, 0.000930301786866, 6.95332855685e-05, 7.96073982201e-06, 3.69309304915e-06, 1.45273656926e-06, 8.74683792063e-07, 1.2293612599e-06, 6.69941755405e-06, 4.5822202992e-06, 2.73575028586e-06, 1.99891178454e-06, 2.76865762316e-06, 2.02841829378e-06, 2.09613881452e-06, 1.32606464831e-06, 5.81492372476e-07, 4.86811075007e-07, 2.67155400024e-07, 2.70993268714e-07, 1.14475753321e-07, 1.30641723217e-07, 9.36493123049e-08, 1.31330864406e-07, 8.2773688348e-08, 6.61975647631e-08, 8.01204880219e-10], "median": [0.000178889880772, 0.00285265222192, 0.000471398292575, 0.000181455907295, 0.000314488628646, 0.000172840678715, 0.000137481503771, 0.00021264195675, 0.00059950677678, 0.000275821395917, 0.000143416720675, 0.000105944345705, 9.4762959634e-05, 0.000156065565534, 0.000217007895117, 0.000309698749334, 0.000323797285091, 0.000348565867171, 0.000224196497584, 0.000211426813621, 0.000200656941161, 0.000182789226528, 0.000101408302726, 0.000136234346428, 7.80243281042e-05, 4.45789883088e-05, 2.71112662631e-06]}, "melbands_kurtosis": {"dmean": 18.5350265503, "dmean2": 29.0634670258, "max": 862.540893555, "dvar": 1724.94091797, "mean": 30.5288581848, "dvar2": 4002.81445312, "min": -1.91128921509, "var": 3911.16601562, "median": 8.32431125641}, "erbbands_crest": {"dmean": 2.64901375771, "dmean2": 4.37486076355, "max": 29.1581497192, "dvar": 6.49391412735, "mean": 7.92513656616, "dvar2": 16.0844497681, "min": 2.36630988121, "var": 14.9057598114, "median": 6.83682537079}, "melbands_skewness": {"dmean": 1.24059820175, "dmean2": 1.90053904057, "max": 25.4359264374, "dvar": 2.27052998543, "mean": 3.560338974, "dvar2": 4.94960546494, "min": -3.4621257782, "var": 10.8797359467, "median": 2.613301754}, "spectral_energyband_middle_low": {"dmean": 0.0033268162515, "dmean2": 0.0052926200442, "max": 0.0803734734654, "dvar": 2.81672218989e-05, "mean": 0.0057717859745, "dvar2": 7.00166056049e-05, "min": 1.51504472893e-22, "var": 4.23900673923e-05, "median": 0.00384315266274}, "spectral_contrast_coeffs": {"dmean": [0.0520120151341, 0.0524643659592, 0.0445008054376, 0.0359647385776, 0.022773206234, 0.0185514483601], "dmean2": [0.0856597945094, 0.0868490412831, 0.0718369483948, 0.0574054792523, 0.0364755652845, 0.0281898174435], "max": [-0.241684600711, -0.403882056475, -0.476158291101, -0.536260783672, -0.604804694653, -0.59258043766], "dvar": [0.00184525444638, 0.00186727417167, 0.00130406394601, 0.00087073398754, 0.000374487804947, 0.0002755956084], "mean": [-0.68518871069, -0.762882947922, -0.769007623196, -0.779928326607, -0.793128430843, -0.773117899895], "dvar2": [0.00478810351342, 0.00480424193665, 0.00331692397594, 0.00214078347199, 0.000871503201779, 0.000567780807614], "min": [-0.980287909508, -0.976697564125, -0.977804362774, -0.96973413229, -0.971600651741, -0.963748335838], "var": [0.00736781070009, 0.00606572302058, 0.00549723859876, 0.00341739924625, 0.00180055072997, 0.00178662012331], "median": [-0.68684899807, -0.770897865295, -0.777375876904, -0.782009720802, -0.79258364439, -0.770601511002]}, "spectral_contrast_valleys": {"dmean": [0.495785653591, 0.44108581543, 0.443433374166, 0.390292704105, 0.27067232132, 0.285632014275], "dmean2": [0.774685204029, 0.68898421526, 0.665589153767, 0.571864247322, 0.375629335642, 0.376339882612], "max": [-4.86344671249, -4.91642856598, -4.53390455246, -4.93575716019, -5.30569553375, -7.60208702087], "dvar": [0.277246981859, 0.202682882547, 0.265576004982, 0.212304309011, 0.134964123368, 0.153003945947], "mean": [-7.89535570145, -7.43818426132, -7.63426208496, -7.84525680542, -7.44488716125, -9.65315818787], "dvar2": [0.497724592686, 0.388474673033, 0.505472660065, 0.372504621744, 0.196084424853, 0.245354115963], "min": [-28.0945053101, -28.2602577209, -27.6961421967, -27.6872615814, -27.4102191925, -27.4403018951], "var": [5.64459705353, 4.27023553848, 4.41596746445, 4.33013772964, 4.10694169998, 3.62378382683], "median": [-7.31854915619, -7.08654308319, -7.35492420197, -7.57909059525, -7.04654979706, -9.30107307434]}, "silence_rate_20dB": {"dmean": 0, "dmean2": 0, "max": 1, "dvar": 0, "mean": 1, "dvar2": 0, "min": 1, "var": 0, "median": 1}, "silence_rate_30dB": {"dmean": 0.0641194581985, "dmean2": 0.128252997994, "max": 1, "dvar": 0.0600083880126, "mean": 0.911845445633, "dvar2": 0.133980900049, "min": 0, "var": 0.0803792104125, "median": 1}, "spectral_strongpeak": {"dmean": 0.434665232897, "dmean2": 0.742794215679, "max": 8.83977413177, "dvar": 0.418199956417, "mean": 0.744033336639, "dvar2": 1.0762206316, "min": 0, "var": 0.705816924572, "median": 0.457777380943}, "spectral_spread": {"dmean": 619567.6875, "dmean2": 867587.6875, "max": 42679364, "dvar": 1002837704700.0, "mean": 5893658.5, "dvar2": 1811711131650.0, "min": 1761030, "var": 10578939609100.0, "median": 5368022.5}, "barkbands_flatness_db": {"dmean": 0.026189872995, "dmean2": 0.0403500199318, "max": 0.436079621315, "dvar": 0.00069886946585, "mean": 0.117831423879, "dvar2": 0.00155297096353, "min": 0.0138447415084, "var": 0.00344257149845, "median": 0.110066018999}, "pitch_salience": {"dmean": 0.083945274353, "dmean2": 0.133338063955, "max": 0.933735311031, "dvar": 0.00631533842534, "mean": 0.514869689941, "dvar2": 0.0147871384397, "min": 0.0656418204308, "var": 0.0319910421968, "median": 0.516931653023}, "erbbands_kurtosis": {"dmean": 0.887347280979, "dmean2": 1.44112622738, "max": 168.144729614, "dvar": 7.29969024658, "mean": 0.232607662678, "dvar2": 20.4904003143, "min": -1.85980558395, "var": 5.81285572052, "median": -0.200756788254}, "average_loudness": 0.845889031887, "barkbands_crest": {"dmean": 3.12419986725, "dmean2": 5.11662340164, "max": 26.0803661346, "dvar": 8.93778800964, "mean": 11.9797697067, "dvar2": 21.3858985901, "min": 1.97373497486, "var": 37.6559066772, "median": 11.52156353}, "hfc": {"dmean": 10.1087741852, "dmean2": 13.6348714828, "max": 232.936203003, "dvar": 389.990875244, "mean": 27.5912780762, "dvar2": 693.175537109, "min": 1.08401972953e-16, "var": 894.718078613, "median": 20.7886543274}, "barkbands_kurtosis": {"dmean": 5.62243795395, "dmean2": 9.14965057373, "max": 1217.80627441, "dvar": 428.91204834, "mean": 7.3072142601, "dvar2": 1162.97412109, "min": -1.93212580681, "var": 432.428741455, "median": 1.5162320137}, "erbbands": {"dmean": [0.495076596737, 2.31697368622, 2.83276820183, 3.63791584969, 2.84354639053, 2.95464372635, 4.13588762283, 3.8838353157, 3.1096765995, 7.15339946747, 13.1302661896, 23.198425293, 31.6720161438, 24.3017101288, 21.5010795593, 18.8592281342, 23.005065918, 23.135471344, 25.9370059967, 25.7989578247, 20.8465366364, 16.1673641205, 14.7923841476, 12.7637386322, 9.22667598724, 9.90097141266, 6.27315378189, 6.42282104492, 4.73917198181, 4.02661895752, 2.86140751839, 2.68695306778, 2.25901174545, 1.27825629711, 0.706946372986, 0.388202637434, 0.156108990312, 0.0364080220461, 0.000795503903646, 3.51338385371e-05], "dmean2": [0.847170293331, 3.86596536636, 4.47001218796, 5.96233320236, 4.70370197296, 4.95686912537, 6.83676815033, 6.39675521851, 5.11848783493, 11.7639045715, 21.6459960938, 37.2710876465, 53.6779403687, 40.5634269714, 36.2447814941, 29.8893127441, 35.4866981506, 36.0244293213, 41.1022949219, 39.3925209045, 31.7345314026, 25.2062549591, 23.2593250275, 20.1458072662, 13.93562603, 15.502655983, 9.52848243713, 9.67945194244, 7.08343601227, 6.11592960358, 4.121489048, 4.01582336426, 3.42687678337, 1.88660061359, 0.984360873699, 0.518270432949, 0.204556271434, 0.0479719825089, 0.00106060283724, 4.80714479636e-05], "max": [8.94466400146, 39.6156196594, 92.4228973389, 113.705093384, 83.1808013916, 108.000045776, 209.43258667, 204.885116577, 419.414306641, 332.234985352, 359.325408936, 743.334533691, 1097.54370117, 1356.53808594, 1335.07250977, 788.296569824, 1097.58325195, 892.34576416, 930.679931641, 1393.38085938, 1019.01239014, 762.717102051, 673.864807129, 382.710449219, 248.976806641, 305.318023682, 140.068481445, 172.497573853, 142.076461792, 108.671112061, 107.849334717, 86.8822937012, 61.7614059448, 43.8261642456, 17.8616409302, 8.70978832245, 3.51854968071, 0.870232105255, 0.0197698231786, 0.000526265765075], "dvar": [0.940061151981, 17.467212677, 33.6042022705, 83.0495071411, 53.925819397, 40.367603302, 107.742256165, 91.7717437744, 62.3101806641, 220.939575195, 618.853637695, 2138.59912109, 4896.20605469, 4528.81347656, 3935.35961914, 2585.29077148, 4501.76220703, 3834.06860352, 3737.17382812, 3175.27905273, 1850.53295898, 894.320251465, 645.157592773, 438.30657959, 312.754638672, 364.681640625, 112.053459167, 132.326126099, 72.2587738037, 61.5164070129, 38.8966598511, 28.4060192108, 21.0215015411, 7.63475513458, 1.91969847679, 0.548350989819, 0.0895999893546, 0.00490859523416, 2.45889418693e-06, 3.00129432418e-09], "mean": [0.752347171307, 4.28200387955, 6.08356380463, 5.15231609344, 3.3058681488, 3.62387681007, 4.64208602905, 4.47360897064, 3.99348807335, 9.45336341858, 16.4475822449, 32.5564651489, 38.9351272583, 27.6027030945, 24.4290504456, 24.1687984467, 29.3420829773, 31.5309314728, 36.8966903687, 39.1854629517, 33.6107940674, 31.3850212097, 29.1380939484, 24.6877651215, 18.0921268463, 18.1925640106, 13.0443220139, 12.3555469513, 9.64396953583, 7.76758050919, 5.29017114639, 4.94936561584, 4.05065727234, 2.2782766819, 1.3072873354, 0.668732881546, 0.286380767822, 0.0618724897504, 0.00135586527176, 8.80325460457e-05], "dvar2": [2.7172999382, 50.0454597473, 81.368270874, 207.343826294, 143.1378479, 110.647148132, 289.387756348, 238.527313232, 149.426956177, 535.438598633, 1596.3626709, 5320.56005859, 13240.7441406, 11941.1455078, 10401.2314453, 5958.81591797, 9970.18164062, 8385.83398438, 8497.45703125, 6893.61083984, 4221.58007812, 2131.34765625, 1445.22631836, 1025.05358887, 668.34185791, 865.577514648, 243.978561401, 301.669281006, 155.483032227, 139.722915649, 80.0334243774, 55.8507080078, 45.2995872498, 17.7246417999, 3.76889514923, 0.98751527071, 0.16262640059, 0.00833943299949, 4.33457989857e-06, 5.03673058816e-09], "min": [9.07691125451e-23, 7.20857207684e-22, 2.45728379684e-21, 3.24804402669e-21, 1.66621414167e-20, 3.53335368531e-20, 3.75862210797e-20, 7.24758527495e-20, 1.27250415207e-19, 1.52962962656e-19, 2.67450239505e-19, 3.49275410988e-19, 4.29371749141e-19, 7.28342817412e-19, 1.11995777825e-18, 1.4265306622e-18, 1.93426652989e-18, 1.84720515003e-18, 2.25424459945e-18, 2.09605023641e-18, 3.28300292343e-18, 3.83789966656e-18, 4.13211622992e-18, 7.60520608529e-18, 7.57006331697e-18, 9.80277350994e-18, 8.923779131e-18, 8.82890482346e-18, 1.14027525729e-17, 1.05096638635e-17, 1.08716926934e-17, 1.20241943419e-17, 1.12170017217e-17, 8.22986641411e-18, 6.83576392027e-18, 4.41303214262e-18, 2.48977600707e-18, 9.99219911098e-19, 2.39322815805e-19, 2.72400495419e-20], "var": [1.35337805748, 37.5885314941, 95.0756378174, 102.395065308, 56.2938957214, 45.6670341492, 101.924568176, 92.0987243652, 141.168411255, 317.937591553, 781.633361816, 3399.57324219, 5728.40332031, 4422.86181641, 3993.87548828, 3443.38623047, 5967.02783203, 5506.94238281, 5746.18896484, 4893.21337891, 3036.42651367, 1713.13879395, 1344.23828125, 900.813903809, 615.493469238, 619.68762207, 249.962860107, 228.47492981, 144.267944336, 105.851516724, 74.2661437988, 53.4277839661, 37.6854476929, 12.7598648071, 4.09366893768, 1.21604311466, 0.214798957109, 0.0117502529174, 5.6675507949e-06, 9.0167873168e-09], "median": [0.0757401436567, 0.580700695515, 0.836077213287, 0.722343564034, 0.760172247887, 1.05457210541, 1.41459465027, 1.35827887058, 1.50231385231, 3.96838235855, 6.52522230148, 12.5779676437, 11.6215000153, 7.91159963608, 5.81793308258, 5.04599428177, 5.28715801239, 8.0446434021, 10.6420345306, 17.5732574463, 15.1709365845, 19.7980155945, 18.5857086182, 15.2980136871, 11.0602636337, 10.1103343964, 8.26288795471, 8.1344203949, 6.38905334473, 4.78625202179, 2.69741129875, 2.67138457298, 2.12712001801, 1.03157484531, 0.488896787167, 0.20463758707, 0.0800019875169, 0.0135049978271, 0.000316813937388, 5.8507113863e-05]}, "spectral_energy": {"dmean": 0.0166384279728, "dmean2": 0.0258568637073, "max": 0.236539259553, "dvar": 0.000610267918091, "mean": 0.0417185127735, "dvar2": 0.00155109702609, "min": 1.01423393715e-20, "var": 0.00184349354822, "median": 0.0237615332007}, "zerocrossingrate": {"dmean": 0.0154420817271, "dmean2": 0.0173567440361, "max": 0.53955078125, "dvar": 0.000396298855776, "mean": 0.0931718274951, "dvar2": 0.000453299813671, "min": 0.0029296875, "var": 0.00465358933434, "median": 0.07666015625}, "spectral_energyband_high": {"dmean": 0.000671758083627, "dmean2": 0.000926647335291, "max": 0.0182762630284, "dvar": 1.76864784862e-06, "mean": 0.00159113202244, "dvar2": 3.50108598468e-06, "min": 6.86655955074e-21, "var