{"lowlevel": {"erbbands": {"mean": [0.289321601391, 3.38625860214, 6.91825914383, 5.72118806839, 4.73022937775, 16.964138031, 22.2405910492, 19.3446311951, 16.392824173, 32.63804245, 38.3657150269, 25.1930179596, 37.1830635071, 30.1962718964, 31.6175842285, 23.225107193, 23.301776886, 25.4959430695, 19.7940273285, 16.7823085785, 15.4631757736, 13.2005767822, 11.1689596176, 6.57246446609, 7.7100687027, 5.17429924011, 3.73661732674, 4.01195192337, 4.6406993866, 4.11422681808, 4.2249879837, 3.19397187233, 1.5439428091, 0.887952387333, 0.498251289129, 0.221696481109, 0.0630505308509, 0.014351551421, 0.00100355013274, 7.52111009206e-05], "dvar": [0.253918677568, 17.8485069275, 119.836288452, 74.6852798462, 37.7440032959, 236.260574341, 611.387939453, 570.325683594, 389.070678711, 3584.87646484, 11403.6816406, 2634.62036133, 4519.23242188, 2195.06396484, 2193.91699219, 1608.28552246, 1020.87976074, 1931.54772949, 1429.2130127, 609.341125488, 572.043884277, 262.387268066, 214.531738281, 60.3449401855, 131.670761108, 83.8466949463, 38.0833625793, 80.5339508057, 134.93069458, 79.7973098755, 79.7168579102, 74.8120346069, 14.601855278, 10.0192079544, 1.585090518, 0.237730711699, 0.0161013882607, 0.000712189008482, 5.20988487551e-06, 7.38002459144e-09], "min": [5.15667392799e-23, 5.84300563473e-22, 1.71284386377e-21, 2.72952638478e-21, 6.7860742309e-21, 1.21004778298e-20, 5.21549783924e-20, 4.881573427e-20, 1.30016455476e-19, 1.36060250622e-19, 1.93744517819e-19, 2.61359010721e-19, 3.89567507873e-19, 5.15358957424e-19, 6.41789429849e-19, 1.16945740347e-18, 1.3845944663e-18, 1.9886352504e-18, 2.57886046391e-18, 2.42047171342e-18, 3.40097170008e-18, 4.65512557404e-18, 4.62756557039e-18, 4.92631466991e-18, 5.79889633115e-18, 7.86965407276e-18, 1.04847384301e-17, 9.8379956876e-18, 8.72211746074e-18, 1.14296409058e-17, 1.081340293e-17, 1.13345052092e-17, 9.56993788394e-18, 7.73737052202e-18, 5.77314288996e-18, 4.40271016934e-18, 2.1324486649e-18, 9.24269799578e-19, 2.42308627624e-19, 2.56124585956e-20], "dmean": [0.19618371129, 2.04144763947, 4.86964130402, 3.94910621643, 2.88613247871, 7.78784227371, 10.9862985611, 9.38170433044, 8.18815135956, 19.8122024536, 24.4924068451, 14.2855300903, 18.7893447876, 15.127035141, 14.5924835205, 12.1554365158, 11.8848276138, 13.5721645355, 11.7129917145, 9.02709960938, 8.03031635284, 6.77479362488, 5.76571798325, 3.47605109215, 4.41210794449, 3.20122146606, 2.58372926712, 2.97374415398, 3.3757147789, 2.89665341377, 3.41541337967, 2.71304821968, 1.30070137978, 0.702254891396, 0.387701481581, 0.168253064156, 0.0476467646658, 0.0117302127182, 0.000755067332648, 3.77619398932e-05], "dmean2": [0.319846898317, 3.25264763832, 7.79565620422, 6.31121969223, 4.72380208969, 11.9960756302, 17.2791175842, 14.9266262054, 12.815943718, 30.9446773529, 37.9320678711, 21.9163951874, 27.3084506989, 22.9558410645, 20.2462387085, 17.4087333679, 17.3664894104, 19.8497047424, 17.28789711, 13.4371204376, 11.5393610001, 10.184720993, 8.73087215424, 5.12871646881, 6.42199754715, 4.68724584579, 3.8543715477, 4.44414710999, 5.12696790695, 4.38927650452, 5.27355098724, 4.23315858841, 2.00288486481, 1.04510223866, 0.572006881237, 0.245587170124, 0.0699420273304, 0.0172064173967, 0.00110837782267, 5.66534399695e-05], "dvar2": [0.687172055244, 47.3280334473, 288.355804443, 175.394943237, 93.1747131348, 492.820373535, 1340.90881348, 1198.09851074, 822.656555176, 8418.88183594, 27366.6386719, 6071.98242188, 9665.5, 4812.84033203, 3532.78198242, 3273.0546875, 2007.2010498, 3769.19042969, 2899.09863281, 1263.96948242, 989.930603027, 559.741394043, 515.323486328, 120.142791748, 265.503814697, 175.414489746, 84.6580352783, 172.977203369, 309.483795166, 190.492523193, 180.415740967, 168.71434021, 33.2438163757, 23.0273208618, 3.40928769112, 0.495832681656, 0.0326138027012, 0.00137759838253, 9.93006415229e-06, 1.64179407847e-08], "max": [7.75163841248, 58.1006317139, 138.490112305, 184.745346069, 190.465759277, 443.379608154, 776.892211914, 676.217041016, 576.630859375, 1490.96826172, 2532.49414062, 2455.04638672, 3024.49414062, 1590.06787109, 2086.35717773, 1325.80871582, 955.688049316, 1934.85058594, 1091.94628906, 817.70703125, 1503.13757324, 572.66998291, 665.368652344, 334.331390381, 545.827270508, 507.291290283, 204.583053589, 411.745300293, 234.110168457, 275.883483887, 256.151489258, 205.861083984, 84.2210617065, 196.88319397, 33.0627403259, 13.0826444626, 3.10925912857, 0.708764314651, 0.0785828381777, 0.00216121017002], "median": [0.078922227025, 1.17650187016, 2.77987027168, 2.24621534348, 2.22109079361, 4.86904144287, 8.54195213318, 6.70113372803, 5.74663639069, 7.21899318695, 7.34470701218, 7.14524650574, 10.0658340454, 9.51710987091, 6.66664981842, 6.65917778015, 7.89661550522, 6.25948429108, 5.43406200409, 5.4015879631, 5.68934392929, 5.61998796463, 4.39333772659, 3.24269652367, 3.19677090645, 2.09751176834, 1.35702848434, 1.07304418087, 1.07733488083, 1.07479274273, 0.920141518116, 0.493163406849, 0.270496815443, 0.127836406231, 0.0731738582253, 0.0366754643619, 0.00784336496145, 0.00137561024167, 0.000129881023895, 4.61769850517e-05], "var": [0.329645544291, 28.0987300873, 157.040313721, 108.651527405, 79.32762146, 1168.21630859, 1918.57800293, 1695.29162598, 1202.39147949, 6065.84179688, 15151.2744141, 4922.13916016, 9394.30078125, 5121.10107422, 8928.98339844, 3550.55712891, 2911.49243164, 5661.97265625, 2812.11621094, 1783.80493164, 1707.31335449, 600.488342285, 447.673614502, 136.166717529, 246.105163574, 132.811447144, 62.7802314758, 122.109527588, 216.597473145, 127.224281311, 139.687164307, 119.069404602, 23.5204734802, 13.6605491638, 2.65586876869, 0.415009319782, 0.0305706113577, 0.00136005901732, 1.07084970296e-05, 1.38161322383e-08]}, "gfcc": {"icov": [[0.000161860632943, -0.000319172744639, 0.000297880906146, -0.000404532504035, 0.000479368783999, -0.000680501805618, 0.000613501702901, -0.000604263972491, 0.00038418447366, -0.000445393146947, 0.00051056384109, -0.000623918196652, 0.000597332604229], [-0.000319172744639, 0.0018955366686, -5.99951745244e-05, 0.000809198128991, -0.00129583536182, 0.00166529475246, -0.00174893299118, 0.00139193597715, -0.000964770268183, 0.00192911853082, -0.00226173503324, 0.00224330159836, -0.00187220401131], [0.000297880906146, -5.99951745244e-05, 0.00199779286049, -0.00147882918827, 0.000444059434813, -0.00136152794585, 0.000174778571818, -0.000670834968332, 0.000591343152337, -0.000925707747228, 0.00137797009666, -0.0017446015263, 0.00136739271693], [-0.000404532504035, 0.000809198128991, -0.00147882918827, 0.00390232610516, -0.00112179107964, 0.00204259809107, -0.00112192798406, 0.00137192930561, -0.00110236974433, 0.000353281298885, -0.000731456209905, 0.00272893556394, -0.00292155356146], [0.000479368783999, -0.00129583536182, 0.000444059434813, -0.00112179107964, 0.00551267759874, -0.00237200339325, 0.00115594349336, -0.00259894202463, -0.000171235325979, -0.00111434538849, 0.00040013785474, 5.31444929948e-05, -0.000423058547312], [-0.000680501805618, 0.00166529475246, -0.00136152794585, 0.00204259809107, -0.00237200339325, 0.00840451288968, -0.00484632328153, 0.00245839706622, -0.00164711161051, 0.0015332774492, -0.00110193283763, 0.00136254483368, -0.00100010959432], [0.000613501702901, -0.00174893299118, 0.000174778571818, -0.00112192798406, 0.00115594349336, -0.00484632328153, 0.0107255121693, -0.00439013540745, 0.00232971645892, -0.00131622620393, -0.00173017883208, 0.000751878309529, 0.000843622081447], [-0.000604263972491, 0.00139193597715, -0.000670834968332, 0.00137192930561, -0.00259894202463, 0.00245839706622, -0.00439013540745, 0.013499584049, -0.00442627212033, -7.32375701773e-05, -0.00048266351223, 3.43278225046e-05, 0.000956326141022], [0.00038418447366, -0.000964770268183, 0.000591343152337, -0.00110236974433, -0.000171235325979, -0.00164711161051, 0.00232971645892, -0.00442627212033, 0.0105633120984, -0.00350452680141, 9.96515082079e-05, -0.00180871889461, -0.000590096984524], [-0.000445393146947, 0.00192911853082, -0.000925707747228, 0.000353281298885, -0.00111434538849, 0.0015332774492, -0.00131622620393, -7.32375701773e-05, -0.00350452680141, 0.0151130473241, -0.00637073535472, 0.0021645387169, -0.000601127685513], [0.00051056384109, -0.00226173503324, 0.00137797009666, -0.000731456209905, 0.00040013785474, -0.00110193283763, -0.00173017883208, -0.00048266351223, 9.96515082079e-05, -0.00637073535472, 0.0182837378234, -0.00721426773816, 0.00323333963752], [-0.000623918196652, 0.00224330159836, -0.0017446015263, 0.00272893556394, 5.31444929948e-05, 0.00136254483368, 0.000751878309529, 3.43278225046e-05, -0.00180871889461, 0.0021645387169, -0.00721426773816, 0.0202414449304, -0.00953588541597], [0.000597332604229, -0.00187220401131, 0.00136739271693, -0.00292155356146, -0.000423058547312, -0.00100010959432, 0.000843622081447, 0.000956326141022, -0.000590096984524, -0.000601127685513, 0.00323333963752, -0.00953588541597, 0.0189129002392]], "mean": [-27.066400528, 99.0088577271, -94.7785186768, 30.063993454, -48.7004623413, 16.2612571716, -32.3817367554, 10.1538534164, -17.8332748413, 1.67777073383, -12.5017118454, 3.31719994545, -10.3635921478], "cov": [[27271.3417969, 750.267883301, -2291.01635742, 167.478500366, -1503.7109375, 442.452270508, -852.903503418, 248.326583862, -415.874084473, 54.4395713806, -336.921081543, 168.182052612, -449.139862061], [750.267883301, 1443.49658203, -540.578063965, -131.934890747, 195.784118652, -92.6129608154, 114.297966003, -26.5987300873, 35.3321533203, -85.7931976318, 121.02897644, -73.7470016479, 74.1299362183], [-2291.01635742, -540.578063965, 1139.80883789, 281.527404785, 81.4506835938, 92.6585998535, 86.5057067871, 15.4057788849, 26.0741157532, 56.1658325195, -36.5320625305, 24.7640609741, 3.34113335609], [167.478500366, -131.934890747, 281.527404785, 454.681793213, 27.7995281219, -20.5958976746, -7.94741296768, -0.467327713966, 21.8871631622, 28.4382667542, -26.9503974915, -11.2802553177, 31.9499740601], [-1503.7109375, 195.784118652, 81.4506835938, 27.7995281219, 369.70526123, 24.335319519, 95.6080322266, 35.0761260986, 76.8999176025, 12.7257003784, 50.235622406, -23.469587326, 51.1791381836], [442.452270508, -92.6129608154, 92.6585998535, -20.5958976746, 24.335319519, 226.664505005, 67.9798202515, 24.3695659637, 3.74728083611, 14.9701328278, -0.340441197157, 5.28941583633, -21.4390144348], [-852.903503418, 114.297966003, 86.5057067871, -7.94741296768, 95.6080322266, 67.9798202515, 197.942901611, 32.4938201904, 17.5412979126, 10.2818803787, 46.1044998169, -22.0370616913, 7.91200208664], [248.326583862, -26.5987300873, 15.4057788849, -0.467327713966, 35.0761260986, 24.3695659637, 32.4938201904, 117.385047913, 43.7860450745, 28.0589618683, 10.17831707, 7.39933347702, -12.7250728607], [-415.874084473, 35.3321533203, 26.0741157532, 21.8871631622, 76.8999176025, 3.74728083611, 17.5412979126, 43.7860450745, 145.315353394, 36.3479804993, 28.6085586548, 11.915060997, 23.8558559418], [54.4395713806, -85.7931976318, 56.1658325195, 28.4382667542, 12.7257003784, 14.9701328278, 10.2818803787, 28.0589618683, 36.3479804993, 99.9830932617, 26.7514209747, 10.0437841415, -5.87844276428], [-336.921081543, 121.02897644, -36.5320625305, -26.9503974915, 50.235622406, -0.340441197157, 46.1044998169, 10.17831707, 28.6085586548, 26.7514209747, 97.1549682617, 14.9729013443, 12.3171386719], [168.182052612, -73.7470016479, 24.7640609741, -11.2802553177, -23.469587326, 5.28941583633, -22.0370616913, 7.39933347702, 11.915060997, 10.0437841415, 14.9729013443, 83.8587341309, 24.6313934326], [-449.139862061, 74.1299362183, 3.34113335609, 31.9499740601, 51.1791381836, -21.4390144348, 7.91200208664, -12.7250728607, 23.8558559418, -5.87844276428, 12.3171386719, 24.6313934326, 90.2639160156]]}, "spectral_skewness": {"mean": 1.71096038818, "dvar": 0.080472573638, "min": -0.08259242028, "dmean": 0.281444609165, "dmean2": 0.419832795858, "dvar2": 0.164996832609, "max": 4.1151342392, "median": 1.70304512978, "var": 0.326501399279}, "spectral_energyband_low": {"mean": 0.0202535185963, "dvar": 0.000490213511512, "min": 9.77536475569e-24, "dmean": 0.0115160765126, "dmean2": 0.0183762870729, "dvar2": 0.00126308831386, "max": 0.275075852871, "median": 0.0089309355244, "var": 0.000836948514916}, "spectral_energyband_middle_low": {"mean": 0.0126057574525, "dvar": 5.44223767065e-05, "min": 1.20767006281e-22, "dmean": 0.00463028578088, "dmean2": 0.0069948527962, "dvar2": 0.000120016011351, "max": 0.16753347218, "median": 0.00822417531163, "var": 0.000176070578163}, "mfcc": {"icov": [[0.000120817145216, -5.99001577939e-05, -3.53426185029e-05, 2.4496772312e-05, 0.000138014511322, -4.56176239823e-05, 0.000196343215066, -0.00016117443738, 0.000144379300764, -0.000109990731289, -1.29588579512e-05, -2.7106867492e-05, 6.79847726133e-05], [-5.99001577939e-05, 0.000875615456607, 0.000516603584401, -0.00020076961664, -0.000143616067362, -4.31559456047e-05, -0.000462279102067, -0.000431829161244, 0.000414186826674, -0.000156978640007, 0.000160868512467, 0.000114075439342, -0.00036038205144], [-3.53426185029e-05, 0.000516603584401, 0.00178495573346, -0.000734790868592, 0.00019541036454, -0.00111198914237, -2.08097244467e-05, -0.00053835689323, 0.000144806574099, -6.73959075357e-05, 0.000530210207216, -0.000563376466744, 0.000209251127671], [2.4496772312e-05, -0.00020076961664, -0.000734790868592, 0.00319445435889, -0.0010948497802, 0.000568775343709, -0.000128533545649, 0.00127038056962, -0.00095405918546, -6.24308158876e-05, 0.000577256432734, -0.000458338763565, -0.000693280075211], [0.000138014511322, -0.000143616067362, 0.00019541036454, -0.0010948497802, 0.00567752867937, -0.00149703340139, 0.000920964463148, -0.000779978057835, -0.00104710180312, -0.00198995531537, 0.000724418787286, -0.000444440782303, 0.000561424880289], [-4.56176239823e-05, -4.31559456047e-05, -0.00111198914237, 0.000568775343709, -0.00149703340139, 0.00878668110818, -0.00270358403213, -1.96149703697e-05, -0.00176131317858, 0.00099536916241, -0.000759136397392, -0.000163668999448, 0.000311757437885], [0.000196343215066, -0.000462279102067, -2.08097244467e-05, -0.000128533545649, 0.000920964463148, -0.00270358403213, 0.00723987119272, -0.0015479758149, -0.000192533159861, -0.000354451825842, -0.00115506350994, -0.0010115285404, 0.0010204926366], [-0.00016117443738, -0.000431829161244, -0.00053835689323, 0.00127038056962, -0.000779978057835, -1.96149703697e-05, -0.0015479758149, 0.010991259478, -0.00227196584456, -0.000716907554306, -0.00076594192069, 0.00211359094828, -0.00260468781926], [0.000144379300764, 0.000414186826674, 0.000144806574099, -0.00095405918546, -0.00104710180312, -0.00176131317858, -0.000192533159861, -0.00227196584456, 0.0130924070254, -0.00403991248459, 0.00259737786837, -0.0017481733812, -0.000671703484841], [-0.000109990731289, -0.000156978640007, -6.73959075357e-05, -6.24308158876e-05, -0.00198995531537, 0.00099536916241, -0.000354451825842, -0.000716907554306, -0.00403991248459, 0.0163729116321, -0.00811856519431, 0.00104937469587, 0.0011240968015], [-1.29588579512e-05, 0.000160868512467, 0.000530210207216, 0.000577256432734, 0.000724418787286, -0.000759136397392, -0.00115506350994, -0.00076594192069, 0.00259737786837, -0.00811856519431, 0.0166923943907, -0.00621930742636, 0.000270926160738], [-2.7106867492e-05, 0.000114075439342, -0.000563376466744, -0.000458338763565, -0.000444440782303, -0.000163668999448, -0.0010115285404, 0.00211359094828, -0.0017481733812, 0.00104937469587, -0.00621930742636, 0.0170058310032, -0.00677125155926], [6.79847726133e-05, -0.00036038205144, 0.000209251127671, -0.000693280075211, 0.000561424880289, 0.000311757437885, 0.0010204926366, -0.00260468781926, -0.000671703484841, 0.0011240968015, 0.000270926160738, -0.00677125155926, 0.0179725792259]], "mean": [-665.95489502, 131.007583618, 12.7958927155, 22.8363494873, 8.94279384613, 8.65793228149, 0.461044490337, 9.74739265442, -1.15642774105, 4.75800609589, -0.359280735254, 0.866970717907, 0.93727183342], "cov": [[9583.74609375, 632.921630859, -93.3541641235, -251.194763184, -263.591949463, -81.1955871582, -198.037200928, 117.166893005, -164.317214966, 22.3217449188, 31.3904933929, -47.7086830139, -20.2812404633], [632.921630859, 1560.98303223, -462.768127441, -38.2290725708, 16.3138809204, -28.203371048, 79.6250686646, 69.3019638062, -40.4042472839, 24.5383319855, 19.760597229, -16.5399913788, 28.747461319], [-93.3541641235, -462.768127441, 849.914672852, 179.697341919, 37.1001167297, 115.229179382, 22.181936264, 8.86209964752, 47.6280517578, -2.05411720276, -17.8086967468, 37.2318954468, 1.18150353432], [-251.194763184, -38.2290725708, 179.697341919, 421.74005127, 95.8436813354, 17.6008453369, 0.95533156395, -29.6439971924, 49.0250511169, 10.163225174, -16.7578887939, 29.5580539703, 19.2954483032], [-263.591949463, 16.3138809204, 37.1001167297, 95.8436813354, 236.716964722, 45.5387382507, 5.90440940857, 16.5426540375, 50.205619812, 39.2821311951, 4.48955345154, 13.780377388, 3.01071882248], [-81.1955871582, -28.203371048, 115.229179382, 17.6008453369, 45.5387382507, 161.819869995, 65.7805252075, 19.968126297, 34.8810195923, 11.7873020172, 13.2159690857, 16.4497947693, 0.573006033897], [-198.037200928, 79.6250686646, 22.181936264, 0.95533156395, 5.90440940857, 65.7805252075, 188.240097046, 32.2734222412, 20.2449188232, 20.0520324707, 29.6695899963, 20.1493778229, 1.43430531025], [117.166893005, 69.3019638062, 8.86209964752, -29.6439971924, 16.5426540375, 19.968126297, 32.2734222412, 115.110183716, 22.4620952606, 19.0457382202, 12.7772674561, -1.77225649357, 12.4744901657], [-164.317214966, -40.4042472839, 47.6280517578, 49.0250511169, 50.205619812, 34.8810195923, 20.2449188232, 22.4620952606, 106.971443176, 30.5966186523, 3.34758043289, 17.1076622009, 9.55960083008], [22.3217449188, 24.5383319855, -2.05411720276, 10.163225174, 39.2821311951, 11.7873020172, 20.0520324707, 19.0457382202, 30.5966186523, 97.6342010498, 49.1024169922, 15.5924749374, 1.18496775627], [31.3904933929, 19.760597229, -17.8086967468, -16.7578887939, 4.48955345154, 13.2159690857, 29.6695899963, 12.7772674561, 3.34758043289, 49.1024169922, 101.007209778, 37.2088851929, 9.18600845337], [-47.7086830139, -16.5399913788, 37.2318954468, 29.5580539703, 13.780377388, 16.4497947693, 20.1493778229, -1.77225649357, 17.1076622009, 15.5924749374, 37.2088851929, 89.685218811, 31.3313179016], [-20.2812404633, 28.747461319, 1.18150353432, 19.2954483032, 3.01071882248, 0.573006033897, 1.43430531025, 12.4744901657, 9.55960083008, 1.18496775627, 9.18600845337, 31.3313179016, 70.595375061]]}, "silence_rate_20dB": {"mean": 1, "dvar": 0, "min": 1, "dmean": 0, "dmean2": 0, "dvar2": 0, "max": 1, "median": 1, "var": 0}, "dynamic_complexity": 3.55528688431, "silence_rate_60dB": {"mean": 0.0547813549638, "dvar": 0.00933211948723, "min": 0, "dmean": 0.00941945426166, "dmean2": 0.0188407190144, "dvar2": 0.0229053739458, "max": 1, "median": 0, "var": 0.0517828240991}, "dissonance": {"mean": 0.458314955235, "dvar": 0.000403282465413, "min": 0.273887485266, "dmean": 0.0209624599665, "dmean2": 0.035129673779, "dvar2": 0.00106257747393, "max": 0.500000119209, "median": 0.465877324343, "var": 0.000907992245629}, "barkbands": {"mean": [0.000225702809985, 0.0135805932805, 0.00565289799124, 0.00126758590341, 0.00406603561714, 0.00239810044877, 0.00131730828434, 0.00192011764739, 0.0013851536205, 0.000927945191506, 0.000770504761022, 0.000719585106708, 0.000513242150191, 0.000482198811369, 0.000327860325342, 0.000293999357382, 0.000209503894439, 0.000184174612514, 0.000137848095619, 0.000118093325, 9.14532065508e-05, 0.000132183893584, 0.000151773594553, 0.00011319074838, 7.35490248189e-05, 4.07723455282e-05, 6.84041560817e-06], "dvar": [2.16129947717e-07, 0.000306255213218, 9.89340405795e-05, 4.18561876359e-06, 1.15007815111e-05, 6.59946226733e-06, 4.35269066656e-06, 2.4384673452e-05, 6.31839247944e-06, 4.36708160123e-06, 1.65536016539e-06, 1.7237391603e-06, 6.69530379582e-07, 9.32190630465e-07, 3.72517803271e-07, 2.13112954839e-07, 7.10685199579e-08, 6.44200497391e-08, 3.89373511211e-08, 3.86302545508e-08, 2.99087261624e-08, 9.95547253524e-08, 9.90740574025e-08, 8.37970475231e-08, 4.59107809547e-08, 6.31451069211e-09, 2.04651490199e-10], "min": [3.87286281734e-25, 2.05151699493e-24, 8.94547756137e-25, 1.11322206982e-24, 4.44866471801e-24, 5.36727312619e-24, 1.07605778734e-23, 7.60414107662e-24, 9.93418217743e-24, 1.47016031047e-23, 1.1985464289e-23, 2.31110228597e-23, 2.09576739799e-23, 3.26933083868e-23, 1.73175368639e-23, 4.43375011931e-23, 7.31795401535e-23, 7.25234855594e-23, 1.4618184535e-22, 1.50682176907e-22, 2.32061673735e-22, 3.11530839751e-22, 3.77490945781e-22, 5.90572878572e-22, 8.00033447558e-22, 1.25609466182e-21, 1.81800505564e-21], "dmean": [0.000180162722245, 0.00823559425771, 0.00428292574361, 0.000981308170594, 0.00183292629663, 0.0012189123081, 0.000785115757026, 0.00122623320203, 0.00076334446203, 0.0005126267788, 0.000408851803513, 0.000389286200516, 0.000288818468107, 0.000292144221021, 0.00020905880956, 0.000154912631842, 0.000115453294711, 9.91265696939e-05, 7.99269182608e-05, 7.47608355596e-05, 6.5307089244e-05, 9.38661469263e-05, 0.000125584803754, 9.30779788177e-05, 5.69218755118e-05, 3.01188265439e-05, 5.62271543458e-06], "dmean2": [0.000301581807435, 0.0132873738185, 0.00686576263979, 0.00163055502344, 0.00285021122545, 0.00194809399545, 0.00123678485397, 0.00190005474724, 0.00113038951531, 0.000774767366238, 0.00059441459598, 0.000562307657674, 0.000429756881204, 0.000440167321358, 0.000317157828249, 0.000229800309171, 0.000176410685526, 0.000149395680637, 0.000117031268019, 0.000111229499453, 9.64674982242e-05, 0.000141439188155, 0.000195918284589, 0.000143498866237, 8.31225188449e-05, 4.43293174612e-05, 8.32642126625e-06], "dvar2": [6.14373959706e-07, 0.000821773370262, 0.000230802208534, 1.07173555079e-05, 2.49642253038e-05, 1.46529537233e-05, 9.18771183933e-06, 5.68180439586e-05, 1.35219879667e-05, 9.86778013612e-06, 3.08488461087e-06, 3.54198573405e-06, 1.28664737531e-06, 1.97118220058e-06, 7.82714607794e-07, 4.16873604081e-07, 1.54616017767e-07, 1.51341154719e-07, 7.88294229892e-08, 8.17925212004e-08, 6.53588898558e-08, 2.28821576798e-07, 2.28570669947e-07, 1.9098170867e-07, 1.0017875951e-07, 1.28223813789e-08, 4.06647743256e-10], "max": [0.00732777873054, 0.254670679569, 0.140540227294, 0.0422125756741, 0.0906190127134, 0.0538145788014, 0.0632336586714, 0.123268298805, 0.0901507586241, 0.108360536397, 0.0352575480938, 0.040511764586, 0.0213156528771, 0.034024272114, 0.0138167878613, 0.0219141598791, 0.00819687824696, 0.0114332139492, 0.00823845248669, 0.00987010914832, 0.00674028322101, 0.00745374523103, 0.00877850223333, 0.0063792928122, 0.0113364690915, 0.00180772400927, 0.000395880837459], "median": [6.0807531554e-05, 0.00439111003652, 0.00175831245724, 0.000528379168827, 0.00137732177973, 0.000959914294071, 0.000380186189432, 0.000234939012444, 0.000326112553012, 0.000242106849328, 0.000157983304234, 0.000146281905472, 0.000144954086863, 0.000113450791105, 9.32002949412e-05, 9.18838559301e-05, 9.00386003195e-05, 6.89428852638e-05, 6.03206644882e-05, 4.71060702694e-05, 2.87375241896e-05, 3.1602474337e-05, 3.36231532856e-05, 1.91745184566e-05, 1.09183129098e-05, 6.06806815995e-06, 7.09524101694e-07], "var": [2.59794092017e-07, 0.000481519615278, 0.0001391065598, 5.62750892641e-06, 5.13745108037e-05, 1.83572137757e-05, 8.92252137419e-06, 3.94470298488e-05, 1.48792914842e-05, 7.13999270374e-06, 5.86030864724e-06, 4.4454154704e-06, 1.82181781838e-06, 2.05334936254e-06, 7.0068176683e-07, 8.01912221959e-07, 1.52045885216e-07, 1.31882643473e-07, 7.66482202152e-08, 6.28109830814e-08, 4.83293369768e-08, 1.63722816637e-07, 1.62866484743e-07, 1.36636288062e-07, 7.1406553559e-08, 1.18704654994e-08, 3.82002207644e-10]}, "spectral_complexity": {"mean": 14.3863525391, "dvar": 12.4264678955, "min": 0, "dmean": 2.97635531425, "dmean2": 4.47793912888, "dvar2": 23.7992115021, "max": 57, "median": 14, "var": 57.8618812561}, "spectral_energyband_high": {"mean": 0.000661080528516, "dvar": 1.10507721729e-06, "min": 7.09760547455e-21, "dmean": 0.000449325190857, "dmean2": 0.000654748408124, "dvar2": 2.2905996957e-06, "max": 0.0198724474758, "median": 0.000173592401552, "var": 2.37853600993e-06}, "hfc": {"mean": 18.0219116211, "dvar": 105.626586914, "min": 1.07108858045e-16, "dmean": 6.62943553925, "dmean2": 9.41269016266, "dvar2": 218.671218872, "max": 163.192825317, "median": 12.3112077713, "var": 327.386291504}, "melbands_kurtosis": {"mean": 35.0362472534, "dvar": 3674.26000977, "min": -1.82187116146, "dmean": 17.8445453644, "dmean2": 28.4789123535, "dvar2": 10230.78125, "max": 3860.17114258, "median": 12.3314657211, "var": 12825.5810547}, "spectral_strongpeak": {"mean": 0.912015974522, "dvar": 0.679779469967, "min": 0, "dmean": 0.454304814339, "dmean2": 0.755818784237, "dvar2": 1.65052509308, "max": 13.3595485687, "median": 0.520739734173, "var": 1.26013624668}, "silence_rate_30dB": {"mean": 0.952234506607, "dvar": 0.0397924743593, "min": 0, "dmean": 0.0415224917233, "dmean2": 0.0830529630184, "dvar2": 0.09365016222, "max": 1, "median": 1, "var": 0.0454891361296}, "melbands_spread": {"mean": 17.5338172913, "dvar": 95.7548751831, "min": 0.107452809811, "dmean": 5.57004117966, "dmean2": 8.54755878448, "dvar2": 206.801300049, "max": 233.760742188, "median": 12.8856945038, "var": 413.941772461}, "melbands_crest": {"mean": 15.6320953369, "dvar": 9.52162742615, "min": 1.61386787891, "dmean": 3.2371263504, "dmean2": 5.3152050972, "dvar2": 24.0456905365, "max": 38.7925682068, "median": 15.3100833893, "var": 35.3212776184}, "average_loudness": 0.853782236576, "spectral_flux": {"mean": 0.0871065333486, "dvar": 0.00138717854861, "min": 6.33880448131e-11, "dmean": 0.0305105298758, "dmean2": 0.0496429912746, "dvar2": 0.00361016346142, "max": 0.418271064758, "median": 0.0752804577351, "var": 0.00320939556696}, "spectral_rolloff": {"mean": 1213.01330566, "dvar": 1022596.375, "min": 43.06640625, "dmean": 407.917999268, "dmean2": 690.208190918, "dvar2": 2251343.5, "max": 20887.2070312, "median": 624.462890625, "var": 5918445}, "melbands": {"mean": [0.00332470797002, 0.00411865813658, 0.000971210189164, 0.00069287646329, 0.000847111281473, 0.000435381924035, 0.000258681247942, 0.000398952979594, 0.000284934911178, 0.000170608225744, 0.000189151498489, 0.000122535508126, 0.000108534644824, 8.27353287605e-05, 5.12876285939e-05, 5.495082587e-05, 4.51625674032e-05, 3.29408030666e-05, 2.5280563932e-05, 2.03670879273e-05, 1.64792545547e-05, 1.32709528771e-05, 1.16777619041e-05, 8.35629634821e-06, 4.79366826767e-06, 5.5946898101e-06, 5.22348045706e-06, 3.02548846776e-06, 2.40944859797e-06, 2.09371546589e-06, 2.39587757278e-06, 2.52294239544e-06, 2.71814042208e-06, 2.16871399061e-06, 2.28257272283e-06, 2.86667159344e-06, 1.55718976202e-06, 1.04135745005e-06, 1.00716431461e-06, 6.50750848763e-07], "dvar": [2.21591799345e-05, 2.70521650236e-05, 1.82070198207e-06, 3.58675748657e-07, 6.60816397158e-07, 2.48189707008e-07, 9.95342830379e-08, 5.61081094475e-07, 5.66252708722e-07, 1.27802849192e-07, 1.2098348634e-07, 4.49841586203e-08, 2.63588049165e-08, 2.79453136187e-08, 6.32377927801e-09, 8.17002110409e-09, 7.44914574469e-09, 5.58721380273e-09, 2.19274443047e-09, 1.16711518228e-09, 8.67699023743e-10, 3.49073214778e-10, 3.02502523031e-10, 1.40811085014e-10, 3.83446295549e-11, 7.64892177374e-11, 6.8702224465e-11, 3.80732285976e-11, 1.90020516683e-11, 1.59907642683e-11, 3.62758156847e-11, 4.62793241229e-11, 5.0354127118e-11, 2.13050358605e-11, 2.39482357556e-11, 5.93762539136e-11, 2.03688524381e-11, 6.9176691285e-12, 9.8521468761e-12, 6.74073210444e-12], "min": [4.85081072331e-25, 1.01475349341e-24, 9.03269993951e-25, 5.0008121314e-25, 2.34847283586e-24, 1.08528298314e-24, 1.89722211275e-24, 1.57651012009e-24, 1.53241102055e-24, 1.58619190859e-24, 1.59457592229e-24, 1.81174568102e-24, 1.41345227516e-24, 2.55809704142e-24, 3.31071511286e-24, 1.99657224123e-24, 2.65854605314e-24, 3.37277598356e-24, 1.6037126079e-24, 3.60585006561e-24, 3.86514943401e-24, 3.40346070062e-24, 4.64307712152e-24, 2.37921513977e-24, 3.52023735815e-24, 3.43246908826e-24, 5.07979840726e-24, 4.58832425824e-24, 5.25292655468e-24, 5.74545856618e-24, 4.48302789347e-24, 3.02624181246e-24, 5.48851907517e-24, 5.07919492867e-24, 5.03397111069e-24, 5.07047091592e-24, 5.29116816479e-24, 5.89733046208e-24, 6.24287717655e-24, 5.29618413685e-24], "dmean": [0.00204945239238, 0.002555469051, 0.000649959780276, 0.000328732450726, 0.000396605260903, 0.000211958176806, 0.000136220463901, 0.000239690416493, 0.000180974777322, 9.67879968812e-05, 9.70253022388e-05, 6.43522289465e-05, 5.23367380083e-05, 4.36180234828e-05, 2.90233292617e-05, 3.06129877572e-05, 2.57238043559e-05, 2.11567003134e-05, 1.60333838721e-05, 1.0612114238e-05, 9.40797599469e-06, 7.41015173844e-06, 6.44965848551e-06, 4.5366177801e-06, 2.78821244137e-06, 3.35825939146e-06, 3.18063666782e-06, 2.06921936297e-06, 1.77100457677e-06, 1.54067754465e-06, 1.85125873031e-06, 1.92449965652e-06, 1.97846088668e-06, 1.61212744842e-06, 1.8293459334e-06, 2.68532312475e-06, 1.27141504436e-06, 8.98513576431e-07, 8.61286991949e-07, 5.16325769695e-07], "dmean2": [0.00331505108625, 0.00403225468472, 0.00103009107988, 0.000511798192747, 0.000619124737568, 0.00033829457243, 0.000212778191781, 0.000371012167307, 0.000281679269392, 0.000145128520671, 0.00014101646957, 9.79216056294e-05, 7.31739128241e-05, 6.14109376329e-05, 4.31052867498e-05, 4.42543241661e-05, 3.80775891244e-05, 3.14241297019e-05, 2.4060056603e-05, 1.63274926308e-05, 1.34970841827e-05, 1.12618899948e-05, 9.86307077255e-06, 6.82018389853e-06, 4.22202401751e-06, 4.97243945574e-06, 4.71977091365e-06, 3.12970610139e-06, 2.72036095339e-06, 2.28605404118e-06, 2.81491952592e-06, 2.97438077723e-06, 3.02425200971e-06, 2.49569643529e-06, 2.82681298813e-06, 4.35026186096e-06, 1.94430367628e-06, 1.40418694627e-06, 1.30590331082e-06, 7.7674781096e-07], "dvar2": [6.00820312684e-05, 6.63689133944e-05, 4.21396680395e-06, 7.89767454989e-07, 1.43227896388e-06, 5.25214318259e-07, 2.07098523219e-07, 1.30216039906e-06, 1.36459800615e-06, 2.83274516732e-07, 2.58589551549e-07, 1.00575789475e-07, 4.45831354057e-08, 5.71904692492e-08, 1.22213998921e-08, 1.509531522e-08, 1.47432963615e-08, 1.13570273186e-08, 4.55386173215e-09, 2.66341215749e-09, 1.46768197595e-09, 7.48311024257e-10, 7.55514983908e-10, 3.13674142216e-10, 7.80260023259e-11, 1.58740270928e-10, 1.44239342692e-10, 8.29378163369e-11, 4.47933495851e-11, 3.54668343305e-11, 7.95668392284e-11, 1.10129932951e-10, 1.17421156132e-10, 5.26424633052e-11, 5.70071455319e-11, 1.36321301469e-10, 4.65122385052e-11, 1.64030525274e-11, 2.16764644428e-11, 1.61016235067e-11], "max": [0.0735789313912, 0.0628925710917, 0.0267753507942, 0.0153446840122, 0.0219720676541, 0.0130997337401, 0.00738996034488, 0.0152088077739, 0.0178679358214, 0.0169998016208, 0.0163034796715, 0.00783310737461, 0.00533582828939, 0.00612439727411, 0.00329402158968, 0.00275412900373, 0.0035318324808, 0.00243116822094, 0.0011481923284, 0.00130961567629, 0.00201294082217, 0.000706399674527, 0.00095426425105, 0.00038210148341, 0.000287013215711, 0.000397099909605, 0.00038299211883, 0.000329622096615, 0.000144908146467, 0.000102486534161, 0.000291623058729, 0.00016757294361, 0.000185558732483, 0.000140816046041, 0.000172949992702, 0.000173748965608, 0.000101034303952, 6.73689792166e-05, 0.000152274718857, 0.000161690317327], "median": [0.00102425995283, 0.00176160503179, 0.000404781254474, 0.000251504388871, 0.000311982352287, 0.000158862821991, 9.05684792087e-05, 6.99482916389e-05, 5.56682643946e-05, 3.86375686503e-05, 4.70636223326e-05, 3.59273217327e-05, 2.27745840675e-05, 1.38019668157e-05, 1.64431094163e-05, 1.41530226756e-05, 9.80047752819e-06, 7.23755056242e-06, 7.31510726837e-06, 5.66896733289e-06, 6.04233946433e-06, 5.33228467248e-06, 4.36421760242e-06, 3.151553301e-06, 2.34732851823e-06, 2.21583468374e-06, 2.05570268008e-06, 1.05047172383e-06, 8.33607202821e-07, 6.38706751488e-07, 5.90195327277e-07, 5.70947861434e-07, 5.99054885697e-07, 5.72605699745e-07, 5.39064842542e-07, 4.12203462474e-07, 2.44966457785e-07, 1.9425644382e-07, 1.44871776797e-07, 8.87752591439e-08], "var": [3.27525558532e-05, 3.9466747694e-05, 2.81179154626e-06, 1.54515180384e-06, 2.44561988438e-06, 7.43836608308e-07, 2.68363834266e-07, 1.0209323591e-06, 7.78522121436e-07, 2.58457617974e-07, 2.50046724659e-07, 9.02508432432e-08, 1.05363348268e-07, 7.6350303857e-08, 1.55705297544e-08, 2.31837073983e-08, 2.03631511653e-08, 1.02952872894e-08, 4.0639358545e-09, 5.29410293382e-09, 2.32024421898e-09, 7.3571976289e-10, 5.18935450167e-10, 3.18358173157e-10, 7.86655532381e-11, 1.4244888602e-10, 1.1788094112e-10, 5.52458773173e-11, 2.74847002796e-11, 2.51895743847e-11, 5.1501962417e-11, 6.61354929155e-11, 8.22812512569e-11, 3.06637562564e-11, 3.9035559507e-11, 8.8548911259e-11, 3.17574126718e-11, 1.0257435526e-11, 1.52265890868e-11, 8.46966420609e-12]}, "spectral_energy": {"mean": 0.0371082499623, "dvar": 0.000522217422258, "min": 9.76579124703e-21, "dmean": 0.0145551674068, "dmean2": 0.0224676206708, "dvar2": 0.00130464392714, "max": 0.278441250324, "median": 0.0276413150132, "var": 0.00116590783}, "spectral_decrease": {"mean": -9.39890210105e-09, "dvar": 3.57601792422e-17, "min": -7.32649212409e-08, "dmean": 3.75220166049e-09, "dmean2": 5.81065906502e-09, "dvar2": 8.97524184193e-17, "max": 2.3220029745e-28, "median": -6.93036072974e-09, "var": 7.79760333269e-17}, "erbbands_spread": {"mean": 42.0283279419, "dvar": 176.315368652, "min": 3.60832738876, "dmean": 10.7647895813, "dmean2": 15.8407583237, "dvar2": 372.506011963, "max": 188.7762146, "median": 36.7314834595, "var": 573.50402832}, "spectral_contrast_coeffs": {"mean": [-0.652630567551, -0.717516541481, -0.751798868179, -0.771482288837, -0.797518193722, -0.787213861942], "dvar": [0.00166669359896, 0.00173711590469, 0.00116946874186, 0.000737604917958, 0.000421725708293, 0.000315296056215], "min": [-0.982260346413, -0.976751148701, -0.979042768478, -0.976750195026, -0.992135226727, -0.988842725754], "dmean": [0.0489750765264, 0.048741210252, 0.0395059771836, 0.0314010158181, 0.0230323150754, 0.0192901212722], "dmean2": [0.0805162191391, 0.0784602984786, 0.0626168400049, 0.0490950196981, 0.0360679887235, 0.0302560180426], "dvar2": [0.0043344697915, 0.00415828544647, 0.00266329967417, 0.00162756256759, 0.00092650676379, 0.000698603806086], "max": [-0.296081274748, -0.392177641392, -0.396054655313, -0.54146784544, -0.568524241447, -0.591319203377], "median": [-0.656298160553, -0.726143717766, -0.758033752441, -0.777756929398, -0.804251253605, -0.788108468056], "var": [0.00768841523677, 0.00769509002566, 0.0067679034546, 0.00428341142833, 0.00268916459754, 0.00166920304764]}, "spectral_energyband_middle_high": {"mean": 0.00450740382075, "dvar": 1.04241798908e-05, "min": 1.17302874446e-21, "dmean": 0.00154580269009, "dmean2": 0.00214314204641, "dvar2": 1.935452201e-05, "max": 0.11307310313, "median": 0.00220348103903, "var": 4.62116731796e-05}, "erbbands_crest": {"mean": 9.39722156525, "dvar": 6.38680124283, "min": 1.97606766224, "dmean": 2.54262042046, "dmean2": 4.05553007126, "dvar2": 15.3982343674, "max": 29.7108135223, "median": 8.42900085449, "var": 20.5244903564}, "barkbands_crest": {"mean": 12.3807868958, "dvar": 6.51976251602, "min": 2.4636387825, "dmean": 2.75931191444, "dmean2": 4.44543790817, "dvar2": 15.7145862579, "max": 26.0849990845, "median": 11.535531044, "var": 27.6060466766}, "pitch_salience": {"mean": 0.482425779104, "dvar": 0.00504809385166, "min": 0.0724627301097, "dmean": 0.0759131982923, "dmean2": 0.122171707451, "dvar2": 0.0122352913022, "max": 0.9880387187, "median": 0.489872932434, "var": 0.021655485034}, "melbands_skewness": {"mean": 3.55965662003, "dvar": 1.76260054111, "min": -1.1539632082, "dmean": 1.0203448534, "dmean2": 1.56312572956, "dvar2": 4.10921812057, "max": 46.9443435669, "median": 2.89919662476, "var": 8.25810718536}, "spectral_spread": {"mean": 5415250, "dvar": 1287665876990.0, "min": 1691098.375, "dmean": 918186.875, "dmean2": 1292019.625, "dvar2": 2414179254270.0, "max": 43238896, "median": 4533996, "var": 20237881704400.0}, "spectral_entropy": {"mean": 7.46637964249, "dvar": 0.0511566586792, "min": 5.80639743805, "dmean": 0.230800390244, "dmean2": 0.326368361712, "dvar2": 0.0966677516699, "max": 9.82550621033, "median": 7.42831420898, "var": 0.296310186386}, "erbbands_flatness_db": {"mean": 0.146587401628, "dvar": 0.00042866304284, "min": 0.023801010102, "dmean": 0.0216716397554, "dmean2": 0.0300360377878, "dvar2": 0.000747804355342, "max": 0.326235592365, "median": 0.145008653402, "var": 0.00211814348586}, "spectral_kurtosis": {"mean": 5.11191606522, "dvar": 5.05377197266, "min": -1.2733373642, "dmean": 2.0318043232, "dmean2": 3.15310382843, "dvar2": 11.6723146439, "max": 27.7105979919, "median": 4.46566915512, "var": 12.9163789749}, "erbbands_skewness": {"mean": 0.481344521046, "dvar": 0.145198762417, "min": -3.39036417007, "dmean": 0.383171677589, "dmean2": 0.574868559837, "dvar2": 0.309636950493, "max": 5.27340936661, "median": 0.468955755234, "var": 0.692517280579}, "erbbands_kurtosis": {"mean": 0.741134881973, "dvar": 2.29721283913, "min": -1.87244153023, "dmean": 1.01405704021, "dmean2": 1.56990778446, "dvar2": 5.2191696167, "max": 36.4005050659, "median": 0.0751283168793, "var": 6.41800832748}, "barkbands_spread": {"mean": 17.4202442169, "dvar": 73.3552780151, "min": 0.354418069124, "dmean": 5.93966579437, "dmean2": 9.07974052429, "dvar2": 154.505996704, "max": 117.457305908, "median": 14.1404161453, "var": 203.486740112}, "zerocrossingrate": {"mean": 0.0506477877498, "dvar": 0.000227980359341, "min": 0.0009765625, "dmean": 0.0112429056317, "dmean2": 0.0128407217562, "dvar2": 0.000279836152913, "max": 0.53173828125, "median": 0.03759765625, "var": 0.00393521040678}, "spectral_centroid": {"mean": 1125.04370117, "dvar": 105302.070312, "min": 116.889762878, "dmean": 229.453338623, "dmean2": 339.178131104, "dvar2": 205111.40625, "max": 11738.5146484, "median": 903.705200195, "var": 1647209.25}, "barkbands_skewness": {"mean": 2.32020258904, "dvar": 0.846808552742, "min": -2.16941380501, "dmean": 0.752440094948, "dmean2": 1.14464378357, "dvar2": 1.96400260925, "max": 18.2695541382, "median": 1.88183283806, "var": 4.470307827}, "melbands_flatness_db": {"mean": 0.244536906481, "dvar": 0.000971140572801, "min": 0.00289055914618, "dmean": 0.0328821130097, "dmean2": 0.0485467649996, "dvar2": 0.00209690001793, "max": 0.655238091946, "median": 0.238806679845, "var": 0.00731202028692}, "spectral_contrast_valleys": {"mean": [-7.29689836502, -7.11119270325, -7.88226079941, -8.28636264801, -8.19797897339, -10.494430542], "dvar": [0.138040304184, 0.12407360971, 0.123282641172, 0.0962093025446, 0.111680142581, 0.25364819169], "min": [-28.0718975067, -28.0295333862, -27.9073734283, -27.6798553467, -27.6663837433, -27.4140987396], "dmean": [0.389488190413, 0.365885317326, 0.341288894415, 0.291770398617, 0.315204888582, 0.490003436804], "dmean2": [0.635859191418, 0.597375035286, 0.550119459629, 0.455032914877, 0.429339826107, 0.640860438347], "dvar2": [0.31576409936, 0.279068291187, 0.276307016611, 0.196473225951, 0.199961587787, 0.454697042704], "max": [-4.93411493301, -4.75685596466, -5.16548156738, -5.76165246964, -5.38446760178, -7.58659410477], "median": [-6.93440389633, -6.74598646164, -7.4636964798, -7.90149068832, -7.88602972031, -10.2447748184], "var": [6.29331874847, 6.65779352188, 6.26088094711, 5.99131679535, 6.03732824326, 5.26850986481]}, "barkbands_flatness_db": {"mean": 0.159941598773, "dvar": 0.000688847212587, "min": 0.0210256893188, "dmean": 0.027448490262, "dmean2": 0.0410447791219, "dvar2": 0.00151626358274, "max": 0.513405263424, "median": 0.153398349881, "var": 0.00420335121453}, "barkbands_kurtosis": {"mean": 13.6143007278, "dvar": 268.1875, "min": -1.93