{"tonal": {"chords_key": "D", "hpcp_entropy": {"dmean": 0.469732493162, "dmean2": 0.785217165947, "max": 4.19610357285, "dvar": 0.235831364989, "mean": 1.68246853352, "dvar2": 0.604662656784, "min": 0, "var": 0.575674235821, "median": 1.65146613121}, "key_key": "D", "chords_strength": {"dmean": 0.00916152540594, "dmean2": 0.00746672460809, "max": 0.728938996792, "dvar": 0.000623477913905, "mean": 0.471284538507, "dvar2": 0.00119815254584, "min": -1, "var": 0.0254188980907, "median": 0.489640057087}, "key_scale": "minor", "chords_number_rate": 0.00363128492609, "thpcp": [1, 0.374616295099, 0.0789399966598, 0.0551478043199, 0.0650179833174, 0.206234961748, 0.346380740404, 0.290880680084, 0.222663134336, 0.210460916162, 0.209766805172, 0.565815448761, 0.802933454514, 0.423625588417, 0.284847974777, 0.449148058891, 0.311324566603, 0.199351653457, 0.233470663428, 0.162179708481, 0.169682011008, 0.227968931198, 0.184627741575, 0.284199804068, 0.412023127079, 0.281041443348, 0.433897703886, 0.733476698399, 0.469574689865, 0.135272577405, 0.104727968574, 0.132456064224, 0.287224292755, 0.445092082024, 0.436308443546, 0.876439571381], "key_strength": 0.758357822895, "tuning_nontempered_energy_ratio": 0.655087172985, "tuning_frequency": 441.272583008, "chords_changes_rate": 0.0536312833428, "tuning_diatonic_strength": 0.556838572025, "chords_scale": "minor", "chords_histogram": [27.793296814, 4.35754203796, 3.6871509552, 2.26256990433, 0.586592197418, 7.56983232498, 0, 2.17877101898, 0.9217877388, 20.7541904449, 5.47486019135, 0.391061455011, 0, 0, 0, 0.502793312073, 3.51955318451, 0.698324024677, 1.28491616249, 0, 0.0558659210801, 1.03351950645, 2.56983232498, 14.357542038], "tuning_equal_tempered_deviation": 0.0277515649796, "hpcp": {"dmean": [0.0876412466168, 0.0797543153167, 0.0661919862032, 0.0574074275792, 0.0652649179101, 0.0527775660157, 0.0481007024646, 0.0446835309267, 0.0470692068338, 0.0501454770565, 0.0524647831917, 0.0658083111048, 0.0734748095274, 0.0698036327958, 0.0915617272258, 0.0814596265554, 0.090967670083, 0.0514223873615, 0.0386332087219, 0.0495560653508, 0.071930244565, 0.0833432674408, 0.0991773232818, 0.132421538234, 0.107495374978, 0.0706774070859, 0.0309619922191, 0.023143729195, 0.0281492378563, 0.0437326095998, 0.0527239963412, 0.0685163959861, 0.0741733387113, 0.0676949694753, 0.0696820914745, 0.0931253284216], "dmean2": [0.143803343177, 0.135168209672, 0.115730963647, 0.0997074097395, 0.113066032529, 0.0933715701103, 0.0809850543737, 0.0781086981297, 0.0829178094864, 0.0862936750054, 0.090415135026, 0.10915543884, 0.123447142541, 0.120600178838, 0.159439831972, 0.132772475481, 0.157099321485, 0.0924323052168, 0.067638926208, 0.086533010006, 0.123684376478, 0.139664173126, 0.171788275242, 0.223790839314, 0.174956232309, 0.118953578174, 0.0567120611668, 0.043106880039, 0.0524488575757, 0.0751171410084, 0.0887522101402, 0.118341587484, 0.130407556891, 0.116908311844, 0.122845485806, 0.159312844276], "max": [1, 1, 1, 1, 1, 1, 1, 1, 1, 1, 1, 1, 1, 1, 1, 1, 1, 1, 1, 1, 1, 1, 1, 1, 1, 1, 1, 1, 1, 1, 1, 1, 1, 1, 1, 1], "dvar": [0.0311452187598, 0.0222860909998, 0.0208139568567, 0.0227426402271, 0.0207898803055, 0.0153652830049, 0.0156975761056, 0.0145767414942, 0.016574729234, 0.0190302617848, 0.0185099150985, 0.0220536775887, 0.0274370927364, 0.0205899309367, 0.0303987395018, 0.0290021281689, 0.0297766253352, 0.01657721214, 0.0128541644663, 0.0182061027735, 0.0234591774642, 0.0296847205609, 0.0287002231926, 0.0402269400656, 0.0351841151714, 0.0163131169975, 0.0103226359934, 0.00816454924643, 0.00982193369418, 0.0138813937083, 0.0203421171755, 0.026172183454, 0.0335478298366, 0.0255084428936, 0.025283979252, 0.0306632388383], "mean": [0.26181358099, 0.138132154942, 0.0928807556629, 0.146454304457, 0.101514011621, 0.0650028586388, 0.0761280879378, 0.0528821498156, 0.0553284361959, 0.0743341296911, 0.0602018125355, 0.0926694050431, 0.134348928928, 0.0916395559907, 0.141481593251, 0.239165708423, 0.153114840388, 0.0441085062921, 0.034148786217, 0.043190125376, 0.0936556011438, 0.145131766796, 0.142267674208, 0.285781800747, 0.326071321964, 0.122151628137, 0.0257400684059, 0.0179821178317, 0.0212005004287, 0.0672473087907, 0.112944826484, 0.0948478505015, 0.072604060173, 0.0686252713203, 0.068398937583, 0.184496194124], "dvar2": [0.0731440931559, 0.0600020550191, 0.0561913177371, 0.0559194497764, 0.0560354292393, 0.0419213920832, 0.0395823344588, 0.0403121970594, 0.0464990958571, 0.048466168344, 0.0492360107601, 0.0552173703909, 0.0650746077299, 0.0554363764822, 0.0859647244215, 0.0625176653266, 0.0863185077906, 0.0460635758936, 0.03440284729, 0.0483281202614, 0.0629007816315, 0.0735366418958, 0.0777475610375, 0.105172164738, 0.0781777799129, 0.0435217171907, 0.0290905833244, 0.0238813497126, 0.0287969298661, 0.0377293601632, 0.0456692352891, 0.0671104863286, 0.0876942053437, 0.0667581036687, 0.0698501467705, 0.0819523558021], "min": [0, 0, 0, 0, 0, 0, 0, 0, 0, 0, 0, 0, 0, 0, 0, 0, 0, 0, 0, 0, 0, 0, 0, 0, 0, 0, 0, 0, 0, 0, 0, 0, 0, 0, 0, 0], "var": [0.136938303709, 0.0417344719172, 0.0365338549018, 0.0953770503402, 0.0415635295212, 0.0198032818735, 0.0358501374722, 0.0162655673921, 0.0194055475295, 0.0373010970652, 0.0218450408429, 0.0370065681636, 0.0739917233586, 0.0301705244929, 0.0509024821222, 0.128840312362, 0.0615262053907, 0.0146795781329, 0.0116665782407, 0.0164215285331, 0.0315936207771, 0.0690728500485, 0.0450698621571, 0.111172638834, 0.154326751828, 0.0276034492999, 0.00830523297191, 0.00501480419189, 0.00602810597047, 0.0274845547974, 0.0701225250959, 0.044293269515, 0.0332232713699, 0.0273591987789, 0.024602342397, 0.0732197016478], "median": [0.0466166250408, 0.0309423729777, 0.00767961703241, 0.00484591815621, 0.00810042023659, 0.00833081640303, 0.00559053942561, 0.00486632995307, 0.00534990616143, 0.00630063517019, 0.0045674983412, 0.00735737197101, 0.00772645277902, 0.012464908883, 0.0280799344182, 0.0336149036884, 0.0230805277824, 0.00568958371878, 0.00238480232656, 0.0022493917495, 0.0115277823061, 0.0191136226058, 0.0577131323516, 0.0986095070839, 0.102365382016, 0.0335038863122, 0.0027985451743, 0.0017274817219, 0.00140203512274, 0.00268210889772, 0.0035544950515, 0.00418763700873, 0.00713691208512, 0.00525839999318, 0.00922913476825, 0.0301908478141]}}, "lowlevel": {"melbands_flatness_db": {"dmean": 0.0218346305192, "dmean2": 0.0321881845593, "max": 0.701160252094, "dvar": 0.000774283602368, "mean": 0.298714637756, "dvar2": 0.00159852404613, "min": 0.00370250688866, "var": 0.0180559437722, "median": 0.270076215267}, "melbands_crest": {"dmean": 2.2197599411, "dmean2": 3.55047130585, "max": 31.3947029114, "dvar": 5.01756095886, "mean": 15.5277614594, "dvar2": 13.7982301712, "min": 1.69773566723, "var": 26.1829185486, "median": 15.3159751892}, "spectral_entropy": {"dmean": 0.182738900185, "dmean2": 0.27166390419, "max": 9.820728302, "dvar": 0.0596050992608, "mean": 6.98474264145, "dvar2": 0.120770856738, "min": 4.54470062256, "var": 0.75230884552, "median": 7.12766981125}, "melbands": {"dmean": [0.000296087499009, 0.000762629962992, 0.000670072215144, 0.000433017965406, 0.000231843339861, 0.000146965117892, 4.27419181506e-05, 5.23952694493e-05, 4.40368603449e-05, 2.80300810118e-05, 2.89806848741e-05, 5.6796350691e-05, 3.46984998032e-05, 1.64025732374e-05, 1.20869508464e-05, 1.22062247101e-05, 7.9992105384e-06, 1.86880424735e-05, 1.28248830151e-05, 1.12449188236e-05, 6.80167067912e-06, 5.78351773584e-06, 4.39383711637e-06, 3.21678294313e-06, 3.77475998903e-06, 3.50176310349e-06, 2.58627414951e-06, 2.89704348688e-06, 2.76274840871e-06, 2.47240654971e-06, 2.37979679696e-06, 2.13846442421e-06, 1.69696409102e-06, 1.55100360644e-06, 1.03182276234e-06, 8.27668770853e-07, 7.22918798601e-07, 5.55163524041e-07, 4.46972791224e-07, 4.22373034326e-07], "dmean2": [0.000498004897963, 0.00127755850554, 0.00112211634405, 0.000670631241519, 0.000337355100783, 0.000213234830881, 6.16949837422e-05, 7.61610863265e-05, 6.02444706601e-05, 4.02277837566e-05, 4.1760467866e-05, 7.15068308637e-05, 4.86849203298e-05, 2.41058187385e-05, 1.67903344845e-05, 1.77844485734e-05, 1.20624090414e-05, 2.71686858468e-05, 1.7913085685e-05, 1.64688881341e-05, 1.02876338133e-05, 8.1937196228e-06, 6.66794630888e-06, 5.09070605403e-06, 5.67900497117e-06, 5.48635716768e-06, 4.13028419644e-06, 4.63605692858e-06, 4.66567144031e-06, 4.40107123723e-06, 4.26610949944e-06, 3.9153110265e-06, 3.06899733005e-06, 2.81892062048e-06, 1.85240526207e-06, 1.49867321397e-06, 1.30315777369e-06, 9.81392872745e-07, 7.96210088083e-07, 7.46406840335e-07], "max": [0.0113890822977, 0.0404538996518, 0.0401957146823, 0.018655763939, 0.0102293109521, 0.0119233662263, 0.00433346536011, 0.00315849855542, 0.00628512399271, 0.00260034017265, 0.0048070573248, 0.0162880606949, 0.00863560847938, 0.00264444574714, 0.00175475468859, 0.0014806544641, 0.00191739050206, 0.00231037847698, 0.00118649809156, 0.00200198008679, 0.000659173936583, 0.00085445435252, 0.000440227391664, 0.000354645017069, 0.000397484283894, 0.000492545950692, 0.000211144448258, 0.000183390788152, 0.000243640723056, 0.000320589286275, 0.000273977289908, 0.000308947928715, 0.000144992241985, 0.000149570842041, 9.12369578145e-05, 9.27233486436e-05, 9.27687651711e-05, 9.11724200705e-05, 6.56274714856e-05, 5.77268365305e-05], "dvar": [5.2836753639e-07, 5.907470495e-06, 5.05991147293e-06, 1.48096489738e-06, 2.92587486683e-07, 1.62495098266e-07, 1.41565879019e-08, 2.22954508189e-08, 1.59633675167e-08, 7.90637866288e-09, 1.23163994559e-08, 8.0887154752e-08, 3.36988748018e-08, 3.61137364457e-09, 2.62097232806e-09, 2.11822870355e-09, 1.29172705865e-09, 3.76401976254e-09, 1.4231378298e-09, 1.44555822867e-09, 4.76151784667e-10, 4.90245399831e-10, 1.7400117458e-10, 9.79619579899e-11, 1.33443936456e-10, 1.15181815474e-10, 5.93223803413e-11, 7.10146108585e-11, 1.06245269527e-10, 1.50525397702e-10, 1.41462119796e-10, 1.23513047012e-10, 7.16046597016e-11, 5.86759252297e-11, 2.35554614009e-11, 1.9173176935e-11, 1.35096222403e-11, 8.21037769022e-12, 5.94751808566e-12, 5.14410866334e-12], "mean": [0.000679397315253, 0.00144836585969, 0.00102897325996, 0.000735685462132, 0.000550569035113, 0.000336031313054, 0.000107281928649, 0.000112578985863, 0.000118344549264, 7.21111209714e-05, 6.31464426988e-05, 0.00014077963715, 7.42312404327e-05, 3.33718016918e-05, 2.67714149231e-05, 2.47974439844e-05, 1.50592632053e-05, 3.87941399822e-05, 2.63912679657e-05, 2.05639244086e-05, 1.19763208204e-05, 1.11278295662e-05, 8.79535764398e-06, 6.31535567663e-06, 7.61654564485e-06, 6.96914548826e-06, 4.95870654049e-06, 5.93953018324e-06, 4.92199342261e-06, 3.48936828232e-06, 2.87062107418e-06, 2.38383677242e-06, 1.94200833903e-06, 1.74132480879e-06, 1.16963406072e-06, 9.35364141696e-07, 8.31394004308e-07, 6.30117369838e-07, 5.07007996475e-07, 4.66492167561e-07], "dvar2": [1.43077477333e-06, 1.67313482962e-05, 1.40314568853e-05, 3.74055480279e-06, 7.01797432612e-07, 3.49314035475e-07, 2.74153499902e-08, 5.10918489738e-08, 3.01130747005e-08, 1.83337451887e-08, 3.07312006953e-08, 1.25753757629e-07, 6.55587157894e-08, 7.31646965235e-09, 4.94312901722e-09, 4.5060724041e-09, 2.45423481537e-09, 7.45174588701e-09, 2.51324339118e-09, 3.00701707978e-09, 1.13176767957e-09, 1.08213193961e-09, 3.48378104142e-10, 2.41066999696e-10, 2.68971706019e-10, 2.81468681695e-10, 1.49861220655e-10, 1.74949693621e-10, 2.97571939312e-10, 4.39454722612e-10, 4.12954670459e-10, 3.62191832082e-10, 2.09463293932e-10, 1.72929490172e-10, 6.92750509734e-11, 5.64259299007e-11, 3.89669130296e-11, 2.31247122146e-11, 1.72703500806e-11, 1.4123659707e-11], "min": [7.67514723556e-25, 1.1126389044e-24, 1.35421730143e-24, 2.30727950547e-24, 1.49169672594e-24, 1.24682296109e-24, 2.53537114203e-24, 1.12370514379e-24, 2.70303839984e-24, 2.31130959862e-24, 2.74615023996e-24, 3.01272980844e-24, 1.82251935161e-24, 2.25372314697e-24, 1.41305035053e-24, 2.82897629627e-24, 3.79825008495e-24, 2.6719770017e-24, 2.15386735865e-24, 3.56141274196e-24, 2.99771660213e-24, 4.80279068925e-24, 3.46516737278e-24, 4.95390527869e-24, 4.19748470047e-24, 3.95645732278e-24, 4.02033060142e-24, 4.64435902049e-24, 4.11696842889e-24, 4.34529317385e-24, 6.28512501676e-24, 5.11853502758e-24, 5.95344056055e-24, 5.43992879328e-24, 5.17374109145e-24, 5.01656371153e-24, 5.68053058051e-24, 5.3540309126e-24, 6.40524289464e-24, 5.96753158847e-24], "var": [5.40151063433e-07, 6.60039631839e-06, 4.58304702988e-06, 2.2639060262e-06, 1.01083981008e-06, 7.70853660015e-07, 7.70447172727e-08, 6.60816112941e-08, 1.21146911169e-07, 4.04692919176e-08, 3.04131724249e-08, 4.45394164217e-07, 1.32255308927e-07, 1.18461978005e-08, 1.18519531966e-08, 5.42867928388e-09, 3.92536225746e-09, 1.60708228947e-08, 6.15383566327e-09, 3.58479179674e-09, 9.49490597257e-10, 1.06002739919e-09, 6.29522656226e-10, 2.13387238435e-10, 3.91459892279e-10, 3.01483060738e-10, 1.25842503085e-10, 1.88071044849e-10, 1.39970271484e-10, 1.14815122687e-10, 1.01029060118e-10, 8.43478828449e-11, 5.22726445462e-11, 4.09193477713e-11, 1.71108873598e-11, 1.30673293366e-11, 1.05514702878e-11, 7.99038699789e-12, 5.42863020161e-12, 5.21936920767e-12], "median": [0.00056517746998, 0.000813608290628, 0.000390594330383, 0.000133283669129, 0.000135330919875, 7.41139228921e-05, 1.66379486473e-05, 1.25671376736e-05, 1.58795191965e-05, 5.66052904105e-06, 6.74001694279e-06, 9.31440990826e-06, 2.21533946387e-06, 1.77368167442e-06, 1.73524540514e-06, 2.03979357138e-06, 9.51665924731e-07, 2.42493706537e-06, 2.08751544051e-06, 2.05166588785e-06, 1.45913008964e-06, 1.14844954169e-06, 8.48988634061e-07, 6.43195789962e-07, 6.63715013616e-07, 6.75798048633e-07, 4.21598713274e-07, 3.55238512384e-07, 2.73250037708e-07, 2.30376173249e-07, 1.78102254722e-07, 1.63224854077e-07, 1.4956397365e-07, 1.36388052852e-07, 1.07547741379e-07, 7.83790170544e-08, 7.01735416442e-08, 4.82821462811e-08, 4.54460575838e-08, 3.29808145239e-08]}, "silence_rate_60dB": {"dmean": 0.0265474356711, "dmean2": 0.0531022921205, "max": 1, "dvar": 0.025840440765, "mean": 0.214445382357, "dvar2": 0.0594974085689, "min": 0, "var": 0.168439954519, "median": 0}, "spectral_energyband_middle_high": {"dmean": 0.00106119632255, "dmean2": 0.00134211406112, "max": 0.132916718721, "dvar": 9.66068364505e-06, "mean": 0.00336975976825, "dvar2": 1.60288363986e-05, "min": 1.1561184949e-21, "var": 5.59357686143e-05, "median": 0.000633910647593}, "erbbands_skewness": {"dmean": 0.365905404091, "dmean2": 0.545074164867, "max": 8.77265930176, "dvar": 0.210492759943, "mean": 0.983121991158, "dvar2": 0.43622392416, "min": -4.59702301025, "var": 2.24030256271, "median": 0.615630030632}, "dynamic_complexity": 7.05701160431, "dissonance": {"dmean": 0.0211478825659, "dmean2": 0.0352417863905, "max": 0.5, "dvar": 0.00045744414092, "mean": 0.437127381563, "dvar2": 0.00119289068971, "min": 0.200436800718, "var": 0.00233115698211, "median": 0.451191663742}, "spectral_skewness": {"dmean": 0.24429024756, "dmean2": 0.388551473618, "max": 5.72451353073, "dvar": 0.0891235098243, "mean": 1.82575833797, "dvar2": 0.197654664516, "min": -0.242389246821, "var": 0.87531465292, "median": 1.60616016388}, "spectral_kurtosis": {"dmean": 1.92497301102, "dmean2": 3.18912625313, "max": 45.7282066345, "dvar": 7.37848854065, "mean": 6.19839096069, "dvar2": 18.3937015533, "min": -1.41019165516, "var": 38.4642829895, "median": 4.16515541077}, "gfcc": {"cov": [[36250.3984375, 403.576385498, -6557.87109375, -298.337982178, -1930.70275879, 443.365142822, -843.495544434, -50.718536377, -721.106689453, -328.424224854, -520.485290527, 124.975860596, 159.745544434], [403.576385498, 1551.37646484, -184.635375977, -140.817016602, 130.569702148, -85.5800476074, 74.1718521118, 77.9437713623, 59.7221107483, -85.8200836182, 118.413337708, -105.088890076, 92.506072998], [-6557.87109375, -184.635375977, 2569.99584961, 407.411651611, 411.969299316, -34.5192298889, 105.308555603, 33.8475570679, 168.605331421, 86.7135009766, -34.3397026062, -18.1730251312, -144.685913086], [-298.337982178, -140.817016602, 407.411651611, 588.200439453, 87.4552078247, 35.4993476868, 28.1815814972, -73.7052993774, 40.7052268982, 48.1484718323, -20.7664833069, -12.2644195557, -6.8468208313], [-1930.70275879, 130.569702148, 411.969299316, 87.4552078247, 440.253631592, 12.6973733902, 72.5826263428, -6.85239028931, 45.5766029358, 28.2194957733, 58.3397445679, -14.7489309311, -0.580964624882], [443.365142822, -85.5800476074, -34.5192298889, 35.4993476868, 12.6973733902, 262.264953613, 36.1685295105, 9.30125617981, -45.6418113708, -2.30305862427, 6.04824066162, -15.8555870056, 18.2571754456], [-843.495544434, 74.1718521118, 105.308555603, 28.1815814972, 72.5826263428, 36.1685295105, 226.30859375, -12.5381135941, -6.43531990051, 5.74555063248, 34.8233070374, -12.6526117325, 8.50538730621], [-50.718536377, 77.9437713623, 33.8475570679, -73.7052993774, -6.85239028931, 9.30125617981, -12.5381135941, 197.08164978, 46.6592521667, -32.7697219849, -1.03090333939, 2.78700137138, 5.62783718109], [-721.106689453, 59.7221107483, 168.605331421, 40.7052268982, 45.5766029358, -45.6418113708, -6.43531990051, 46.6592521667, 140.724563599, 19.1047515869, -5.5994591713, 12.3814916611, -4.46855688095], [-328.424224854, -85.8200836182, 86.7135009766, 48.1484718323, 28.2194957733, -2.30305862427, 5.74555063248, -32.7697219849, 19.1047515869, 110.9790802, 38.4540176392, -1.8174983263, -20.2770195007], [-520.485290527, 118.413337708, -34.3397026062, -20.7664833069, 58.3397445679, 6.04824066162, 34.8233070374, -1.03090333939, -5.5994591713, 38.4540176392, 131.089706421, 17.5583457947, 11.4921293259], [124.975860596, -105.088890076, -18.1730251312, -12.2644195557, -14.7489309311, -15.8555870056, -12.6526117325, 2.78700137138, 12.3814916611, -1.8174983263, 17.5583457947, 139.841171265, 21.2449874878], [159.745544434, 92.506072998, -144.685913086, -6.8468208313, -0.580964624882, 18.2571754456, 8.50538730621, 5.62783718109, -4.46855688095, -20.2770195007, 11.4921293259, 21.2449874878, 99.6138305664]], "mean": [-115.931053162, 105.807037354, -75.8228988647, 46.6737785339, -46.1873016357, 8.79495716095, -31.9461936951, 3.16997265816, -20.357088089, -1.26474559307, -14.9803171158, -3.83135008812, -6.54020643234], "icov": [[0.000100476776424, -0.000149900311953, 0.000248132651905, -0.000184403994353, 0.000151741245645, -0.000185649900232, 0.000206043303479, -0.000125004167785, 0.000367072265362, -0.000222163362196, 0.000551095814444, -0.000324554770486, 0.000327069894411], [-0.000149900311953, 0.00124264939222, -0.00033401188557, 0.000416876806412, -0.000380741257686, 0.000675378367305, -0.000451937317848, 0.000147749859025, -0.00121400284115, 0.00148584879935, -0.00207077385858, 0.00164228025824, -0.00132920732722], [0.000248132651905, -0.00033401188557, 0.00121912267059, -0.000762451265473, -0.000113385467557, -0.000392638117773, 0.000295016041491, -0.000541191431694, 0.000569286872633, -0.000706990074832, 0.00168610992841, -0.000912915333174, 0.00158908416051], [-0.000184403994353, 0.000416876806412, -0.000762451265473, 0.0025365720503, -0.000368141976651, -4.84010743094e-05, -0.000431914959336, 0.00117903936189, -0.00139450421557, 6.09395510764e-06, -0.000690246000886, 0.000889974762686, -0.00121900171507], [0.000151741245645, -0.000380741257686, -0.000113385467557, -0.000368141976651, 0.00335738621652, -0.000524443748873, -0.000121913348266, 0.000203175033676, -0.000131536406116, -0.000179944618139, -0.000520431320183, -0.00012660525681, 7.93860672275e-05], [-0.000185649900232, 0.000675378367305, -0.000392638117773, -4.84010743094e-05, -0.000524443748873, 0.00488710496575, -0.00102008657996, -0.000709153886419, 0.000910706061404, 0.000382035563234, -0.00129373976961, 0.00138417026028, -0.00170202681329], [0.000206043303479, -0.000451937317848, 0.000295016041491, -0.000431914959336, -0.000121913348266, -0.00102008657996, 0.00546994293109, 0.000155700428877, 0.000976316689048, -0.000123485457152, -2.35136321862e-05, -0.000287840957753, 0.000281255226582], [-0.000125004167785, 0.000147749859025, -0.000541191431694, 0.00117903936189, 0.000203175033676, -0.000709153886419, 0.000155700428877, 0.00682446127757, -0.00345026166178, 0.00267201522365, -0.00161164079327, 0.000690673827194, -0.000481704511913], [0.000367072265362, -0.00121400284115, 0.000569286872633, -0.00139450421557, -0.000131536406116, 0.000910706061404, 0.000976316689048, -0.00345026166178, 0.0117457192391, -0.00403814716265, 0.00418508937582, -0.00281760678627, 0.00103664153721], [-0.000222163362196, 0.00148584879935, -0.000706990074832, 6.09395510764e-06, -0.000179944618139, 0.000382035563234, -0.000123485457152, 0.00267201522365, -0.00403814716265, 0.0142060285434, -0.00703028496355, 0.00249809888192, 0.000727359612938], [0.000551095814444, -0.00207077385858, 0.00168610992841, -0.000690246000886, -0.000520431320183, -0.00129373976961, -2.35136321862e-05, -0.00161164079327, 0.00418508937582, -0.00703028496355, 0.0150152342394, -0.00468094600365, 0.00179071375169], [-0.000324554770486, 0.00164228025824, -0.000912915333174, 0.000889974762686, -0.00012660525681, 0.00138417026028, -0.000287840957753, 0.000690673827194, -0.00281760678627, 0.00249809888192, -0.00468094600365, 0.0101835345849, -0.00378805096261], [0.000327069894411, -0.00132920732722, 0.00158908416051, -0.00121900171507, 7.93860672275e-05, -0.00170202681329, 0.000281255226582, -0.000481704511913, 0.00103664153721, 0.000727359612938, 0.00179071375169, -0.00378805096261, 0.0140844061971]]}, "spectral_complexity": {"dmean": 2.15397524834, "dmean2": 3.23337054253, "max": 59, "dvar": 14.2573137283, "mean": 10.8397598267, "dvar2": 27.8179740906, "min": 0, "var": 103.664451599, "median": 7}, "spectral_flux": {"dmean": 0.0171926859766, "dmean2": 0.026781084016, "max": 0.381731688976, "dvar": 0.000894886034075, "mean": 0.0482127517462, "dvar2": 0.00172881712206, "min": 6.37981820151e-11, "var": 0.0025388225913, "median": 0.0348038226366}, "spectral_energyband_low": {"dmean": 0.00351300812326, "dmean2": 0.00592926656827, "max": 0.186576902866, "dvar": 0.000128209052491, "mean": 0.00694956211373, "dvar2": 0.000364053237718, "min": 7.60450395264e-24, "var": 0.000121568962641, "median": 0.00430941022933}, "spectral_decrease": {"dmean": 1.68382918719e-09, "dmean2": 2.51556353525e-09, "max": 3.34171450653e-23, "dvar": 1.70187580298e-17, "mean": -4.69321159713e-09, "dvar2": 4.39896634989e-17, "min": -6.23403408895e-08, "var": 3.25592682044e-17, "median": -2.78021472511e-09}, "barkbands_spread": {"dmean": 4.08454084396, "dmean2": 6.40690994263, "max": 112.410224915, "dvar": 59.7716712952, "mean": 15.3145103455, "dvar2": 149.450881958, "min": 0.226962819695, "var": 210.263336182, "median": 11.7859573364}, "spectral_rms": {"dmean": 0.00058332120534, "dmean2": 0.000828706775792, "max": 0.0153812272474, "dvar": 1.03849731659e-06, "mean": 0.00362206739374, "dvar2": 2.50488619713e-06, "min": 3.13160695292e-12, "var": 5.24102142663e-06, "median": 0.00327781774104}, "spectral_centroid": {"dmean": 172.507720947, "dmean2": 267.85723877, "max": 11810.1689453, "dvar": 90785.53125, "mean": 1016.59344482, "dvar2": 211411.421875, "min": 119.47354126, "var": 1724009.625, "median": 729.967041016}, "barkbands_skewness": {"dmean": 0.658539295197, "dmean2": 1.01691615582, "max": 24.2701339722, "dvar": 0.794079899788, "mean": 2.76479077339, "dvar2": 1.89956557751, "min": -2.11642074585, "var": 6.60284996033, "median": 2.14570808411}, "spectral_rolloff": {"dmean": 325.696533203, "dmean2": 575.406921387, "max": 19595.2148438, "dvar": 838586.8125, "mean": 1094.46484375, "dvar2": 2171162, "min": 64.599609375, "var": 5538106, "median": 430.6640625}, "erbbands_spread": {"dmean": 8.30440044403, "dmean2": 12.645072937, "max": 191.803924561, "dvar": 165.13722229, "mean": 40.1926612854, "dvar2": 354.31539917, "min": 2.51589035988, "var": 713.28515625, "median": 35.6765975952}, "barkbands": {"dmean": [8.07570031611e-05, 0.00127028219867, 0.00188004598022, 0.00139436568134, 0.00187202938832, 0.000774904445279, 0.000210615064134, 0.000277146144072, 0.000179769704118, 0.000270111166174, 0.000354094052454, 0.000122116995044, 0.000130712709506, 8.95933117135e-05, 0.000234618055401, 0.000127833365696, 9.97619426926e-05, 6.7334745836e-05, 8.7128704763e-05, 8.14005397842e-05, 9.96445596684e-05, 9.89726904663e-05, 6.6190972575e-05, 4.96249376738e-05, 3.6134126276e-05, 1.52972643264e-05, 9.82162237051e-06], "dmean2": [0.000136201852001, 0.00213529309258, 0.00314233358949, 0.00238241208717, 0.0028447736986, 0.00114721513819, 0.000312414078508, 0.00038546230644, 0.00025713731884, 0.000371906120563, 0.000477143301396, 0.000180142131285, 0.000191039289348, 0.000132159591885, 0.000340497790603, 0.000193239262444, 0.000139107156429, 0.00010736045806, 0.000132883767947, 0.0001306526392, 0.000175184526597, 0.000179911905434, 0.000119381678815, 8.79309009179e-05, 6.36390905129e-05, 2.58730633504e-05, 1.7490800019e-05], "max": [0.00419360911474, 0.0495501533151, 0.113360635936, 0.0965940505266, 0.0709576755762, 0.0518468171358, 0.0122077604756, 0.0301264077425, 0.0162143930793, 0.0398218967021, 0.118952468038, 0.0194302443415, 0.0189621578902, 0.0294290166348, 0.0217433217913, 0.0235865022987, 0.0121053354815, 0.00564346183091, 0.0123499762267, 0.00465828878805, 0.0108060194179, 0.0107965748757, 0.00684681953862, 0.00493718590587, 0.00358957052231, 0.00129931711126, 0.00110868981574], "dvar": [5.66903466392e-08, 9.77254330792e-06, 4.19848765887e-05, 2.38297325268e-05, 2.4965573175e-05, 3.7773306758e-06, 2.96391334587e-07, 5.75751244014e-07, 3.38989849524e-07, 8.60429679506e-07, 4.53066104456e-06, 2.10135880252e-07, 3.17489451618e-07, 2.13437644447e-07, 4.97250823628e-07, 1.99817520752e-07, 1.10583989965e-07, 3.69040158432e-08, 6.09386603401e-08, 5.94994098435e-08, 2.15907817847e-07, 2.36374773976e-07, 1.03761770731e-07, 5.82105919023e-08, 3.26362581404e-08, 3.54375506717e-09, 2.10536899026e-09], "mean": [0.000106065264845, 0.00275100488216, 0.00316508836113, 0.00190037675202, 0.00357900676318, 0.00173947424628, 0.000466972822323, 0.000688167638145, 0.000451452739071, 0.000646526343189, 0.000759811140597, 0.000265661801677, 0.000262501474936, 0.000175914174179, 0.000487345125293, 0.000219038527575, 0.000202228897251, 0.000131400782266, 0.000187627563719, 0.000168376209331, 0.000149082421558, 0.000115267641377, 7.67200108385e-05, 5.86623282288e-05, 4.02403966291e-05, 1.69501163327e-05, 8.48993749969e-06], "dvar2": [1.52174592927e-07, 2.72181532637e-05, 0.00011882623221, 6.64715698804e-05, 6.21658473392e-05, 8.7183461801e-06, 6.35501407942e-07, 1.20985896501e-06, 7.79866809353e-07, 2.00957197194e-06, 7.55139308239e-06, 4.1907642867e-07, 6.56252495901e-07, 3.70698302277e-07, 9.7879706118e-07, 4.38717620455e-07, 2.19538321744e-07, 9.0406530262e-08, 1.30575656954e-07, 1.49062387322e-07, 6.27342899406e-07, 6.92336584507e-07, 3.05666787881e-07, 1.66639026133e-07, 9.10566839707e-08, 9.59912593856e-09, 5.94982330071e-09], "min": [1.30506547384e-25, 3.0414794497e-24, 8.35231726952e-25, 1.06163145409e-24, 1.29000704114e-23, 6.29837590781e-24, 1.31598856948e-23, 7.63841787181e-24, 1.74567660805e-23, 1.37498329562e-23, 1.22235716981e-23, 2.66645998463e-23, 1.77202771773e-23, 4.76238105272e-23, 3.02394145462e-23, 4.59096315574e-23, 7.59082794444e-23, 7.67963979842e-23, 1.36355377396e-22, 1.69427922774e-22, 2.59736529877e-22, 3.20012394525e-22, 3.87892752081e-22, 5.68280704376e-22, 8.8581622712e-22, 1.29739017968e-21, 1.93459147778e-21], "var": [5.772007583e-08, 9.01264411368e-06, 4.99275956827e-05, 2.06513686862e-05, 4.74515545648e-05, 1.57599661179e-05, 1.11680310511e-06, 3.58690749636e-06, 1.63081642768e-06, 2.97614019473e-06, 2.2319773052e-05, 9.6746782674e-07, 8.0380897316e-07, 9.01976818568e-07, 2.06732988772e-06, 4.27096210842e-07, 3.02032276522e-07, 8.29568307381e-08, 1.97176817096e-07, 1.43076917425e-07, 1.76783672146e-07, 1.68729329175e-07, 7.40193542015e-08, 5.14895965864e-08, 3.08505896385e-08, 4.15303347268e-09, 1.87447435351e-09], "median": [2.54392325587e-05, 0.00233840569854, 0.00107887480408, 0.000614717719145, 0.000684936996549, 0.00044071796583, 6.03137159487e-05, 5.50678159925e-05, 3.28047317453e-05, 6.80005177855e-05, 1.47799655679e-05, 1.3262462744e-05, 2.00624963327e-05, 8.69164796313e-06, 3.63302751794e-05, 2.20483398152e-05, 2.18172463065e-05, 1.36115249916e-05, 2.00217946258e-05, 1.05953731691e-05, 9.97141796688e-06, 8.53823985381e-06, 7.08534889782e-06, 5.21958008903e-06, 2.85520400212e-06, 8.08378729289e-07, 3.80400386746e-08]}, "melbands_kurtosis": {"dmean": 14.3755502701, "dmean2": 22.5320587158, "max": 618.360534668, "dvar": 1040.16625977, "mean": 38.8499183655, "dvar2": 2491.59204102, "min": -1.79235160351, "var": 4368.82910156, "median": 15.7342214584}, "erbbands_crest": {"dmean": 2.0662047863, "dmean2": 3.14068007469, "max": 33.6518936157, "dvar": 4.48149061203, "mean": 11.2458868027, "dvar2": 9.87762737274, "min": 2.34131145477, "var": 29.0909118652, "median": 10.2165279388}, "melbands_skewness": {"dmean": 0.779996693134, "dmean2": 1.19192814827, "max": 19.44688797, "dvar": 1.28223121166, "mean": 3.60617446899, "dvar2": 2.89451503754, "min": -1.36611390114, "var": 6.56088447571, "median": 2.99837470055}, "spectral_energyband_middle_low": {"dmean": 0.00365543761291, "dmean2": 0.00542399380356, "max": 0.136632025242, "dvar": 7.40023097023e-05, "mean": 0.00892987661064, "dvar2": 0.000182633346412, "min": 1.52197698613e-22, "var": 0.000166213270859, "median": 0.00355764990672}, "spectral_contrast_coeffs": {"dmean": [0.0405852869153, 0.0389530174434, 0.0326861590147, 0.0269949752837, 0.0188380293548, 0.0147310644388], "dmean2": [0.0664428547025, 0.0624916702509, 0.0507570952177, 0.042412981391, 0.0299049671739, 0.024031708017], "max": [-0.298024624586, -0.387040317059, -0.411426216364, -0.488001078367, -0.55437451601, -0.557338356972], "dvar": [0.00138307223096, 0.00116813834757, 0.00090283137979, 0.00058223574888, 0.000323448068229, 0.000258610147284], "mean": [-0.653429865837, -0.679271936417, -0.740638673306, -0.772259712219, -0.801866352558, -0.7844851017], "dvar2": [0.00359952822328, 0.0029919790104, 0.00206355424598, 0.00130784534849, 0.000707864353899, 0.000608328264207], "min": [-0.983964860439, -0.980389356613, -0.973786592484, -0.973852336407, -0.968753993511, -0.964314937592], "var": [0.00691335415468, 0.00733586261049, 0.0095974681899, 0.00640413537621, 0.00376176228747, 0.00411523319781], "median": [-0.655407786369, -0.680562198162, -0.742780923843, -0.775333046913, -0.809338569641, -0.794669151306]}, "spectral_contrast_valleys": {"dmean": [0.360080242157, 0.346682935953, 0.323799431324, 0.283116608858, 0.236123099923, 0.293600350618], "dmean2": [0.586419343948, 0.549885869026, 0.5098772645, 0.429584503174, 0.357077389956, 0.428072392941], "max": [-5.03326892853, -4.9194278717, -5.3028550148, -5.85164785385, -5.67283821106, -7.44844865799], "dvar": [0.154404342175, 0.122418396175, 0.115471035242, 0.104474849999, 0.113059297204, 0.22752442956], "mean": [-7.74645328522, -8.39560222626, -9.33170604706, -9.5969581604, -9.1533164978, -11.3909425735], "dvar2": [0.330134153366, 0.262990623713, 0.230942055583, 0.184680938721, 0.208425432444, 0.48500674963], "min": [-28.1493587494, -27.9082736969, -27.7091846466, -27.6827735901, -27.5516262054, -27.3911018372], "var": [6.41906070709, 6.99362945557, 7.4140291214, 7.11239719391, 7.11993646622, 5.44860363007], "median": [-7.21419525146, -7.86046028137, -8.7874212265, -9.10227584839, -8.78386688232, -11.0092144012]}, "silence_rate_20dB": {"dmean": 0, "dmean2": 0, "max": 1, "dvar": 0, "mean": 1, "dvar2": 0, "min": 1, "var": 0, "median": 1}, "silence_rate_30dB": {"dmean": 0.0117367608473, "dmean2": 0.0234768018126, "max": 1, "dvar": 0.0115988235921, "mean": 0.991338372231, "dvar2": 0.0304709859192, "min": 0, "var": 0.00858679320663, "median": 1}, "spectral_strongpeak": {"dmean": 0.310197860003, "dmean2": 0.517774879932, "max": 12.8752584457, "dvar": 0.490659922361, "mean": 0.659824430943, "dvar2": 1.19184589386, "min": 0, "var": 1.34036779404, "median": 0.237176850438}, "spectral_spread": {"dmean": 596896.9375, "dmean2": 900033.625, "max": 42807860, "dvar": 1017426411520.0, "mean": 5224456, "dvar2": 2023486914560.0, "min": 1355746.375, "var": 19682740404200.0, "median": 4474558}, "barkbands_flatness_db": {"dmean": 0.0193051807582, "dmean2": 0.0280280280858, "max": 0.545223653316, "dvar": 0.000547031115275, "mean": 0.214157685637, "dvar2": 0.00108938768972, "min": 0.0299690272659, "var": 0.0115398894995, "median": 0.188588917255}, "pitch_salience": {"dmean": 0.0532217510045, "dmean2": 0.0855269283056, "max": 0.880764484406, "dvar": 0.00254827481695, "mean": 0.481789559126, "dvar2": 0.00665022525936, "min": 0.0953477472067, "var": 0.0144007420167, "median": 0.480285674334}, "erbbands_kurtosis": {"dmean": 1.70002043247, "dmean2": 2.54182577133, "max": 129.476211548, "dvar": 15.8559045792, "mean": 4.03164386749, "dvar2": 35.7559204102, "min": -1.91136419773, "var": 108.106697083, "median": 0.320996165276}, "average_loudness": 0.384017825127, "barkbands_crest": {"dmean": 1.81827294827, "dmean2": 2.85782027245, "max": 26.0437526703, "dvar": 3.22331976891, "mean": 11.9992761612, "dvar2": 8.6453704834, "min": 2.69578695297, "var": 22.5059776306, "median": 11.2351665497}, "hfc": {"dmean": 4.68797779083, "dmean2": 7.0958814621, "max": 235.818634033, "dvar": 200.589981079, "mean": 12.1951084137, "dvar2": 531.03314209, "min": 1.06702513841e-16, "var": 392.0262146, "median": 4.44041490555}, "barkbands_kurtosis": {"dmean": 9.03739261627, "dmean2": 14.4080848694, "max": 703.089172363, "dvar": 541.698913574, "mean": 24.1976661682, "dvar2": 1386.72753906, "min": -1.93877792358, "var": 2788.98535156, "median": 6.20020771027}, "erbbands": {"dmean": [0.0286630187184, 0.336993306875, 1.79545331001, 3.62147092819, 5.74292039871, 5.89665937424, 6.47795200348, 6.89655685425, 2.86998295784, 4.42606878281, 5.57247829437, 4.88949012756, 5.50611829758, 13.9879770279, 7.80863428116, 4.52217435837, 5.98333215714, 4.19146728516, 11.6759958267, 8.62507724762, 6.11316394806, 5.10105371475, 3.45357203484, 4.2400727272, 4.20923566818, 3.98488378525, 4.04302692413, 3.93597722054, 3.47315740585, 2.81491875648, 1.7066026926, 1.20435130596, 0.741385996342, 0.494362205267, 0.207855984569, 0.0729502364993, 0.0269758161157, 0.00959514360875, 0.00199021212757, 6.55419426039e-05], "dmean2": [0.0485500693321, 0.569233059883, 2.98855018616, 6.21324920654, 9.23941898346, 8.84862709045, 9.58359050751, 9.93359661102, 4.09835481644, 6.54392290115, 7.62465333939, 6.9504070282, 7.81230115891, 17.5481929779, 10.9397773743, 6.50696134567, 8.55326652527, 6.19946050644, 17.0975341797, 12.2578783035, 9.05488491058, 7.13714742661, 5.29124069214, 6.34890174866, 6.56170129776, 6.37224817276, 6.88728809357, 7.0240354538, 6.32357311249, 5.09687519073, 3.0661444664, 2.16987323761, 1.30700159073, 0.874886393547, 0.366016805172, 0.125101059675, 0.0456262342632, 0.0167755968869, 0.00354972202331, 0.000114488095278], "max": [0.945369362831, 12.910443306, 101.80657959, 204.633926392, 291.647766113, 298.531280518, 318.355987549, 618.762512207, 325.553985596, 282.992095947, 828.137023926, 475.428161621, 845.307067871, 4415.15527344, 1373.58398438, 558.568786621, 1021.66571045, 747.821655273, 1088.63391113, 746.46685791, 894.128601074, 762.49017334, 270.838592529, 427.451690674, 607.722473145, 295.914154053, 376.423980713, 417.050964355, 433.537872314, 229.931427002, 154.40763855, 159.645111084, 130.372543335, 66.1029968262, 17.8796157837, 7.68238687515, 2.38261318207, 1.0671762228, 0.213806331158, 0.00565671129152], "dvar": [0.00539437914267, 0.75446254015, 35.4851379395, 175.156433105, 278.686401367, 227.158828735, 228.754241943, 389.105072021, 70.801071167, 172.853607178, 249.584152222, 226.849624634, 411.666473389, 5714.35058594, 1129.41149902, 269.403137207, 804.580078125, 246.451644897, 1396.3671875, 610.061523438, 399.612060547, 338.62097168, 86.9613342285, 158.953613281, 168.921981812, 141.224609375, 290.663665771, 372.970367432, 301.691833496, 185.879562378, 67.3076019287, 37.9828300476, 14.3460550308, 6.83900260925, 1.0565611124, 0.0989142432809, 0.0107629001141, 0.00181478471495, 8.43419329613e-05, 8.43078140633e-08], "mean": [0.0675306990743, 0.689048588276, 3.25384807587, 5.29487657547, 8.5227022171, 11.7654838562, 14.9308233261, 15.80879879, 7.5873169899, 9.13285541534, 15.0730018616, 12.9546937943, 12.7819051743, 34.9656105042, 17.4922370911, 11.2912817001, 12.8128004074, 9.03747367859, 24.8784275055, 17.2848091125, 11.694858551, 10.5155715942, 7.66720819473, 9.33044433594, 8.90494060516, 8.51493835449, 7.21639490128, 5.23931264877, 4.03659248352, 3.26252555847, 1.98596978188, 1.4077796936, 0.864805161953, 0.563126564026, 0.220628067851, 0.0800683125854, 0.0301462020725, 0.00914776138961, 0.00171086809132, 7.12956461939e-05], "dvar2": [0.0142934955657, 2.1455848217, 99.8681259155, 499.963470459, 708.382751465, 540.298156738, 570.393981934, 818.125610352, 132.562576294, 403.961090088, 487.712585449, 526.398010254, 1016.89343262, 8728.27832031, 2296.5480957, 537.607971191, 1641.54431152, 496.492340088, 2835.24145508, 1171.56872559, 890.439880371, 734.751586914, 190.571914673, 320.080383301, 405.305725098, 351.013580322, 833.685791016, 1086.63000488, 882.020324707, 546.90423584, 198.144302368, 110.585678101, 40.9612731934, 19.017496109, 2.9872071743, 0.274239301682, 0.0289410036057, 0.00503316568211, 0.000237048327108, 2.37473201992e-07], "min": [4.12597540605e-23, 6.08416180185e-22, 1.78321358866e-21, 4.77571636136e-21, 1.41076671291e-20, 3.91704464362e-20, 5.31817809512e-20, 6.2516423691e-20, 1.562708967e-19, 1.43000528606e-19, 3.71103621679e-19, 2.77370926784e-19, 6.46789426459e-19, 9.40237073737e-19, 7.33148116385e-19, 1.35949977106e-18, 1.06084497013e-18, 2.49271973607e-18, 2.06614041943e-18, 2.29551346739e-18, 3.25583210826e-18, 4.84545693785e-18, 4.51875740543e-18, 6.17480814694e-18, 6.30564661315e-18, 8.26111233457e-18, 9.08275497292e-18, 1.06828316431e-17, 1.04806521578e-17, 1.12240079415e-17, 1.13807321978e-17, 1.09804313752e-17, 9.34188832496e-18, 8.46114611338e-18, 6.48388625077e-18, 4.26549951729e-18, 2.29174607329e-18, 1.00480720594e-18, 2.45147744131e-19, 2.79259955272e-20], "var": [0.0063456594944, 0.664639651775, 43.5815658569, 141.518768311, 337.529205322, 559.903564453, 771.145568848, 1885.44494629, 418.601989746, 432.118255615, 2008.15014648, 1191.64343262, 1103.65722656, 31617.4101563, 3960.06591797, 1479.16772461, 2099.86816406, 748.782470703, 6014.13818359, 1997.37988281, 893.785095215, 804.700500488, 270.255584717, 507.715362549, 452.780151367, 361.313018799, 308.178283691, 281, 217.38319397, 133.405731201, 48.7544403076, 28.075044632, 14.1999206543, 6.74336385727, 0.925291061401, 0.100875928998, 0.0132775250822, 0.00181166490074, 7.45579527575e-05, 7.03396167978e-08], "median": [0.048274114728, 0.557275176048, 1.38039410114, 2.02362632751, 2.0725107193, 2.11892485619, 3.60834169388, 3.33802556992, 1.32974767685, 1.25592207909, 2.06134986877, 1.48221516609, 1.84888839722, 2.43588829041, 1.02131402493, 0.744860887527, 1.08069753647, 0.891380310059, 1.70972561836, 1.71643209457, 1.46029317379, 1.24951386452, 0.898584544659, 0.93677341938, 0.908733487129, 0.610485911369, 0.475555956364, 0.349091619253, 0.298040121794, 0.262234568596, 0.184828072786, 0.124549269676, 0.0755112990737, 0.0450981296599, 0.0113385673612, 0.00383329158649, 0.00147374067456, 0.000205008487683, 1.62455544341e-05, 1.51234580699e-05]}, "spectral_energy": {"dmean": 0.00669870758429, "dmean2": 0.00997546315193, "max": 0.242496699095, "dvar": 0.000265203794697, "mean": 0.0188194382936, "dvar2": 0.000681187200826, "min": 1.00521362951e-20, "var": 0.000526524207089, "median": 0.0110126920044}, "zerocrossingrate": {"dmean": 0.00711436104029, "dmean2": 0.00862530153245, "max": 0.53271484375, "dvar": 0.000125902486616, "mean": 0.046016652137, "dvar2": 0.000188653415535, "min": 0.001953125, "var": 0.