{"tonal": {"chords_number_rate": 0.000985585851595, "thpcp": [1, 0.667845368385, 0.181885406375, 0.0955504253507, 0.0691417455673, 0.129666939378, 0.242139935493, 0.270451843739, 0.335399806499, 0.510943353176, 0.446037054062, 0.227188721299, 0.165557011962, 0.204287916422, 0.402528733015, 0.897831916809, 0.914052784443, 0.363075882196, 0.0914125144482, 0.0637098178267, 0.175438180566, 0.567222118378, 0.722178280354, 0.476759165525, 0.410521090031, 0.317722946405, 0.110585659742, 0.0390775427222, 0.052462246269, 0.189813733101, 0.516147971153, 0.5085247159, 0.175477519631, 0.0564340539277, 0.090285398066, 0.515151560307], "hpcp": {"dvar": [0.0185076165944, 0.0122832842171, 0.0188548713923, 0.0263693667948, 0.0288585554808, 0.0249685235322, 0.0229775775224, 0.0169084481895, 0.00845046434551, 0.00728240096942, 0.00769731123, 0.0120207099244, 0.0220919642597, 0.0201916955411, 0.0136635899544, 0.00894381199032, 0.0163653865457, 0.0345621779561, 0.0504363141954, 0.033685144037, 0.0376377739012, 0.0274287108332, 0.0174371767789, 0.0261995401233, 0.0431125424802, 0.0403850413859, 0.0540370941162, 0.0525413528085, 0.0320975966752, 0.0279943291098, 0.0315627194941, 0.0417401827872, 0.0552690476179, 0.061503149569, 0.0562690198421, 0.0395477302372], "mean": [0.0290863793343, 0.0202717091888, 0.0558223538101, 0.180483371019, 0.229788586497, 0.151699125767, 0.130622953176, 0.101095683873, 0.0351870469749, 0.0124340113252, 0.0166928656399, 0.0603964813054, 0.164232164621, 0.161806538701, 0.0558348707855, 0.0179566480219, 0.0287277456373, 0.163915127516, 0.318188160658, 0.212500497699, 0.0578737817705, 0.0304030142725, 0.0220000855625, 0.0412584841251, 0.077046059072, 0.0860545784235, 0.106720246375, 0.162576124072, 0.141923710704, 0.0722887590528, 0.052678283304, 0.0650019943714, 0.128079876304, 0.285679489374, 0.290840774775, 0.11552644521], "min": [0, 0, 0, 0, 0, 0, 0, 0, 0, 0, 0, 0, 0, 0, 0, 0, 0, 0, 0, 0, 0, 0, 0, 0, 0, 0, 0, 0, 0, 0, 0, 0, 0, 0, 0, 0], "median": [0.000652882212307, 0.000487906159833, 0.00542858382687, 0.0277387835085, 0.0372790656984, 0.0335389636457, 0.00581892672926, 0.00207340437919, 0.00117850804236, 0.000733718276024, 0.000653917668387, 0.00615731533617, 0.0278813298792, 0.0302081145346, 0.00805868487805, 0.000735703273676, 0.00101549678948, 0.0158120449632, 0.0671992301941, 0.0674443468451, 0.00797006953508, 0.000950832152739, 0.000466883560875, 0.00148741016164, 0.00379467010498, 0.00602329801768, 0.0180922783911, 0.0506256371737, 0.0444506183267, 0.0111878495663, 0.00154226808809, 0.0015483291354, 0.0135093210265, 0.0584182851017, 0.0552460476756, 0.0116006229073], "dvar2": [0.0523872561753, 0.0352490581572, 0.0506212674081, 0.06315985322, 0.0627833232284, 0.0607374496758, 0.0544903576374, 0.0406982563436, 0.0245835278183, 0.021433936432, 0.0221195053309, 0.0312844477594, 0.0540293306112, 0.0496247820556, 0.0380900017917, 0.0248579457402, 0.0453779473901, 0.0945335775614, 0.124110728502, 0.0913777351379, 0.105942860246, 0.0787017196417, 0.0505347959697, 0.0727445930243, 0.108924560249, 0.104177743196, 0.145586147904, 0.13686825335, 0.0797847062349, 0.0743378698826, 0.083930015564, 0.110880039632, 0.14844429493, 0.156557410955, 0.133879467845, 0.104901865125], "var": [0.0113843129948, 0.00750762829557, 0.0210495498031, 0.0800386443734, 0.108839735389, 0.0618118792772, 0.070626847446, 0.0590545237064, 0.0115458220243, 0.0040750624612, 0.00550835765898, 0.0211578756571, 0.0699484944344, 0.0700044408441, 0.0157422944903, 0.00633438723162, 0.0116010969505, 0.0559387207031, 0.158178448677, 0.0701779946685, 0.0255056750029, 0.0161017607898, 0.0100832879543, 0.0183493550867, 0.0416859053075, 0.0394497923553, 0.0438673868775, 0.06128070876, 0.0498747192323, 0.0275922995061, 0.0250153765082, 0.03263970837, 0.0548485890031, 0.13090826571, 0.143544122577, 0.0422432385385], "dmean2": [0.0899574756622, 0.0619955547154, 0.0943703576922, 0.132173493505, 0.139561027288, 0.138237968087, 0.109721980989, 0.0756176188588, 0.0516091771424, 0.0359439104795, 0.0382106527686, 0.0712644681334, 0.120410375297, 0.115058213472, 0.0767749622464, 0.047156136483, 0.0789174959064, 0.183157876134, 0.199610665441, 0.193168327212, 0.143944784999, 0.0973297134042, 0.0724542364478, 0.10518835485, 0.153253152966, 0.177224487066, 0.237414762378, 0.242626652122, 0.173954725266, 0.135450929403, 0.132307976484, 0.168392717838, 0.250496298075, 0.278935462236, 0.244707763195, 0.194581314921], "max": [1, 1, 1, 1, 1, 1, 1, 1, 1, 1, 1, 1, 1, 1, 1, 1, 1, 1, 1, 1, 1, 1, 1, 1, 1, 1, 1, 1, 1, 1, 1, 1, 1, 1, 1, 1], "dmean": [0.0474766679108, 0.0327654853463, 0.0548406727612, 0.081233933568, 0.0888336077332, 0.0828279107809, 0.065878584981, 0.0453287139535, 0.0287031121552, 0.0187712591141, 0.0204847697169, 0.0410853475332, 0.0728652253747, 0.0705074667931, 0.0437565334141, 0.025372589007, 0.0422735288739, 0.10425273329, 0.115789458156, 0.111468948424, 0.0770717188716, 0.0506683327258, 0.0374674722552, 0.0570834875107, 0.0857486203313, 0.099626749754, 0.131079792976, 0.138886094093, 0.103860065341, 0.0767993852496, 0.0724055320024, 0.0920443534851, 0.142640471458, 0.162524625659, 0.143629774451, 0.112117409706]}, "key_strength": 0.71080160141, "chords_strength": {"dvar": 0.000287534552626, "mean": 0.502354800701, "min": -1, "median": 0.500316441059, "dvar2": 0.000497915258165, "var": 0.0198060795665, "dmean2": 0.00765186548233, "max": 0.80347019434, "dmean": 0.00967841688544}, "tuning_equal_tempered_deviation": 0.17706412077, "chords_key": "F#", "tuning_frequency": 436.456176758, "chords_scale": "major", "chords_changes_rate": 0.0532216317952, "key_scale": "minor", "tuning_diatonic_strength": 0.635326504707, "hpcp_entropy": {"dvar": 0.161772638559, "mean": 2.03870081902, "min": 0, "median": 2.06523990631, "dvar2": 0.438131660223, "var": 0.353733479977, "dmean2": 0.754533171654, "max": 4.13848257065, "dmean": 0.448026865721}, "chords_histogram": [10.7182455063, 12.4183807373, 16.0034503937, 30.5038814545, 2.45164465904, 18.2456569672, 0.0246396455914, 5.98743391037, 0, 0.234076634049, 0, 0.529752373695, 0, 0, 0, 0, 0, 0, 0, 0, 0.985585808754, 0.480473071337, 1.41677963734, 0], "tuning_nontempered_energy_ratio": 0.910417616367, "key_key": "G#"}, "metadata": {"version": {"extractor": "music 1.0", "essentia_build_sha": "70f2e5ece6736b2c40cc944ad0e695b16b925413", "essentia": "2.1-beta2", "essentia_git_sha": "v2.1_beta2"}, "audio_properties": {"sample_rate": 44100, "length": 376.893341064, "lossless": true, "analysis_sample_rate": 44100, "downmix": "mix", "bit_rate": 0, "equal_loudness": 0, "md5_encoded": "befe35418b53df9adff245b6fd8913e6", "codec": "flac", "replay_gain": -12.1858234406}, "tags": {"disctotal": ["1"], "genre": ["Rock"], "catalognumber": ["CKM004"], "releasecountry": ["US"], "musicbrainz_recordingid": ["6a72f76d-87f4-4aa2-9fb3-6e45c0fe015e"], "language": ["eng"], "title": ["Four Weeks"], "releasetype": ["album"], "discnumber": ["1"], "artistsort": ["Rivulets"], "originaldate": ["2002-01-22"], "musicbrainz_artistid": ["d1f78c68-bcca-48fd-88dd-a2f70f4b02a6"], "tracknumber": ["4"], "musicbrainz_albumartistid": ["d1f78c68-bcca-48fd-88dd-a2f70f4b02a6"], "totaltracks": ["9"], "barcode": ["656605750422"], "tracktotal": ["9"], "date": ["2002-01-22"], "albumartistsort": ["Rivulets"], "musicbrainz_releasegroupid": ["9491893c-780c-3463-aad9-7ea0b5c01b23"], "media": ["CD"], "label": ["Chairkickers' Music"], "albumartist": ["Rivulets"], "asin": ["B00005YK1W"], "script": ["Latn"], "musicbrainz_albumid": ["3f1a7292-47a3-4213-8ebc-a3bff35540e7"], "file_name": "04. Four Weeks.flac", "releasestatus": ["official"], "totaldiscs": ["1"], "album": ["Rivulets"], "artist": ["Rivulets"]}}, "lowlevel": {"melbands": {"dvar": [1.62305525464e-07, 9.61274054134e-06, 1.90928803931e-05, 3.10922382596e-06, 2.8416794251e-08, 1.88149194003e-08, 2.62587569466e-08, 2.75280935824e-08, 1.48836614144e-08, 1.35605251472e-08, 7.13357328763e-09, 2.53896481617e-09, 1.00857699969e-09, 2.3747701583e-09, 1.24620003206e-09, 1.01827888344e-08, 7.44584216505e-09, 6.92415902392e-10, 2.86021289986e-10, 1.56560930886e-10, 5.55874825336e-11, 3.31214500271e-11, 3.70132341443e-10, 4.6184608915e-10, 6.50288781157e-11, 6.46074166388e-11, 8.74101624415e-11, 4.46679984667e-11, 1.26822191637e-10, 4.03269188876e-11, 3.60218625761e-11, 2.65054228565e-11, 3.82192368031e-11, 1.24401149104e-11, 5.41328266934e-12, 5.40604887245e-12, 6.00846672763e-12, 2.38603125972e-12, 5.1498551517e-13, 4.05225603507e-13], "mean": [0.000432855071267, 0.00426621641964, 0.00480071268976, 0.00162078789435, 0.000251665682299, 0.000150643652887, 0.000153242188389, 0.00011721815099, 9.00372324395e-05, 8.92297975952e-05, 6.18135745754e-05, 2.89945110126e-05, 1.76373232534e-05, 3.04309687635e-05, 2.85704572889e-05, 3.67949796782e-05, 3.34835676767e-05, 1.74085125764e-05, 9.10676044441e-06, 4.49405933978e-06, 4.9583272812e-06, 3.04233321913e-06, 4.69861015517e-06, 3.3105491184e-06, 1.25219480651e-06, 1.27245925796e-06, 1.45469789459e-06, 1.14790384487e-06, 1.1126278423e-06, 9.88040824268e-07, 1.1091807437e-06, 1.17970830615e-06, 1.00268664482e-06, 5.45560965293e-07, 3.92306105823e-07, 4.19401914087e-07, 3.86380634154e-07, 2.14232542817e-07, 1.25709306076e-07, 8.78119834624e-08], "min": [1.03059687722e-24, 4.82288455423e-25, 1.87107886793e-24, 2.11498105197e-24, 2.2818261195e-24, 1.43049295261e-24, 1.92973915648e-24, 2.49375103789e-24, 2.0745858516e-24, 2.05502959532e-24, 2.56179009375e-24, 1.87677740189e-24, 3.38582610952e-24, 3.72224057572e-24, 2.70969737196e-24, 3.33957795566e-24, 3.05373105121e-24, 3.48416748212e-24, 2.1833137613e-24, 3.89661591223e-24, 4.01581673932e-24, 3.78197115131e-24, 2.26044562239e-24, 4.55238927742e-24, 4.52424350919e-24, 4.91619023324e-24, 5.29395166049e-24, 4.32139108285e-24, 5.04066420104e-24, 5.57718467433e-24, 3.80426041618e-24, 5.32129002959e-24, 5.50853799836e-24, 4.42221302857e-24, 6.07419504918e-24, 5.33716348873e-24, 6.2809562813e-24, 6.1968002055e-24, 6.22379108137e-24, 6.62617206862e-24], "median": [0.000169730308698, 0.00271208188497, 0.00279948208481, 0.000808635842986, 0.000150333129568, 7.21574906493e-05, 6.80298908264e-05, 2.11401402339e-05, 9.31138492888e-06, 6.32865612715e-06, 7.09863297743e-06, 5.20684079675e-06, 5.51064204046e-06, 1.17094086818e-05, 5.78710933041e-06, 8.91062791197e-06, 8.99534643395e-06, 3.49835340785e-06, 4.43406315753e-06, 2.17219849219e-06, 1.87690034181e-06, 8.32297132547e-07, 6.35665571735e-07, 4.57342707705e-07, 2.9460886708e-07, 2.59833626615e-07, 2.19324022055e-07, 1.69660026472e-07, 1.26271814338e-07, 1.17042404213e-07, 9.68573061755e-08, 1.28327926063e-07, 6.99594480125e-08, 2.17056523866e-08, 2.50471341445e-08, 2.93328117351e-08, 1.82759389844e-08, 7.13322689805e-09, 8.66459615168e-09, 6.37543262627e-09], "dvar2": [4.51128641998e-07, 3.08666603814e-05, 4.68158104923e-05, 6.95205972079e-06, 7.26770466031e-08, 5.98022609211e-08, 6.09260695228e-08, 6.13574542285e-08, 2.74891061025e-08, 2.58146872767e-08, 1.37666829048e-08, 5.10050846003e-09, 2.25057150693e-09, 5.63719027014e-09, 2.85054269078e-09, 2.38866579849e-08, 1.80979906617e-08, 1.54851531597e-09, 7.23128001923e-10, 3.94487997823e-10, 1.33533156754e-10, 8.0560912108e-11, 9.57812940072e-10, 1.02366659593e-09, 1.56347601532e-10, 1.59125795873e-10, 1.64313687656e-10, 1.11962362992e-10, 3.5231889628e-10, 1.09504308399e-10, 8.47914793933e-11, 5.82248554926e-11, 8.2263910961e-11, 2.55998122006e-11, 1.1269732543e-11, 1.05443223597e-11, 1.11386871948e-11, 4.0976380275e-12, 1.08692796517e-12, 8.69343334299e-13], "var": [3.99438135901e-07, 2.22205835598e-05, 3.515325443e-05, 5.49134983885e-06, 9.27102377091e-08, 5.70875613448e-08, 8.57362536522e-08, 1.01401930408e-07, 6.88365204837e-08, 7.33103533435e-08, 4.82438977656e-08, 9.01190055913e-09, 3.49200557359e-09, 8.38627478572e-09, 4.34476676858e-09, 1.60488227152e-08, 9.76629355165e-09, 1.99948591018e-09, 4.96167495978e-10, 2.38258773821e-10, 1.32955896293e-10, 6.79753822674e-11, 3.74910824608e-10, 5.59409574219e-10, 7.09160022372e-11, 8.09967024007e-11, 1.47202625089e-10, 4.1178619542e-11, 9.18995574084e-11, 3.51570057788e-11, 4.66325346393e-11, 4.45673394023e-11, 5.95979723905e-11, 2.42573912346e-11, 1.12937298402e-11, 1.22846628703e-11, 1.31346955881e-11, 4.98526957562e-12, 8.51100385914e-13, 6.04580404837e-13], "dmean2": [0.000418931653257, 0.00364911626093, 0.00424115452915, 0.00149570126086, 0.000158370341524, 0.000125479491544, 0.000103028869489, 7.63572170399e-05, 5.15145002282e-05, 4.71520179417e-05, 3.1897383451e-05, 1.96566634258e-05, 1.20602544484e-05, 1.90899281733e-05, 1.85142871487e-05, 2.60379038082e-05, 2.22536564252e-05, 1.23231175166e-05, 7.37022583053e-06, 3.51922130903e-06, 4.04718275604e-06, 2.7138448786e-06, 5.21113179275e-06, 4.00665112466e-06, 1.62961532624e-06, 1.52193456415e-06, 1.86650333944e-06, 1.88140711543e-06, 1.96074438463e-06, 1.52094708028e-06, 1.40795179959e-06, 1.41849818647e-06, 1.23659299334e-06, 6.5118740622e-07, 4.55466135918e-07, 4.68138580345e-07, 4.38977167505e-07, 2.54820292866e-07, 1.79659735977e-07, 1.20322326325e-07], "max": [0.00590164680034, 0.0444752685726, 0.0557714961469, 0.0244336947799, 0.00500658946112, 0.00466612959281, 0.00619677035138, 0.00543481903151, 0.00587611552328, 0.00380696239881, 0.0037755924277, 0.00241506029852, 0.00164347584359, 0.00274804094806, 0.00143331696745, 0.00643649464473, 0.00581304868683, 0.00084116612561, 0.000693828391377, 0.00076284375973, 0.000309146154905, 0.000190947277588, 0.000813664402813, 0.00144826085307, 0.000514739193022, 0.000641124264803, 0.000575367943384, 0.000200641690753, 0.000589917995967, 0.000330963521264, 0.000254952610703, 0.000218618122744, 0.000303865817841, 0.000200628855964, 0.00014445168199, 0.000131312670419, 0.000153667278937, 0.000101231591543, 2.68575804512e-05, 3.800007471e-05], "dmean": [0.000248742318945, 0.00218878523447, 0.00263142120093, 0.000948218803387, 9.97738170554e-05, 7.04957637936e-05, 6.5334214014e-05, 5.10048303113e-05, 3.72113827325e-05, 3.40679871442e-05, 2.24319828703e-05, 1.33647408802e-05, 8.05733725429e-06, 1.31558572321e-05, 1.22299952636e-05, 1.74178258021e-05, 1.50675132318e-05, 8.29022246762e-06, 4.58547356175e-06, 2.22910080083e-06, 2.65712128567e-06, 1.72361956174e-06, 3.23478889186e-06, 2.58714885604e-06, 1.01493833427e-06, 9.63499246609e-07, 1.22399274005e-06, 1.15278169233e-06, 1.16036835607e-06, 9.22880076359e-07, 8.98465032151e-07, 9.11908955459e-07, 8.13261237909e-07, 4.37131063791e-07, 3.02330278146e-07, 3.17175562259e-07, 2.95706968245e-07, 1.74966700683e-07, 1.13107702759e-07, 7.83010207783e-08]}, "spectral_decrease": {"dvar": 2.21259580745e-17, "mean": -8.99170071733e-09, "min": -5.74414684706e-08, "median": -6.72016087222e-09, "dvar2": 5.40696368127e-17, "var": 6.16093119955e-17, "dmean2": 5.59470025863e-09, "max": 1.62216537043e-16, "dmean": 3.46116135752e-09}, "spectral_rolloff": {"dvar": 329313.4375, "mean": 670.78717041, "min": 107.666015625, "median": 236.865234375, "dvar2": 759802.0625, "var": 3979550.25, "dmean2": 354.510070801, "max": 21339.4042969, "dmean": 199.259017944}, "melbands_crest": {"dvar": 9.69121551514, "mean": 19.7286262512, "min": 1.03527736664, "median": 19.7128543854, "dvar2": 30.4171257019, "var": 26.7935714722, "dmean2": 5.97496843338, "max": 33.6597290039, "dmean": 3.44434309006}, "barkbands_skewness": {"dvar": 0.661272764206, "mean": 3.16877675056, "min": -2.73228192329, "median": 3.11589837074, "dvar2": 1.78270816803, "var": 2.77808213234, "dmean2": 1.30972790718, "max": 11.7195959091, "dmean": 0.79724419117}, "spectral_centroid": {"dvar": 80488.5234375, "mean": 560.54486084, "min": 137.639419556, "median": 365.414367676, "dvar2": 175133.734375, "var": 802699.125, "dmean2": 235.551239014, "max": 11858.5126953, "dmean": 145.945480347}, "spectral_energyband_middle_low": {"dvar": 0.000259518797975, "mean": 0.0188701525331, "min": 1.55059029645e-22, "median": 0.0117392847314, "dvar2": 0.000590974697843, "var": 0.000492266670335, "dmean2": 0.013652083464, "max": 0.206160694361, "dmean": 0.00868141185492}, "erbbands_crest": {"dvar": 5.90970420837, "mean": 10.5150756836, "min": 2.28270578384, "median": 9.69079971313, "dvar2": 14.8246774673, "var": 17.0814819336, "dmean2": 4.04240512848, "max": 29.1701698303, "dmean": 2.50052022934}, "dynamic_complexity": 3.30730700493, "spectral_energyband_low": {"dvar": 0.000133479421493, "mean": 0.019828196615, "min": 1.03178525673e-23, "median": 0.0139841269702, "dvar2": 0.000418277282733, "var": 0.000341086502885, "dmean2": 0.0152552695945, "max": 0.160420224071, "dmean": 0.00917087309062}, "silence_rate_60dB": {"dvar": 0.00782238040119, "mean": 0.0395490676165, "min": 0, "median": 0, "dvar2": 0.0184772349894, "var": 0.0379918143153, "dmean2": 0.0157722868025, "max": 1, "dmean": 0.0078856581822}, "erbbands_kurtosis": {"dvar": 8.32204532623, "mean": 1.26534807682, "min": -1.8766412735, "median": -0.186113834381, "dvar2": 19.6743526459, "var": 22.6621246338, "dmean2": 2.22161746025, "max": 119.800758362, "dmean": 1.38732945919}, "spectral_complexity": {"dvar": 4.54351949692, "mean": 9.29957485199, "min": 0, "median": 9, "dvar2": 10.0033693314, "var": 20.5932407379, "dmean2": 2.60908126831, "max": 48, "dmean": 1.61495804787}, "barkbands_crest": {"dvar": 5.82437372208, "mean": 12.4642410278, "min": 3.10671043396, "median": 12.2846221924, "dvar2": 19.2776813507, "var": 12.1073846817, "dmean2": 4.591132164, "max": 23.434431076, "dmean": 2.66001605988}, "spectral_energy": {"dvar": 0.000323947257129, "mean": 0.034794934094, "min": 9.9797394122e-21, "median": 0.0261812377721, "dvar2": 0.000790151301771, "var": 0.000909802271053, "dmean2": 0.0214412510395, "max": 0.220544070005, "dmean": 0.0132732652128}, "spectral_spread": {"dvar": 437608251392, "mean": 3375603.5, "min": 973685.4375, "median": 2895465, "dvar2": 804025466880, "var": 9124071866370.0, "dmean2": 700646.8125, "max": 42720488, "dmean": 472007.96875}, "spectral_contrast_valleys": {"dvar": [0.123885303736, 0.0753524154425, 0.0632314905524, 0.0713968873024, 0.122467972338, 0.166293844581], "mean": [-7.52213811874, -7.68496322632, -8.36559867859, -8.83229255676, -9.13362407684, -11.827337265], "min": [-28.5640354156, -28.3372097015, -27.7467365265, -27.6126194, -27.5668716431, -27.3809051514], "median": [-7.32239103317, -7.4869222641, -8.19113922119, -8.63224411011, -8.97499275208, -11.8337936401], "dvar2": [0.329111844301, 0.170827075839, 0.133380427957, 0.138162150979, 0.206275984645, 0.288276940584], "var": [3.14159631729, 2.87344074249, 2.63963675499, 2.63480687141, 2.6713116169, 2.0956492424], "dmean2": [0.647895634174, 0.482045143843, 0.414474397898, 0.387318611145, 0.397821158171, 0.41806268692], "max": [-5.36068248749, -5.34750127792, -6.22503137589, -5.62285041809, -5.64742898941, -7.51474523544], "dmean": [0.386201769114, 0.297420442104, 0.259439617395, 0.255802989006, 0.30183956027, 0.305958151817]}, "spectral_rms": {"dvar": 1.29879367705e-06, "mean": 0.00531073892489, "min": 3.12030956628e-12, "median": 0.00505397561938, "dvar2": 3.21954644278e-06, "var": 5.74244722884e-06, "dmean2": 0.00169441150501, "max": 0.0146685019135, "dmean": 0.00105627474841}, "barkbands_spread": {"dvar": 37.2807426453, "mean": 8.45517635345, "min": 0.390666127205, "median": 5.35128688812, "dvar2": 82.9430847168, "var": 111.631393433, "dmean2": 5.21182107925, "max": 116.646011353, "dmean": 3.20247220993}, "pitch_salience": {"dvar": 0.00500365160406, "mean": 0.420061588287, "min": 0.0928787216544, "median": 0.421194702387, "dvar2": 0.0158554017544, "var": 0.0126895634457, "dmean2": 0.137083426118, "max": 0.9959436059, "dmean": 0.0792117789388}, "erbbands_skewness": {"dvar": 0.227378100157, "mean": 0.70747590065, "min": -5.07949256897, "median": 0.549976050854, "dvar2": 0.484284549952, "var": 1.28296113014, "dmean2": 0.671422898769, "max": 9.31540489197, "dmean": 0.434845477343}, "spectral_energyband_middle_high": {"dvar": 2.85299938696e-06, "mean": 0.00170418072958, "min": 1.17263635874e-21, "median": 0.000844117021188, "dvar2": 6.15235967416e-06, "var": 9.05358047021e-06, "dmean2": 0.000758708396461, "max": 0.0925415679812, "dmean": 0.000526518386323}, "erbbands": {"dvar": [0.00018309551524, 0.837692379951, 62.7105407715, 424.330963135, 1810.37963867, 137.929122925, 13.741900444, 46.3901367188, 95.088508606, 261.213989258, 215.636550903, 304.868835449, 264.340148926, 120.846488953, 124.451416016, 189.453262329, 496.541351318, 2552.40014648, 183.221237183, 137.983337402, 38.542011261, 49.8949813843, 451.561828613, 121.259933472, 159.109283447, 90.442276001, 251.400848389, 89.4556350708, 78.5795593262, 51.6464271545, 15.1367464066, 13.9939689636, 3.08820414543, 0.563102483749, 0.094726651907, 0.0156989246607, 0.00108980678488, 1.50232399392e-05, 4.39328395885e-08, 4.39465380753e-10], "mean": [0.0159500353038, 1.0929672718, 11.1471576691, 26.1123371124, 30.2992744446, 14.6828117371, 5.89294862747, 6.78892707825, 9.68344020844, 10.6155395508, 11.3439073563, 13.3096370697, 12.283993721, 6.69724750519, 6.32474327087, 10.9443044662, 12.5845251083, 19.1912918091, 9.45798206329, 5.38653755188, 4.364174366, 3.49339771271, 4.63159513474, 1.84462249279, 1.94853234291, 1.81533145905, 1.7544965744, 1.86840093136, 2.02830386162, 1.21999776363, 0.724278390408, 0.639370560646, 0.27776697278, 0.118498854339, 0.0450550541282, 0.0182282291353, 0.00423340825364, 0.00064610154368, 7.89283076301e-05, 4.26380174758e-05], "min": [1.12059622718e-22, 2.48732513473e-22, 1.77526732334e-21, 5.92433015111e-21, 1.93223833473e-20, 1.76337619814e-20, 5.21684943943e-20, 6.38138694065e-20, 1.19279496029e-19, 1.82668155826e-19, 2.50395894925e-19, 3.3622301791e-19, 5.56202396036e-19, 6.85998873169e-19, 1.02356011421e-18, 1.02512389916e-18, 1.74428464988e-18, 1.83293566408e-18, 2.45760943459e-18, 3.12108686801e-18, 3.95536055432e-18, 4.03660375254e-18, 3.64569556584e-18, 6.55224611095e-18, 7.9016734071e-18, 9.92783742829e-18, 8.86027730255e-18, 7.33497610534e-18, 1.08369593795e-17, 1.04650068637e-17, 1.0283109847e-17, 1.10388253634e-17, 1.03582931201e-17, 8.96507860462e-18, 6.81714532545e-18, 4.26727299252e-18, 2.40129084258e-18, 1.03319408001e-18, 2.45575034616e-19, 2.87809222332e-20], "median": [0.00785531569272, 0.49417719245, 7.26130390167, 15.739274025, 13.1537332535, 8.48619842529, 3.39937615395, 3.02119231224, 4.53952932358, 2.34347057343, 1.60435545444, 1.02250862122, 1.46039891243, 1.3725348711, 2.19805073738, 3.85981202126, 4.05858421326, 5.27091693878, 2.91726613045, 3.02842330933, 1.79850959778, 0.990204811096, 0.648815274239, 0.412583231926, 0.351542145014, 0.304939776659, 0.213944226503, 0.195577830076, 0.20906881988, 0.0701455771923, 0.0500365644693, 0.0380482189357, 0.0131691433489, 0.00893177650869, 0.00359139079228, 0.00140068156179, 0.000481531315017, 0.000147408733028, 4.33410350524e-05, 3.27879861288e-05], "dvar2": [0.000506741052959, 2.38889455795, 204.527511597, 1149.71789551, 3930.71606445, 369.932769775, 32.0594177246, 151.66859436, 228.689437866, 587.059387207, 404.791015625, 586.88104248, 507.912231445, 248.331481934, 299.589019775, 422.732269287, 1061.75244141, 6200.40429688, 413.135040283, 368.992340088, 89.4286422729, 123.54637146, 1093.71643066, 280.197601318, 344.830444336, 210.563049316, 699.690490723, 214.369216919, 164.509017944, 104.435691833, 28.3057670593, 25.6937522888, 5.29658794403, 1.1676017046, 0.207031860948, 0.0320256054401, 0.00260156649165, 3.62596001651e-05, 9.20498450796e-08, 1.04869868345e-09], "var": [0.000440071715275, 2.21361088753, 143.258132935, 917.559387207, 2667.9765625, 310.397766113, 55.5937004089, 131.572921753, 277.963928223, 800.397766113, 1067.00695801, 1520.47668457, 1796.5579834, 395.771911621, 482.930084229, 694.015319824, 1393.38256836, 3272.63354492, 476.286895752, 199.67666626, 97.1695404053, 86.8068695068, 502.370513916, 142.6378479, 234.59576416, 106.200942993, 186.020965576, 113.675575256, 141.457855225, 100.485809326, 36.6222419739, 32.1465988159, 6.70166301727, 0.918272614479, 0.152516841888, 0.02873888053, 0.00138185475953, 1.90440059669e-05, 7.56268860869e-08, 1.26413413071e-09], "dmean2": [0.0142579395324, 0.990651428699, 9.23204040527, 22.6941070557, 31.1964035034, 11.973028183, 3.16473174095, 6.03552055359, 6.5813908577, 7.2107872963, 6.24386692047, 7.0548081398, 6.1304063797, 4.5277261734, 3.86693167686, 6.43259239197, 7.87286663055, 12.3514575958, 6.12641143799, 3.86937212944, 3.32262444496, 2.92629027367, 5.26905965805, 2.15987873077, 2.32877874374, 2.66904449463, 2.88257098198, 2.36740255356, 2.33332896233, 1.40445637703, 0.777913808823, 0.698154389858, 0.328336775303, 0.157983496785, 0.0578536614776, 0.0222139079124, 0.00521813565865, 0.00066177471308, 4.888778858e-05, 2.42666501435e-05], "max": [0.226111888885, 13.2195014954, 114.55670929, 314.678894043, 583.13293457, 195.584732056, 153.672515869, 229.375793457, 411.579193115, 599.529724121, 765.41027832, 548.132995605, 714.476257324, 484.774261475, 715.45324707, 514.971191406, 1111.02661133, 3492.29370117, 506.917144775, 728.826721191, 289.048736572, 234.409469604, 946.900939941, 744.629821777, 1067.43481445, 419.989532471, 902.555480957, 436.200042725, 349.714141846, 321.339324951, 224.220108032, 236.654769897, 110.134887695, 40.4296646118, 23.2376766205, 9.44027709961, 2.37439346313, 0.286099523306, 0.0125341070816, 0.00059280556161], "dmean": [0.00842907186598, 0.588612675667, 5.56584310532, 13.7819786072, 20.0350856781, 7.27054691315, 2.08611631393, 3.34448266029, 4.1331410408, 4.74470043182, 4.51469755173, 5.09178829193, 4.35106420517, 3.04703259468, 2.62860584259, 4.37067747116, 5.29651069641, 8.36571025848, 4.09435176849, 2.46050548553, 2.18640470505, 1.8761023283, 3.35045218468, 1.38157868385, 1.51346790791, 1.66885507107, 1.72818922997, 1.51140534878, 1.53320193291, 0.952276110649, 0.524885952473, 0.474422961473, 0.223010897636, 0.102928698063, 0.0379947647452, 0.0148649467155, 0.00340857193805, 0.00044277406414, 3.34800097335e-05, 1.51745152834e-05]}, "dissonance": {"dvar": 0.000458433380118, "mean": 0.442386895418, "min": 0.249074071646, "median": 0.449869424105, "dvar2": 0.00122339441441, "var": 0.00133967865258, "dmean2": 0.0378056429327, "max": 0.500000119209, "dmean": 0.0225658994168}, "erbbands_flatness_db": {"dvar": 0.000333529053023, "mean": 0.200103744864, "min": 0.0385665036738, "median": 0.20128031075, "dvar2": 0.000705140293576, "var": 0.00155079877004, "dmean2": 0.0261322762817, "max": 0.360303729773, "dmean": 0.0173187609762}, "melbands_kurtosis": {"dvar": 579.860229492, "mean": 41.3381996155, "min": -1.74964177608, "median": 30.9108695984, "dvar2": 1512.00683594, "var": 1596.41491699, "dmean2": 28.2592353821, "max": 402.0078125, "dmean": 17.2713222504}, "melbands_spread": {"dvar": 47.8051757812, "mean": 8.75443077087, "min": 0.35169428587, "median": 4.42496490479, "dvar2": 108.744972229, "var": 255.121383667, "dmean2": 5.48198413849, "max": 220.908416748, "dmean": 3.33361673355}, "melbands_skewness": {"dvar": 1.10877358913, "mean": 4.63552236557, "min": -0.807088315487, "median": 4.55168390274, "dvar2": 2.94159984589, "var": 4.64824867249, "dmean2": 1.70049774647, "max": 15.2300729752, "dmean": 1.04335200787}, "spectral_entropy": {"dvar": 0.0805607065558, "mean": 6.51771831512, "min": 4.42325353622, "median": 6.49077272415, "dvar2": 0.160181373358, "var": 0.470427632332, "dmean2": 0.397293180227, "max": 9.82444381714, "dmean": 0.263353765011}, "zerocrossingrate": {"dvar": 8.49752104841e-05, "mean": 0.0273842662573, "min": 0.00439453125, "median": 0.017578125, "dvar2": 0.000111663677671, "var": 0.0027353100013, "dmean2": 0.00634910026565, "max": 0.66552734375, "dmean": 0.00503339990973}, "average_loudness": 0.760083138943, "spectral_contrast_coeffs": {"dvar": [0.0018066035118, 0.000980484299362, 0.000593414937612, 0.000438962539192, 0.000308489077725, 0.000254112994298], "mean": [-0.525227487087, -0.701322972775, -0.769017934799, -0.740094482899, -0.78970092535, -0.764612019062], "min": [-0.980252087116, -0.994702100754, -0.995303809643, -0.984870553017, -0.985944569111, -0.964154958725], "median": [-0.524799406528, -0.702736020088, -0.781277418137, -0.738622784615, -0.791056871414, -0.762875914574], "dvar2": [0.0051136193797, 0.00255251978524, 0.00140918290708, 0.00104029546492, 0.000713569927029, 0.000562556786463], "var": [0.00715615227818, 0.00537231564522, 0.00493982294574, 0.00367337185889, 0.00173534417991, 0.00181561976206], "dmean2": [0.0867643728852, 0.0622324720025, 0.0461993664503, 0.0393364913762, 0.0309022851288, 0.0254256278276], "max": [-0.230538368225, -0.428707122803, -0.485098183155, -0.529332697392, -0.569341480732, -0.587298750877], "dmean": [0.0511556044221, 0.0376371964812, 0.0291694961488, 0.0249930825084, 0.0199799332768, 0.0166827645153]}, "barkbands_flatness_db": {"dvar": 0.000780890986789, "mean": 0.254118770361, "min": 0.019673133269, "median": 0.255448520184, "dvar2": 0.00198794621974, "var": 0.00438273372129, "dmean2": 0.0463795959949, "max": 0.478210300207, "dmean": 0.0289652571082}, "silence_rate_30dB": {"dvar": 0.0277730021626, "mean": 0.967412054539, "min": 0, "median": 1, "dvar2": 0.0658702999353, "var": 0.0315302088857, "dmean2": 0.0571745410562, "max": 1, "dmean": 0.0285855103284}, "spectral_energyband_high": {"dvar": 5.30085912942e-07, "mean": 0.000180714545422, "min": 7.08448206026e-21, "median": 2.04431089514e-05, "dvar2": 1.07538483007e-06, "var": 1.03211891656e-06, "dmean2": 0.000201039103558, "max": 0.0224464572966, "dmean": 0.000135197478812}, "melbands_flatness_db": {"dvar": 0.00119977351278, "mean": 0.347122848034, "min": 1.95441702999e-06, "median": 0.35190486908, "dvar2": 0.00293405586854, "var": 0.00741283548996, "dmean2": 0.0553083084524, "max": 0.625437378883, "dmean": 0.0350098647177}, "barkbands": {"dvar": [3.62862384584e-09, 7.73570536694e-06, 7.04800622771e-05, 0.000148977909703, 3.7417452404e-05, 3.4281833905e-07, 9.26486904973e-07, 5.12968256317e-07, 6.32237515674e-07, 2.56598326587e-07, 5.99054885697e-08, 1.93310356167e-07, 6.2469769091e-07, 4.82927589474e-07, 4.99442904811e-08, 1.78032539822e-08, 1.10754303506e-08, 1.79836774805e-07, 3.47268453993e-08, 4.50528432339e-08, 8.96631391356e-08, 6.32516687915e-08, 2.22767226887e-08, 1.88633801912e-08, 2.77692180362e-09, 4.1700026765e-10, 1.44497077064e-12], "mean": [8.56668339111e-06, 0.00299913901836, 0.0110655883327, 0.0105835031718, 0.00563131133094, 0.000734312226996, 0.000743688025977, 0.000465790304588, 0.000652880989946, 0.000272898294497, 0.000116719791549, 0.000322415609844, 0.000261689623585, 0.000396722374717, 0.000107858089905, 7.04387712176e-05, 4.96981701872e-05, 8.16834290163e-05, 3.06170368276e-05, 3.91580033465e-05, 4.49573744845e-05, 5.41957415408e-05, 2.66254392045e-05, 2.2867376174e-05, 8.46031343826e-06, 2.92858817375e-06, 3.98667140189e-07], "min": [4.87234070957e-25, 2.49361732597e-24, 1.33254561604e-24, 1.08374223919e-24, 5.99351272238e-24, 6.21542797249e-24, 6.66623594741e-24, 8.10531150946e-24, 1.30638836893e-23, 1.97235326481e-23, 1.79415021741e-23, 2.54717348725e-23, 3.40912866623e-23, 3.15642212395e-23, 3.41338883066e-23, 5.17886679407e-23, 6.44736144055e-23, 9.10994306942e-23, 1.38457571801e-22, 2.05977779644e-22, 2.15672122863e-22, 3.35115054514e-22, 3.4519361717e-22, 6.12627258537e-22, 9.4557457377e-22, 1.28500468481e-21, 1.95394237462e-21], "median": [9.38039335097e-08, 0.00112931232434, 0.0074410373345, 0.0048693488352, 0.00281724403612, 0.000349975394784, 0.000250681681791, 5.81486092415e-05, 5.06901851622e-05, 3.03432734654e-05, 2.61665936705e-05, 0.000118100484542, 7.89213372627e-05, 0.000106198764115, 5.25833165739e-05, 2.52324261965e-05, 1.19170308608e-05, 1.05462477222e-05, 6.71324596624e-06, 6.52359085507e-06, 5.08667608301e-06, 5.14301336807e-06, 1.55777945565e-06, 1.22752476273e-06, 6.69374571771e-07, 2.84381769688e-07, 2.02667322924e-07], "dvar2": [1.02811439362e-08, 2.16340267798e-05, 0.000239011409576, 0.000383600563509, 8.55563484947e-05, 1.0420782246e-06, 2.07562993637e-06, 1.03325237433e-06, 1.20308027363e-06, 5.0634184845e-07, 1.27232581804e-07, 4.58869152453e-07, 1.54734038915e-06, 1.18129435123e-06, 1.2612653677e-07, 4.12237461944e-08, 2.78916978402e-08, 4.22106523956e-07, 8.58326316688e-08, 9.887491359e-08, 2.40610148694e-07, 1.2984818909e-07, 4.18909671396e-08, 3.33504779348e-08, 5.63459767733e-09, 9.1045893047e-10, 3.04925919584e-12], "var": [2.79983369822e-09, 1.95127722691e-05, 0.000129349486087, 0.000242862472078, 6.70396038913e-05, 1.20476897791e-06, 2.98443637803e-06, 2.65828293777e-06, 3.31222008754e-06, 1.42477438203e-06, 1.50003941712e-07, 6.69178405133e-07, 8.82737765551e-07, 8.42394626943e-07, 7.84335085768e-08, 3.71098813901e-08, 2.0377466825e-08, 2.04546907412e-07, 4.1030730813e-08, 5.91138267225e-08, 7.99427510856e-08, 1.1686378798e-07, 5.27887173973e-08, 4.24114396935e-08, 4.78439243778e-09, 6.61902588295e-10, 2.4398989773e-12], "dmean2": [2.09349655051e-05, 0.00290812854655, 0.0102784121409, 0.0100414054468, 0.00526119256392, 0.000544850656297, 0.000523283728398, 0.00027508335188, 0.000349948037183, 0.000157529284479, 0.000100928184111, 0.00019328147755, 0.000206419150345, 0.000247024348937, 8.87945207069e-05, 5.80910855206e-05, 4.70409286208e-05, 9.74517752184e-05, 3.73516813852e-05, 5.73090219405e-05, 6.50488946121e-05, 6.2096696638e-05, 2.87655984721e-05, 2.54901060543e-05, 1.10225792014e-05, 3.53694417754e-06, 2.55227178059e-07], "max": [0.00156026694458, 0.0404147207737, 0.104115664959, 0.155077859759, 0.0913521796465, 0.0197383053601, 0.032385867089, 0.0282640792429, 0.0245896428823, 0.023238832131, 0.00941209401935, 0.0210848841816, 0.0455799028277, 0.0396357066929, 0.00850554462522, 0.00648656254634, 0.00324156996794, 0.0234122313559, 0.0154179576784, 0.0121821807697, 0.0147925270721, 0.0109103322029, 0.0077654980123, 0.00837536621839, 0.00290978793055, 0.00131275923923, 7.43291093386e-05], "dmean": [1.15663870019e-05, 0.00173105928116, 0.00620861537755, 0.00621497863904, 0.00332031585276, 0.000315644108923, 0.000337334844517, 0.000195035128854, 0.000249433680438, 0.000107420026325, 6.52494854876e-05, 0.00013203106937, 0.000133129171445, 0.000169196078787, 5.55790174985e-05, 3.76563948521e-05, 2.96569523925e-05, 6.16219258518e-05, 2.36656705965e-05, 3.62436730938e-05, 4.05092469009e-05, 4.10198299505e-05, 1.95656921278e-05, 1.75442019099e-05, 7.16907243259e-06, 2.36883033722e-06, 1.77095813569e-07]}, "erbbands_spread": {"dvar": 98.570602417, "mean": 35.4280281067, "min": 2.11822319031, "median": 33.636138916, "dvar2": 216.69102478, "var": 292.976654053, "dmean2": 11.8229007721, "max": 153.987503052, "dmean": 7.54548072815}, "barkbands_kurtosis": {"dvar": 150.172866821, "mean": 19.0741882324, "min": -1.94738674164, "median": 13.2164039612, "dvar2": 403.027893066, "var": 429.884399414, "dmean2": 14.0144329071, "max": 231.241836548, "dmean": 8.54341697693}, "spectral_flux": {"dvar": 0.000919923360925, "mean": 0.073729917407, "min": 6.24939752725e-11, "median": 0.0631861314178, "dvar2": 0.00230944645591, "var": 0.00239462149329, "dmean2": 0.0394349396229, "max": 0.347902238369, "dmean": 0.0250351019204}, "silence_rate_20dB": {"dvar": 0, "mean": 1, "min": 1, "median": 1, "dvar2": 0, "var": 0, "dmean2": 0, "max": 1, "dmean": 0}, "gfcc": {"cov": [[12377.7226562, 1178.71643066, -1336.28735352, 513.505737305, -725.929992676, 275.893676758, -253.984039307, 40.8254623413, -24.3511714935, -128.878265381, -289.942657471, -239.61529541, -266.686767578], [1178.71643066, 1213.35180664, 39.7592391968, -263.502807617, 194.258651733, -102.508110046, 58.1585998535, -79.0008621216, 71.4863433838, -57.4186325073, 36.1210594177, -56.7680282593, 0.497573763132], [-1336.28735352, 39.7592391968, 720.953796387, 87.3113021851, 72.9360580444, -17.7968559265, 48.565738678, -45.95545578, -33.5873527527, 7.63798141479, 91.0960769653, 37.4896125793, 39.4546661377], [513.505737305, -263.502807617, 87.3113021851, 421.792297363, -11.7624387741, 49.5059700012, -23.3765945435, -14.590763092, -30.3900966644, -6.50121212006, 13.3468341827, -12.1879005432, 23.1412258148], [-725.929992676, 194.258651733, 72.9360580444, -11.7624387741, 347.59161377, -15.3620090485, -19.5256519318, -61.7435531616, 24.904088974, 25.2482337952, 22.1791114807, -2.29997324944, 45.5316543579], [275.893676758, -102.508110046, -17.7968559265, 49.5059700012, -15.3620090485, 147.207611084, 32.3393096924, -12.6138334274, -7.09073448181, 21.8318386078, 6.26100111008, -8.4117231369, -19.2824935913], [-253.984039307, 58.1585998535, 48.565738678, -23.3765945435, -19.5256519318, 32.3393096924, 172.748291016, 40.5716819763, -19.6675338745, -15.221777916, 26.7809371948, 12.0542144775, -11.3781795502], [40.8254623413, -79.0008621216, -45.95545578, -14.590763092, -61.7435531616, -12.6138334274, 40.5716819763, 140.254348755, 43.1657791138, -17.1594753265, -23.2960586548, 15.0647621155, -6.7572145462], [-24.3511714935, 71.4863433838, -33.5873527527, -30.3900966644, 24.904088974, -7.09073448181, -19.6675338745, 43.1657791138, 139.763183594, 22.4223937988, -31.2116947174, -12.7143497467, 6.61620473862], [-128.878265381, -57.4186325073, 7.63798141479, -6.50121212006, 25.2482337952, 21.8318386078, -15.221777916, -17.1594753265, 22.4223937988, 94.9520950317, 16.3817424774, -5.46914339066, -5.04489898682], [-289.942657471, 36.1210594177, 91.0960769653, 13.3468341827, 22.1791114807, 6.26100111008, 26.7809371948, -23.2960586548, -31.2116947174, 16.3817424774, 107.91418457, 23.8143024445, -7.14738035202], [-239.61529541, -56.7680282593, 37.4896125793, -12.1879005432, -2.29997324944, -8.4117231369, 12.0542144775, 15.0647621155, -12.7143497467, -5.46914339066, 23.8143024445, 90.336151123, 19.2614364624], [-266.686767578, 0.497573763132, 39.4546661377, 23.1412258148, 45.5316543579, -19.2824935913, -11.3781795502, -6.7572145462, 6.61620473862, -5.04489898682, -7.14738035202, 19.2614364624, 76.8016815186]], "mean": [-86.608253479, 140.489898682, -89.8888778687, 29.459072113, -32.6309394836, 8.38909435272, -34.2391624451, -18.820608139, -25.2335910797, -7.81075763702, -20.4649543762, -13.6632604599, -18.5614624023], "icov": [[0.000853400968481, -0.00251345918514, 0.00126490357798, -0.00250920979306, 0.00213937065564, -0.00245466548949, 0.0024695917964, -0.0017607009504, 0.00213874550536, -0.00143841339741, 0.00227911444381, -0.00112318876199, 0.00162729481235], [-0.00251345918514, 0.00894295517355, -0.00371107691899, 0.0082077132538, -0.00686795962974, 0.00810899678618, -0.0081896269694, 0.00659167813137, -0.00768813118339, 0.00583828706294, -0.00763321435079, 0.00445119151846, -0.00465898308903], [0.00126490357798, -0.00371107691899, 0.00359828933142, -0.00408807303756, 0.00303958542645, -0.0031758195255, 0.00302821327932, -0.00206455844454, 0.00304243899882, -0.00218596984632, 0.00223424239084, -0.0019689775072, 0.00176324311178], [-0.00250920979306, 0.0082077132538, -0.00408807303756, 0.0106294397265, -0.00638683000579, 0.00632841140032, -0.00681655248627, 0.00539177376777, -0.00635028770193, 0.00552258826792, -0.00769234308973, 0.00482740439475, -0.00604576477781], [0.00213937065564, -0.00686795962974, 0.00303958542645, -0.00638683000579, 0.00921939406544, -0.00620320020244, 0.00634179450572, -0.00323628657497, 0.00473192054778, -0.00461385538802, 0.00528910988942, -0.00283967796713, 0.00196155277081], [-0.00245466548949, 0.00810899678618, -0.0031758195255, 0.00632841140032, -0.00620320020244, 0.0161007791758, -0.0100699607283, 0.00751195615157, -0.00721564516425, 0.00283287558705, -0.00643939664587, 0.00360936764628, -0.00265925680287], [0.0024695917964, -0.0081896269694, 0.00302821327932, -0.00681655248627, 0.00634179450572, -0.0100699607283, 0.0155737092718, -0.00927478354424, 0.00849139131606, -0.00370938749984, 0.00517537491396, -0.00347764464095, 0.00470864167437], [-0.0017607009504, 0.00659167813137, -0.00206455844454, 0.00539177376777, -0.00323628657497, 0.00751195615157, -0.00927478354424, 0.0160986389965, -0.00992428231984, 0.00562001159415, -0.00386607483961, 0.000652215501759, -0.0021728456486], [0.0021