{"tonal": {"chords_number_rate": 0.00121536222287, "thpcp": [1, 0.501555383205, 0.131316751242, 0.094708584249, 0.109393708408, 0.286890029907, 0.454153209925, 0.318983852863, 0.116592921317, 0.0664060711861, 0.0977206230164, 0.330978184938, 0.460223197937, 0.280301511288, 0.261859804392, 0.296283364296, 0.166424274445, 0.108338296413, 0.106322973967, 0.114886671305, 0.40624076128, 0.67676204443, 0.458365499973, 0.201417833567, 0.138920396566, 0.132659271359, 0.266470193863, 0.386465549469, 0.320463001728, 0.240178778768, 0.144805297256, 0.070986635983, 0.1649171561, 0.22299964726, 0.234531536698, 0.707916975021], "hpcp": {"dvar": [0.0276592411101, 0.0210675857961, 0.0140513032675, 0.0111913252622, 0.0143193760887, 0.020709656179, 0.0271137021482, 0.0222339071333, 0.0245572328568, 0.0230703633279, 0.0158277079463, 0.0133092524484, 0.0145927388221, 0.0174190234393, 0.0259610489011, 0.0346890129149, 0.0411462560296, 0.0453978292644, 0.0329635180533, 0.0346265621483, 0.0328891612589, 0.0319627150893, 0.033004924655, 0.0405410081148, 0.0213727578521, 0.0131245385855, 0.0160831399262, 0.0211199522018, 0.0281137842685, 0.0382021814585, 0.0441923104227, 0.0297715961933, 0.0217912495136, 0.0169332493097, 0.0172526724637, 0.0233530309051], "mean": [0.195253029466, 0.137139990926, 0.0501265227795, 0.0285498071462, 0.0420127995312, 0.142296686769, 0.197862684727, 0.120509378612, 0.112580776215, 0.127380415797, 0.071550399065, 0.0465776324272, 0.0457111895084, 0.0493929609656, 0.174654141068, 0.290958732367, 0.197064012289, 0.0865951031446, 0.0597257204354, 0.0570338927209, 0.114562906325, 0.166152238846, 0.137775912881, 0.103259503841, 0.0622558072209, 0.0305191203952, 0.0709024518728, 0.0958737209439, 0.100831598043, 0.30435308814, 0.429927676916, 0.215632528067, 0.0564567036927, 0.0407178401947, 0.0470313839614, 0.123341970146], "min": [0, 0, 0, 0, 0, 0, 0, 0, 0, 0, 0, 0, 0, 0, 0, 0, 0, 0, 0, 0, 0, 0, 0, 0, 0, 0, 0, 0, 0, 0, 0, 0, 0, 0, 0, 0], "median": [0.0295401401818, 0.0211840830743, 0.00531692197546, 0.00179175497033, 0.00577813899145, 0.0446876250207, 0.0680312737823, 0.0411963611841, 0.0121278166771, 0.00656994991004, 0.00753285549581, 0.0104418601841, 0.00944129563868, 0.0107632596046, 0.0726421028376, 0.145624399185, 0.0883641242981, 0.0127486502752, 0.00404126243666, 0.00499913841486, 0.0176279135048, 0.0268538054079, 0.039487592876, 0.0219589062035, 0.0100601371378, 0.0043887863867, 0.0153784733266, 0.0209888312966, 0.0297014042735, 0.165717720985, 0.247926086187, 0.120241656899, 0.0069029731676, 0.00281972717494, 0.00498899584636, 0.0184340700507], "dvar2": [0.0694004893303, 0.0551810376346, 0.0386492870748, 0.0306068360806, 0.0394248329103, 0.0544458925724, 0.0668720901012, 0.0603069663048, 0.0639505013824, 0.0562010295689, 0.0441993251443, 0.0375415422022, 0.0412642993033, 0.048833668232, 0.0695609971881, 0.0836811736226, 0.11273188144, 0.121465936303, 0.0884279161692, 0.0969363674521, 0.0937400534749, 0.0806619897485, 0.0927622169256, 0.108795277774, 0.0572244301438, 0.0365258306265, 0.0430961698294, 0.0537916943431, 0.0748796537519, 0.0999928414822, 0.103338904679, 0.0786705389619, 0.0607634298503, 0.047843746841, 0.0491354912519, 0.0617127269506], "var": [0.100295864046, 0.0606945678592, 0.0154946725816, 0.00941764935851, 0.0146969119087, 0.0483939945698, 0.0827676802874, 0.0360138081014, 0.0499654449522, 0.0743113458157, 0.0241365488619, 0.0121947387233, 0.0129427509382, 0.014130923897, 0.0529580973089, 0.109527550638, 0.0603900663555, 0.0372474901378, 0.024914059788, 0.0245739929378, 0.0441252067685, 0.0800412669778, 0.0493204966187, 0.0405389070511, 0.0199228823185, 0.010002986528, 0.0221876949072, 0.0350818447769, 0.0317053720355, 0.106254898012, 0.181010678411, 0.0594550035894, 0.0226753987372, 0.0158053506166, 0.0147469975054, 0.0503022037446], "dmean2": [0.140286177397, 0.120586551726, 0.0803215205669, 0.0611433945596, 0.0791048109531, 0.132322773337, 0.151399508119, 0.144121140242, 0.130263462663, 0.107204265893, 0.0921317785978, 0.075003400445, 0.0771769583225, 0.0976892337203, 0.166813477874, 0.200992405415, 0.230329871178, 0.186853960156, 0.139369383454, 0.142719089985, 0.160217359662, 0.152003347874, 0.179440885782, 0.187948316336, 0.119654022157, 0.0621363371611, 0.0881147608161, 0.108946152031, 0.156569495797, 0.231710329652, 0.205964967608, 0.196651563048, 0.109002895653, 0.0814314857125, 0.0919892415404, 0.126099333167], "max": [1, 1, 1, 1, 1, 1, 1, 1, 1, 1, 1, 1, 1, 1, 1, 1, 1, 1, 1, 1, 1, 1, 1, 1, 1, 1, 1, 1, 1, 1, 1, 1, 1, 1, 1, 1], "dmean": [0.083352252841, 0.0709261670709, 0.0454724505544, 0.0336074903607, 0.0438234955072, 0.0790904685855, 0.0907600596547, 0.0833850502968, 0.0763570144773, 0.0633464828134, 0.0531869716942, 0.042619228363, 0.0431715771556, 0.0537120141089, 0.0990804880857, 0.120147332549, 0.132741823792, 0.103206582367, 0.0763021856546, 0.0769406184554, 0.0902572199702, 0.0884573459625, 0.102316215634, 0.106082677841, 0.0671653077006, 0.0344554483891, 0.0520749650896, 0.0646679401398, 0.0899031981826, 0.136581972241, 0.120876803994, 0.116247624159, 0.0598233155906, 0.0449942722917, 0.051093891263, 0.0731165334582]}, "key_strength": 0.853142142296, "chords_strength": {"dvar": 5.32388548891e-05, "mean": 0.534391999245, "min": 0.222685307264, "median": 0.539530575275, "dvar2": 5.01435133629e-05, "var": 0.00716257188469, "dmean2": 0.00668911542743, "max": 0.75967925787, "dmean": 0.00805535633117}, "tuning_equal_tempered_deviation": 0.0325765050948, "chords_key": "G", "tuning_frequency": 441.782684326, "chords_scale": "major", "chords_changes_rate": 0.0493437051773, "key_scale": "major", "tuning_diatonic_strength": 0.718998193741, "hpcp_entropy": {"dvar": 0.216383486986, "mean": 1.77617478371, "min": 0, "median": 1.77151083946, "dvar2": 0.549810171127, "var": 0.5211109519, "dmean2": 0.839415967464, "max": 4.34306812286, "dmean": 0.504824519157}, "chords_histogram": [40.0583381653, 3.62177920341, 12.4817695618, 0.0850753560662, 2.89256191254, 0.0972289741039, 0.802139043808, 0.157997086644, 0.656295597553, 0.352455019951, 0.510452091694, 0, 0, 0.0850753560662, 0, 1.87165772915, 0, 2.71025776863, 0.0972289741039, 7.06125402451, 0.0850753560662, 2.40641713142, 11.4244041443, 12.5425376892], "tuning_nontempered_energy_ratio": 0.673040747643, "key_key": "G"}, "metadata": {"version": {"extractor": "music 1.0", "essentia_build_sha": "70f2e5ece6736b2c40cc944ad0e695b16b925413", "essentia": "2.1-beta2", "essentia_git_sha": "v2.1_beta2"}, "audio_properties": {"sample_rate": 44100, "length": 382.040802002, "lossless": false, "analysis_sample_rate": 44100, "downmix": "mix", "bit_rate": 219058, "equal_loudness": 0, "md5_encoded": "52e07f17eb7a8821e06ef3c0c5e2c5d4", "codec": "mp3", "replay_gain": -9.49644851685}, "tags": {"genre": ["Rock"], "catalognumber": ["SC098"], "musicbrainz_recordingid": ["9a8f41b5-e1cd-4a64-a9da-8f39cc5c5331"], "language": ["eng"], "title": ["Leave the City"], "artist": ["Magnolia Electric Co."], "discnumber": ["1/1"], "artistsort": ["Magnolia Electric Co."], "originaldate": ["2005-01"], "musicbrainz_artistid": ["2cc97fda-63f6-4ea7-9100-7ca3e51bd881"], "tracknumber": ["8/10"], "musicbrainz_albumartistid": ["2cc97fda-63f6-4ea7-9100-7ca3e51bd881"], "musicbrainz album status": ["Official"], "date": ["2005-01-18"], "encoding": ["LAME v3.97"], "albumartistsort": ["Magnolia Electric Co."], "musicbrainz_releasegroupid": ["edeffbe8-6d99-3c02-9d28-645a87771fcb"], "media": ["CD"], "musicbrainz album release country": ["US"], "bpm": ["0"], "label": ["Secretly Canadian"], "musicbrainz album type": ["live"], "asin": ["B0006SNL3O"], "script": ["Latn"], "musicbrainz_albumid": ["c7e88c51-b732-40d0-b982-ce92c22bb4fd"], "file_name": "08 Leave the City.mp3", "album": ["Trials & Errors"], "albumartist": ["Magnolia Electric Co."]}}, "lowlevel": {"melbands": {"dvar": [2.45168666879e-06, 2.96719440485e-06, 1.29273803395e-06, 2.96012899526e-07, 6.01338712158e-08, 4.31316458105e-08, 7.07974550096e-08, 4.32199186662e-07, 1.7173130118e-07, 1.00906852651e-07, 1.7644548933e-08, 1.78630088499e-08, 5.44987388551e-09, 8.17450640511e-09, 1.20775505152e-08, 8.67210037114e-09, 8.45517789116e-09, 3.19369597435e-09, 2.51389020711e-10, 2.0054014005e-10, 3.86864013047e-10, 2.45190701076e-10, 1.38890038359e-10, 1.12640216599e-10, 6.51403445073e-11, 9.95565643813e-11, 2.7122865065e-10, 2.16309373191e-10, 2.5041088994e-11, 9.62055435316e-12, 9.12143277576e-12, 5.53996301958e-12, 3.11063349558e-12, 2.43401739736e-12, 1.61877152308e-12, 1.31237349547e-12, 1.41802010672e-12, 2.73579032692e-12, 7.18839007416e-12, 5.2340601471e-12], "mean": [0.000714335648809, 0.00160078005865, 0.000864901230671, 0.000732987187803, 0.000371204427211, 0.000193797983229, 0.000151282991283, 0.000182613817742, 0.000138716641231, 9.64036298683e-05, 8.1790596596e-05, 7.42317788536e-05, 6.26951659797e-05, 6.11206705798e-05, 5.61023698538e-05, 3.28906935465e-05, 4.25525940955e-05, 1.78769569175e-05, 1.19056967378e-05, 1.44677524077e-05, 1.81758205144e-05, 1.58929433383e-05, 1.12322277346e-05, 1.21861821754e-05, 8.75567184266e-06, 1.16821029224e-05, 1.00059742181e-05, 8.35199898575e-06, 4.25557345807e-06, 3.12638007927e-06, 2.6385282581e-06, 2.35299171436e-06, 1.86074987596e-06, 1.56583541866e-06, 1.19058347536e-06, 8.65489482749e-07, 7.56214774356e-07, 8.15077271454e-07, 8.41680559915e-07, 6.15769010892e-07], "min": [1.20989316751e-23, 2.70791020758e-24, 3.10279898837e-24, 6.59326158051e-24, 6.76254797533e-24, 7.06922317426e-24, 1.26566871006e-23, 7.56065275264e-24, 1.02455061337e-23, 8.56465890368e-24, 8.11633662947e-24, 3.26382541787e-24, 8.85995320633e-24, 1.04416879522e-23, 6.46197579879e-24, 7.11584643148e-24, 5.67828587681e-24, 2.79489040542e-24, 4.83631372785e-24, 6.84033518261e-24, 8.28395300575e-24, 1.00023586923e-23, 1.12784555913e-23, 1.02595391803e-23, 8.21243960925e-24, 6.56474741423e-24, 8.09906846425e-24, 9.14788507015e-24, 7.15648065671e-24, 7.22741266272e-24, 1.11454638979e-23, 1.03272029356e-23, 8.41672539585e-24, 8.45263039995e-24, 8.83960848359e-24, 1.08607135101e-23, 8.2736954474e-24, 5.07531215529e-24, 6.94702704232e-24, 8.34133080369e-24], "median": [0.000178488451638, 0.000590129522607, 0.000427188322647, 0.000292527081911, 0.000150336680235, 7.59568138164e-05, 4.63746000605e-05, 2.13678777072e-05, 1.68837323145e-05, 1.45007206811e-05, 1.75581517396e-05, 1.1303643987e-05, 8.48279069032e-06, 8.18892567622e-06, 8.65314359544e-06, 5.18817205375e-06, 7.33401429898e-06, 3.30702437168e-06, 3.38660743182e-06, 4.12363397118e-06, 4.43640237791e-06, 3.5496577766e-06, 2.06377740142e-06, 1.62653441294e-06, 1.2360526398e-06, 1.0825415302e-06, 8.60212480802e-07, 7.8305754414e-07, 4.66879356509e-07, 3.2899248481e-07, 2.96355551654e-07, 2.61491550191e-07, 1.86017516057e-07, 2.01921992016e-07, 1.77723293859e-07, 1.25088092773e-07, 1.45505566707e-07, 1.31302115847e-07, 1.57715618343e-07, 1.13012319503e-07], "dvar2": [5.4142060435e-06, 8.37227526063e-06, 3.17036483466e-06, 7.2971482723e-07, 1.26614651208e-07, 1.13565064908e-07, 1.36524960226e-07, 9.51148365402e-07, 3.58248883003e-07, 1.9750426361e-07, 2.79978689122e-08, 2.71930495899e-08, 1.03979278521e-08, 1.38475888534e-08, 1.73178502649e-08, 1.75910681577e-08, 1.4587267394e-08, 5.95494897837e-09, 5.33185662288e-10, 4.87851536946e-10, 8.73496608378e-10, 4.77676287414e-10, 3.0033747711e-10, 2.45563097634e-10, 1.4478268584e-10, 1.791795462e-10, 4.35306068969e-10, 3.04573311016e-10, 3.80781205178e-11, 2.0250676136e-11, 1.99828886077e-11, 1.1075209326e-11, 6.04831939741e-12, 4.76321803181e-12, 3.25657729949e-12, 2.85109566164e-12, 3.22923914171e-12, 5.82216523257e-12, 1.44000531985e-11, 1.06699692484e-11], "var": [3.25808741763e-06, 6.78704191159e-06, 1.8726707367e-06, 1.30235639517e-06, 3.77651275585e-07, 1.59034726721e-07, 2.24420119821e-07, 9.97421125248e-07, 5.28829730229e-07, 3.08792664327e-07, 8.2298257098e-08, 1.17396659505e-07, 2.44442208697e-08, 6.22136795414e-08, 6.92034234362e-08, 3.24165796428e-08, 4.94387926153e-08, 1.09165192441e-08, 6.3996657973e-10, 7.08275882388e-10, 1.52704926482e-09, 1.06701214531e-09, 6.40257014073e-10, 7.89505794074e-10, 4.50651987949e-10, 8.33080660012e-10, 1.13105358412e-09, 1.11769238309e-09, 1.52481582916e-10, 5.51291998163e-11, 3.47425178904e-11, 2.60440349842e-11, 1.6621046553e-11, 1.24940951682e-11, 7.26588971281e-12, 4.34961051551e-12, 3.85493026389e-12, 7.60316809512e-12, 1.62939575027e-11, 9.53536728743e-12], "dmean2": [0.000816055166069, 0.00133530795574, 0.000735090929084, 0.000375137751689, 0.000178270289325, 0.000124618527479, 9.81810662779e-05, 0.000135056252475, 9.30624955799e-05, 6.49454668746e-05, 4.05461541959e-05, 3.49272522726e-05, 3.26829540427e-05, 3.03220258502e-05, 2.8873926567e-05, 2.11139413295e-05, 2.60861270363e-05, 1.23568524941e-05, 8.13299629954e-06, 9.20212096389e-06, 1.18986799862e-05, 9.15451528272e-06, 6.75099090586e-06, 6.26495830147e-06, 4.23972733188e-06, 5.01287149746e-06, 5.08358925799e-06, 4.07926654589e-06, 2.15067984755e-06, 1.66380345945e-06, 1.47077548718e-06, 1.26221368646e-06, 9.86858026408e-07, 8.62370768573e-07, 6.98126996213e-07, 5.62503771562e-07, 5.34498838078e-07, 6.2133284473e-07, 6.7794280767e-07, 5.02476780184e-07], "max": [0.0411034747958, 0.0365504361689, 0.0219474956393, 0.0215260311961, 0.00906011648476, 0.0109835509211, 0.0128965685144, 0.0363155044615, 0.0276314970106, 0.0192923303694, 0.00960229896009, 0.00897097680718, 0.00288441497833, 0.00833562482148, 0.00814849790186, 0.00778966303915, 0.00777435861528, 0.00488737365231, 0.000860369007569, 0.000459410483018, 0.000779679510742, 0.000939486490097, 0.000414550333517, 0.000360022735549, 0.000349518610165, 0.000367215485312, 0.000783391355071, 0.00154512014706, 0.000463290722109, 0.000133700174047, 0.000103047685116, 7.71003615228e-05, 4.89584017487e-05, 4.86123681185e-05, 5.27930787939e-05, 5.38280910405e-05, 4.76957393403e-05, 7.69962280174e-05, 0.000137006107252, 0.00013834539277], "dmean": [0.000487257901113, 0.000778927467763, 0.000450177438324, 0.000237587461015, 0.000118398893392, 7.77197419666e-05, 6.61028607283e-05, 9.3643553555e-05, 6.36479453533e-05, 4.57545866084e-05, 3.05394532916e-05, 2.6439447538e-05, 2.28863591474e-05, 2.16862390516e-05, 2.21911395784e-05, 1.48169492604e-05, 1.84758810065e-05, 8.18349781184e-06, 5.30732040716e-06, 5.86925671087e-06, 7.76978231443e-06, 6.16895658823e-06, 4.53349639429e-06, 4.3174345592e-06, 2.92875552077e-06, 3.7337251797e-06, 3.84895793104e-06, 3.16841942549e-06, 1.57123565714e-06, 1.17888748719e-06, 1.05025333141e-06, 9.07466755962e-07, 7.20612263194e-07, 6.25932102594e-07, 4.97427720347e-07, 3.91993836502e-07, 3.60691103651e-07, 4.14376415847e-07, 4.56552101014e-07, 3.44175191458e-07]}, "spectral_decrease": {"dvar": 6.80578317255e-18, "mean": -4.65206495548e-09, "min": -6.11991595179e-08, "median": -3.09060577131e-09, "dvar2": 1.53320821669e-17, "var": 2.6323449697e-17, "dmean2": 2.11787076765e-09, "max": 1.2971774936e-28, "dmean": 1.34956024134e-09}, "spectral_rolloff": {"dvar": 668523.5, "mean": 1227.39099121, "min": 86.1328125, "median": 645.99609375, "dvar2": 1461689.625, "var": 2292805.25, "dmean2": 567.151855469, "max": 19293.75, "dmean": 347.542419434}, "melbands_crest": {"dvar": 7.36918401718, "mean": 16.0763225555, "min": 2.31303453445, "median": 15.4674072266, "dvar2": 19.4813899994, "var": 34.3435745239, "dmean2": 4.59736633301, "max": 31.7650585175, "dmean": 2.78849053383}, "barkbands_skewness": {"dvar": 0.477019697428, "mean": 2.36288523674, "min": -3.43460583687, "median": 1.93058049679, "dvar2": 1.10521924496, "var": 4.20669698715, "dmean2": 0.886197090149, "max": 16.1134548187, "dmean": 0.570444941521}, "spectral_centroid": {"dvar": 66761.875, "mean": 1091.0234375, "min": 102.469436646, "median": 848.522766113, "dvar2": 122553, "var": 613007.8125, "dmean2": 250.938049316, "max": 10870.6884766, "dmean": 177.295852661}, "spectral_energyband_middle_low": {"dvar": 3.46790984622e-05, "mean": 0.00841338839382, "min": 3.1390789854e-22, "median": 0.00487825879827, "dvar2": 7.66637240304e-05, "var": 0.000127360020997, "dmean2": 0.00371328135952, "max": 0.226971045136, "dmean": 0.00246385205537}, "erbbands_crest": {"dvar": 3.91373538971, "mean": 9.6596622467, "min": 2.16093111038, "median": 8.29904747009, "dvar2": 9.00030612946, "var": 24.4620628357, "dmean2": 2.89949536324, "max": 30.4415550232, "dmean": 1.8884087801}, "dynamic_complexity": 5.31429290771, "spectral_energyband_low": {"dvar": 6.48105415166e-05, "mean": 0.00733731966466, "min": 4.05524329738e-23, "median": 0.00338262529112, "dvar2": 0.000156804831931, "var": 0.000127906052512, "dmean2": 0.00607020966709, "max": 0.172904089093, "dmean": 0.00363600603305}, "silence_rate_60dB": {"dvar": 0.0298071596771, "mean": 0.172713458538, "min": 0, "median": 0, "dvar2": 0.0678145587444, "var": 0.142883807421, "dmean2": 0.0615085400641, "max": 1, "dmean": 0.0307523999363}, "erbbands_kurtosis": {"dvar": 4.78894996643, "mean": 1.73679578304, "min": -1.80711460114, "median": 0.0423512458801, "dvar2": 9.94967460632, "var": 28.120010376, "dmean2": 1.58141195774, "max": 74.3123931885, "dmean": 1.05661356449}, "spectral_complexity": {"dvar": 4.44053030014, "mean": 11.6570644379, "min": 0, "median": 11, "dvar2": 9.20386695862, "var": 57.5428314209, "dmean2": 2.68413066864, "max": 50, "dmean": 1.7379360199}, "barkbands_crest": {"dvar": 4.4965596199, "mean": 10.6269922256, "min": 2.25954866409, "median": 10.0039844513, "dvar2": 11.7605075836, "var": 18.7353477478, "dmean2": 3.51059937477, "max": 26.0729198456, "dmean": 2.13497328758}, "spectral_energy": {"dvar": 0.000102907746623, "mean": 0.0187665037811, "min": 1.04567883655e-20, "median": 0.0125936521217, "dvar2": 0.00022949288541, "var": 0.000425348029239, "dmean2": 0.00825228448957, "max": 0.245833665133, "dmean": 0.00529473368078}, "spectral_spread": {"dvar": 632228020224, "mean": 4925097, "min": 848625.875, "median": 4632041, "dvar2": 1048128978940.0, "var": 3426629451780.0, "dmean2": 726316.0625, "max": 49391676, "dmean": 492224.0625}, "spectral_contrast_valleys": {"dvar": [0.14705657959, 0.110746815801, 0.13471840322, 0.120641924441, 0.100741669536, 0.111717179418], "mean": [-7.66586780548, -7.65620326996, -8.49862098694, -8.93023586273, -8.76303863525, -10.7733125687], "min": [-27.0916233063, -27.3807353973, -27.3104782104, -27.4105567932, -27.2706394196, -27.2166900635], "median": [-7.46631717682, -7.44673061371, -8.30168819427, -8.76712608337, -8.54280853271, -10.6116504669], "dvar2": [0.319890797138, 0.220261305571, 0.264998346567, 0.225773409009, 0.15526008606, 0.172327533364], "var": [1.38093388081, 1.287353158, 1.60344910622, 1.55438494682, 1.68945538998, 1.71313691139], "dmean2": [0.674195408821, 0.53795671463, 0.546286761761, 0.471330970526, 0.359730601311, 0.300060302019], "max": [-5.01380348206, -5.33310174942, -5.42887306213, -5.5455083847, -5.94057750702, -7.52040672302], "dmean": [0.413512408733, 0.333348631859, 0.350776970387, 0.309967041016, 0.255213230848, 0.22337731719]}, "spectral_rms": {"dvar": 5.49000787942e-07, "mean": 0.00371917337179, "min": 3.19401709942e-12, "median": 0.00350520899519, "dvar2": 1.18642742564e-06, "var": 4.47657430414e-06, "dmean2": 0.000816111220047, "max": 0.0154866948724, "dmean": 0.000530234538019}, "barkbands_spread": {"dvar": 34.6977920532, "mean": 18.054309845, "min": 0.33506333828, "median": 13.9677591324, "dvar2": 72.3192062378, "var": 219.057571411, "dmean2": 5.86888360977, "max": 112.493682861, "dmean": 3.94651126862}, "pitch_salience": {"dvar": 0.00349454116076, "mean": 0.507266402245, "min": 0.0818154364824, "median": 0.512697517872, "dvar2": 0.00911803171039, "var": 0.0177098438144, "dmean2": 0.100750178099, "max": 0.904737889767, "dmean": 0.062356762588}, "erbbands_skewness": {"dvar": 0.120139762759, "mean": 0.545041561127, "min": -3.44734883308, "median": 0.30308791995, "dvar2": 0.249154135585, "var": 1.31705868244, "dmean2": 0.434589326382, "max": 7.29935693741, "dmean": 0.296457320452}, "spectral_energyband_middle_high": {"dvar": 4.34619050793e-06, "mean": 0.0035600583069, "min": 1.41029043782e-21, "median": 0.00126551336143, "dvar2": 6.52251765132e-06, "var": 5.23584058101e-05, "dmean2": 0.00107002421282, "max": 0.12635602057, "dmean": 0.000812872836832}, "erbbands": {"dvar": [0.0362558737397, 1.80054891109, 12.0511398315, 51.5487174988, 46.9721488953, 77.4494247437, 51.6861572266, 90.695274353, 260.783203125, 3266.28344727, 3033.78515625, 3036.42602539, 702.586791992, 961.78503418, 411.228302002, 2439.4934082, 1297.45019531, 2144.01342773, 809.456665039, 98.0415878296, 234.976898193, 150.251968384, 67.0543746948, 87.8960037231, 211.764358521, 440.294128418, 38.4703445435, 22.2998085022, 13.6226644516, 7.70095682144, 4.1159901619, 3.4420466423, 6.56514549255, 7.24874544144, 0.907593131065, 0.084436327219, 0.00730457622558, 0.000238673339481, 5.46337150809e-06, 1.69470428801e-08], "mean": [0.0600133016706, 0.857348799706, 3.37947964668, 4.67956495285, 7.89054298401, 11.4506387711, 9.70444965363, 8.34106731415, 9.52459526062, 17.0235824585, 17.4149570465, 15.9614419937, 16.980796814, 18.8110160828, 17.4394607544, 29.650894165, 15.7082939148, 22.8950481415, 11.3702573776, 10.0442829132, 15.011847496, 14.3527050018, 11.5443487167, 12.1559791565, 15.5189857483, 13.4703569412, 6.46818113327, 4.66986656189, 3.99718308449, 2.96110653877, 1.94646441936, 1.31119835377, 1.1867057085, 0.798204004765, 0.319309949875, 0.112139455974, 0.0284643936902, 0.00559805613011, 0.000814540602732, 5.42982306797e-05], "min": [1.21998881373e-21, 4.65093406569e-21, 2.41912988914e-21, 6.19866815555e-21, 3.83150253605e-20, 8.40857720864e-20, 1.925997257e-19, 2.95804052199e-19, 7.30108175935e-19, 6.87228890739e-19, 1.05780776972e-18, 1.29094345549e-18, 1.71614810135e-18, 9.83146137435e-19, 2.74738031574e-18, 3.18160236765e-18, 2.92735744624e-18, 3.15392924705e-18, 2.05710429842e-18, 4.14800016563e-18, 7.05595815856e-18, 1.00619109979e-17, 1.45878429544e-17, 1.02859685832e-17, 1.04923931594e-17, 1.37118917729e-17, 1.29727388939e-17, 2.00443233214e-17, 1.97502887378e-17, 1.62788284283e-17, 1.71745161391e-17, 1.47336864769e-17, 8.48738097369e-18, 9.31284270493e-18, 7.90810473636e-18, 5.51324108714e-18, 3.45671519476e-18, 1.04105477737e-18, 2.7381405015e-19, 2.6938845939e-20], "median": [0.011082528159, 0.222598537803, 1.22656702995, 2.13274979591, 2.79646706581, 4.48019504547, 3.62909007072, 3.29581451416, 3.1752884388, 2.12795329094, 2.31523609161, 2.40360164642, 3.80764579773, 3.42082619667, 3.80320119858, 4.33515262604, 3.86540865898, 4.56692075729, 2.63461923599, 3.00577902794, 4.16817378998, 3.55986261368, 2.32237648964, 1.80219614506, 1.50965046883, 1.29281294346, 0.789855957031, 0.555469632149, 0.436333268881, 0.359499275684, 0.290104717016, 0.235588788986, 0.205767765641, 0.153825461864, 0.0540658272803, 0.0111259324476, 0.00202705105767, 0.000336085155141, 3.13720520353e-05, 1.97540030058e-05], "dvar2": [0.0807480737567, 4.65697908401, 35.739906311, 126.051040649, 121.917015076, 183.031784058, 106.145858765, 239.432281494, 506.396820068, 7077.57763672, 6284.64160156, 6073.92138672, 1122.15368652, 1443.11352539, 811.252990723, 3556.58642578, 2592.15356445, 3718.26220703, 1485.30810547, 229.922073364, 539.756530762, 293.138641357, 142.196090698, 192.947875977, 367.034851074, 634.082946777, 61.7681770325, 48.1144065857, 26.4919567108, 14.5054101944, 8.0843000412, 7.50948429108, 13.4192714691, 14.2494058609, 2.11169862747, 0.196822956204, 0.0179774798453, 0.000591320043895, 1.24374219013e-05, 3.90082206536e-08], "var": [0.0405838377774, 2.81238675117, 29.9794750214, 68.0487518311, 163.86882019, 393.514678955, 343.063446045, 321.223114014, 800.993774414, 8030.63476562, 8537.54003906, 9133.16015625, 3278.24267578, 6590.27880859, 1693.93969727, 20784.21875, 4449.58496094, 15214.9257812, 2681.01708984, 354.87310791, 934.379821777, 725.43536377, 442.389404297, 683.585754395, 1343.91784668, 2295.48168945, 264.652801514, 101.02255249, 71.8949050903, 42.5395698547, 18.6760406494, 10.7157011032, 17.8402061462, 14.7988777161, 1.32593500614, 0.112238451838, 0.00787350907922, 0.000268681527814, 7.08457537257e-06, 2.02368077851e-08], "dmean2": [0.0857961326838, 0.842948317528, 2.8536734581, 4.59558486938, 4.52985477448, 6.0908780098, 4.71905088425, 5.60545873642, 6.22969102859, 11.9818611145, 11.5521640778, 10.8359661102, 8.16532421112, 8.35716724396, 8.76862716675, 13.5889024734, 9.19707775116, 13.1367864609, 7.35429000854, 6.0071978569, 9.32458114624, 7.4707198143, 5.68838787079, 5.33040475845, 6.70065164566, 6.27259635925, 3.04091525078, 2.38475513458, 2.00938940048, 1.51649153233, 1.09068179131, 0.848645567894, 0.870954275131, 0.613461434841, 0.253384023905, 0.122126936913, 0.0400291308761, 0.00757626071572, 0.001012414461, 4.92833860335e-05], "max": [5.37755584717, 29.9929199219, 78.0723953247, 150.706588745, 223.995132446, 356.707794189, 283.307891846, 526.539794922, 830.498352051, 3291.66455078, 4229.63623047, 3562.24926758, 1922.56799316, 2043.5357666, 803.544555664, 4682.52050781, 2881.28540039, 4288.17578125, 2699.19897461, 346.490722656, 647.35144043, 631.040283203, 219.821548462, 386.024536133, 588.938232422, 1742.07385254, 506.52532959, 164.163360596, 98.3302001953, 83.4988174438, 71.8294754028, 69.7357559204, 104.480712891, 164.724838257, 61.494354248, 12.9565010071, 2.07578086853, 0.441340357065, 0.0707722529769, 0.00455992203206], "dmean": [0.0517608039081, 0.491915881634, 1.64735901356, 2.78235697746, 2.85515737534, 3.88105106354, 3.14935302734, 3.45853757858, 4.18330287933, 8.3932352066, 7.86288976669, 7.53448438644, 6.17094659805, 6.30747365952, 6.15947580338, 10.2235937119, 6.55318880081, 9.33488941193, 4.88766527176, 3.93050456047, 6.0781712532, 5.08988761902, 3.94741344452, 3.75858855247, 5.04534864426, 4.93578004837, 2.27195334435, 1.74227035046, 1.47893095016, 1.12724494934, 0.791243612766, 0.584317564964, 0.589336752892, 0.42197445035, 0.178237751126, 0.0830913558602, 0.0254602823406, 0.00482728146017, 0.000665683532134, 3.27963462041e-05]}, "dissonance": {"dvar": 0.00047525120317, "mean": 0.442953675985, "min": 0.141766667366, "median": 0.457537710667, "dvar2": 0.00127058080398, "var": 0.00224268203601, "dmean2": 0.0360424667597, "max": 0.500000119209, "dmean": 0.021631674841}, "erbbands_flatness_db": {"dvar": 0.000270623597316, "mean": 0.160807147622, "min": 0.045076943934, "median": 0.154898375273, "dvar2": 0.000465254648589, "var": 0.0027461706195, "dmean2": 0.0193555355072, "max": 0.398717582226, "dmean": 0.0140028502792}, "melbands_kurtosis": {"dvar": 671.80291748, "mean": 32.4634094238, "min": -1.68671739101, "median": 12.6210842133, "dvar2": 1600.55810547, "var": 4004.80810547, "dmean2": 19.0011959076, "max": 777.096679688, "dmean": 11.9481458664}, "melbands_spread": {"dvar": 75.4421539307, "mean": 18.8631782532, "min": 0.274944484234, "median": 12.1740598679, "dvar2": 164.168243408, "var": 405.734588623, "dmean2": 7.40862846375, "max": 234.387710571, "dmean": 4.90932893753}, "melbands_skewness": {"dvar": 0.838848114014, "mean": 3.50510644913, "min": -1.99190509319, "median": 2.96943712234, "dvar2": 1.95885694027, "var": 6.47891759872, "dmean2": 1.16333222389, "max": 19.2880992889, "dmean": 0.73925447464}, "spectral_entropy": {"dvar": 0.0339671745896, "mean": 7.08335733414, "min": 4.45407056808, "median": 7.12788724899, "dvar2": 0.0618966408074, "var": 0.436448812485, "dmean2": 0.22593331337, "max": 9.81350898743, "dmean": 0.161405205727}, "zerocrossingrate": {"dvar": 0.000121229939396, "mean": 0.0441139489412, "min": 0.00341796875, "median": 0.03662109375, "dvar2": 0.000126481245388, "var": 0.00118771835696, "dmean2": 0.00840423628688, "max": 0.52685546875, "dmean": 0.00712776649743}, "average_loudness": 0.374931126833, "spectral_contrast_coeffs": {"dvar": [0.00143928010948, 0.00118403125089, 0.000979025266133, 0.00071023410419, 0.000527612166479, 0.000245539093157], "mean": [-0.618128359318, -0.708298623562, -0.725513875484, -0.744875371456, -0.764562606812, -0.796361505985], "min": [-0.978046774864, -0.955913543701, -0.967561542988, -0.965934455395, -0.961308896542, -0.961901545525], "median": [-0.622844815254, -0.715947985649, -0.726922094822, -0.744017124176, -0.78107470274, -0.811743140221], "dvar2": [0.00371646787971, 0.00290363677777, 0.00217092549428, 0.00153893791139, 0.0010023395298, 0.000500717724208], "var": [0.00683551421389, 0.00714739551768, 0.00798685289919, 0.00664921291173, 0.00720870029181, 0.00348054850474], "dmean2": [0.0749357789755, 0.0638012513518, 0.0551175586879, 0.0449368692935, 0.033524684608, 0.022838210687], "max": [-0.313325881958, -0.296418368816, -0.372334241867, -0.43032798171, -0.491682887077, -0.590097784996], "dmean": [0.0452768690884, 0.0392369106412, 0.0351633578539, 0.029043128714, 0.0227070264518, 0.0152315581217]}, "barkbands_flatness_db": {"dvar": 0.000380447541829, "mean": 0.16945721209, "min": 0.0160914212465, "median": 0.157008379698, "dvar2": 0.000834478938486, "var": 0.00601763278246, "dmean2": 0.0284994654357, "max": 0.485364079475, "dmean": 0.0189329404384}, "silence_rate_30dB": {"dvar": 0.0055595934391, "mean": 0.993436634541, "min": 0, "median": 1, "dvar2": 0.0136094596237, "var": 0.00652182055637, "dmean2": 0.0111833708361, "max": 1, "dmean": 0.0055913454853}, "spectral_energyband_high": {"dvar": 3.20481234439e-07, "mean": 0.000561914523132, "min": 7.47506317458e-21, "median": 9.81034172582e-05, "dvar2": 5.58704016385e-07, "var": 1.53780388246e-06, "dmean2": 0.000265353184659, "max": 0.0365379005671, "dmean": 0.000205135918804}, "melbands_flatness_db": {"dvar": 0.000552112003788, "mean": 0.246696785092, "min": 0.00531158177182, "median": 0.237186253071, "dvar2": 0.0012072075624, "var": 0.0105220424011, "dmean2": 0.0346190333366, "max": 0.628668785095, "dmean": 0.0230929777026}, "barkbands": {"dvar": [5.61070976346e-07, 3.39460566465e-05, 9.03434920474e-06, 8.94122786121e-06, 4.32850856669e-06, 1.06461288851e-06, 3.20746403304e-06, 9.68721724348e-06, 4.05568471251e-06, 9.63575530477e-07, 3.45142950664e-07, 1.08588335479e-06, 7.02221996107e-07, 9.97394181468e-07, 1.8019831316e-07, 5.7237709683e-08, 7.80006246259e-08, 3.02882732228e-08, 5.25739061175e-08, 1.78371536208e-07, 1.50519436914e-08, 1.04150439384e-08, 5.55584822592e-09, 1.44789931156e-08, 3.38009016332e-08, 2.80849810075e-09, 1.50366830098e-10], "mean": [0.000197850342374, 0.00329203251749, 0.00286487513222, 0.0015191930579, 0.00324861891568, 0.00112677027937, 0.000803164031822, 0.000829559285194, 0.00065456237644, 0.00059056043392, 0.000435883499449, 0.000598508515395, 0.000270139338681, 0.000412978843087, 0.000197452245629, 0.000211794744246, 0.00029999949038, 0.000218845088966, 0.000275991042145, 0.000252378900768, 0.000134068730404, 0.000110150693217, 7.31302498025e-05, 6.70022564009e-05, 5.77076243644e-05, 1.90143437067e-05, 4.23494884672e-06], "min": [5.87636175036e-24, 3.3659899654e-23, 1.60654718235e-24, 3.31842977808e-24, 3.90378011032e-23, 3.22658341286e-23, 6.71308197895e-23, 4.21742836633e-23, 5.97693591486e-23, 2.70777136806e-23, 6.09290477882e-23, 7.54696286049e-23, 6.62680079076e-23, 4.49493259339e-23, 5.23288798886e-23, 1.08339556638e-22, 1.88604765349e-22, 2.54310757193e-22, 1.93097170432e-22, 3.09551972704e-22, 4.13276427989e-22, 5.19644867349e-22, 5.39897413275e-22, 6.31372916051e-22, 1.02957642095e-21, 1.67355116908e-21, 1.86778331472e-21], "median": [7.39414417694e-06, 0.000855457270518, 0.00116089684889, 0.000531396479346, 0.00149797764607, 0.000430748128565, 0.000179992435733, 8.98042490007e-05, 9.03479522094e-05, 0.000100870900496, 4.66736819362e-05, 6.68649518047e-05, 4.03689373343e-05, 7.06913269823e-05, 5.01321119373e-05, 5.41638364666e-05, 6.52144226478e-05, 3.58368561137e-05, 3.13038253807e-05, 2.49972035817e-05, 1.53343717102e-05, 1.20590220831e-05, 1.0415054021e-05, 1.19296937555e-05, 1.09636548586e-05, 1.55899613219e-06, 1.29459067466e-07], "dvar2": [1.44567195548e-06, 7.95865416876e-05, 2.76567006949e-05, 2.13808507397e-05, 1.05279304989e-05, 2.68128292191e-06, 6.32983983451e-06, 2.1171374101e-05, 8.12790676719e-06, 1.51466349507e-06, 6.0524212131e-07, 1.58937541528e-06, 1.33355388243e-06, 1.71847830188e-06, 3.36135002499e-07, 1.35816137004e-07, 1.61515231412e-07, 6.5526087667e-08, 9.85098509432e-08, 2.47621898097e-07, 3.07366576635e-08, 2.00359515645e-08, 1.08190709724e-08, 3.02644203032e-08, 6.96775259712e-08, 6.71378463935e-09, 3.4342878541e-10], "var": [6.06969877026e-07, 5.02196198795e-05, 1.93935265997e-05, 1.0602842849e-05, 2.21065438382e-05, 4.73837826576e-06, 9.854840755e-06, 2.24791037908e-05, 1.20268141472e-05, 5.13828445037e-06, 1.40191616538e-06, 8.67315884534e-06, 1.82658243375e-06, 4.9154300541e-06, 3.25538366042e-07, 1.98992950118e-07, 3.53033470901e-07, 1.93189308106e-07, 3.95411916543e-07, 8.9875914e-07, 9.15092854825e-08, 5.66929756474e-08, 2.68083297783e-08, 4.14783549729e-08, 6.31701482234e-08, 3.31776273121e-09, 1.91475654776e-10], "dmean2": [0.000334861601004, 0.00336553808302, 0.00263315276243, 0.00165544066112, 0.00152395269834, 0.000652175047435, 0.000519204186276, 0.000627816014457, 0.000447296974016, 0.000288267590804, 0.000235017796513, 0.000291180534987, 0.000196680543013, 0.000259691587416, 0.000141225085827, 0.000149540472194, 0.000169484948856, 0.000115356742754, 0.000121480145026, 0.000125679565826, 6.76441632095e-05, 5.51769262529e-05, 4.02499681513e-05, 4.62435746158e-05, 4.34101311839e-05, 2.39544770011e-05, 5.41745976079e-06], "max": [0.0161762312055, 0.129172071815, 0.0594716332853, 0.058440759778, 0.0751700177789, 0.0523854978383, 0.0873963609338, 0.221996903419, 0.125618755817, 0.0528995878994, 0.0421994738281, 0.0921844094992, 0.0612931884825, 0.0763876736164, 0.0397200472653, 0.00936714280397, 0.0122979870066, 0.0048916595988, 0.00921081751585, 0.0327609181404, 0.00382346007973, 0.0027777000796, 0.00247395690531, 0.00471707386896, 0.0111391823739, 0.00178223405965, 0.000349750189343], "dmean": [0.000196435823455, 0.00199255067855, 0.00151404889766, 0.00103089306504, 0.000969860586338, 0.000414147158153, 0.000358230085112, 0.000420833064709, 0.00031369322096, 0.000217862601858, 0.000165164470673, 0.000217425724259, 0.000137169437949, 0.000183410447789, 9.26430584514e-05, 9.55659634201e-05, 0.000114339280117, 7.8849188867e-05, 8.88689464773e-05, 9.7207732324e-05, 4.89236845169e-05, 4.0784398152e-05, 2.93773846352e-05, 3.14614626404e-05, 3.06145157083e-05, 1.57217455126e-05, 3.54473263542e-06]}, "erbbands_spread": {"dvar": 80.8355255127, "mean": 39.5321121216, "min": 1.67511892319, "median": 37.0340881348, "dvar2": 168.784118652, "var": 436.115570068, "dmean2": 9.88891601562, "max": 181.651275635, "dmean": 6.61552715302}, "barkbands_kurtosis": {"dvar": 140.321762085, "mean": 14.041138649, "min": -1.95283722878, "median": 4.33245849609, "dvar2": 330.262542725, "var": 839.315673828, "dmean2": 8.65625762939, "max": 396.04901123, "dmean": 5.4880194664}, "spectral_flux": {"dvar": 0.0006036204868, "mean": 0.049940854311, "min": 1.02258437829e-10, "median": 0.0400909520686, "dvar2": 0.00148981937673, "var": 0.00165979249869, "dmean2": 0.0274347960949, "max": 0.345572948456, "dmean": 0.0173167642206}, "silence_rate_20dB": {"dvar": 0, "mean": 1, "min": 1, "median": 1, "dvar2": 0, "var": 0, "dmean2": 0, "max": 1, "dmean": 0}, "gfcc": {"cov": [[14695.8183594, -2163.35302734, -2513.73193359, 541.717163086, -796.129638672, 153.299636841, 166.781692505, 238.146896362, -428.575622559, 201.350326538, -59.1694488525, 144.136367798, -147.365829468], [-2163.35302734, 1766.83349609, 183.991287231, -152.093521118, 302.438293457, -136.769424438, -53.0720710754, -64.0602645874, 128.361495972, -157.287780762, 162.166046143, -51.146774292, 150.351165771], [-2513.73193359, 183.991287231, 1586.9329834, 104.752403259, 98.4966888428, 62.3919677734, -91.2791137695, 15.4645843506, 79.9133758545, 103.919410706, -7.21054077148, 5.40387296677, 11.0205793381], [541.717163086, -152.093521118, 104.752403259, 728.514892578, 91.3213577271, 33.914226532, 8.62969303131, -25.9807548523, -30.696844101, 35.6135253906, 73.5992584229, 63.7913513184, 36.5390968323], [-796.129638672, 302.438293457, 98.4966888428, 91.3213577271, 362.556213379, -24.8187332153, 25.9727687836, -17.2620258331, 51.9680786133, -17.0095043182, 29.577583313, 39.4817962646, 41.365234375], [153.299636841, -136.769424438, 62.3919677734, 33.914226532, -24.8187332153, 309.236419678, 73.3035736084, 54.6267166138, 2.12834620476, 33.1506690979, 34.0850715637, -8.38365459442, 14.8571453094], [166.781692505, -53.0720710754, -91.2791137695, 8.62969303131, 25.9727687836, 73.3035736084, 201.729034424, 52.2471046448, 10.9644069672, 2.41346526146, 19.7430458069, 20.6744441986, -19.9734420776], [238.146896362, -64.0602645874, 15.4645843506, -25.9807548523, -17.2620258331, 54.6267166138, 52.2471046448, 128.821029663, 33.3165283203, 25.3256072998, 3.85235786438, 7.63708639145, 7.91797828674], [-428.575622559, 128.361495972, 79.9133758545, -30.696844101, 51.9680786133, 2.12834620476, 10.9644069672, 33.3165283203, 110.924285889, 16.6800403595, 13.269534111, -11.8754339218, 19.6230449677], [201.350326538, -157.287780762, 103.919410706, 35.6135253906, -17.0095043182, 33.1506690979, 2.41346526146, 25.3256072998, 16.6800403595, 108.243766785, 18.049243927, 8.99364566803, -16.9216461182], [-59.1694488525, 162.166046143, -7.21054077148, 73.5992584229, 29.577583313, 34.0850715637, 19.7430458069, 3.85235786438, 13.269534111, 18.049243927, 119.613739014, 22.4613990784, 20.7713832855], [144.136367798, -51.146774292, 5.40387296677, 63.7913513184, 39.4817962646, -8.38365459442, 20.6744441986, 7.63708639145, -11.8754339218, 8.99364566803, 22.4613990784, 85.0273361206, 14.4193429947], [-147.365829468, 150.351165771, 11.0205793381, 36.5390968323, 41.365234375, 14.8571453094, -19.9734420776, 7.91797828674, 19.6230449677, -16.9216461182, 20.7713832855, 14.4193429947, 83.6983718872]], "mean": [-65.1196670532, 98.6596450806, -98.5563659668, 34.1971206665, -50.8326377869, 14.712726593, -41.7453155518, 3.36999964714, -28.4026260376, -5.63116359711, -14.9813566208, -4.56054878235, -8.91143321991], "icov": [[0.000156453970703, 9.96408653009e-06, 0.00026258645812, -0.000157476199092, 0.000208378231036, -3.4914137359e-05, 6.81277015246e-05, -0.000342723040376, 0.000366047024727, -0.000414622511016, 0.000184805336175, -0.000208447905607, 6.40339276288e-05], [9.96408653009e-06, 0.00152819207869, -0.000292294163955, 0.000522057933267, -0.000813187041786, 0.000796440755948, -0.00011912289483, 0.000334141572239, -0.000571035547182, 0.00196934957057, -0.00266148662195, 0.00170771195553, -0.00181822874583], [0.00026258645812, -0.000292294163955, 0.00125658733305, -0.000464298500447, 0.000298632599879, -0.000474521075375, 0.000639955862425, -0.000645097519737, 0.000235379848164, -0.00169528252445, 0.00113942066673, -0.000832556921523, 0.000637748511508], [-0.000157476199092, 0.000522057933267, -0.000464298500447, 0.00201101624407, -0.000813813938294, 0.000229226396186, -0.000223230919801, 0.00087327969959, 0.000211663704249, 0.000483248062665, -0.00180021650158, 0.000159114410053, -0.00133879925124], [0.000208378231036, -0.000813187041786, 0.000298632599879, -0.000813813938294, 0.00437385495752, -0.000163956632605, -0.00065453525167, 0.000506695592776, -0.00117505970411, -0.000808163313195, 0.00153489538934, -0.00266803358681, -2.22669291361e-06], [-3.4914137359e-05, 0.000796440755948, -0.000474521075375, 0.000229226396186, -0.000163956632605, 0.00469163618982, -0.00179986795411, -0.00084880500799, 0.000807499571238, 7.7549730122e-06, -0.00235834950581, 0.00263985805213, -0.00268800137565], [6.81277015246e-05, -0.00011912289483, 0.000639955862425, -0.000223230919801, -0.00065453525167, -0.00179986795411, 0.00727736251429, -0.00269438629039, -0.000715714879334, 0.00103646132629, -0.000395818526158, -0.00221746787429, 0.00383922853507], [-0.000342723040376, 0.000334141572239, -0.000645097519737, 0.00087327969959, 0.000506695592776, -0.00084880500799, -0.00269438629039, 0.01168058