{"tonal": {"hpcp": {"dvar": [0.0185538623482, 0.0160134937614, 0.0104318093508, 0.0108502535149, 0.0126243280247, 0.0170681085438, 0.0274032596499, 0.0206783320755, 0.0197104196995, 0.0152061628178, 0.0111201060936, 0.0108477063477, 0.0210787151009, 0.0144804017618, 0.018888425082, 0.0241610594094, 0.0158835947514, 0.0101344306022, 0.00854443944991, 0.0123900705948, 0.0196499414742, 0.0282590333372, 0.0216668583453, 0.0481280647218, 0.0209212601185, 0.00436560017988, 0.00715206796303, 0.0096946619451, 0.0135228727013, 0.0242565013468, 0.0313851386309, 0.0215907562524, 0.0203569512814, 0.0171798150986, 0.0170807242393, 0.0208936240524], "var": [0.126015558839, 0.0203703008592, 0.00625958805904, 0.00725195137784, 0.0129693234339, 0.0477028265595, 0.110202394426, 0.0570418387651, 0.0329367443919, 0.0372485369444, 0.0146321831271, 0.0292671993375, 0.100583709776, 0.035884603858, 0.0574530884624, 0.156683564186, 0.059004560113, 0.00821527652442, 0.00503395171836, 0.00849447585642, 0.0544755719602, 0.139727547765, 0.0555160157382, 0.0412018299103, 0.0169413723052, 0.00282428832725, 0.00971487443894, 0.0214526392519, 0.0171946268529, 0.0456761643291, 0.0916329398751, 0.0334888026118, 0.013661339879, 0.0123811196536, 0.0159243643284, 0.106513537467], "median": [0.0475997924805, 0.0240665450692, 0.00180715613533, 0.000814113765955, 0.00277056125924, 0.0466170907021, 0.0871337205172, 0.0466651469469, 0.00313831539825, 0.00203380221501, 0.00389180099592, 0.0187745839357, 0.0180036500096, 0.0260416530073, 0.073195874691, 0.131837561727, 0.0748657286167, 0.0032272064127, 0.000988522777334, 0.00646951887757, 0.16821038723, 0.277282953262, 0.15238109231, 0.0106612714007, 0.0055854646489, 0.00139424786903, 0.00470751430839, 0.00759814120829, 0.0218271259218, 0.194988131523, 0.279562413692, 0.115101218224, 0.0101116979495, 0.00728138862178, 0.0121582793072, 0.0302528105676], "max": [1, 1, 1, 1, 1, 1, 1, 1, 1, 1, 1, 1, 1, 1, 1, 1, 1, 1, 1, 1, 1, 1, 1, 1, 1, 1, 1, 1, 1, 1, 1, 1, 1, 1, 1, 1], "dmean": [0.0601243749261, 0.0558156743646, 0.0287888906896, 0.0263313185424, 0.037072122097, 0.0720618292689, 0.0891040489078, 0.0777389332652, 0.0586485490203, 0.0434420406818, 0.0380499586463, 0.0476470887661, 0.0624687038362, 0.0604604445398, 0.0755501762033, 0.080240868032, 0.0707452371716, 0.0336783863604, 0.0222648158669, 0.0386994928122, 0.0875566452742, 0.0999432355165, 0.106054916978, 0.109252512455, 0.0674352645874, 0.0159258767962, 0.0240096338093, 0.0317148566246, 0.0557196214795, 0.119414903224, 0.135583117604, 0.107242681086, 0.0662589222193, 0.0549356155097, 0.0565187819302, 0.0677910298109], "dmean2": [0.0989812985063, 0.0951462835073, 0.0535389520228, 0.0489857941866, 0.0656491219997, 0.118057049811, 0.145014375448, 0.129906862974, 0.102413155138, 0.0740342736244, 0.0664202198386, 0.0798050016165, 0.102748796344, 0.100870959461, 0.122427009046, 0.126411587, 0.112990215421, 0.0608040466905, 0.0416101180017, 0.0709821134806, 0.145890504122, 0.157615825534, 0.179842233658, 0.200167804956, 0.123639814556, 0.0292843524367, 0.0415661297739, 0.0538660362363, 0.0997329875827, 0.200066387653, 0.219935998321, 0.185434982181, 0.124211095273, 0.101540230215, 0.0999196991324, 0.11339533329], "mean": [0.230764046311, 0.0868303701282, 0.0195929352194, 0.0183583535254, 0.0330527052283, 0.14921978116, 0.251007676125, 0.159302949905, 0.0758612677455, 0.0726089254022, 0.0449476130307, 0.106635801494, 0.194097846746, 0.123253412545, 0.199510544538, 0.35734090209, 0.201371088624, 0.0293122716248, 0.0155423907563, 0.0307820718735, 0.236946567893, 0.399612426758, 0.230651289225, 0.0962971821427, 0.0574543625116, 0.0121832173318, 0.0316017642617, 0.0523082390428, 0.062711879611, 0.25553175807, 0.371798336506, 0.176695927978, 0.050111785531, 0.0488187037408, 0.0655528381467, 0.197482421994], "dvar2": [0.0416435860097, 0.0446599386632, 0.0302413720638, 0.0304434597492, 0.0333640240133, 0.0406700149179, 0.0635340958834, 0.0539433285594, 0.0548762008548, 0.0384139344096, 0.0300977062434, 0.026870874688, 0.0476211644709, 0.0353646799922, 0.0476532578468, 0.0525378845632, 0.0394130460918, 0.0273945331573, 0.0245982408524, 0.0347991511226, 0.05187086761, 0.0607064515352, 0.0566729083657, 0.147303894162, 0.0635349079967, 0.0126028358936, 0.0198034904897, 0.0231168344617, 0.0376501455903, 0.0694556981325, 0.0762366577983, 0.0628170222044, 0.0629188269377, 0.050785344094, 0.048192948103, 0.0496732145548], "min": [0, 0, 0, 0, 0, 0, 0, 0, 0, 0, 0, 0, 0, 0, 0, 0, 0, 0, 0, 0, 0, 0, 0, 0, 0, 0, 0, 0, 0, 0, 0, 0, 0, 0, 0, 0]}, "key_key": "G", "thpcp": [1, 0.577187478542, 0.240976452827, 0.143775209785, 0.0304875839502, 0.0790810361505, 0.130897432566, 0.156931757927, 0.639449000359, 0.930397331715, 0.442168265581, 0.125400975347, 0.122165128589, 0.164041042328, 0.494184881449, 0.577469646931, 0.217286467552, 0.0490298457444, 0.0459403954446, 0.082711905241, 0.373411267996, 0.628127813339, 0.398643642664, 0.189837113023, 0.181698367, 0.112478017807, 0.266848057508, 0.48571524024, 0.308432370424, 0.499260097742, 0.894218683243, 0.503915965557, 0.0733517482877, 0.0388936623931, 0.0770298168063, 0.592940926552], "chords_key": "G", "tuning_equal_tempered_deviation": 0.0173093359917, "tuning_frequency": 441.272583008, "tuning_diatonic_strength": 0.502550065517, "chords_histogram": [36.7447013855, 2.46757364273, 3.24264478683, 0.0632711201906, 32.9958877563, 3.03701353073, 0, 0, 0.142360016704, 0, 0, 0, 0, 0, 0, 0, 0, 1.59759569168, 0, 4.14425802231, 0, 0.173995569348, 1.81904459, 13.5716543198], "key_strength": 0.681434810162, "key_scale": "major", "chords_strength": {"dvar": 0.000337423669407, "var": 0.0143001778051, "median": 0.4694211483, "max": 0.687909722328, "dmean": 0.00789712648839, "dmean2": 0.00510331429541, "mean": 0.461944639683, "dvar2": 0.000600201019552, "min": -1}, "chords_number_rate": 0.00142360012978, "tuning_nontempered_energy_ratio": 0.598130941391, "hpcp_entropy": {"dvar": 0.159585416317, "var": 0.491092890501, "median": 1.71733784676, "max": 3.96291255951, "dmean": 0.380390554667, "dmean2": 0.624878227711, "mean": 1.64094316959, "dvar2": 0.407724916935, "min": 0}, "chords_changes_rate": 0.0360645353794, "chords_scale": "major"}, "rhythm": {"bpm_histogram_first_peak_spread": {"dvar": 0, "var": 0, "median": 0.549898147583, "max": 0.549898147583, "dmean": 0, "dmean2": 0, "mean": 0.549898147583, "dvar2": 0, "min": 0.549898147583}, "bpm_histogram_first_peak_weight": {"dvar": 0, "var": 0, "median": 0.432485312223, "max": 0.432485312223, "dmean": 0, "dmean2": 0, "mean": 0.432485312223, "dvar2": 0, "min": 0.432485312223}, "bpm_histogram_first_peak_bpm": {"dvar": 0, "var": 0, "median": 105, "max": 105, "dmean": 0, "dmean2": 0, "mean": 105, "dvar2": 0, "min": 105}, "bpm": 104.72819519, "bpm_histogram_second_peak_weight": {"dvar": 0, "var": 0, "median": 0.0117416828871, "max": 0.0117416828871, "dmean": 0, "dmean2": 0, "mean": 0.0117416828871, "dvar2": 0, "min": 0.0117416828871}, "beats_loudness": {"dvar": 0.000414667127188, "var": 0.000869120296557, "median": 0.037000708282, "max": 0.129375725985, "dmean": 0.0229954253882, "dmean2": 0.0421085692942, "mean": 0.043005309999, "dvar2": 0.00138560880441, "min": 6.5937133531e-10}, "beats_loudness_band_ratio": {"dvar": [0.0333151109517, 0.0197114981711, 0.00835299585015, 0.00500672170892, 0.0021701012738, 0.00135841453448], "var": [0.0562918335199, 0.0377977490425, 0.0108463186771, 0.00359490606934, 0.00199007801712, 0.00141766120214], "median": [0.443127930164, 0.351518929005, 0.122397579253, 0.0247393045574, 0.0250057354569, 0.00417177285999], "max": [0.960168004036, 0.954904556274, 0.562508821487, 0.499106019735, 0.449301421642, 0.365794271231], "dmean": [0.240703880787, 0.172934442759, 0.109192825854, 0.0459886305034, 0.0349014848471, 0.018176112324], "dmean2": [0.458655506372, 0.317349582911, 0.19863216579, 0.0864214748144, 0.0631379783154, 0.0344845205545], "mean": [0.455677956343, 0.380467504263, 0.149543985724, 0.0424998961389, 0.0371861457825, 0.0151577945799], "dvar2": [0.111863695085, 0.0622896067798, 0.0257829912007, 0.0150968628004, 0.00608974415809, 0.00377715541981], "min": [0.00307221035473, 0.000709608837496, 0.0029554059729, 8.52421726449e-05, 2.14723750105e-05, 7.34811965231e-06]}, "bpm_histogram_second_peak_bpm": {"dvar": 0, "var": 0, "median": 115, "max": 115, "dmean": 0, "dmean2": 0, "mean": 115, "dvar2": 0, "min": 115}, "onset_rate": 2.49724507332, "beats_count": 512, "beats_position": [0.522448956966, 1.05650794506, 1.60217678547, 2.14784574509, 2.70512461662, 3.27401351929, 3.84290242195, 4.41179132462, 4.99229001999, 5.5727891922, 6.14167785645, 6.71056699753, 7.26784563065, 7.83673477173, 8.40562343597, 8.97451210022, 9.54340076447, 10.1239004135, 10.7043991089, 11.2848978043, 11.8770065308, 12.4691152573, 13.0612239838, 13.6417226791, 14.2338323593, 14.8259410858, 15.4180498123, 15.9985485077, 16.5790481567, 17.1595458984, 17.7400455475, 18.3205432892, 18.9010429382, 19.4815406799, 20.0736503601, 20.6541500092, 21.246257782, 21.826757431, 22.4072551727, 22.9877548218, 23.5682544708, 24.1487522125, 24.7292518616, 25.3097496033, 25.8902492523, 26.4823570251, 27.0744667053, 27.6549663544, 28.2470741272, 28.8507938385, 29.4429016113, 30.0001811981, 30.5690689087, 31.1379585266, 31.7184581757, 32.2989578247, 32.8794555664, 33.4715652466, 34.0520629883, 34.63256073, 35.2130622864, 35.7935600281, 36.3856697083, 36.96616745, 37.5582771301, 38.1503829956, 38.730884552, 39.3113822937, 39.8918800354, 40.4723815918, 41.0644874573, 41.6449890137, 42.2370948792, 42.8408164978, 43.4213142395, 44.0018119812, 44.5823135376, 45.1511993408, 45.7200889587, 46.2889785767, 46.8578681946, 47.4499778748, 48.0304756165, 48.5993652344, 49.1798629761, 49.7603607178, 50.3408622742, 50.9213600159, 51.5018577576, 52.0823554993, 52.6628570557, 53.2433547974, 53.8238525391, 54.4043540955, 54.9848518372, 55.5653495789, 56.1458511353, 56.726348877, 57.3068466187, 57.8757362366, 58.4446258545, 59.0251235962, 59.5940132141, 60.1745109558, 60.7434005737, 61.3238983154, 61.9043960571, 62.4848976135, 63.0537872314, 63.6342849731, 64.2031707764, 64.772064209, 65.3525619507, 65.9330596924, 66.5019454956, 67.0708389282, 67.6397247314, 68.2202224731, 68.8007278442, 69.3812255859, 69.9617233276, 70.5422210693, 71.122718811, 71.6916122437, 72.2604980469, 72.8409957886, 73.4214935303, 73.9787750244, 74.5476608276, 75.1165542603, 75.697052002, 76.2659378052, 76.8348312378, 77.4153289795, 77.9958267212, 78.5763244629, 79.1568222046, 79.7373199463, 80.3178253174, 80.8867111206, 81.4439926147, 82.012878418, 82.5701599121, 83.1390457153, 83.7079315186, 84.2768249512, 84.8457107544, 85.414604187, 85.9834899902, 86.5523757935, 87.1212692261, 87.7017669678, 88.270652771, 88.8395462036, 89.4084320068, 89.9773254395, 90.5462112427, 91.1150970459, 91.67237854, 92.2412643433, 92.8101577759, 93.3906555176, 93.9711532593, 94.5400466919, 95.1089324951, 95.6894302368, 96.2699279785, 96.8388214111, 97.4077072144, 97.9649887085, 98.5454864502, 99.1143722534, 99.683265686, 100.252151489, 100.832649231, 101.401542664, 101.982040405, 102.562538147, 103.143035889, 103.72353363, 104.292427063, 104.872924805, 105.441810608, 106.02230835, 106.591201782, 107.160087585, 107.728981018, 108.297866821, 108.866752625, 109.447257996, 110.016143799, 110.585029602, 111.165527344, 111.746032715, 112.326530457, 112.89541626, 113.464309692, 114.033195496, 114.602081299, 115.170974731, 115.751472473, 116.331970215, 116.912467957, 117.481361389, 118.050247192, 118.630744934, 119.211242676, 119.76852417, 120.349021912, 120.929519653, 121.510017395, 122.078910828, 122.647796631, 123.216690063, 123.797187805, 124.366073608, 124.94657135, 125.527069092, 126.119178772, 126.711288452, 127.291786194, 127.860679626, 128.42956543, 128.986846924, 129.567337036, 130.136230469, 130.71673584, 131.285614014, 131.854507446, 132.435012817, 133.003890991, 133.584396362, 134.164901733, 134.745391846, 135.314285278, 135.883178711, 136.452056885, 137.020950317, 137.58984375, 138.170333862, 138.739227295, 139.319732666, 139.900222778, 140.469116211, 141.037994385, 141.618499756, 142.199005127, 142.779495239, 143.36000061, 143.952102661, 144.544219971, 145.124710083, 145.705215454, 146.274108887, 146.842987061, 147.400268555, 147.957550049, 148.514831543, 149.095321655, 149.664215088, 150.233108521, 150.813598633, 151.394104004, 151.962997437, 152.543487549, 153.12399292, 153.716094971, 154.296600342, 154.877090454, 155.445983887, 156.014877319, 156.572158813, 157.141036987, 157.70993042, 158.278823853, 158.847702026, 159.428207397, 160.00869751, 160.577590942, 161.146484375, 161.726974487, 162.29586792, 162.864761353, 163.445251465, 164.025756836, 164.606262207, 165.186752319, 165.76725769, 166.347747803, 166.928253174, 167.508743286, 168.089248657, 168.669754028, 169.250244141, 169.819137573, 170.376419067, 170.945297241, 171.525802612, 172.106307983, 172.686798096, 173.267303467, 173.836181641, 174.416687012, 174.985580444, 175.54284668, 176.111740112, 176.680633545, 177.249526978, 177.818405151, 178.387298584, 178.956192017, 179.513473511, 180.082351685, 180.651245117, 181.231735229, 181.800628662, 182.369522095, 182.950012207, 183.51890564, 184.087799072, 184.668289185, 185.248794556, 185.817687988, 186.386566162, 186.955459595, 187.524353027, 188.09324646, 188.673736572, 189.242630005, 189.823120117, 190.403625488, 190.984130859, 191.553009033, 192.121902466, 192.67918396, 193.236465454, 193.816955566, 194.385848999, 194.966339111, 195.546844482, 196.115737915, 196.696228027, 197.276733398, 197.845626831, 198.414505005, 198.995010376, 199.575500488, 200.144393921, 200.713287354, 201.293777466, 201.874282837, 202.44317627, 203.012054443, 203.580947876, 204.149841309, 204.718719482, 205.276000977, 205.844894409, 206.402175903, 206.959457397, 207.505126953, 208.074005127, 208.631286621, 209.188568115, 209.745849609, 210.314727783, 210.883621216, 211.44090271, 211.998184204, 212.567077637, 213.135955811, 213.693237305, 214.250518799, 214.807800293, 215.365081787, 215.933959961, 216.502853394, 217.094955444, 217.687072754, 218.279174805, 218.848068237, 219.405349731, 219.962631226, 220.51991272, 221.088790894, 221.657684326, 222.226577759, 222.795455933, 223.352737427, 223.921630859, 224.490524292, 225.047790527, 225.61668396, 226.185577393, 226.754455566, 227.323348999, 227.892242432, 228.461135864, 228.971969604, 229.471191406, 229.970428467, 230.550918579, 231.13142395, 231.711929321, 232.304031372, 232.896133423, 233.499862671, 234.115188599, 234.718902588, 235.311019897, 235.903121948, 236.472015381, 237.040908813, 237.586578369, 238.155456543, 238.724349976, 239.304855347, 239.885345459, 240.46585083, 241.034729004, 241.603622437, 242.172515869, 242.741394043, 243.321899414, 243.902404785, 244.482894897, 245.075012207, 245.643890381, 246.212783813, 246.781677246, 247.35055542, 247.919448853, 248.476730347, 249.034011841, 249.602905273, 250.183395386, 250.763900757, 251.332778931, 251.890060425, 252.447341919, 253.004623413, 253.573516846, 254.14239502, 254.711288452, 255.280181885, 255.849060059, 256.41796875, 256.975219727, 257.532501221, 258.089782715, 258.658691406, 259.22756958, 259.784851074, 260.353729248, 260.922637939, 261.479919434, 262.048797607, 262.617675781, 263.198181152, 263.755462646, 264.32434082, 264.893249512, 265.462127686, 266.031005859, 266.588287354, 267.145568848, 267.702850342, 268.271728516, 268.840637207, 269.409515381, 269.978393555, 270.535675049, 271.092956543, 271.673461914, 272.242340088, 272.811248779, 273.368530273, 273.925811768, 274.494689941, 275.063568115, 275.632476807, 276.20135498, 276.781860352, 277.362365723, 277.931243896, 278.50012207, 279.069030762, 279.637908936, 280.206787109, 280.775695801, 281.344573975, 281.913452148, 282.48236084, 283.051239014, 283.608520508, 284.165802002, 284.734680176, 285.303588867, 285.872467041, 286.441345215, 287.010253906, 287.5675354, 288.136413574, 288.705291748, 289.262573242, 289.78503418, 290.29586792, 290.818328857, 291.340759277, 291.863220215, 292.385650635, 292.908111572], "danceability": 0.943878173828, "bpm_histogram_second_peak_spread": {"dvar": 0, "var": 0, "median": 0.333333343267, "max": 0.333333343267, "dmean": 0, "dmean2": 0, "mean": 0.333333343267, "dvar2": 0, "min": 0.333333343267}}, "lowlevel": {"spectral_flux": {"dvar": 0.000498439825606, "var": 0.00165156670846, "median": 0.051633797586, "max": 0.364148318768, "dmean": 0.0170129239559, "dmean2": 0.027180204168, "mean": 0.0588419362903, "dvar2": 0.00117137574125, "min": 1.03376252003e-10}, "spectral_rolloff": {"dvar": 213918.59375, "var": 2218411.75, "median": 495.263671875, "max": 19767.4804688, "dmean": 123.544303894, "dmean2": 209.554428101, "mean": 696.836547852, "dvar2": 437698.21875, "min": 64.599609375}, "barkbands_flatness_db": {"dvar": 0.000372406793758, "var": 0.00503624416888, "median": 0.208308726549, "max": 0.452730327845, "dmean": 0.0172744616866, "dmean2": 0.0247667748481, "mean": 0.215900301933, "dvar2": 0.00070177676389, "min": 0.0245516467839}, "spectral_centroid": {"dvar": 24859.375, "var": 191951.3125, "median": 451.086791992, "max": 11541.828125, "dmean": 78.7425460815, "dmean2": 118.357513428, "mean": 564.63848877, "dvar2": 46563.2421875, "min": 123.366539001}, "melbands_skewness": {"dvar": 0.252858042717, "var": 1.33202040195, "median": 2.2701690197, "max": 14.9750823975, "dmean": 0.425068080425, "dmean2": 0.664453804493, "mean": 2.45183587074, "dvar2": 0.587530314922, "min": -0.177840441465}, "melbands": {"dvar": [4.04903857998e-06, 3.28768055624e-06, 9.69150846686e-07, 6.61412457248e-07, 5.77020728088e-07, 2.35252798575e-07, 2.79112875035e-08, 1.20414753724e-07, 5.28000825284e-08, 1.43048968226e-08, 1.16987628473e-08, 2.61156163361e-09, 3.5936564835e-09, 1.49491619084e-09, 7.42697292555e-10, 1.20880028209e-09, 8.29234181321e-10, 1.13500087107e-09, 6.40390296347e-10, 7.02666924646e-10, 8.37410085719e-10, 6.85327419814e-11, 7.28142823814e-11, 1.63898158934e-10, 1.96978527239e-11, 1.67613683349e-11, 1.044865236e-11, 4.92017641907e-11, 2.74342267653e-11, 8.58676324489e-12, 8.12686896945e-12, 4.01776181769e-12, 2.94184641925e-12, 2.52699380518e-12, 3.46412482033e-12, 4.01219986054e-12, 2.11239272602e-12, 1.84659319086e-12, 8.02456029143e-13, 9.29059346816e-13], "var": [6.03778153163e-06, 5.60359876545e-06, 2.18596619561e-06, 2.13924408854e-06, 2.09021277442e-06, 1.2012951629e-06, 1.05460699729e-07, 3.65370283362e-07, 3.6393024061e-07, 1.06975974745e-07, 3.77821152142e-08, 2.04825223449e-08, 1.66354752196e-08, 1.05180557597e-08, 3.33331917624e-09, 3.75610786918e-09, 2.73397415818e-09, 5.05157560227e-09, 2.49968978849e-09, 3.2750238077e-09, 1.7304598865e-09, 2.54808202316e-10, 1.49877305011e-10, 7.99210753133e-10, 5.89167187259e-11, 1.99638829773e-11, 2.64123879018e-11, 2.09225289871e-10, 8.66790805798e-11, 7.9418320878e-12, 5.42646353199e-12, 3.83954586874e-12, 3.55155661824e-12, 2.19925401675e-12, 3.42139055802e-12, 5.14060538928e-12, 3.49141852582e-12, 1.74630102046e-12, 1.3323220565e-12, 1.38059680875e-12], "median": [0.000756289518904, 0.000837131636217, 0.000904305372387, 0.000801181304269, 0.00106317806058, 0.000492726569064, 0.000167286489159, 0.000162469747011, 0.000203802366741, 3.74028822989e-05, 1.94052772713e-05, 1.30755943246e-05, 6.23897904006e-06, 7.88361194282e-06, 6.93318179401e-06, 8.93391006684e-06, 6.94033724358e-06, 1.56795758812e-05, 7.69086364016e-06, 5.21790798302e-06, 3.18696902468e-06, 1.25586961985e-06, 8.94619915925e-07, 7.3502928899e-07, 4.2365948616e-07, 2.10094498243e-07, 1.83789467201e-07, 1.80706450692e-07, 1.29096889623e-07, 5.79006211865e-08, 2.84841341625e-08, 2.84186132404e-08, 2.39601565255e-08, 2.38833752775e-08, 3.38604735362e-08, 3.09737480109e-08, 3.1053815519e-08, 3.82475207061e-08, 3.34631877763e-08, 2.03483061512e-08], "max": [0.034745786339, 0.0338721014559, 0.0139679955319, 0.0169742554426, 0.0159060806036, 0.0186787694693, 0.00469384994358, 0.00843598041683, 0.0132178915665, 0.00582934403792, 0.00812135636806, 0.00318221468478, 0.00255227019079, 0.0033394054044, 0.00155873096082, 0.00140146352351, 0.00148972042371, 0.000955003721174, 0.00103300833143, 0.00100716412999, 0.00216792267747, 0.000425243284553, 0.000350687390892, 0.000909284979571, 0.000139328942169, 0.000182821808266, 8.041250112e-05, 0.000389978318708, 0.000266206887318, 0.00016735837562, 0.000101447476482, 6.70559093123e-05, 5.87838439969e-05, 4.86587305204e-05, 7.8283912444e-05, 0.000101853060187, 7.87544995546e-05, 4.24436475441e-05, 4.04200000048e-05, 5.11979815201e-05], "dmean": [0.000786329328548, 0.000643696112093, 0.000628639594652, 0.000583087734412, 0.000503137649503, 0.000258579471847, 9.17406650842e-05, 0.000136016125907, 0.000113837253593, 3.66353160643e-05, 2.56746461673e-05, 1.60635445354e-05, 1.35976524689e-05, 1.122829417e-05, 9.386808415e-06, 1.21901339298e-05, 9.54043753154e-06, 1.64485463756e-05, 9.86921531876e-06, 8.95779703569e-06, 5.99871918894e-06, 2.71660155704e-06, 1.94535800802e-06, 2.64242612502e-06, 1.39701785429e-06, 7.79990216415e-07, 7.90683600371e-07, 1.31448859975e-06, 9.57836391535e-07, 4.32915101101e-07, 3.57984276889e-07, 3.24718342881e-07, 2.82487405912e-07, 2.44162009722e-07, 2.83028668946e-07, 2.91148694487e-07, 2.28274259939e-07, 2.29592060919e-07, 1.77403720159e-07, 1.45091661352e-07], "dmean2": [0.00126052356791, 0.00109365012031, 0.00103213021066, 0.000991445966065, 0.000754554232117, 0.000412850320572, 0.000150346866576, 0.000207465214771, 0.000153649161803, 5.11280013598e-05, 3.43812607753e-05, 2.13304610952e-05, 1.80414699571e-05, 1.6497915567e-05, 1.39149533425e-05, 1.86896650121e-05, 1.42825629155e-05, 2.40983317781e-05, 1.47349092003e-05, 1.30376438392e-05, 8.8634342319e-06, 4.1478856474e-06, 3.05769208353e-06, 3.90344894186e-06, 2.19464209295e-06, 1.26482450469e-06, 1.23194786283e-06, 1.8873222416e-06, 1.40626127632e-06, 7.15078783742e-07, 6.07054118973e-07, 5.45488035186e-07, 4.74858097732e-07, 4.17455112256e-07, 4.70808458886e-07, 4.7863625241e-07, 3.65517848877e-07, 3.84369457151e-07, 2.87747354832e-07, 2.36502458506e-07], "mean": [0.00141955714207, 0.00168930587824, 0.00140427693259, 0.00130276638083, 0.00149342650548, 0.00081558135571, 0.000270346383331, 0.000362332997611, 0.000393305876059, 0.000120188822621, 6.81005767547e-05, 4.85201126139e-05, 3.2597585232e-05, 2.97553633573e-05, 2.52160371019e-05, 2.73505611403e-05, 2.11428050534e-05, 4.19962634624e-05, 2.47715342994e-05, 2.4037915864e-05, 1.44005653056e-05, 6.38637084194e-06, 4.19355501435e-06, 6.34290108792e-06, 2.96651001008e-06, 1.36215112434e-06, 1.55279860792e-06, 2.99825933325e-06, 1.99769056053e-06, 5.98904932758e-07, 3.86764327232e-07, 3.85863756946e-07, 3.39026797747e-07, 2.72450392913e-07, 3.3097501273e-07, 3.64237109807e-07, 2.89292671596e-07, 3.21710359685e-07, 2.79316594742e-07, 1.96762997007e-07], "dvar2": [1.03803095044e-05, 9.29752968659e-06, 2.70606847153e-06, 1.89064633105e-06, 1.44946966429e-06, 5.82146185479e-07, 7.98083021891e-08, 3.34455705797e-07, 1.03736532253e-07, 2.61776360588e-08, 1.98148555342e-08, 4.88661910936e-09, 5.30487298533e-09, 2.26704011119e-09, 1.52370283057e-09, 2.73567568598e-09, 1.77120418332e-09, 2.37579422802e-09, 1.3456662451e-09, 1.41068501325e-09, 1.57750934537e-09, 1.51400059156e-10, 1.85379434026e-10, 3.16307507964e-10, 4.86827245183e-11, 4.69977563811e-11, 2.72517893668e-11, 1.07036671193e-10, 5.90825929847e-11, 2.34063428362e-11, 2.34147302242e-11, 1.11622889751e-11, 7.63764052003e-12, 7.10354908576e-12, 9.47742492124e-12, 1.03529181755e-11, 4.81120178419e-12, 5.08399832649e-12, 1.92272326532e-12, 2.2486168743e-12], "min": [2.34445635056e-24, 1.30568028738e-23, 1.28740451013e-23, 1.07797842698e-23, 6.73851453899e-24, 1.27053550853e-23, 3.09236093865e-23, 1.06549699086e-23, 1.01277363003e-23, 1.53526105667e-23, 6.7355602549e-24, 1.63241101265e-23, 3.08335404038e-23, 6.89030557665e-24, 5.77287503251e-24, 8.61748260762e-24, 1.27133320468e-23, 9.49479059753e-24, 8.43579610823e-24, 1.17583812111e-23, 1.31610500535e-23, 1.10585180155e-23, 8.40426770443e-24, 1.24872539777e-23, 1.47668213912e-23, 7.17155578861e-24, 8.07112937757e-24, 1.23540808462e-23, 1.23639210972e-23, 1.33686979653e-23, 1.12624117382e-23, 1.16907316553e-23, 1.18260954535e-23, 1.1991305804e-23, 1.33051299758e-23, 1.01882813748e-23, 8.69761588723e-24, 8.8694921124e-24, 1.02604392706e-23, 1.4000583439e-23]}, "spectral_decrease": {"dvar": 7.59340718103e-18, "var": 3.47260413492e-17, "median": -6.39686703607e-09, "max": -1.62249390386e-28, "dmean": 1.71496872259e-09, "dmean2": 2.73186562261e-09, "mean": -7.76052466733e-09, "dvar2": 1.90190114455e-17, "min": -4.69316496776e-08}, "barkbands_kurtosis": {"dvar": 36.3465232849, "var": 184.388168335, "median": 6.85746860504, "max": 302.127075195, "dmean": 3.21379947662, "dmean2": 5.00428676605, "mean": 10.2387771606, "dvar2": 79.4731063843, "min": -1.9554901123}, "silence_rate_30dB": {"dvar": 0.00955720152706, "var": 0.00730182183906, "median": 1, "max": 1, "dmean": 0.00965113565326, "dmean2": 0.0193037968129, "mean": 0.992643594742, "dvar2": 0.0250997394323, "min": 0}, "gfcc": {"mean": [-64.4346466064, 141.406417847, -78.0159225464, -2.15550422668, -39.4241867065, -6.88858366013, -50.6450042725, -2.43012714386, -16.5977554321, 1.68290734291, -16.1908588409, -7.72582817078, -8.69989299774], "cov": [[15406.5175781, -857.078369141, -1515.29992676, 709.632324219, -75.0837554932, 437.433197021, -90.965057373, 457.820281982, -196.522171021, 224.591079712, 1.28046381474, -2.83557224274, 20.7867870331], [-857.078369141, 2176.82226563, -167.201385498, -636.198608398, 418.315887451, -226.692092896, -104.950935364, -222.64982605, 209.981216431, -185.007141113, -17.0575084686, -47.8987503052, 29.3652057648], [-1515.29992676, -167.201385498, 1134.68347168, 304.650177002, -101.364379883, 147.279312134, 160.378356934, 23.7455921173, 59.8236923218, 150.101516724, -6.0655913353, 72.2037658691, -8.54363918304], [709.632324219, -636.198608398, 304.650177002, 747.715759277, -88.2237548828, 160.319625854, 221.998931885, 150.379196167, -4.21302223206, 137.859786987, 57.1465530396, 49.9934921265, 33.3741607666], [-75.0837554932, 418.315887451, -101.364379883, -88.2237548828, 343.211700439, 8.36196327209, 44.0843467712, 35.9188346863, 114.672233582, -10.4858016968, 17.4258117676, 40.4914398193, 14.5988893509], [437.433197021, -226.692092896, 147.279312134, 160.319625854, 8.36196327209, 234.246368408, 112.221626282, 61.003704071, 34.1101493835, 85.3393936157, 17.3684139252, 31.2193412781, 6.67064905167], [-90.965057373, -104.950935364, 160.378356934, 221.998931885, 44.0843467712, 112.221626282, 255.965820313, 82.8291931152, 28.2312335968, 57.5586624146, 48.2732048035, 48.8822364807, 1.41990935802], [457.820281982, -222.64982605, 23.7455921173, 150.379196167, 35.9188346863, 61.003704071, 82.8291931152, 190.888412476, -0.73307299614, 37.0148773193, 48.7632446289, 13.9951229095, 15.8255271912], [-196.522171021, 209.981216431, 59.8236923218, -4.21302223206, 114.672233582, 34.1101493835, 28.2312335968, -0.73307299614, 158.427505493, 37.3208732605, -31.1814250946, 35.9795684814, 6.92197561264], [224.591079712, -185.007141113, 150.101516724, 137.859786987, -10.4858016968, 85.3393936157, 57.5586624146, 37.0148773193, 37.3208732605, 109.581687927, 8.48212146759, 20.4557800293, 3.37666320801], [1.28046381474, -17.0575084686, -6.0655913353, 57.1465530396, 17.4258117676, 17.3684139252, 48.2732048035, 48.7632446289, -31.1814250946, 8.48212146759, 87.7630691528, 5.29330921173, 12.3236169815], [-2.83557224274, -47.8987503052, 72.2037658691, 49.9934921265, 40.4914398193, 31.2193412781, 48.8822364807, 13.9951229095, 35.9795684814, 20.4557800293, 5.29330921173, 89.5003433228, 8.30167102814], [20.7867870331, 29.3652057648, -8.54363918304, 33.3741607666, 14.5988893509, 6.67064905167, 1.41990935802, 15.8255271912, 6.92197561264, 3.37666320801, 12.3236169815, 8.30167102814, 64.5344238281]], "icov": [[0.000144899240695, -0.000221259426326, 0.000348883797415, -0.000267485273071, 0.000136215705425, -0.000394490896724, 0.000343271734891, -0.000484532880364, 0.000614254327957, -0.000688896630891, 0.000556163256988, -0.000429862673627, 0.000279007887002], [-0.000221259426326, 0.00170320551842, -0.000872049538884, 0.00105528510176, -0.00128545111511, 0.00121299712919, -0.00102989305742, 0.00206693587825, -0.00282173720188, 0.00273631606251, -0.00218368787318, 0.00218315259553, -0.00138808495831], [0.000348883797415, -0.000872049538884, 0.00214663543738, -0.000947186141275, 0.00106745713856, -0.00115537841339, 0.000514164858032, -0.00123414851259, 0.00164185336325, -0.00315568014048, 0.00186111498624, -0.00197846465744, 0.00111586146522], [-0.000267485273071, 0.00105528510176, -0.000947186141275, 0.00335695152171, 6.74604598316e-05, 0.000998563482426, -0.00237103994004, 0.000488154648338, -0.00167871196754, 0.000252514262684, -0.00161561393179, 0.00119441514835, -0.00211978354491], [0.000136215705425, -0.00128545111511, 0.00106745713856, 6.74604598316e-05, 0.00615472206846, -0.000815067265648, -0.000140196440043, -0.00247741187923, -0.00217234459706, -0.000613424053881, -0.000473111460451, -0.00263702706434, 0.000644699961413], [-0.000394490896724, 0.00121299712919, -0.00115537841339, 0.000998563482426, -0.000815067265648, 0.00820732675493, -0.00304377428256, 0.00125177309383, -0.00254860240966, -0.00136058439966, -0.00162343215197, 0.00155830266885, -0.00154411594849], [0.000343271734891, -0.00102989305742, 0.000514164858032, -0.00237103994004, -0.000140196440043, -0.00304377428256, 0.0083491448313, -0.00237630982883, 0.00156212388538, -0.00134504714515, -0.000790168181993, -0.00323377759196, 0.00286740111187], [-0.000484532880364, 0.00206693587825, -0.00123414851259, 0.000488154648338, -0.00247741187923, 0.00125177309383, -0.00237630982883, 0.010453033261, -0.00335201621056, 0.00308743165806, -0.00559975672513, 0.0033611911349, -0.00244536437094], [0.000614254327957, -0.00282173720188, 0.00164185336325, -0.00167871196754, -0.00217234459706, -0.00254860240966, 0.00156212388538, -0.00335201621056, 0.0175016410649, -0.00974726025015, 0.00993190426379, -0.00584157882258, 0.00120175699703], [-0.000688896630891, 0.00273631606251, -0.00315568014048, 0.000252514262684, -0.000613424053881, -0.00136058439966, -0.00134504714515, 0.00308743165806, -0.00974726025015, 0.022914422676, -0.00613278429955, 0.00403637764975, -0.00152127584442], [0.000556163256988, -0.00218368787318, 0.00186111498624, -0.00161561393179, -0.000473111460451, -0.00162343215197, -0.000790168181993, -0.00559975672513, 0.00993190426379, -0.00613278429955, 0.020523654297, -0.00340576749295, -0.000663688988425], [-0.000429862673627, 0.00218315259553, -0.00197846465744, 0.00119441514835, -0.00263702706434, 0.00155830266885, -0.00323377759196, 0.0033611911349, -0.00584157882258, 0.00403637764975, -0.00340576749295, 0.0170693062246, -0.00318223866634], [0.000279007887002, -0.00138808495831, 0.00111586146522, -0.00211978354491, 0.000644699961413, -0.00154411594849, 0.00286740111187, -0.00244536437094, 0.00120175699703, -0.00152127584442, -0.000663688988425, -0.00318223866634, 0.0183184798807]]}, "silence_rate_20dB": {"dvar": 0, "var": 0, "median": 1, "max": 1, "dmean": 0, "dmean2": 0, "mean": 1, "dvar2": 0, "min": 1}, "barkbands_skewness": {"dvar": 0.190335646272, "var": 1.16833376884, "median": 1.98024821281, "max": 11.5209217072, "dmean": 0.383743315935, "dmean2": 0.594651997089, "mean": 2.16292858124, "dvar2": 0.428866177797, "min": -1.66255950928}, "erbbands_skewness": {"dvar": 0.0870064273477, "var": 0.621704697609, "median": 0.996723175049, "max": 5.77895879745, "dmean": 0.260098099709, "dmean2": 0.388317286968, "mean": 1.04890859127, "dvar2": 0.173777803779, "min": -2.77255535126}, "spectral_contrast_valleys": {"dvar": [0.100947514176, 0.0586515553296, 0.0903062298894, 0.0889408364892, 0.101977363229, 0.163782432675], "var": [2.4882376194, 1.50452363491, 1.7755920887, 2.10057282448, 2.03903651237, 1.84544014931], "median": [-6.78064441681, -6.5072889328, -8.24463272095, -8.56601905823, -8.8522644043, -11.251616478], "max": [-4.87123250961, -4.57060575485, -4.99418592453, -5.60249423981, -5.38928842545, -7.62958049774], "dmean": [0.308878540993, 0.241814225912, 0.294025182724, 0.277443438768, 0.251506656408, 0.271576970816], "dmean2": [0.519503772259, 0.394425332546, 0.468538373709, 0.429896146059, 0.35582780838, 0.359368115664], "mean": [-7.30408477783, -6.68524312973, -8.39875125885, -8.64898109436, -9.07646179199, -11.4414873123], "dvar2": [0.233569562435, 0.128100246191, 0.190546914935, 0.170816421509, 0.177652552724, 0.29503390193], "min": [-27.4757232666, -26.9125938416, -27.3605365753, -27.4478683472, -27.2687473297, -27.2566051483]}, "spectral_strongpeak": {"dvar": 0.183911785483, "var": 0.494326859713, "median": 0.494207024574, "max": 10.0645427704, "dmean": 0.279726028442, "dmean2": 0.473583936691, "mean": 0.710758209229, "dvar2": 0.451746255159, "min": 0}, "erbbands_crest": {"dvar": 3.13621258736, "var": 15.3035087585, "median": 9.32866287231, "max": 28.2624607086, "dmean": 1.75226294994, "dmean2": 2.73173093796, "mean": 10.1368350983, "dvar2": 7.96989202499, "min": 2.49637198448}, "barkbands_crest": {"dvar": 2.93052768707, "var": 10.4157781601, "median": 9.57581520081, "max": 26.032831192, "dmean": 1.76957440376, "dmean2": 2.93817520142, "mean": 10.2083292007, "dvar2": 8.05889320374, "min": 3.31396889687}, "spectral_energyband_middle_low": {"dvar": 3.21836268995e-05, "var": 0.000202982089831, "median": 0.0158253237605, "max": 0.102557897568, "dmean": 0.00456146989018, "dmean2": 0.00722079863772, "mean": 0.0192618016154, "dvar2": 8.29050259199e-05, "min": 4.11177250187e-22}, "spectral_contrast_coeffs": {"dvar": [0.00123150856234, 0.000874298217241, 0.000839065294713, 0.000590640236624, 0.000373025803128, 0.000152991007781], "var": [0.0112710734829, 0.00566973630339, 0.00478041218594, 0.00418918626383, 0.00406343583018, 0.00111620686948], "median": [-0.600381970406, -0.681308507919, -0.726716756821, -0.744138121605, -0.803675115108, -0.82735311985], "max": [-0.221483752131, -0.34768474102, -0.417352974415, -0.492694705725, -0.498188763857, -0.677113115788], "dmean": [0.0402228049934, 0.0326659567654, 0.0314211547375, 0.0269548259676, 0.019280442968, 0.0127188554034], "dmean2": [0.0671712681651, 0.0536459796131, 0.0497742630541, 0.0428348258138, 0.0300293844193, 0.0206222869456], "mean": [-0.579751908779, -0.67309576273, -0.725107908249, -0.742959439754, -0.793794155121, -0.825317978859], "dvar2": [0.00335879786871, 0.00232537672855, 0.00196415279061, 0.00134521874133, 0.000733729393687, 0.000372605485609], "min": [-0.961450636387, -0.973887443542, -0.981499254704, -0.954681754112, -0.960611522198, -0.960971593857]}, "hfc": {"dvar": 32.9801979065, "var": 150.062011719, "median": 8.64429855347, "max": 142.540328979, "dmean": 2.59824204445, "dmean2": 3.77495145798, "mean": 12.320148468, "dvar2": 79.5178985596, "min": 1.11068889275e-16}, "spectral_energyband_high": {"dvar": 2.67598466053e-07, "var": 4.24779386776e-07, "median": 2.7676600439e-05, "max": 0.0145808588713, "dmean": 0.000111416666186, "dmean2": 0.0001684549934, "mean": 0.000197232904611, "dvar2": 6.8293888944e-07, "min": 7.69736957979e-21}, "erbbands_spread": {"dvar": 51.2817115784, "var": 214.206588745, "median": 22.8758583069, "max": 149.199478149, "dmean": 4.28408575058, "dmean2": 6.36676168442, "mean": 25.0612163544, "dvar2": 104.780426025, "min": 2.06283211708}, "dissonance": {"dvar": 0.000522902118973, "var": 0.00198858696967, "median": 0.439057350159, "max": 0.5, "dmean": 0.0240707714111, "dmean2": 0.0397809073329, "mean": 0.429988145828, "dvar2": 0.00136378884781, "min": 0.152178540826}, "spectral_kurtosis": {"dvar": 111.512786865, "var": 966.468200684, "median": 14.7746543884, "max": 334.863372803, "dmean": 6.19437456131, "dmean2": 9.94637870789, "mean": 23.1982593536, "dvar2": 282.146362305, "min": -1.26366090775}, "spectral_skewness": {"dvar": 0.329956531525, "var": 2.8384411335, "median": 3.10621500015, "max": 15.4567909241, "dmean": 0.448922872543, "dmean2": 0.699215829372, "mean": 3.40631055832, "dvar2": 0.804155111313, "min": -0.0155601790175}, "pitch_salience": {"dvar": 0.00231101363897, "var": 0.00846978742629, "median": 0.604454278946, "max": 0.905451655388, "dmean": 0.0537916682661, "dmean2": 0.0898342877626, "mean": 0.596856951714, "dvar2": 0.00646818196401, "min": 0.127738028765}, "spectral_complexity": {"dvar": 4.30613136292, "var": 51.1014022827, "median": 12, "max": 53, "dmean": 1.69559371471, "dmean2": 2.64905071259, "mean": 13.2724256516, "dvar2": 9.23083496094, "min": 0}, "spectral_spread": {"dvar": 560076881920, "var": 3110837157890.0, "median": 3037149.75, "max": 40787032, "dmean": 459681.71875, "dmean2": 661674.25, "mean": 3247459.25, "dvar2": 997678186496, "min": 321741.75}, "dynamic_complexity": 3.28997445107, "melbands_crest": {"dvar": 4.08435058594, "var": 18.7863864899, "median": 12.5529022217, "max": 33.9019165039, "dmean": 2.16708827019, "dmean2": 3.56347870827, "mean": 13.3768377304, "dvar2": 10.8274936676, "min": 2.64059829712}, "zerocrossingrate": {"dvar": 6.40226717223e-05, "var": 0.00121120782569, "median": 0.0244140625, "max": 0.50830078125, "dmean": 0.00484928442165, "dmean2": 0.00606148643419, "mean": 0.0306664723903, "dvar2": 7.52480700612e-05, "min": 0.00390625}, "spectral_energyband_low": {"dvar": 8.53770034155e-05, "var": 0.00017073842173, "median": 0.00573213864118, "max": 0.146203681827, "dmean": 0.0036931373179, "dmean2": 0.0060887564905, "mean": 0.0099269663915, "dvar2": 0.000224143775995, "min": 6.55627220821e-23}, "melbands_kurtosis": {"dvar": 56.4880409241, "var": 354.843017578, "median": 9.49653434753, "max": 392.934936523, "dmean": 4.27683973312, "dmean2": 6.63643312454, "mean": 13.6742620468, "dvar2": 121.719696045, "min": -1.24578630924}, "spectral_energyband_middle_high": {"dvar": 1.65127266882e-06, "var": 1.19823525893e-05, "median": 0.00108187831938, "max": 0.0408016406, "dmean": 0.000571118085645, "dmean2": 0.000766476849094, "mean": 0.00240799621679, "dvar2": 3.18421803058e-06, "min": 1.64502393927e-21}, "barkbands_spread": {"dvar": 19.0089473724, "var": 161.291397095, "median": 6.61048984528, "max": 141.610778809, "dmean": 2.00103640556, "dmean2": 3.01907777786, "mean": 9.33671283722, "dvar2": 35.8952217102, "min": 0.30719357729}, "mfcc": {"mean": [-722.599487305, 187.570098877, 16.7497425079, 13.209897995, 20.9319972992, -3.94567799568, -13.1451730728, -14.5042171478, -4.24447727203, 2.80581212044, -6.20498943329, -2.46034574509, -3.69751119614], "cov": [[9552.55078125, -840.97454834, -1281.35327148, 112.988349915, 216.033996582, -178.953292847, 407.465911865, 193.328277588, 128.783569336, 361.627075195, 73.5925292969, 117.382789612, -90.7317962646], [-840.97454834, 1869.1763916, -257.683349609, -290.903991699, 173.614883423, 50.766166687, -239.95262146, -10.5097064972, 61.5868225098, -122.598106384, 58.6146965027, -44.4266624451, -2.36063337326], [-1281.35327148, -257.683349609, 959.319824219, 226.867675781, -80.7107696533, 184.80305481, 60.1501502991, -25.1041259766, 40.6495094299, 9.30454063416, 27.897026062, 32.7725296021, 77.3599472046], [112.988349915, -290.903991699, 226.867675781, 449.094360352, 20.6757946014, 67.3545074463, 140.821685791, 90.7410583496, 58.8271446228, 63.5464897156, 38.6429100037, 80.417098999, 58.9894638062], [216.033996582, 173.614883423, -80.7107696533, 20.6757946014, 192.464477539, -1.95826625824, -1.64529395103, 25.4969024658, 54.939907074, 29.6908073425, 16.7881374359, 35.9363441467, 9.3015203476], [-178.953292847, 50.766166687, 184.80305481, 67.3545074463, -1.95826625824, 279.93371582, -19.7638912201, 39.9507484436, 89.0434494019, -18.7120685577, 100.047851563, 11.7422399521, 48.5892333984], [407.465911865, -239.95262146, 60.1501502991, 140.821685791, -1.64529395103, -19.7638912201, 282.840545654, 76.8558578491, -14.7610464096, 98.4300460815, 3.10032176971, 53.0303916931, 26.1998596191]