{"metadata": {"audio_properties": {"downmix": "mix", "bit_rate": 127638, "lossless": false, "md5_encoded": "493cdb2a9b78cebfcc407d497d21bfa2", "analysis_sample_rate": 44100, "sample_rate": 44100, "replay_gain": -3.83003807068, "equal_loudness": 0, "codec": "mp3", "length": 187.141220093}, "tags": {"musicbrainz_albumid": ["6c0a8d4d-9764-4937-b5e3-be92c42fcfc6"], "musicbrainz_recordingid": ["01ef2f23-3f26-49d1-abf4-036977d917cc"], "tracknumber": ["13/24"], "artist": ["Frank Sinatra"], "acoustid_id": ["c7e0aefd-2304-40cb-a967-3c0097c5349d"], "album": ["The Columbia Years: 1943–1952: The Complete Recordings"], "musicbrainz album type": ["album", "compilation"], "originaldate": ["1993"], "albumartist": ["Frank Sinatra"], "asin": ["B00000284A"], "media": ["CD"], "musicbrainz_albumartistid": ["197450cd-0124-4164-b723-3c22dd16494d"], "file_name": "13 - Bop! Goes My Heart.mp3", "musicbrainz album release country": ["US"], "musicbrainz_artistid": ["197450cd-0124-4164-b723-3c22dd16494d"], "albumartistsort": ["Sinatra, Frank"], "script": ["Latn"], "label": ["Columbia"], "musicbrainz album status": ["official"], "date": ["1993-10-05"], "title": ["Bop! Goes My Heart"], "discnumber": ["9/12"], "artistsort": ["Sinatra, Frank"], "musicbrainz_releasegroupid": ["abf4bafc-0477-3ca8-917f-8dc9b5420f3a"]}, "version": {"essentia_build_sha": "70f2e5ece6736b2c40cc944ad0e695b16b925413", "essentia_git_sha": "v2.1_beta2", "extractor": "music 1.0", "essentia": "2.1-beta2"}}, "tonal": {"chords_scale": "major", "hpcp": {"dmean": [0.127193629742, 0.132681548595, 0.137458950281, 0.138807967305, 0.123101465404, 0.0878497883677, 0.0857642143965, 0.0928343906999, 0.108137905598, 0.119943752885, 0.0986217111349, 0.0794559493661, 0.0905822440982, 0.0838318914175, 0.106327839196, 0.128770694137, 0.120712950826, 0.105512104928, 0.102034427226, 0.091324262321, 0.0954618006945, 0.113270759583, 0.121141590178, 0.126833111048, 0.12403870374, 0.0979984104633, 0.077299721539, 0.0813162773848, 0.0843856036663, 0.106436423957, 0.131641536951, 0.109656639397, 0.0965889170766, 0.104161225259, 0.10337266326, 0.120092950761], "dvar2": [0.130445674062, 0.137801155448, 0.14094941318, 0.138979360461, 0.1273419559, 0.092080399394, 0.0915487483144, 0.0908371880651, 0.0927638038993, 0.117717899382, 0.0927287861705, 0.0747181773186, 0.0918635204434, 0.0731249079108, 0.0943926647305, 0.128693401814, 0.116623111069, 0.0992368608713, 0.104309007525, 0.08815972507, 0.0915224999189, 0.112270370126, 0.120689064264, 0.124917775393, 0.118562400341, 0.0854676812887, 0.0723444074392, 0.0887495726347, 0.0803979486227, 0.0914881154895, 0.125148564577, 0.0957385599613, 0.105482697487, 0.117648847401, 0.107708580792, 0.133835017681], "mean": [0.126917943358, 0.117643505335, 0.140927925706, 0.16721047461, 0.11651686579, 0.0703189447522, 0.0740736499429, 0.0853755027056, 0.125526249409, 0.144682615995, 0.0967754796147, 0.0821016952395, 0.09559815377, 0.0819068029523, 0.11200568825, 0.155075266957, 0.124007672071, 0.108393773437, 0.11952355504, 0.090539842844, 0.0999301373959, 0.129207387567, 0.120258517563, 0.145133838058, 0.160810351372, 0.100033670664, 0.0696330443025, 0.0806381925941, 0.0762118324637, 0.123406969011, 0.170606166124, 0.116646774113, 0.0817823559046, 0.0974100828171, 0.0931520760059, 0.108532369137], "var": [0.0594058521092, 0.0490848086774, 0.0626965686679, 0.0850046798587, 0.0514631569386, 0.0282258149236, 0.0324934013188, 0.0370667763054, 0.055254124105, 0.0724074095488, 0.036345180124, 0.0373171083629, 0.0508564896882, 0.0322667360306, 0.0466292351484, 0.0798709318042, 0.0548018962145, 0.0479268431664, 0.0673924908042, 0.038264863193, 0.0437309369445, 0.0667704492807, 0.0515050888062, 0.0659317597747, 0.0847443118691, 0.0392797589302, 0.028543073684, 0.0418814234436, 0.0316836535931, 0.0527758151293, 0.0926190391183, 0.0448091775179, 0.0346006415784, 0.050569999963, 0.0414906665683, 0.0490169748664], "dmean2": [0.225666180253, 0.235266551375, 0.243459224701, 0.241385236382, 0.21793833375, 0.157599583268, 0.152387231588, 0.163620144129, 0.187060892582, 0.208344489336, 0.173846155405, 0.139325991273, 0.15705114603, 0.147311896086, 0.18210811913, 0.223034903407, 0.207906424999, 0.183240666986, 0.177850931883, 0.157638847828, 0.16665738821, 0.194777265191, 0.210956737399, 0.219253152609, 0.213065892458, 0.166646838188, 0.137336745858, 0.145543128252, 0.151241257787, 0.18041293323, 0.227157846093, 0.190004870296, 0.174689620733, 0.187789857388, 0.185321807861, 0.213267624378], "dvar": [0.0499160476029, 0.0508542172611, 0.0524468161166, 0.0552939288318, 0.0475604571402, 0.0338202007115, 0.0344974696636, 0.0344844684005, 0.0372767075896, 0.0476361773908, 0.0342247523367, 0.0291804838926, 0.0370060354471, 0.0287828464061, 0.0371043197811, 0.0533474050462, 0.0452545396984, 0.0391940660775, 0.0441780239344, 0.033483043313, 0.0358291491866, 0.0457075722516, 0.0456398688257, 0.0488963127136, 0.0504757761955, 0.0335647463799, 0.0274712219834, 0.0346126295626, 0.031015239656, 0.0368345156312, 0.0545728877187, 0.0374889597297, 0.0385976023972, 0.0451716184616, 0.0408006720245, 0.0492280200124], "min": [0, 0, 0, 0, 0, 0, 0, 0, 0, 0, 0, 0, 0, 0, 0, 0, 0, 0, 0, 0, 0, 0, 0, 0, 0, 0, 0, 0, 0, 0, 0, 0, 0, 0, 0, 0], "median": [0.0169794578105, 0.0185314752162, 0.0215538199991, 0.0208303574473, 0.0138299856335, 0.00765871396288, 0.00699621671811, 0.00992147997022, 0.0151854027063, 0.0150841847062, 0.0126681663096, 0.00771955074742, 0.00598273286596, 0.00800626445562, 0.0143424030393, 0.0191917102784, 0.0173251219094, 0.0109271509573, 0.00760414637625, 0.00838611740619, 0.0107309343293, 0.0120781194419, 0.0149199692532, 0.0206407103688, 0.0185930747539, 0.0124731454998, 0.00531325861812, 0.00469928979874, 0.00621628668159, 0.0147837745026, 0.0202425029129, 0.0171518940479, 0.0089713698253, 0.00654500070959, 0.0065609482117, 0.0112935490906], "max": [1, 1, 1, 1, 1, 1, 1, 1, 1, 1, 1, 1, 1, 1, 1, 1, 1, 1, 1, 1, 1, 1, 1, 1, 1, 1, 1, 1, 1, 1, 1, 1, 1, 1, 1, 1]}, "tuning_equal_tempered_deviation": 0.015701321885, "chords_key": "A#", "chords_strength": {"dmean": 0.0155334603041, "dvar2": 0.00113090861123, "mean": 0.444404214621, "var": 0.0323213636875, "dmean2": 0.0166755523533, "dvar": 0.00066416664049, "min": -1, "median": 0.445113986731, "max": 0.882301151752}, "tuning_diatonic_strength": 0.457062155008, "thpcp": [1, 0.683719575405, 0.479363411665, 0.570964634418, 0.546006500721, 0.636157393456, 0.743923544884, 0.689561843872, 0.826042413712, 0.980096340179, 0.682958126068, 0.412171185017, 0.434179216623, 0.50042450428, 0.735766172409, 0.848050355911, 0.567244887352, 0.481235206127, 0.560344099998, 0.480092853308, 0.656516075134, 0.908966362476, 0.726865112782, 0.635344982147, 0.700581669807, 0.530695021152, 0.585735797882, 0.757342994213, 0.704889655113, 0.850695133209, 0.942582309246, 0.586342632771, 0.408150792122, 0.472656965256, 0.446712076664, 0.723344147205], "chords_histogram": [14.7606048584, 3.29942941666, 5.11039447784, 7.14462900162, 10.0967502594, 2.70404362679, 2.40635085106, 1.83577275276, 1.63731086254, 0.595385789871, 6.37558937073, 2.35673522949, 3.3490447998, 2.35673522949, 2.30711984634, 0.372116088867, 0.0992309600115, 4.41577768326, 1.53807985783, 1.51327216625, 2.50558185577, 6.8221282959, 3.82039189339, 12.5775241852], "tuning_nontempered_energy_ratio": 0.732910633087, "tuning_frequency": 446.142181396, "key_strength": 0.717536747456, "chords_changes_rate": 0.11163482815, "key_scale": "major", "hpcp_entropy": {"dmean": 0.606993973255, "dvar2": 0.778502643108, "mean": 1.60032451153, "var": 0.609779715538, "dmean2": 1.02064836025, "dvar": 0.305275440216, "min": 0, "median": 1.61491310596, "max": 4.39966392517}, "key_key": "A#", "chords_number_rate": 0.00520962523296}, "lowlevel": {"melbands_skewness": {"dmean": 0.754615008831, "dvar2": 1.81272351742, "mean": 1.93938493729, "var": 3.94033098221, "dmean2": 1.11463344097, "dvar": 0.877912342548, "min": -3.72085237503, "median": 1.55520308018, "max": 17.1963310242}, "melbands_kurtosis": {"dmean": 7.84632587433, "dvar2": 602.518554688, "mean": 14.0517654419, "var": 756.345336914, "dmean2": 11.9108104706, "dvar": 293.697174072, "min": -1.92448019981, "median": 5.85621356964, "max": 594.431091309}, "barkbands_kurtosis": {"dmean": 4.58931350708, "dvar2": 152.955459595, "mean": 8.1814289093, "var": 195.993621826, "dmean2": 6.8842716217, "dvar": 74.8348922729, "min": -1.91641891003, "median": 4.00429487228, "max": 261.447662354}, "hfc": {"dmean": 3.49898171425, "dvar2": 88.3723602295, "mean": 10.1370077133, "var": 332.991668701, "dmean2": 4.25755929947, "dvar": 59.9468727112, "min": 1.05319739172e-16, "median": 2.68952989578, "max": 192.549102783}, "silence_rate_20dB": {"dmean": 0, "dvar2": 0, "mean": 1, "var": 0, "dmean2": 0, "dvar": 0, "min": 1, "median": 1, "max": 1}, "erbbands_flatness_db": {"dmean": 0.0239274092019, "dvar2": 0.00120297376998, "mean": 0.244510307908, "var": 0.00445889029652, "dmean2": 0.0330428667367, "dvar": 0.00068444176577, "min": 0.0303327143192, "median": 0.250336199999, "max": 0.427536845207}, "spectral_flux": {"dmean": 0.0207777116448, "dvar2": 0.00180818769149, "mean": 0.0469233617187, "var": 0.00231781019829, "dmean2": 0.0315397530794, "dvar": 0.000855576188769, "min": 6.33335744959e-11, "median": 0.0314387120306, "max": 0.416911631823}, "spectral_energyband_low": {"dmean": 0.000627481320407, "dvar2": 5.16228055858e-06, "mean": 0.00103493605275, "var": 5.43953137822e-06, "dmean2": 0.000936125696171, "dvar": 2.66915776592e-06, "min": 1.54241129192e-23, "median": 0.000305036490317, "max": 0.035954490304}, "spectral_rolloff": {"dmean": 276.160186768, "dvar2": 1320374.125, "mean": 1269.12731934, "var": 6512236.5, "dmean2": 466.257263184, "dvar": 668846.875, "min": 21.533203125, "median": 667.529296875, "max": 19487.5488281}, "spectral_entropy": {"dmean": 0.251510411501, "dvar2": 0.11051210016, "mean": 6.77708101273, "var": 0.556553065777, "dmean2": 0.340093374252, "dvar": 0.0623323991895, "min": 4.51800298691, "median": 6.69838285446, "max": 9.82810020447}, "spectral_energy": {"dmean": 0.00477224588394, "dvar2": 0.000155130241183, "mean": 0.0141031509265, "var": 0.000507224700414, "dmean2": 0.00594966160133, "dvar": 9.72792913672e-05, "min": 9.84056223517e-21, "median": 0.00503160571679, "max": 0.203283309937}, "spectral_centroid": {"dmean": 162.361083984, "dvar2": 182371.5625, "mean": 976.426086426, "var": 1994793.5, "dmean2": 233.347717285, "dvar": 103967.648438, "min": 124.860321045, "median": 653.925598145, "max": 11564.9765625}, "barkbands_flatness_db": {"dmean": 0.0254291258752, "dvar2": 0.00130940310191, "mean": 0.220359817147, "var": 0.00384069723077, "dmean2": 0.0360381342471, "dvar": 0.000651992217172, "min": 0.0461148768663, "median": 0.22234326601, "max": 0.440159976482}, "spectral_rms": {"dmean": 0.000600205908995, "dvar2": 1.09116808744e-06, "mean": 0.00285744480789, "var": 5.59420368518e-06, "dmean2": 0.000726261758246, "dvar": 7.94091249645e-07, "min": 3.09847525241e-12, "median": 0.00221560010687, "max": 0.014082797803}, "melbands": {"dmean": [2.78064708255e-05, 0.000179456241312, 7.10450258339e-05, 4.80410199089e-05, 9.48059750954e-05, 0.000161575328093, 0.000238431806793, 0.000210255748243, 0.000206976052141, 0.000159267146955, 9.48318120209e-05, 6.81550372974e-05, 4.01050056098e-05, 4.32085616922e-05, 4.80456692458e-05, 3.28750793415e-05, 2.47486423177e-05, 1.50343194036e-05, 8.68911138241e-06, 5.1259276006e-06, 3.97090389015e-06, 3.19664150084e-06, 2.57822443928e-06, 1.32090372063e-06, 1.02598653484e-06, 7.30651322556e-07, 5.61898673368e-07, 3.45432965787e-07, 1.94916012219e-07, 2.42001362949e-07, 3.60806012623e-07, 2.65886967554e-07, 1.7802807406e-07, 1.69214217749e-07, 2.08209726793e-07, 2.58340321579e-07, 1.50845423263e-07, 6.87485695039e-08, 3.27909752684e-08, 1.76901746585e-08], "dvar2": [6.21145135327e-09, 4.56208567812e-07, 6.19957347681e-08, 2.30544081603e-08, 1.2566016494e-07, 4.79442405776e-07, 1.24247321764e-06, 8.33156093449e-07, 1.49763900481e-06, 7.27613780782e-07, 3.74547568072e-07, 2.40974827648e-07, 7.10725487352e-08, 8.73153851444e-08, 1.45368531435e-07, 4.1690409347e-08, 3.68867745237e-08, 1.16156710916e-08, 2.88014945227e-09, 9.4519103655e-10, 7.93591081738e-10, 3.35881905622e-10, 2.7173227557e-10, 5.93744289845e-11, 7.29803023569e-11, 2.42934110328e-11, 7.54560216393e-12, 1.73703369397e-12, 5.12347922334e-13, 7.78335837621e-13, 2.28787214868e-12, 1.35226866597e-12, 9.34812123543e-13, 8.11475398595e-13, 2.1008750295e-12, 3.88578362195e-12, 1.63659352997e-12, 2.64643667224e-13, 4.28194806001e-14, 1.35455899562e-14], "mean": [5.03657283843e-05, 0.000275711354334, 0.000119063312013, 8.89791263035e-05, 0.000197818066226, 0.000333413947374, 0.000486801407533, 0.000475309760077, 0.000418764248025, 0.000316689518513, 0.000169199425727, 0.000127888386487, 8.25840616017e-05, 8.73898388818e-05, 7.51871048124e-05, 5.24601709913e-05, 3.72144168068e-05, 2.17185061047e-05, 1.37951910801e-05, 9.45175270317e-06, 6.62816592012e-06, 5.44004115e-06, 4.72743568025e-06, 2.48624291999e-06, 1.7733061668e-06, 1.23989843814e-06, 9.2680841135e-07, 5.48026889646e-07, 3.04912447291e-07, 3.94657263314e-07, 6.73140732488e-07, 5.33184447704e-07, 3.02587864098e-07, 2.87121764586e-07, 3.06020808694e-07, 3.77108165139e-07, 2.15107604618e-07, 1.00362740341e-07, 4.80510351508e-08, 2.4718845637e-08], "var": [7.59003437878e-09, 4.99320833569e-07, 5.19964729051e-08, 2.42787514537e-08, 2.25616432203e-07, 8.3464948375e-07, 1.84235170764e-06, 2.49264348895e-06, 2.70062673735e-06, 9.64752530308e-07, 4.97548853673e-07, 4.71998674811e-07, 2.70686228987e-07, 2.00272992856e-07, 1.0675725548e-07, 5.29976880159e-08, 4.01360793489e-08, 8.7795424264e-09, 3.57756357872e-09, 1.84899584532e-09, 1.28384336495e-09, 6.11934614092e-10, 4.66935046184e-10, 1.68606878459e-10, 1.31555641381e-10, 6.47905479267e-11, 1.03271158985e-11, 2.39851649826e-12, 5.77171177605e-13, 9.60123582201e-13, 4.28834311811e-12, 2.90597884298e-12, 1.33772105806e-12, 1.20337333848e-12, 2.39299270503e-12, 5.39267415445e-12, 1.46998450738e-12, 2.26319139753e-13, 4.400562827e-14, 1.38298957179e-14], "dmean2": [4.3017706048e-05, 0.000268558360403, 0.000109181419248, 7.45695433579e-05, 0.000131259410409, 0.000217951208469, 0.000320980325341, 0.000280610722257, 0.00028052154812, 0.000213437306229, 0.000124043464893, 8.64066896611e-05, 4.61684103357e-05, 5.49289979972e-05, 6.56336487737e-05, 4.47765123681e-05, 3.50118752976e-05, 2.10521120607e-05, 1.16733990581e-05, 6.70649978929e-06, 5.57280827707e-06, 4.49074013886e-06, 3.60173112313e-06, 1.73301293671e-06, 1.48822300616e-06, 1.04220794128e-06, 7.98050734829e-07, 5.00124770042e-07, 2.85381531739e-07, 3.54182560613e-07, 4.98766723922e-07, 3.54024592752e-07, 2.48481967446e-07, 2.38244993511e-07, 2.84347493107e-07, 3.43978427964e-07, 2.16491372385e-07, 9.86162120853e-08, 4.63750104984e-08, 2.51653311523e-08], "dvar": [2.87553025835e-09, 2.44158542273e-07, 2.76769736018e-08, 9.50960998836e-09, 6.65803980837e-08, 2.50097883736e-07, 6.65735740313e-07, 4.73714862892e-07, 7.24955953046e-07, 3.68631219771e-07, 2.07174480238e-07, 1.5475956161e-07, 5.94719580249e-08, 5.45048024492e-08, 6.73242510629e-08, 2.27995151647e-08, 1.89010656015e-08, 5.23570742317e-09, 1.56753376945e-09, 5.54950974063e-10, 3.96261634616e-10, 2.03848979363e-10, 1.45407560992e-10, 4.45411520167e-11, 3.51999436543e-11, 1.41795004557e-11, 3.98682779498e-12, 8.85345616264e-13, 2.39718455589e-13, 3.75642415394e-13, 1.31497135229e-12, 7.36330972324e-13, 4.80502031393e-13, 4.33750962665e-13, 1.20145711956e-12, 2.54303804577e-12, 8.20218838595e-13, 1.24512054313e-13, 2.15004185652e-14, 6.95355519719e-15], "min": [1.28780941271e-24, 1.12993734215e-24, 1.52742058786e-24, 8.18727179093e-25, 1.46504663798e-24, 9.51079106327e-25, 1.45788417539e-24, 1.29843172062e-24, 1.94446679515e-24, 3.01126785197e-24, 2.33670993369e-24, 1.92151153446e-24, 3.09900989223e-24, 2.54270261807e-24, 3.00859952996e-24, 3.52238187652e-24, 3.23795275233e-24, 2.28933765304e-24, 3.33522502118e-24, 3.05004312648e-24, 4.62830806765e-24, 3.45590338474e-24, 4.02476518299e-24, 3.43981141114e-24, 4.25219772627e-24, 4.9449217307e-24, 3.93563533919e-24, 4.3074964813e-24, 4.55414764838e-24, 5.10004688897e-24, 5.39401077771e-24, 4.91973971288e-24, 5.43450655785e-24, 4.11343748748e-24, 4.94039485239e-24, 5.63751833408e-24, 6.1557660278e-24, 6.08366966309e-24, 6.32017134576e-24, 6.70912947027e-24], "median": [1.86335291801e-05, 5.59544896532e-05, 4.23828896601e-05, 3.48506982846e-05, 3.40481419698e-05, 2.83227127511e-05, 4.23404526373e-05, 3.45531843777e-05, 1.84149103006e-05, 1.46271195263e-05, 7.77851437306e-06, 3.63872732123e-06, 2.23512779485e-06, 2.19603043661e-06, 2.11373730963e-06, 1.60705974395e-06, 8.9675882009e-07, 8.1417721276e-07, 5.56865700219e-07, 4.03877777444e-07, 3.68638467307e-07, 2.74343790352e-07, 2.02456334364e-07, 1.2194681176e-07, 1.05329739597e-07, 7.98576920147e-08, 7.43977821571e-08, 5.27027843589e-08, 3.64499328498e-08, 4.68467042936e-08, 4.46954189215e-08, 2.51372593851e-08, 1.70087073315e-08, 1.42036782336e-08, 1.13958913417e-08, 1.15385470068e-08, 7.6809616445e-09, 4.12196365929e-09, 1.84837045669e-09, 1.12690723419e-09], "max": [0.00091364630498, 0.0107973814011, 0.00549478409812, 0.00263357441872, 0.00730921654031, 0.0139076607302, 0.0233134292066, 0.0218831039965, 0.0298860613257, 0.021880954504, 0.0140000786632, 0.021009594202, 0.0141721172258, 0.0197343081236, 0.0123573420569, 0.0040269466117, 0.00476379645988, 0.0023484765552, 0.00140537892003, 0.000928382447455, 0.00125773483887, 0.000707164232153, 0.000530504563358, 0.000354527466698, 0.000368069449905, 0.000271050143056, 0.000100066557934, 4.6576908062e-05, 1.12748857646e-05, 1.64496377693e-05, 4.43488206656e-05, 3.70855304936e-05, 3.51243834302e-05, 2.16890275624e-05, 3.63532708434e-05, 6.02587970207e-05, 4.88115438202e-05, 1.94962285605e-05, 5.16136287843e-06, 3.78695494874e-06]}, "barkbands_crest": {"dmean": 2.62100028992, "dvar2": 15.3333768845, "mean": 12.5992546082, "var": 22.6416168213, "dmean2": 4.10448360443, "dvar": 6.49909830093, "min": 2.69999027252, "median": 11.704703331, "max": 26.4200706482}, "mfcc": {"icov": [[0.00020354334265, -9.06112109078e-05, 0.000344135187333, -0.000139107141877, 0.000413075438701, -0.000256513245404, 0.000478000001749, -0.000368898181478, 0.000476130400784, -0.00039252472925, 0.000273106386885, -0.00025279642432, 0.000277789047686], [-9.06112109078e-05, 0.000485913187731, -0.000198241279577, 0.000190612947335, -0.000109880522359, 0.00039147521602, -0.00028330044006, 0.000511699472554, -0.00055325566791, 0.000428915169323, -0.000377292191843, 0.000155135116074, -0.000217380991671], [0.000344135187333, -0.000198241279577, 0.00226898049004, -0.00139235379174, 0.000901377643459, -0.000821768364403, 6.9324676133e-07, -0.00031228933949, 0.00109164277092, -0.00098750682082, 0.000955947325565, -0.000406050821766, -0.000359433324775], [-0.000139107141877, 0.000190612947335, -0.00139235379174, 0.00350950914435, -0.00236605689861, 0.00064498645952, 5.14250532433e-05, -6.6063941631e-05, -0.000900511164218, 0.000236975974985, 0.000531781057362, -0.000105590646854, 6.11842624494e-05], [0.000413075438701, -0.000109880522359, 0.000901377643459, -0.00236605689861, 0.00530348252505, -0.00230255536735, 0.0015297079226, 0.000559092091862, 0.00044968893053, -0.00155141437426, -4.31013613706e-05, 0.000885490735527, -9.5218374554e-06], [-0.000256513245404, 0.00039147521602, -0.000821768364403, 0.00064498645952, -0.00230255536735, 0.00706214085221, -0.00299479160458, 0.000767381861806, 8.1484686234e-05, 0.000904017535504, -0.00106171669904, 5.93702534388e-05, 3.17513113259e-05], [0.000478000001749, -0.00028330044006, 6.9324676133e-07, 5.14250532433e-05, 0.0015297079226, -0.00299479160458, 0.00649009179324, -0.00374371162616, 0.000106113729998, -0.000588782713749, -0.000449552084319, -0.000624146021437, 0.000812570913695], [-0.000368898181478, 0.000511699472554, -0.00031228933949, -6.6063941631e-05, 0.000559092091862, 0.000767381861806, -0.00374371162616, 0.00924496352673, -0.0034570810385, 0.00106140552089, -0.000118744530482, 0.000910042377654, -0.000521138601471], [0.000476130400784, -0.00055325566791, 0.00109164277092, -0.000900511164218, 0.00044968893053, 8.1484686234e-05, 0.000106113729998, -0.0034570810385, 0.009053632617, -0.00293335085735, 0.00150723289698, -0.000283334462438, 0.00147710577585], [-0.00039252472925, 0.000428915169323, -0.00098750682082, 0.000236975974985, -0.00155141437426, 0.000904017535504, -0.000588782713749, 0.00106140552089, -0.00293335085735, 0.0089543107897, -0.00480111129582, 0.000977629446425, 0.000631425005849], [0.000273106386885, -0.000377292191843, 0.000955947325565, 0.000531781057362, -4.31013613706e-05, -0.00106171669904, -0.000449552084319, -0.000118744530482, 0.00150723289698, -0.00480111129582, 0.0122693786398, -0.00472930679098, 0.00265150377527], [-0.00025279642432, 0.000155135116074, -0.000406050821766, -0.000105590646854, 0.000885490735527, 5.93702534388e-05, -0.000624146021437, 0.000910042377654, -0.000283334462438, 0.000977629446425, -0.00472930679098, 0.0106302835047, -0.00399126159027], [0.000277789047686, -0.000217380991671, -0.000359433324775, 6.11842624494e-05, -9.5218374554e-06, 3.17513113259e-05, 0.000812570913695, -0.000521138601471, 0.00147710577585, 0.000631425005849, 0.00265150377527, -0.00399126159027, 0.0110278530046]], "mean": [-798.534545898, 151.962081909, 4.28455162048, 11.9622240067, -10.4608507156, 1.57123816013, -11.0802307129, -0.701898336411, -2.45207071304, 2.96096014977, 0.645007252693, 5.01626396179, -4.00342321396], "cov": [[13144.6464844, 1094.18286133, -2146.08886719, -1128.72387695, -1076.93774414, -406.879760742, -795.533874512, -13.6836128235, -378.165283203, 25.5520401001, 62.966381073, 185.12638855, -213.962814331], [1094.18286133, 2574.92041016, -135.660614014, -242.148010254, -194.114364624, -154.88571167, -37.458190918, -72.5850524902, 45.9845199585, -66.2139053345, 36.5174598694, 33.1975784302, 20.5915584564], [-2146.08886719, -135.660614014, 1032.24414062, 458.849456787, 211.723464966, 127.334388733, 146.788452148, 5.00419569016, 16.4952983856, 18.3479652405, -55.8240661621, -12.2273588181, 77.4573059082], [-1128.72387695, -242.148010254, 458.849456787, 679.01739502, 357.045043945, 65.7937164307, -8.00071239471, -23.8995113373, 47.1086006165, 43.1600799561, -52.1477470398, -45.3026237488, 21.7870883942], [-1076.93774414, -194.114364624, 211.723464966, 357.045043945, 480.862670898, 103.149459839, -37.3320922852, -68.346534729, 24.3624172211, 66.2302246094, -3.91822195053, -54.5480880737, 2.00477576256], [-406.879760742, -154.88571167, 127.334388733, 65.7937164307, 103.149459839, 227.125717163, 117.975654602, 19.4437103271, 4.09133958817, 16.1958885193, 23.099067688, 0.870728552341, -4.07166004181], [-795.533874512, -37.458190918, 146.788452148, -8.00071239471, -37.3320922852, 117.975654602, 357.26361084, 136.048156738, 70.1969604492, 12.2143888474, 32.2523269653, 10.1587257385, -10.3172578812], [-13.6836128235, -72.5850524902, 5.00419569016, -23.8995113373, -68.346534729, 19.4437103271, 136.048156738, 195.98500061, 72.1327133179, 0.650644242764, -1.04370546341, -6.12555074692, -13.3333158493], [-378.165283203, 45.9845199585, 16.4952983856, 47.1086006165, 24.3624172211, 4.09133958817, 70.1969604492, 72.1327133179, 179.38079834, 46.8197937012, 4.41553974152, -20.0166282654, -26.059545517], [25.5520401001, -66.2139053345, 18.3479652405, 43.1600799561, 66.2302246094, 16.1958885193, 12.2143888474, 0.650644242764, 46.8197937012, 182.618164062, 69.5299530029, -0.385195165873, -36.0333938599], [62.966381073, 36.5174598694, -55.8240661621, -52.1477470398, -3.91822195053, 23.099067688, 32.2523269653, -1.04370546341, 4.41553974152, 69.5299530029, 141.592681885, 47.3030700684, -26.3885726929], [185.12638855, 33.1975784302, -12.2273588181, -45.3026237488, -54.5480880737, 0.870728552341, 10.1587257385, -6.12555074692, -20.0166282654, -0.385195165873, 47.3030700684, 136.619049072, 35.5319709778], [-213.962814331, 20.5915584564, 77.4573059082, 21.7870883942, 2.00477576256, -4.07166004181, -10.3172578812, -13.3333158493, -26.059545517, -36.0333938599, -26.3885726929, 35.5319709778, 123.780731201]]}, "spectral_decrease": {"dmean": 1.18502285762e-09, "dvar2": 9.60077600435e-18, "mean": -3.49308959535e-09, "var": 3.08748505445e-17, "dmean2": 1.48025236513e-09, "dvar": 5.97489720445e-18, "min": -4.92335203717e-08, "median": -1.26536692235e-09, "max": 1.67991598663e-28}, "zerocrossingrate": {"dmean": 0.00735269160941, "dvar2": 0.000275078811683, "mean": 0.0442613251507, "var": 0.00468609901145, "dmean2": 0.00841559655964, "dvar": 0.000244974624366, "min": 0.00390625, "median": 0.02880859375, "max": 0.52490234375}, "spectral_contrast_coeffs": {"dmean": [0.0470472127199, 0.051770593971, 0.0437277853489, 0.0370095595717, 0.0246970597655, 0.018483851105], "dvar2": [0.00378247187473, 0.00466572539881, 0.00307195121422, 0.00213544559665, 0.0010491469875, 0.00062987889396], "mean": [-0.660148739815, -0.672276973724, -0.722620666027, -0.762187361717, -0.812224268913, -0.769614756107], "var": [0.00837031565607, 0.0172097608447, 0.0154064660892, 0.0100185833871, 0.00509428652003, 0.00238887616433], "dmean2": [0.0759131461382, 0.0768454298377, 0.062077909708, 0.0515844449401, 0.0353701487184, 0.0280495341867], "dvar": [0.0015329150483, 0.00249789888039, 0.00183136865962, 0.0013506897958, 0.000617031648289, 0.000319862621836], "min": [-0.977905809879, -0.974847912788, -0.978486657143, -0.972016811371, -0.968000650406, -0.965244293213], "median": [-0.659194290638, -0.673958539963, -0.738673686981, -0.776330888271, -0.831345558167, -0.771438777447], "max": [-0.375350892544, -0.217846021056, -0.319054454565, -0.396071135998, -0.469240874052, -0.61526042223]}, "spectral_skewness": {"dmean": 0.470945835114, "dvar2": 0.56933671236, "mean": 2.28800344467, "var": 1.13658869267, "dmean2": 0.74265396595, "dvar": 0.233653157949, "min": -0.0713995695114, "median": 2.14656686783, "max": 8.38936901093}, "spectral_energyband_middle_high": {"dmean": 0.0014945177827, "dvar2": 3.00411011267e-05, "mean": 0.00372875877656, "var": 0.000103031299659, "dmean2": 0.00179202645086, "dvar": 2.10687994695e-05, "min": 1.11235920667e-21, "median": 0.000369321438484, "max": 0.171276211739}, "gfcc": {"icov": [[0.000127653955133, -0.000145771686221, 0.000325974950101, -0.000119913638628, 0.000399478798499, -0.000163352087839, 0.000208128898521, -0.000111536683107, -8.17596592242e-05, 0.000103912469058, 2.35337047343e-05, -3.52157185262e-05, 0.000319605082041], [-0.000145771686221, 0.000918996927794, -0.000336392782629, 0.000263032270595, -0.000594039622229, 0.000531680590939, -0.000697945186403, 0.000781539536547, -0.000245115341386, 0.000441043957835, -0.000796565320343, 0.00117153592873, -0.0011621483136], [0.000325974950101, -0.000336392782629, 0.00202758098021, -0.00104234367609, 0.00052192347357, -4.02220175602e-05, -0.000356540549546, 0.000140023927088, -0.000207217046409, -0.000329287082423, -0.000289919262286, -0.000549697375391, 0.000743978715036], [-0.000119913638628, 0.000263032270595, -0.00104234367609, 0.00182912219316, -0.000532968610059, -0.000392061949242, 0.00103023741394, -0.000256657338468, 0.000403872982133, 0.000501241069287, 0.000337637524353, 0.000643675797619, -0.000554312719032], [0.000399478798499, -0.000594039622229, 0.00052192347357, -0.000532968610059, 0.00382744870149, -0.00115866155829, 0.000509006727953, -0.000446593563538, -0.00106859847438, 1.97098620447e-06, 0.000698678428307, 0.000175218345248, 0.000706905964762], [-0.000163352087839, 0.000531680590939, -4.02220175602e-05, -0.000392061949242, -0.00115866155829, 0.00637139054015, -0.00273399800062, 0.000363311322872, 0.00272326241247, -0.00176497653592, 0.00071762537118, 0.000708824780304, 0.00119082466699], [0.000208128898521, -0.000697945186403, -0.000356540549546, 0.00103023741394, 0.000509006727953, -0.00273399800062, 0.0058453627862, -0.00312175648287, 0.000710048538167, 0.00242863222957, -0.000791235943325, 0.00025832693791, 0.000621110317297], [-0.000111536683107, 0.000781539536547, 0.000140023927088, -0.000256657338468, -0.000446593563538, 0.000363311322872, -0.00312175648287, 0.00845914520323, -0.00179640494753, -0.00023567941389, 0.00185126694851, 0.000623776169959, -8.01536880317e-05], [-8.17596592242e-05, -0.000245115341386, -0.000207217046409, 0.000403872982133, -0.00106859847438, 0.00272326241247, 0.000710048538167, -0.00179640494753, 0.00969365797937, -0.00264198891819, -0.000200544454856, 0.00275614694692, -0.000668535125442], [0.000103912469058, 0.000441043957835, -0.000329287082423, 0.000501241069287, 1.97098620447e-06, -0.00176497653592, 0.00242863222957, -0.00023567941389, -0.00264198891819, 0.0117393890396, -0.00342436111532, 0.000858173531014, 0.0026670859661], [2.35337047343e-05, -0.000796565320343, -0.000289919262286, 0.000337637524353, 0.000698678428307, 0.00071762537118, -0.000791235943325, 0.00185126694851, -0.000200544454856, -0.00342436111532, 0.0110532892868, -0.0035748896189, 0.00162496173289], [-3.52157185262e-05, 0.00117153592873, -0.000549697375391, 0.000643675797619, 0.000175218345248, 0.000708824780304, 0.00025832693791, 0.000623776169959, 0.00275614694692, 0.000858173531014, -0.0035748896189, 0.0119999404997, -0.00463409023359], [0.000319605082041, -0.0011621483136, 0.000743978715036, -0.000554312719032, 0.000706905964762, 0.00119082466699, 0.000621110317297, -8.01536880317e-05, -0.000668535125442, 0.0026670859661, 0.00162496173289, -0.00463409023359, 0.0126242572442]], "mean": [-173.987548828, 134.556259155, -124.375289917, 17.7010803223, -70.8332595825, 3.65813922882, -30.6029853821, -3.04670476913, -7.46306371689, -5.21136140823, -7.37966871262, -11.1872282028, -7.73475694656], "cov": [[28133.8867188, 1511.15112305, -4426.13574219, -1098.23815918, -2141.57324219, -237.992218018, -772.999267578, -77.2175979614, 107.466316223, -173.180633545, -24.324213028, -250.031173706, -226.987609863], [1511.15112305, 2291.24438477, -99.4862518311, -345.447570801, 61.2006759644, -209.222351074, 138.903137207, -127.827972412, 131.924224854, -109.111183167, 119.060325623, -122.434570312, 141.79460144], [-4426.13574219, -99.4862518311, 1429.03112793, 552.72052002, 310.818969727, 52.9646339417, 111.623664856, -14.6556367874, -22.3617515564, 42.1966094971, 34.0057296753, 41.5575561523, 15.7430343628], [-1098.23815918, -345.447570801, 552.72052002, 999.918518066, 166.581283569, 62.7661514282, -135.401473999, 3.85827183723, -31.5319747925, 8.03221797943, -66.220954895, -14.8930387497, -1.53734743595], [-2141.57324219, 61.2006759644, 310.818969727, 166.581283569, 509.692199707, 67.7106933594, 62.829914093, 31.8621692657, 37.8268013, 18.6703128815, -32.1655654907, -41.8342056274, -2.1253964901], [-237.992218018, -209.222351074, 52.9646339417, 62.7661514282, 67.7106933594, 301.88092041, 147.477478027, 53.3570747375, -82.260269165, 12.789560318, -32.7516670227, -22.4201431274, -63.8574790955], [-772.999267578, 138.903137207, 111.623664856, -135.401473999, 62.829914093, 147.477478027, 395.828338623, 104.483886719, -50.1111335754, -55.8223609924, -6.23152256012, -18.5098972321, -13.2602939606], [-77.2175979614, -127.827972412, -14.6556367874, 3.85827183723, 31.8621692657, 53.3570747375, 104.483886719, 182.06741333, 13.6259422302, -8.54147624969, -46.542263031, -28.6778640747, -21.5913715363], [107.466316223, 131.924224854, -22.3617515564, -31.5319747925, 37.8268013, -82.260269165, -50.1111335754, 13.6259422302, 164.190002441, 34.5804824829, 5.59856796265, -45.0927963257, 1.66641235352], [-173.180633545, -109.111183167, 42.1966094971, 8.03221797943, 18.6703128815, 12.789560318, -55.8223609924, -8.54147624969, 34.5804824829, 132.762878418, 32.9843559265, -11.594168663, -42.0725402832], [-24.324213028, 119.060325623, 34.0057296753, -66.220954895, -32.1655654907, -32.7516670227, -6.23152256012, -46.542263031, 5.59856796265, 32.9843559265, 135.154754639, 35.1454429626, 0.39838129282], [-250.031173706, -122.434570312, 41.5575561523, -14.8930387497, -41.8342056274, -22.4201431274, -18.5098972321, -28.6778640747, -45.0927963257, -11.594168663, 35.1454429626, 139.714828491, 43.9659767151], [-226.987609863, 141.79460144, 15.7430343628, -1.53734743595, -2.1253964901, -63.8574790955, -13.2602939606, -21.5913715363, 1.66641235352, -42.0725402832, 0.39838129282, 43.9659767151, 128.739395142]]}, "erbbands_spread": {"dmean": 6.49668216705, "dvar2": 232.418014526, "mean": 21.6861743927, "var": 333.687530518, "dmean2": 9.71091175079, "dvar": 104.868797302, "min": 0.645145773888, "median": 15.6656007767, "max": 166.144882202}, "erbbands_kurtosis": {"dmean": 2.34939646721, "dvar2": 37.3501014709, "mean": 3.91576123238, "var": 43.6374206543, "dmean2": 3.54071378708, "dvar": 18.4322166443, "min": -1.88989686966, "median": 2.26062679291, "max": 136.527679443}, "dynamic_complexity": 7.18110513687, "erbbands_crest": {"dmean": 3.02558517456, "dvar2": 20.2856693268, "mean": 13.7937507629, "var": 34.1777420044, "dmean2": 4.67460584641, "dvar": 8.93306064606, "min": 2.52945756912, "median": 12.9058666229, "max": 33.9523048401}, "erbbands": {"dmean": [0.0014896459179, 0.0535786747932, 0.457630038261, 0.419575601816, 0.436644792557, 1.03298389912, 3.06348085403, 6.92326974869, 15.4003829956, 19.6132621765, 23.3757038116, 26.0763568878, 18.4886302948, 16.5832633972, 10.3854026794, 17.8278121948, 16.6686267853, 12.8121681213, 8.31098747253, 4.30255079269, 3.37502980232, 2.87464284897, 1.85620188713, 1.21167230606, 0.882883131504, 0.548768103123, 0.322535306215, 0.533017098904, 0.401289194822, 0.296449869871, 0.378013134003, 0.275975853205, 0.0842653512955, 0.0252460893244, 0.00881093274802, 0.00302605656907, 0.00157877802849, 0.000574775447603, 4.71546227345e-05, 6.54892255625e-06], "dvar2": [1.35587815748e-05, 0.0287932064384, 3.21780824661, 2.56294393539, 2.04454874992, 11.1330566406, 140.367553711, 861.171020508, 5893.69726562, 7832.1875, 18041.2382812, 18383.7753906, 13335.8115234, 14587.2744141, 3695.04443359, 16283.0810547, 13167.0478516, 9362.38085938, 3501.36108398, 389.981384277, 548.423583984, 226.292404175, 88.2964248657, 80.0809020996, 23.1508865356, 4.00392484665, 1.18255746365, 4.37621116638, 2.94562649727, 2.24019885063, 7.1246137619, 4.26126050949, 0.331814259291, 0.0253964271396, 0.00284995278344, 0.000413815287175, 0.000262644520262, 4.84682095703e-05, 3.23128489299e-07, 3.85018794624e-10], "mean": [0.00285720685497, 0.0908889248967, 0.670418798923, 0.66232585907, 0.767920553684, 1.95227789879, 6.35039377213, 14.4411783218, 30.1820392609, 43.8887252808, 50.6418037415, 52.1690292358, 35.5241737366, 32.6420402527, 23.9733390808, 35.0866851807, 26.7991790771, 20.9270477295, 13.0537319183, 8.01137733459, 6.30051183701, 5.31742286682, 3.69133543968, 2.26829910278, 1.58682823181, 0.944039940834, 0.54490339756, 1.00903975964, 0.820092201233, 0.530749976635, 0.581006109715, 0.422718524933, 0.129579335451, 0.0377295054495, 0.0139603707939, 0.00457270024344, 0.00202011456713, 0.000659304612782, 5.81414642511e-05, 1.78052050614e-05], "var": [1.78501504706e-05, 0.0337637290359, 3.514513731, 1.92564022541, 1.80821418762, 13.8078079224, 257.785064697, 1543.33459473, 7470.11962891, 20961.0410156, 42870.7226562, 23703.4472656, 19416.4570312, 30161.7441406, 19236.015625, 25687.171875, 11809.1982422, 11614.0488281, 2674.63525391, 842.090209961, 989.150512695, 426.241699219, 219.897384644, 175.272583008, 70.1063156128, 6.53767347336, 1.46816730499, 8.30798149109, 6.53884315491, 3.50164413452, 9.56183815002, 5.29336929321, 0.340567231178, 0.0285177472979, 0.00422347057611, 0.000541115412489, 0.000216532993363, 4.03108497267e-05, 2.54235800412e-07, 8.89988416297e-10], "dmean2": [0.00231527513824, 0.0817196890712, 0.686352431774, 0.649557411671, 0.689300298691, 1.55941689014, 4.20951843262, 9.33714389801, 20.9884300232, 26.0861415863, 31.6323108673, 34.8269615173, 23.8931446075, 21.1334896088, 12.0542726517, 23.0285358429, 22.7080764771, 17.7052135468, 11.503610611, 5.50306606293, 4.55674743652, 3.90214896202, 2.46458745003, 1.68806874752, 1.23609900475, 0.78276270628, 0.464561849833, 0.731877803802, 0.526738941669, 0.406372576952, 0.506558954716, 0.381457298994, 0.117135107517, 0.0352450236678, 0.0121519379318, 0.00412615854293, 0.00216802326031, 0.000790246878751, 6.85036211507e-05, 8.32626483316e-06], "dvar": [6.08749087405e-06, 0.0142032159492, 1.74599504471, 1.10352313519, 0.815725684166, 5.04318284988, 75.2984008789, 448.316223145, 3048.42773438, 4462.49316406, 9136.81933594, 9182.73632812, 7596.84570312, 9554.8984375, 3065.5390625, 8534.91796875, 6403.50341797, 4931.03076172, 1552.60461426, 243.306930542, 288.341156006, 130.676101685, 57.5169525146, 41.5947380066, 14.8548803329, 2.1481730938, 0.562750756741, 2.46876811981, 1.63565421104, 1.20586204529, 4.48470306396, 2.49511528015, 0.167358726263, 0.0133457267657, 0.00159761495888, 0.000229033641517, 0.000136326023494, 2.61419318122e-05, 1.56598048306e-07, 2.2249976861e-10], "min": [9.51658950647e-23, 2.30707988422e-22, 1.90979988931e-21, 6.94857644718e-21, 6.67236920842e-21, 2.17390916732e-20, 3.73443806105e-20, 4.41581645841e-20, 9.84350745052e-20, 1.40492374817e-19, 2.47410987835e-19, 3.77871122312e-19, 5.91507912146e-19, 5.07549338466e-19, 9.36160107293e-19, 1.32939515306e-18, 1.70417083627e-18, 2.12347499602e-18, 1.73088225601e-18, 1.79945697635e-18, 4.12898659207e-18, 3.85193195848e-18, 5.6557039225e-18, 6.84204222112e-18, 6.28107149074e-18, 6.65948676865e-18, 8.27349026526e-18, 1.01040177998e-17, 1.02827814563e-17, 1.09409723785e-17, 1.10050127015e-17, 1.19250666717e-17, 9.54215867743e-18, 9.08472035406e-18, 6.11848417826e-18, 4.18010966265e-18, 2.0918223095e-18, 9.84420512567e-19, 2.21289839012e-19, 2.44498804784e-20], "median": [0.00116135657299, 0.0266173444688, 0.112190328538, 0.203898414969, 0.313133627176, 0.65784072876, 0.862673282623, 1.50567650795, 3.01187515259, 3.9099509716, 3.87517905235, 3.20279383659, 2.09352660179, 1.16153788567, 0.850136578083, 1.07622671127, 1.07139527798, 0.697984218597, 0.611847162247, 0.443063765764, 0.402772068977, 0.313375920057, 0.204685807228, 0.15236350894, 0.126479893923, 0.0971436575055, 0.0723438113928, 0.0828976109624, 0.0453368648887, 0.0295655690134, 0.0222276356071, 0.0151094505563, 0.0055459276773, 0.00168501958251, 0.000663755345158, 0.000135135895107, 2.34822055063e-05, 4.61025638288e-06, 3.17388912663e-06, 6.28809584668e-06], "max": [0.0439328178763, 1.93492090702, 29.4642601013, 35.2368850708, 17.889541626, 64.8830718994, 243.798400879, 582.590515137, 1676.82092285, 2105.12231445, 4232.66699219, 3030.78808594, 2758.65600586, 5097.15136719, 3358.93652344, 4790.54150391, 2407.59301758, 2550.81689453, 1337.27893066, 531.779907227, 1050.02929688, 467.284210205, 343.789245605, 426.996185303, 280.398101807, 71.4502563477, 14.0498800278, 56.6609916687, 58.6601142883, 32.6571235657, 77.1899337769, 69.9535598755, 22.1233119965, 4.9048910141, 2.2108438015, 0.576968550682, 0.477409273386, 0.186639890075, 0.022144312039, 0.00050421920605]}, "silence_rate_30dB": {"dmean": 0.00645161280409, "dvar2": 0.0154690276831, "mean": 0.987718641758, "var": 0.0121316192672, "dmean2": 0.0129048265517, "dvar": 0.00641023693606, "min": 0, "median": 1, "max": 1}, "silence_rate_60dB": {"dmean": 0.093548387289, "dvar2": 0.164026230574, "mean": 0.399826318026, "var": 0.239981919527, "dmean2": 0.187119990587, "dvar": 0.0847946032882, "min": 0, "median": 0, "max": 1}, "spectral_energyband_middle_low": {"dmean": 0.00357221625745, "dvar2": 0.000122211888083, "mean": 0.00960574205965, "var": 0.000276843755273, "dmean2": 0.00458755111322, "dvar": 6.71744273859e-05, "min": 1.34208918427e-22, "median": 0.00311932619661, "max": 0.15961445868}, "spectral_spread": {"dmean": 512040.625, "dvar2": 1142208331780.0, "mean": 3929878.25, "var": 23460912824300.0, "dmean2": 773911.25, "dvar": 579315499008, "min": 751209.6875, "median": 3175535.75, "