{"tonal": {"hpcp": {"dvar": [0.036963313818, 0.0269936267287, 0.0207565706223, 0.0163862779737, 0.00833317730576, 0.0086882058531, 0.0126150818542, 0.0141336731613, 0.023102093488, 0.0319455116987, 0.0191797111183, 0.0130341798067, 0.0104003828019, 0.013317043893, 0.0230107586831, 0.0333617813885, 0.0245765857399, 0.0142252258956, 0.0105193806812, 0.010311819613, 0.0151883624494, 0.023228161037, 0.0180176757276, 0.0242699868977, 0.0319051556289, 0.0212711151689, 0.0161445457488, 0.0194226466119, 0.0239105373621, 0.0386746563017, 0.0463901497424, 0.0332255959511, 0.0235443618149, 0.0208689365536, 0.0221793912351, 0.033458840102], "var": [0.121832370758, 0.0456365682185, 0.0291471313685, 0.0505980476737, 0.0141867697239, 0.00969699211419, 0.0138648804277, 0.0119130788371, 0.0498257949948, 0.0975775420666, 0.0327269211411, 0.0122838029638, 0.00882203318179, 0.0120209259912, 0.0653641745448, 0.126352369785, 0.0559091381729, 0.0152615141124, 0.00752841215581, 0.00910943374038, 0.0265873577446, 0.0560665763915, 0.0279060136527, 0.0538337528706, 0.135142534971, 0.0600045211613, 0.0151701830328, 0.0137562612072, 0.020837591961, 0.080877520144, 0.144592449069, 0.0542602427304, 0.020153298974, 0.015417820774, 0.0191238354892, 0.0686046481133], "median": [0.0980547145009, 0.0550260879099, 0.0134232984856, 0.00861346628517, 0.00638092542067, 0.0140720838681, 0.0181888900697, 0.0153565714136, 0.0317429862916, 0.0409016683698, 0.0253539588302, 0.0104468995705, 0.00761737395078, 0.0113641154021, 0.0715898871422, 0.124433301389, 0.0611932352185, 0.0041573010385, 0.00133698235732, 0.00216546957381, 0.0225132722408, 0.0392556786537, 0.0431709885597, 0.0634458363056, 0.0576663129032, 0.0224776752293, 0.00818409584463, 0.00544353667647, 0.0094635412097, 0.0599333718419, 0.104347489774, 0.0536069907248, 0.00316953798756, 0.00145752716344, 0.00380061729811, 0.0565006807446], "max": [1, 1, 1, 1, 1, 1, 1, 1, 1, 1, 1, 1, 1, 1, 1, 1, 1, 1, 1, 1, 1, 1, 1, 1, 1, 1, 1, 1, 1, 1, 1, 1, 1, 1, 1, 1], "dmean": [0.116768732667, 0.0970646440983, 0.0665791407228, 0.0493929423392, 0.0351778566837, 0.032770421356, 0.0409542508423, 0.0422845892608, 0.0768970996141, 0.0907795801759, 0.0652209892869, 0.0380208939314, 0.0322160534561, 0.0443654321134, 0.0959154441953, 0.114753492177, 0.0927564650774, 0.0445204265416, 0.0263001155108, 0.02973806113, 0.0566032491624, 0.0786002725363, 0.0688897669315, 0.0888875350356, 0.0881229639053, 0.0756443887949, 0.047559376806, 0.0450253263116, 0.0629841387272, 0.119546629488, 0.128541126847, 0.106286987662, 0.0575465969741, 0.043553866446, 0.0582492761314, 0.105169929564], "dmean2": [0.188299357891, 0.159164741635, 0.114221341908, 0.0802648961544, 0.0595129132271, 0.0559929274023, 0.0691683217883, 0.0746854841709, 0.124035179615, 0.143614038825, 0.106893002987, 0.0654299408197, 0.056081969291, 0.0773478373885, 0.151921510696, 0.181744560599, 0.150854498148, 0.0792755559087, 0.0482761152089, 0.0520516596735, 0.0910678729415, 0.127148240805, 0.111938886344, 0.143297865987, 0.142648488283, 0.121851071715, 0.0826245471835, 0.0818187743425, 0.111432306468, 0.201870471239, 0.216140836477, 0.181494280696, 0.104641534388, 0.0801357775927, 0.103483997285, 0.174946814775], "mean": [0.282433927059, 0.155070126057, 0.0843073651195, 0.0979398339987, 0.0532540716231, 0.0434649139643, 0.05419524014, 0.0446569360793, 0.138981342316, 0.200826987624, 0.105132773519, 0.0438043922186, 0.0375445485115, 0.0446100756526, 0.192375615239, 0.300729811192, 0.169547021389, 0.0417072027922, 0.0197904072702, 0.0252430215478, 0.0901932567358, 0.147970870137, 0.107490830123, 0.170646294951, 0.263933390379, 0.152756586671, 0.0462693236768, 0.0379537902772, 0.0548694729805, 0.218815505505, 0.322264790535, 0.170908197761, 0.0469718538225, 0.0321459434927, 0.0494163818657, 0.18972055614], "dvar2": [0.0867275446653, 0.0665203630924, 0.0519457943738, 0.0366587899625, 0.022078724578, 0.0237084999681, 0.0344516262412, 0.0399098135531, 0.0586285069585, 0.0720697492361, 0.0470656566322, 0.0356181263924, 0.0290878806263, 0.0357640385628, 0.0514871180058, 0.0732479318976, 0.0580536276102, 0.038866918534, 0.0298466384411, 0.0275489520282, 0.0371809080243, 0.0559199266136, 0.0456324443221, 0.0596522912383, 0.071160055697, 0.0527750812471, 0.0425184816122, 0.055073235184, 0.0642518401146, 0.100278951228, 0.111424617469, 0.0874964371324, 0.0646670684218, 0.0588441975415, 0.0611715167761, 0.0856701731682], "min": [0, 0, 0, 0, 0, 0, 0, 0, 0, 0, 0, 0, 0, 0, 0, 0, 0, 0, 0, 0, 0, 0, 0, 0, 0, 0, 0, 0, 0, 0, 0, 0, 0, 0, 0, 0]}, "key_key": "F", "thpcp": [1, 0.530334711075, 0.145755469799, 0.0997500941157, 0.153340920806, 0.588710188866, 0.876403331757, 0.48118853569, 0.261608988047, 0.303911060095, 0.165249422193, 0.134873300791, 0.168169900775, 0.138572186232, 0.431264430285, 0.623173832893, 0.32623103261, 0.135926708579, 0.116502173245, 0.138426780701, 0.59694892168, 0.933176159859, 0.526110887527, 0.12941904366, 0.0614103935659, 0.0783300623298, 0.279873132706, 0.45915928483, 0.333548158407, 0.529522001743, 0.818995416164, 0.474009543657, 0.143575489521, 0.117772065103, 0.170262083411, 0.678992927074], "chords_key": "D", "tuning_equal_tempered_deviation": 0.00581759680063, "tuning_frequency": 439.491973877, "tuning_diatonic_strength": 0.543711185455, "chords_histogram": [16.3703536987, 16.3472633362, 7.01916408539, 0.392519056797, 3.85592246056, 0.323250979185, 3.27868843079, 0.0923574268818, 0.161625489593, 0.531055212021, 0, 0.115446776152, 0, 0, 0, 0, 0, 0.0461787134409, 0, 0.138536140323, 0, 15.4236898422, 6.30339431763, 29.6005535126], "key_strength": 0.660526752472, "key_scale": "major", "chords_strength": {"dvar": 5.96957725065e-05, "var": 0.00730037689209, "median": 0.511904001236, "max": 0.736467063427, "dmean": 0.00875634048134, "dmean2": 0.00692301802337, "mean": 0.510072886944, "dvar2": 6.06206995144e-05, "min": 0.27232003212}, "chords_number_rate": 0.00184714840725, "tuning_nontempered_energy_ratio": 0.631240308285, "hpcp_entropy": {"dvar": 0.212044864893, "var": 0.484447270632, "median": 1.56363856792, "max": 4.30298662186, "dmean": 0.47732925415, "dmean2": 0.796992301941, "mean": 1.48627603054, "dvar2": 0.551445841789, "min": 0}, "chords_changes_rate": 0.0535673052073, "chords_scale": "minor"}, "rhythm": {"bpm_histogram_first_peak_spread": {"dvar": 0, "var": 0, "median": 0.37090909481, "max": 0.37090909481, "dmean": 0, "dmean2": 0, "mean": 0.37090909481, "dvar2": 0, "min": 0.37090909481}, "bpm_histogram_first_peak_weight": {"dvar": 0, "var": 0, "median": 0.337890625, "max": 0.337890625, "dmean": 0, "dmean2": 0, "mean": 0.337890625, "dvar2": 0, "min": 0.337890625}, "bpm_histogram_first_peak_bpm": {"dvar": 0, "var": 0, "median": 157, "max": 157, "dmean": 0, "dmean2": 0, "mean": 157, "dvar2": 0, "min": 157}, "bpm": 154.918121338, "bpm_histogram_second_peak_weight": {"dvar": 0, "var": 0, "median": 0.1953125, "max": 0.1953125, "dmean": 0, "dmean2": 0, "mean": 0.1953125, "dvar2": 0, "min": 0.1953125}, "beats_loudness": {"dvar": 0.000223240305786, "var": 0.000410386797739, "median": 0.0263817161322, "max": 0.11768489331, "dmean": 0.0150441629812, "dmean2": 0.0262341331691, "mean": 0.0290542114526, "dvar2": 0.000614704797044, "min": 2.39368103117e-09}, "beats_loudness_band_ratio": {"dvar": [0.0128826536238, 0.022779405117, 0.0223360676318, 0.0159354414791, 0.00235933065414, 0.0187127254903], "var": [0.0228710174561, 0.0476912073791, 0.0381369404495, 0.0163179785013, 0.00267837243155, 0.0125838033855], "median": [0.0677599012852, 0.374362558126, 0.379267543554, 0.100880689919, 0.023876208812, 0.00242853118107], "max": [0.814229726791, 0.951307117939, 0.863236427307, 0.776791036129, 0.425665974617, 0.960681259632], "dmean": [0.104495510459, 0.188713267446, 0.182384938002, 0.0994983837008, 0.0327777229249, 0.0415945611894], "dmean2": [0.180709719658, 0.311195909977, 0.315907359123, 0.173856899142, 0.05978493765, 0.0766862854362], "mean": [0.128103077412, 0.394100904465, 0.373497009277, 0.137434020638, 0.0397514998913, 0.0291898809373], "dvar2": [0.0342770293355, 0.0584384463727, 0.0578865818679, 0.0434802696109, 0.00669035734609, 0.0536268800497], "min": [0.000285699788947, 0.00857679545879, 0.00810663308948, 0.0029236744158, 0.000466023629997, 7.48111633584e-05]}, "bpm_histogram_second_peak_bpm": {"dvar": 0, "var": 0, "median": 152, "max": 152, "dmean": 0, "dmean2": 0, "mean": 152, "dvar2": 0, "min": 152}, "onset_rate": 2.29767084122, "beats_count": 513, "beats_position": [0.406349211931, 0.835918366909, 1.25387752056, 1.67183673382, 2.08979582787, 2.51936507225, 2.94893407822, 3.3785033226, 3.80807256699, 4.21442174911, 4.60916090012, 5.00390005112, 5.39863920212, 5.79337835312, 6.18811798096, 6.58285713196, 6.97759628296, 7.37233543396, 7.75546455383, 8.15020370483, 8.54494285583, 8.93968200684, 9.33442115784, 9.72916126251, 10.1239004135, 10.5186395645, 10.9017686844, 11.2848978043, 11.6796369553, 12.0627660751, 12.4575052261, 12.8522443771, 13.2469835281, 13.6301136017, 14.0132427216, 14.3963718414, 14.7911109924, 15.1858501434, 15.5805892944, 15.9753284454, 16.3468475342, 16.7415866852, 17.1247158051, 17.5078449249, 17.9141941071, 18.3205432892, 18.7268924713, 19.1448516846, 19.5163707733, 19.8994998932, 20.2826309204, 20.6657600403, 21.0604991913, 21.43201828, 21.8151473999, 22.1982765198, 22.5697956085, 22.9529247284, 23.3476638794, 23.7424030304, 24.1371421814, 24.5434913635, 24.9382305145, 25.3213596344, 25.7044887543, 26.0992279053, 26.4939670563, 26.8770961761, 27.2602272034, 27.6317462921, 28.0032653809, 28.3863945007, 28.7695236206, 29.1526527405, 29.5241718292, 29.9073009491, 30.290430069, 30.6735591888, 31.0450782776, 31.4630374908, 31.8926067352, 32.3337860107, 32.7749671936, 33.2161445618, 33.6457138062, 34.0985031128, 34.4932403564, 34.8763694763, 35.2594985962, 35.6310195923, 36.0141487122, 36.3856697083, 36.7804069519, 37.1751480103, 37.5698852539, 37.976234436, 38.3825836182, 38.7773246765, 39.1604537964, 39.5435829163, 39.9151000977, 40.2866210938, 40.6581382751, 41.0296592712, 41.4127883911, 41.8191375732, 42.2254867554, 42.6318359375, 43.0265769958, 43.3864860535, 43.7463951111, 44.1179122925, 44.4894332886, 44.86095047, 45.2440795898, 45.6272087097, 45.9987297058, 46.3702468872, 46.718547821, 47.0668487549, 47.415145874, 47.7866668701, 48.16979599, 48.5413131714, 48.9128341675, 49.3075714111, 49.690700531, 50.0854415894, 50.480178833, 50.8633079529, 51.2464370728, 51.6179580688, 51.9894790649, 52.3609962463, 52.720905304, 53.0808143616, 53.4639434814, 53.8470726013, 54.2302017212, 54.6133308411, 55.0080718994, 55.4028091431, 55.7859382629, 56.1690673828, 56.5405883789, 56.912109375, 57.2952384949, 57.6899757385, 58.0614967346, 58.4214057922, 58.7697029114, 59.129611969, 59.5591812134, 59.977142334, 60.3950996399, 60.8246688843, 61.1961898804, 61.5793190002, 61.9740562439, 62.3687973022, 62.7635345459, 63.1582756042, 63.5530128479, 63.9477539062, 64.3308868408, 64.7256240845, 65.1203613281, 65.5034942627, 65.8866195679, 66.2697525024, 66.6644897461, 66.9895706177, 67.3146438599, 67.6281204224, 67.9415893555, 68.2550582886, 68.5917434692, 68.9168243408, 69.2535171509, 69.5902023315, 69.9733352661, 70.3564605713, 70.7279815674, 71.1111068726, 71.5174560547, 71.9122009277, 72.3069381714, 72.701675415, 73.1080245972, 73.5143737793, 73.9207229614, 74.303855896, 74.6869812012, 75.0817184448, 75.488067627, 75.8944168091, 76.2891616821, 76.6955108643, 77.0902481079, 77.4849853516, 77.8797302246, 78.2860794067, 78.6924285889, 79.075553894, 79.4586868286, 79.8418121338, 80.2249450684, 80.6080703735, 80.9795913696, 81.3627166748, 81.7342376709, 82.105758667, 82.4888839722, 82.8720169067, 83.2551422119, 83.6382751465, 84.0330123901, 84.4277572632, 84.8224945068, 85.205619812, 85.5771408081, 85.9602737427, 86.3433990479, 86.7265319824, 87.0980453491, 87.4811782837, 87.8643035889, 88.2590484619, 88.6305618286, 89.0136947632, 89.4200439453, 89.814781189, 90.1979141235, 90.5926513672, 90.9873886108, 91.3705215454, 91.7536468506, 92.1367797852, 92.5083007812, 92.8914260864, 93.274559021, 93.6460723877, 94.0292053223, 94.4123306274, 94.8070755005, 95.1902008057, 95.5733337402, 95.9564590454, 96.33959198, 96.7343292236, 97.1174621582, 97.5005874634, 97.8837203979, 98.2668457031, 98.6383666992, 99.0098876953, 99.381401062, 99.7529220581, 100.136054993, 100.507568359, 100.890701294, 101.273826599, 101.656959534, 102.02848053, 102.400001526, 102.771514893, 103.143035889, 103.526168823, 103.909294128, 104.304031372, 104.687164307, 105.070289612, 105.453422546, 105.824943542, 106.208068848, 106.579589844, 106.95111084, 107.322631836, 107.694145203, 108.065666199, 108.437187195, 108.8203125, 109.191833496, 109.574966431, 109.969703674, 110.34122467, 110.712738037, 111.084259033, 111.467391968, 111.838912964, 112.210426331, 112.593559265, 112.965080261, 113.336593628, 113.719726562, 114.102851868, 114.485984802, 114.857505798, 115.240631104, 115.6121521, 115.995285034, 116.366798401, 116.749931335, 117.121452332, 117.446525574, 117.771606445, 118.096687317, 118.421768188, 118.74684906, 119.071922302, 119.408615112, 119.745300293, 120.093605042, 120.430290222, 120.743759155, 121.057228088, 121.393920898, 121.71900177, 122.044082642, 122.380767822, 122.717460632, 123.042533875, 123.425666809, 123.797187805, 124.18031311, 124.563446045, 124.94657135, 125.329704285, 125.701225281, 126.072738647, 126.455871582, 126.827392578, 127.210517883, 127.582038879, 127.965164185, 128.336685181, 128.708206177, 129.079727173, 129.474472046, 129.880813599, 130.275558472, 130.681900024, 131.088256836, 131.494598389, 131.9009552, 132.307296753, 132.713653564, 133.119995117, 133.503128052, 133.897872925, 134.280990601, 134.652511597, 135.035644531, 135.418777466, 135.801895142, 136.196640015, 136.591384888, 136.974502563, 137.357635498, 137.740768433, 138.123901367, 138.507034302, 138.890151978, 139.273284912, 139.668029785, 140.085983276, 140.492340088, 140.898681641, 141.281814575, 141.66494751, 142.048065186, 142.43119812, 142.837554932, 143.243896484, 143.650253296, 144.056594849, 144.451339722, 144.846069336, 145.240814209, 145.635559082, 146.030288696, 146.413421631, 146.796554565, 147.168075562, 147.551193237, 147.934326172, 148.317459106, 148.700592041, 149.083709717, 149.466842651, 149.838363647, 150.221496582, 150.593017578, 150.976135254, 151.370880127, 151.777236938, 152.171966553, 152.578323364, 152.973052979, 153.367797852, 153.750930786, 154.134063721, 154.517181396, 154.900314331, 155.295059204, 155.689788818, 156.072921753, 156.456054688, 156.850784302, 157.245529175, 157.640274048, 158.035003662, 158.429748535, 158.824493408, 159.195999146, 159.567520142, 159.939041138, 160.310562134, 160.693695068, 161.076828003, 161.459945679, 161.843078613, 162.237823486, 162.632553101, 163.004074097, 163.375595093, 163.758728027, 164.141860962, 164.513381958, 164.884887695, 165.256408691, 165.639541626, 166.022674561, 166.405807495, 166.777328491, 167.148834229, 167.531967163, 167.903488159, 168.275009155, 168.65814209, 169.041259766, 169.412780762, 169.784301758, 170.155822754, 170.52734375, 170.898864746, 171.281997681, 171.665115356, 172.059860229, 172.431381226, 172.802902222, 173.174423218, 173.545944214, 173.917449951, 174.288970947, 174.660491943, 175.020401001, 175.380310059, 175.751831055, 176.123352051, 176.494873047, 176.866394043, 177.249526978, 177.632644653, 178.004165649, 178.375686646, 178.747207642, 179.130340576, 179.501861572, 179.884979248, 180.268112183, 180.651245117, 181.022766113, 181.394287109, 181.765808105, 182.137313843, 182.520446777, 182.903579712, 183.275100708, 183.646621704, 184.0181427, 184.389663696, 184.772781372, 185.155914307, 185.539047241, 185.922180176, 186.31690979, 186.711654663, 187.106384277, 187.67527771, 188.244171143, 188.801452637, 189.370330811, 189.939224243, 190.484893799, 191.042175293, 191.599456787, 192.226394653, 192.841720581, 193.387390137, 193.933059692, 194.478729248, 195.012786865, 195.546844482, 196.0809021, 196.649795532, 197.218673706, 197.729522705, 198.251968384, 198.774414062, 199.296859741, 199.819320679, 200.341766357], "danceability": 0.984160125256, "bpm_histogram_second_peak_spread": {"dvar": 0, "var": 0, "median": 0.264705896378, "max": 0.264705896378, "dmean": 0, "dmean2": 0, "mean": 0.264705896378, "dvar2": 0, "min": 0.264705896378}}, "lowlevel": {"spectral_flux": {"dvar": 0.000416591734393, "var": 0.00156230432913, "median": 0.0407113619149, "max": 0.333333224058, "dmean": 0.0157937332988, "dmean2": 0.0250138882548, "mean": 0.0516112148762, "dvar2": 0.000980947981589, "min": 1.03344735547e-10}, "spectral_rolloff": {"dvar": 1028066.3125, "var": 6855196, "median": 796.728515625, "max": 20844.140625, "dmean": 256.992156982, "dmean2": 424.049041748, "mean": 1359.10632324, "dvar2": 2397841, "min": 107.666015625}, "barkbands_flatness_db": {"dvar": 0.000203318850254, "var": 0.00196515163407, "median": 0.209668874741, "max": 0.353088498116, "dmean": 0.0146945677698, "dmean2": 0.0218795500696, "mean": 0.207335710526, "dvar2": 0.000406445062254, "min": 0.0546678118408}, "spectral_centroid": {"dvar": 43276.9648438, "var": 245241.265625, "median": 626.302612305, "max": 11198.9824219, "dmean": 103.647613525, "dmean2": 140.686172485, "mean": 766.143981934, "dvar2": 56401.4453125, "min": 252.223937988}, "melbands_skewness": {"dvar": 0.208895400167, "var": 1.62303304672, "median": 1.82631421089, "max": 11.0470027924, "dmean": 0.397878557444, "dmean2": 0.596326112747, "mean": 2.0015566349, "dvar2": 0.50352114439, "min": -1.5680860281}, "melbands": {"dvar": [1.08248313091e-10, 1.62140234572e-09, 1.14555888331e-07, 2.8177311151e-07, 1.77655394396e-07, 3.20998765346e-07, 3.20819935951e-07, 1.62644980151e-07, 4.13791326537e-07, 3.37126607519e-07, 1.29437083274e-07, 3.69358446051e-08, 1.47216345781e-08, 1.51613903654e-08, 2.30347669827e-08, 2.39065212071e-08, 5.59595392247e-09, 1.31725119701e-09, 6.21560358738e-10, 4.42141767643e-10, 3.63084562416e-10, 5.86452497675e-10, 3.03838898486e-10, 1.23136820185e-10, 2.26069753195e-11, 3.96223366617e-11, 7.50580986253e-11, 2.46964133171e-11, 2.20851809063e-12, 1.1576731327e-12, 3.95039339782e-12, 1.0267168192e-11, 7.84579345936e-12, 5.71920072065e-12, 9.85472467518e-12, 9.87428368238e-12, 6.69770619174e-12, 6.42550726168e-12, 1.25663143086e-11, 7.6090895737e-12], "var": [3.72715164287e-10, 8.61875992797e-09, 4.29827650805e-07, 1.0349152717e-06, 8.28150291454e-07, 2.01042757908e-06, 8.14265149529e-07, 4.86922715481e-07, 1.44874900343e-06, 1.24947769109e-06, 4.55204713035e-07, 1.44534226365e-07, 3.74568820405e-08, 5.10070172766e-08, 4.55318520665e-08, 6.87407535338e-08, 1.81885866368e-08, 4.75072070572e-09, 1.51297618878e-09, 1.05872477452e-09, 1.39694900092e-09, 1.94471039272e-09, 1.52704715539e-09, 5.09304931562e-10, 6.46568215634e-11, 1.16438192421e-10, 2.33457531085e-10, 1.51061871345e-10, 8.89616418726e-12, 3.27648953975e-12, 9.37013747843e-12, 1.99991238847e-11, 1.62408489435e-11, 1.2856641099e-11, 1.78412562502e-11, 1.58129065397e-11, 1.32067542666e-11, 1.82002173749e-11, 3.28103481884e-11, 2.12542639738e-11], "median": [2.83514964394e-06, 2.56533057836e-05, 0.000156706839334, 0.000502599868923, 0.000367862405255, 0.000318165723002, 0.00029440986691, 0.000168721046066, 0.000132318324177, 7.33878114261e-05, 3.84581908293e-05, 5.44546310266e-05, 3.65463056369e-05, 2.38810407609e-05, 2.03462768695e-05, 2.92382646876e-05, 5.81203221373e-06, 7.47686317482e-06, 5.95366964262e-06, 6.425970696e-06, 4.96261009175e-06, 2.48957189797e-06, 3.42630437444e-06, 1.3464514268e-06, 6.94616005603e-07, 4.38997801666e-07, 4.01860290822e-07, 1.93964524442e-07, 8.72856986689e-08, 4.59687186094e-08, 3.06536840355e-08, 2.47062494907e-08, 1.59454724979e-08, 1.22097514321e-08, 7.94158516726e-09, 8.79276207399e-09, 6.82820733289e-09, 5.65753843773e-09, 8.35551183798e-09, 6.14407857924e-09], "max": [0.000457879650639, 0.00135934515856, 0.00642954511568, 0.0125149870291, 0.0130228549242, 0.0192807782441, 0.0183868817985, 0.011733930558, 0.0224127154797, 0.0172796137631, 0.0191039983183, 0.0067921532318, 0.0042030676268, 0.00301759247668, 0.00617091124877, 0.00517587270588, 0.00222591101192, 0.00130768248346, 0.000824210874271, 0.000736660091206, 0.000717711867765, 0.000848755764309, 0.000550968397874, 0.000370123976609, 0.000315211189445, 0.000262741552433, 0.00039724065573, 0.000374205264961, 5.57478779228e-05, 5.38789172424e-05, 9.06250206754e-05, 0.000160741750733, 9.05381457414e-05, 7.76558299549e-05, 0.000141681332025, 0.000167229532963, 0.000133801047923, 0.000131302018417, 0.000129981723148, 0.000126056416775], "dmean": [3.83832639272e-06, 2.11030892387e-05, 0.000169624734554, 0.000334278767696, 0.000220662142965, 0.000257510400843, 0.000243181988481, 0.000163818869623, 0.000208017052501, 0.000171847714228, 8.35636019474e-05, 6.14431119175e-05, 3.67520005966e-05, 4.13750458392e-05, 3.7554105802e-05, 4.4380856707e-05, 1.90945156646e-05, 1.12801935757e-05, 6.31628336123e-06, 6.17124123892e-06, 5.89042792853e-06, 4.75289789392e-06, 5.65011578146e-06, 3.16658201882e-06, 1.2287048321e-06, 1.42038834383e-06, 2.01780744646e-06, 1.14885153835e-06, 3.54968648253e-07, 2.03800482268e-07, 2.81481447928e-07, 3.67925309774e-07, 3.74637210143e-07, 3.43694324556e-07, 3.61075223054e-07, 3.30427297968e-07, 2.91395622298e-07, 2.99471736298e-07, 3.99074878032e-07, 3.26061609712e-07], "dmean2": [6.02407317274e-06, 3.21962761518e-05, 0.000267321272986, 0.000514291983563, 0.000322065636283, 0.000373178336304, 0.000350432324922, 0.00024756451603, 0.000282429566141, 0.000257933716057, 0.000116878873087, 8.94076001714e-05, 5.43221758562e-05, 5.99044033152e-05, 5.55193109903e-05, 6.53596871416e-05, 2.75824659184e-05, 1.68570531969e-05, 9.31802333071e-06, 9.70091787167e-06, 8.92006937647e-06, 6.8587091846e-06, 8.29382042866e-06, 4.52078529634e-06, 1.74023250565e-06, 1.90628929886e-06, 2.72674765256e-06, 1.59932380939e-06, 5.2130695849e-07, 2.78579875612e-07, 3.90894115299e-07, 5.06165918068e-07, 5.2276493534e-07, 4.67188158382e-07, 4.70989078849e-07, 4.73840799486e-07, 3.98576304406e-07, 3.80460079441e-07, 5.273840884e-07, 4.22030808522e-07], "mean": [8.42638564791e-06, 5.7909903262e-05, 0.000417251401814, 0.000835551705677, 0.000650457746815, 0.000852190249134, 0.000602403830271, 0.000390204106225, 0.000507433142047, 0.000387717765989, 0.000185087075806, 0.000147283935803, 8.52385346661e-05, 9.35346615734e-05, 7.27324804757e-05, 9.24042687984e-05, 3.89228916902e-05, 2.41236484726e-05, 1.31284705276e-05, 1.26192508105e-05, 1.38149498525e-05, 1.13180458357e-05, 1.32598070195e-05, 7.31483123673e-06, 2.66247297986e-06, 2.90204661724e-06, 4.21609593104e-06, 2.59601301877e-06, 7.53962865474e-07, 3.65311507267e-07, 4.47260418923e-07, 5.63673211218e-07, 5.51786797587e-07, 5.27645227066e-07, 5.22082643784e-07, 4.87303509544e-07, 4.37555399913e-07, 4.86225417262e-07, 6.27649512808e-07, 5.20216133282e-07], "dvar2": [2.45873654769e-10, 3.68299768461e-09, 3.07230067165e-07, 6.89776754825e-07, 3.59040683406e-07, 6.92142350545e-07, 6.91241837103e-07, 3.45811201896e-07, 7.30943611416e-07, 7.97540678832e-07, 2.37925348756e-07, 8.42520009314e-08, 3.29734213267e-08, 3.24384963335e-08, 5.14105380489e-08, 4.5946798366e-08, 1.04871018536e-08, 2.7883393372e-09, 1.25876820078e-09, 9.28610188744e-10, 6.88161305717e-10, 1.21581944512e-09, 5.87531356899e-10, 2.39402775382e-10, 4.27945595627e-11, 6.85170531423e-11, 1.42240094703e-10, 3.91402327216e-11, 4.56911852104e-12, 2.11633466828e-12, 7.5175499506e-12, 1.8225504439e-11, 1.40733006845e-11, 1.04276171031e-11, 1.91368067226e-11, 2.12645925174e-11, 1.29319619249e-11, 9.67826860321e-12, 2.21837583025e-11, 1.1471166031e-11], "min": [4.26801138975e-23, 4.61043129625e-24, 3.78911507566e-24, 9.827398021e-24, 1.33808085579e-23, 9.73824569466e-24, 3.18754584211e-23, 2.61213476285e-23, 6.81074579892e-24, 1.3620503944e-23, 7.32572603076e-24, 4.05714871201e-24, 1.10605706316e-23, 7.98278405594e-24, 1.03427711056e-23, 7.53354670307e-24, 1.44562168761e-23, 1.2249195478e-23, 7.8013649804e-24, 7.31382369742e-24, 1.94938147748e-23, 8.5790698147e-24, 6.27745216116e-24, 4.40784668819e-24, 8.57935932665e-24, 9.47522526936e-24, 9.8792821916e-24, 6.67224233434e-24, 9.29478201476e-24, 1.51417038706e-23, 1.19793908489e-23, 1.00606350028e-23, 1.68458390633e-23, 9.15561511816e-24, 7.79530179548e-24, 1.07846310312e-23, 8.92600452993e-24, 1.00299522579e-23, 7.34107095309e-24, 7.81360415734e-24]}, "spectral_decrease": {"dvar": 2.60861394374e-18, "var": 1.74725493138e-17, "median": -4.44439729463e-09, "max": 2.08388236824e-16, "dmean": 1.07422881701e-09, "dmean2": 1.51102352852e-09, "mean": -5.33236832467e-09, "dvar2": 5.0122012465e-18, "min": -3.40349757266e-08}, "barkbands_kurtosis": {"dvar": 8.83119487762, "var": 46.8344154358, "median": 3.02555704117, "max": 68.7450714111, "dmean": 2.01291847229, "dmean2": 3.06622242928, "mean": 4.96562671661, "dvar2": 20.6249542236, "min": -1.93348371983}, "silence_rate_30dB": {"dvar": 0.00184439378791, "var": 0.00126862921752, "median": 1, "max": 1, "dmean": 0.00184778845869, "dmean2": 0.00369600369595, "mean": 0.998729765415, "dvar2": 0.00483746733516, "min": 0}, "gfcc": {"mean": [-92.8339004517, 127.341712952, -130.745223999, -28.6575031281, -57.5408782959, -22.2344245911, -51.5698852539, -6.33162021637, -32.9382667542, -8.7648267746, -14.8657588959, -6.56572341919, -12.8340511322], "cov": [[19079.7109375, 955.359313965, -3282.19702148, -590.637817383, -1072.07092285, -322.069915771, -675.709594727, 271.082397461, -585.479125977, -79.5013122559, -34.2136383057, -218.963302612, -214.59046936], [955.359313965, 2144.05639648, -504.535522461, -379.250518799, 362.374450684, -212.181900024, 57.2288131714, -201.005096436, 81.8501739502, -157.09463501, 37.0659332275, -55.7425613403, 58.0892219543], [-3282.19702148, -504.535522461, 1148.51330566, 220.870651245, 86.7908477783, 221.465255737, 72.4519882202, 14.7752037048, 53.4727172852, 58.6793479919, -57.3451499939, 49.5793495178, -30.045841217], [-590.637817383, -379.250518799, 220.870651245, 369.197753906, 11.9570598602, 7.82459115982, -5.34817647934, 7.37913894653, 48.7732200623, 9.90253067017, -10.1382837296, 38.536113739, 7.96425390244], [-1072.07092285, 362.374450684, 86.7908477783, 11.9570598602, 269.486022949, -6.52559232712, 65.8370437622, -39.6759796143, 57.4791984558, -26.4935874939, 0.288275748491, -6.91349172592, 20.0117893219], [-322.069915771, -212.181900024, 221.465255737, 7.82459115982, -6.52559232712, 199.18309021, 64.6013183594, 28.2769870758, -11.8645811081, 34.6540336609, -24.3321723938, -8.77198410034, -39.2486381531], [-675.709594727, 57.2288131714, 72.4519882202, -5.34817647934, 65.8370437622, 64.6013183594, 179.432449341, 18.986656189, 14.3976259232, -0.282306998968, 7.89060401917, -4.11011981964, -17.3483390808], [271.082397461, -201.005096436, 14.7752037048, 7.37913894653, -39.6759796143, 28.2769870758, 18.986656189, 146.045272827, -21.4463233948, 6.91808319092, -6.49072408676, -22.5754108429, -31.1532554626], [-585.479125977, 81.8501739502, 53.4727172852, 48.7732200623, 57.4791984558, -11.8645811081, 14.3976259232, -21.4463233948, 130.995361328, 7.89273357391, 12.0798473358, 29.3020839691, 31.6961803436], [-79.5013122559, -157.09463501, 58.6793479919, 9.90253067017, -26.4935874939, 34.6540336609, -0.282306998968, 6.91808319092, 7.89273357391, 86.1150283813, 14.8029260635, 4.87149620056, 4.03059387207], [-34.2136383057, 37.0659332275, -57.3451499939, -10.1382837296, 0.288275748491, -24.3321723938, 7.89060401917, -6.49072408676, 12.0798473358, 14.8029260635, 81.8371047974, 23.0353908539, 8.51593971252], [-218.963302612, -55.7425613403, 49.5793495178, 38.536113739, -6.91349172592, -8.77198410034, -4.11011981964, -22.5754108429, 29.3020839691, 4.87149620056, 23.0353908539, 92.2644805908, 33.9870872498], [-214.59046936, 58.0892219543, -30.045841217, 7.96425390244, 20.0117893219, -39.2486381531, -17.3483390808, -31.1532554626, 31.6961803436, 4.03059387207, 8.51593971252, 33.9870872498, 92.8691177368]], "icov": [[0.000369549408788, -0.00058070657542, 0.00103845493868, -0.000638077617623, 0.00118035019841, -0.000952982343733, 0.00110115052667, -0.000940902391449, 0.000892845564522, -0.000727234233636, 0.000701144977938, -0.000640660815407, 0.000737802882213], [-0.00058070657542, 0.0021724277176, -0.00139676802792, 0.00214158860035, -0.00314560392871, 0.00214791111648, -0.00198813225143, 0.00261776149273, -0.00206938618794, 0.00246945442632, -0.00136358151212, 0.0015830413904, -0.00109909218736], [0.00103845493868, -0.00139676802792, 0.00439626257867, -0.00223549851216, 0.00249417987652, -0.00392528483644, 0.0031499194447, -0.00246214168146, 0.00222744047642, -0.00242425547913, 0.00279212323949, -0.00265969568864, 0.00251566781662], [-0.000638077617623, 0.00214158860035, -0.00223549851216, 0.005463429261, -0.003090134589, 0.00285670976155, -0.0019334196113, 0.00222970615141, -0.00309007056057, 0.00238306890242, -0.000960103119723, 0.000640228798147, -0.000940798781812], [0.00118035019841, -0.00314560392871, 0.00249417987652, -0.003090134589, 0.0103895235807, -0.00305220670998, 0.0018106601201, -0.00286498549394, 0.00165162025951, -0.00186126201879, 0.00209438195452, -0.000666274514515, 0.00118424068205], [-0.000952982343733, 0.00214791111648, -0.00392528483644, 0.00285670976155, -0.00305220670998, 0.0115091372281, -0.00568505516276, 0.00273176352493, -0.00208779075183, -0.00039704554365, 0.00029030276346, 0.00169801618904, 0.00039740014472], [0.00110115052667, -0.00198813225143, 0.0031499194447, -0.0019334196113, 0.0018106601201, -0.00568505516276, 0.0108620487154, -0.00411425391212, 0.00226930738427, -0.00163435458671, 0.000547642528545, -0.0022378989961, 0.00289419782348], [-0.000940902391449, 0.00261776149273, -0.00246214168146, 0.00222970615141, -0.00286498549394, 0.00273176352493, -0.00411425391212, 0.0114561570808, -0.00255520036444, 0.00280538434163, -0.00203751749359, 0.00371569534764, -0.000375651434297], [0.000892845564522, -0.00206938618794, 0.00222744047642, -0.00309007056057, 0.00165162025951, -0.00208779075183, 0.00226930738427, -0.00255520036444, 0.0125563545153, -0.00371079170145, 0.00131587393116, -0.00367229711264, -0.000229519806453], [-0.000727234233636, 0.00246945442632, -0.00242425547913, 0.00238306890242, -0.00186126201879, -0.00039704554365, -0.00163435458671, 0.00280538434163, -0.00371079170145, 0.0174845475703, -0.00579351792112, 0.00353793147951, -0.00360054150224], [0.000701144977938, -0.00136358151212, 0.00279212323949, -0.000960103119723, 0.00209438195452, 0.00029030276346, 0.000547642528545, -0.00203751749359, 0.00131587393116, -0.00579351792112, 0.0170704759657, -0.00602443795651, 0.00299064698629], [-0.000640660815407, 0.0015830413904, -0.00265969568864, 0.000640228798147, -0.000666274514515, 0.00169801618904, -0.0022378989961, 0.00371569534764, -0.00367229711264, 0.00353793147951, -0.00602443795651, 0.0171719733626, -0.00632850360125], [0.000737802882213, -0.00109909218736, 0.00251566781662, -0.000940798781812, 0.00118424068205, 0.00039740014472, 0.00289419782348, -0.000375651434297, -0.000229519806453, -0.00360054150224, 0.00299064698629, -0.00632850360125, 0.0166585072875]]}, "silence_rate_20dB": {"dvar": 0, "var": 0, "median": 1, "max": 1, "dmean": 0, "dmean2": 0, "mean": 1, "dvar2": 0, "min": 1}, "barkbands_skewness": {"dvar": 0.153353691101, "var": 1.12073659897, "median": 1.54755949974, "max": 6.55822277069, "dmean": 0.365386039019, "dmean2": 0.535455584526, "mean": 1.63563346863, "dvar2": 0.316864043474, "min": -3.67312693596}, "erbbands_skewness": {"dvar": 0.0812580361962, "var": 0.531337499619, "median": 0.640938103199, "max": 5.0026049614, "dmean": 0.274336278439, "dmean2": 0.406796246767, "mean": 0.694444894791, "dvar2": 0.166613891721, "min": -3.41262555122}, "spectral_contrast_valleys": {"dvar": [0.128032684326, 0.0729065015912, 0.0651819854975, 0.0618972182274, 0.0579414814711, 0.0722817704082], "var": [1.25817215443, 2.03550052643, 2.17805600166, 1.97533893585, 1.84335923195, 1.60023784637], "median": [-9.01552772522, -6.65368080139, -7.47533655167, -8.36695671082, -9.06844711304, -12.0463504791], "max": [-6.9338927269, -4.79558181763, -4.97287321091, -6.07815647125, -6.4499540329, -7.19683408737], "dmean": [0.403773963451, 0.272027283907, 0.2480699718, 0.227350637317, 0.195701822639, 0.182284519076], "dmean2": [0.680164992809, 0.444168120623, 0.396056354046, 0.361829727888, 0.294385254383, 0.246288970113], "mean": [-9.15905094147, -6.94077444077, -7.75799465179, -8.64841270447, -9.21511077881, -11.9666719437], "dvar2": [0.321053832769, 0.157798230648, 0.129894986749, 0.117239676416, 0.0926527678967, 0.0911367163062], "min": [-27.412771225, -27.1543388367, -27.1115188599, -27.3145256042, -27.4532299042, -27.3690643311]}, "spectral_strongpeak": {"dvar": 0.43740183115, "var": 1.75642108917, "median": 0.918935716152, "max": 13.3581342697, "dmean": 0.42676961422, "dmean2": 0.684197604656, "mean": 1.35764479637, "dvar2": 0.964461147785, "min": 0}, "erbbands_crest": {"dvar": 4.12206315994, "var": 25.4394779205, "median": 9.77554130554, "max": 31.6468162537, "dmean": 2.06620740891, "dmean2": 3.14504361153, "mean": 11.0657377243, "dvar2": 9.94348812103, "min": 2.05005717278}, "barkbands_crest": {"dvar": 3.45915341377, "var": 17.4530277252, "median": 10.3177070618, "max": 25.6094932556, "dmean": 1.97600781918, "dmean2": 3.09751343727, "mean": 11.2006387711, "dvar2": 8.95271682739, "min": 2.76228165627}, "spectral_energyband_middle_low": {"dvar": 3.42261591868e-05, "var": 0.000183445750736, "median": 0.0142080578953, "max": 0.124501667917, "dmean": 0.00387395778671, "dmean2": 0.00558930449188, "mean": 0.0167669449002, "dvar2": 7.06282298779e-05, "min": 4.53282202443e-22}, "spectral_contrast_coeffs": {"dvar": [0.00122230919078, 0.000965350598563, 0.000783898693044, 0.00054770859424, 0.000367442553397, 0.000149615356349], "var": [0.0108564300463, 0.00729118380696, 0.00587889039889, 0.0043982937932, 0.00402365950868, 0.0016171571333], "median": [-0.478339582682, -0.661017894745, -0.724511146545, -0.723512887955, -0.742164433002, -0.811039507389], "max": [-0.252358645201, -0.400729596615, -0.448073685169, -0.514153599739, -0.50653642416, -0.647697389126], "dmean": [0.0430613569915, 0.0353430211544, 0.030883923173, 0.026195757091, 0.0200563576072, 0.0127550093457], "dmean2": [0.0704578235745, 0.0569963939488, 0.0482888370752, 0.0413294695318, 0.0311057157815, 0.0195105392486], "mean": [-0.493333160877, -0.66229814291, -0.720586419106, -0.724488556385, -0.744888365269, -0.811224222183], "dvar2": [0.00324195297435, 0.00238554598764, 0.00186015444342, 0.00125275633764, 0.000737945258152, 0.000305237597786], "min": [-0.959403753281, -0.984755992889, -0.966517806053, -0.954485714436, -0.953990757465, -0.959261417389]}, "hfc": {"dvar": 80.4936904907, "var": 356.520172119, "median": 9.24704551697, "max": 283.984954834, "dmean": 3.70527672768, "dmean2": 4.87254333496, "mean": 15.4267101288, "dvar2": 120.302513123, "min": 1.19069261045e-16}, "spectral_energyband_high": {"dvar": 6.27542704024e-07, "var": 2.11115616366e-06, "median": 1.143917234e-05, "max": 0.0270953960717, "dmean": 0.000126149854623, "dmean2": 0.000155670350068, "mean": 0.000250275974395, "dvar2": 7.89745001839e-07, "min": 7.53146089804e-21}, "erbbands_spread": {"dvar": 43.802734375, "var": 327.388885498, "median": 18.6381072998, "max": 151.415344238, "dmean": 3.67307162285, "dmean2": 5.52193307877, "mean": 22.9999351501, "dvar2": 85.8587417603, "min": 1.92099046707}, "dissonance": {"dvar": 0.000528452626895, "var": 0.0013826378854, "median": 0.435506314039, "max": 0.499989122152, "dmean": 0.0243243426085, "dmean2": 0.041011929512, "mean": 0.43110409379, "dvar2": 0.00144833547529, "min": 0.221882268786}, "spectral_kurtosis": {"dvar": 26.594373703, "var": 107.969154358, "median": 16.6562175751, "max": 87.4270935059, "dmean": 5.0637922287, "dmean2": 8.51222133636, "mean": 18.1737174988, "dvar2": 75.9086074829, "min": -1.28019106388}, "spectral_skewness": {"dvar": 0.13069948554, "var": 0.844201624393, "median": 3.00117397308, "max": 7.37355041504, "dmean": 0.395508289337, "dmean2": 0.646949291229, "mean": 2.9966506958, "dvar2": 0.346451759338, "min": -0.0631829425693}, "pitch_salience": {"dvar": 0.00251732184552, "var": 0.0126765649766, "median": 0.585335373878, "max": 0.869966387749, "dmean": 0.0534035563469, "dmean2": 0.0836554914713, "mean": 0.575010001659, "dvar2": 0.00622809352353, "min": 0.120070248842}, "spectral_complexity": {"dvar": 2.98528265953, "var": 30.447145462, "median": 14, "max": 38, "dmean": 1.66762900352, "dmean2": 2.65604066849, "mean": 13.7212467194, "dvar2": 6.32325124741, "min": 0}, "spectral_spread": {"dvar": 541382148096, "var": 5422285062140.0, "median": 2237726.75, "max": 41253888, "dmean": 319950.6875, "dmean2": 463931.15625, "mean": 2911427.5, "dvar2": 716284231680, "min": 1037432.125}, "dynamic_complexity": 4.81245088577, "melbands_crest": {"dvar": 5.95336771011, "var": 29.1409988403, "median": 13.3653411865, "max": 32.6943626404, "dmean": 2.56985044479, "dmean2": 4.01473712921, "mean": 14.5476264954, "dvar2": 15.3232488632, "min": 3.77214026451}, "zerocrossingrate": {"dvar": 0.000234666164033, "var": 0.00454607885331, "median": 0.03125, "max": 0.703125, "dmean": 0.00635137781501, "dmean2": 0.00711188558489, "mean": 0.0465207993984, "dvar2": 0.000194414897123, "min": 0.0078125}, "spectral_energyband_low": {"dvar": 9.79810366175e-08, "var": 3.32684464865e-07, "median": 0.000149100058479, "max": 0.00806417316198, "dmean": 0.000143093828228, "dmean2": 0.000217830456677, "mean": 0.000375868781703, "dvar2": 2.1563786845e-07, "min": 1.43683100033e-22}, "melbands_kurtosis": {"dvar": 35.6123123169, "var": 156.281478882, "median": 4.89921855927, "max": 171.480224609, "dmean": 3.04085016251, "dmean2": 4.72231388092, "mean": 8.39188957214, "dvar2": 97.9731292725, "min": -1.82198131084}, "spectral_energyband_middle_high": {"dvar": 7.60063676353e-06, "var": 4.50409024779e-05, "median": 0.00208174274303, "max": 0.0793193206191, "dmean": 0.00126518949401, "dmean2": 0.00172204582486, "mean": 0.00455231685191, "dvar2": 1.37978468047e-05, "min": 1.37202010687e-21}, "barkbands_spread": {"dvar": 39.0966491699, "var": 249.573532104, "median": 7.43014955521, "max": 149.792098999, "dmean": 2.5071849823, "dmean2": 3.73661112785, "mean": 11.4380302429, "dvar2": 86.3961257935, "min": 1.24899053574}, "mfcc": {"mean": [-734.741638184, 180.24621582, -28.9565982819, -5.27680444717, -5.75644016266, -23.1968917847, -12.9425029755, -13.256734848, -16.2754440308, -11.4807701111, -11.20008564, -5.69398403168, -4.27632808685], "cov": [[10841.0517578, 1161.25695801, -1339.13232422, -388.016021729, -477.083190918, -694.291687012, -124.561180115, -133.762207031, -446.246582031, 47.5893249512, -197.978256226, -12.8135509491, -173.118743896], [1161.25695801, 2606.9753418, -637.317687988, -108.747436523, 77.534034729, -59.2063789368, -32.8120117188, -51.7115936279, 6.00925540924, -163.129577637, -34.7282829285, -88.2078552246, -23.7976551056], [-1339.13232422, -637.317687988, 756.373718262, 63.484539032, 75.3619308472, 164.461303711, 25.6147556305, 50.8702087402, 56.642490387, 26.5112857819, 23.7628288269, 20.3425998688, 60.9123306274], [-388.016021729, -108.747436523, 63.484539032, 271.666534424, 68.4960479736, 25.336812973, -38.1241874695, 26.6564865112, 26.4040393829, -24.2463741302, -13.4158992767, 13.2814855576, 42.0332794189], [-477.083190918, 77.534034729, 75.3619308472, 68.4960479736, 180.052703857, 36.1997413635, -30.0749397278, 3.71485495567, 31.42121315, -1.13637685776, -6.94195127487, -5.18983983994, 19.3622913361], [-694.291687012, -59.2063789368, 164.461303711, 25.336812973, 36.1997413635, 216.317138672, 25.6504077911, 11.9226264954, 67.4814682007, -31.1618213654, 54.8424034119, -5.93513441086, 4.67446231842], [-124.561180115, -32.8120117188, 25.6147556305, -38.1241874695, -30.0749397278, 25.6504077911, 173.503097534, 44.0041427612, 6.88413333893, 44.753