{"tonal": {"chords_number_rate": 0.00155672314577, "thpcp": [1, 0.570049345493, 0.198129341006, 0.119652248919, 0.103544659913, 0.205100536346, 0.320200532675, 0.256828725338, 0.181605681777, 0.186479851604, 0.205684840679, 0.309257745743, 0.363258838654, 0.290836542845, 0.414513587952, 0.520117938519, 0.320082306862, 0.155882999301, 0.135231971741, 0.166150897741, 0.54040157795, 0.941131055355, 0.601738810539, 0.177174344659, 0.131177529693, 0.119594193995, 0.30649331212, 0.488002389669, 0.326979160309, 0.179870307446, 0.163024425507, 0.154434666038, 0.242173925042, 0.292912393808, 0.30888274312, 0.729645848274], "hpcp": {"dvar": [0.0387504249811, 0.0295164696872, 0.0181929562241, 0.0241609122604, 0.0264997687191, 0.0282879974693, 0.0438152253628, 0.0309044532478, 0.0226238314062, 0.0173073317856, 0.0126458220184, 0.0174515172839, 0.0266353990883, 0.0218820143491, 0.0186628866941, 0.019312268123, 0.0260233860463, 0.0323508456349, 0.0347966514528, 0.0358826331794, 0.0431662984192, 0.0482688434422, 0.0415276624262, 0.0338071882725, 0.027057973668, 0.0238512568176, 0.0264631714672, 0.026310512796, 0.0293890815228, 0.0420352779329, 0.0348914191127, 0.0328280963004, 0.0276677217335, 0.0281780380756, 0.0273823123425, 0.0368460379541], "mean": [0.23667229712, 0.145648911595, 0.0709323436022, 0.0615353919566, 0.0756046101451, 0.245902076364, 0.42824831605, 0.273812711239, 0.0806206688285, 0.0596904717386, 0.0544196404517, 0.139465436339, 0.222058564425, 0.148787230253, 0.0818474292755, 0.0741819515824, 0.0702733024955, 0.110197804868, 0.133285626769, 0.140552714467, 0.332014977932, 0.455035805702, 0.259392857552, 0.0901559442282, 0.0544460564852, 0.0471165291965, 0.093328088522, 0.145702704787, 0.116866268218, 0.0826370865107, 0.0848550125957, 0.0935939699411, 0.140723347664, 0.165295779705, 0.132341042161, 0.188618525863], "min": [0, 0, 0, 0, 0, 0, 0, 0, 0, 0, 0, 0, 0, 0, 0, 0, 0, 0, 0, 0, 0, 0, 0, 0, 0, 0, 0, 0, 0, 0, 0, 0, 0, 0, 0, 0], "median": [0.0460615083575, 0.0432928353548, 0.0286493003368, 0.0206139367074, 0.0230520740151, 0.16907414794, 0.304823100567, 0.18438462913, 0.0247586108744, 0.0130824605003, 0.019307686016, 0.052355941385, 0.0756690353155, 0.0665712207556, 0.0370036624372, 0.0278763268143, 0.0175399240106, 0.0366219729185, 0.0469770804048, 0.0584213547409, 0.235499978065, 0.363369256258, 0.182030752301, 0.0294368918985, 0.0125355320051, 0.00855153799057, 0.0307225175202, 0.0562685243785, 0.0428648255765, 0.0136556243524, 0.0130552360788, 0.0202845297754, 0.0548159480095, 0.0648064240813, 0.0545106194913, 0.0523794926703], "dvar2": [0.097674138844, 0.084986358881, 0.0531605705619, 0.0713746547699, 0.0760815665126, 0.0782776400447, 0.0987897887826, 0.0840495452285, 0.0632567405701, 0.0457684323192, 0.0336603969336, 0.0464369282126, 0.0671171098948, 0.0588213801384, 0.0489643476903, 0.0522340983152, 0.0726702213287, 0.0886349827051, 0.0907127633691, 0.0972960293293, 0.113375872374, 0.11866299808, 0.115610912442, 0.0951017290354, 0.0758189857006, 0.0679485201836, 0.0732767209411, 0.0701980367303, 0.0803796574473, 0.111727826297, 0.089369058609, 0.0890926793218, 0.0730920806527, 0.0710743591189, 0.0725824534893, 0.100175999105], "var": [0.112667486072, 0.0440704263747, 0.0147702107206, 0.0171928685158, 0.0232307463884, 0.053113553673, 0.131393060088, 0.0656245648861, 0.0214708857238, 0.0164630208164, 0.0115436771885, 0.0359207540751, 0.0885076746345, 0.0367422699928, 0.0193185470998, 0.019499765709, 0.0251401364803, 0.0367213822901, 0.0465351529419, 0.0400201343, 0.0923413857818, 0.139273568988, 0.062984533608, 0.0274949744344, 0.0190236903727, 0.0166183821857, 0.0300344340503, 0.0486157312989, 0.035772703588, 0.0373262092471, 0.0379502251744, 0.0374914221466, 0.045134909451, 0.0567520000041, 0.0371239557862, 0.0702211484313], "dmean2": [0.20019890368, 0.186570599675, 0.131686165929, 0.131148174405, 0.152348846197, 0.238529026508, 0.27526396513, 0.249831572175, 0.155340835452, 0.111486323178, 0.0944203585386, 0.13756377995, 0.176389276981, 0.157565563917, 0.120480716228, 0.117319375277, 0.12898093462, 0.167483404279, 0.185888200998, 0.226263895631, 0.306616872549, 0.302151709795, 0.287034153938, 0.189920559525, 0.130976900458, 0.115501247346, 0.141824394464, 0.162281900644, 0.162922352552, 0.173761069775, 0.157764986157, 0.160111218691, 0.172503247857, 0.178735628724, 0.193520992994, 0.227774962783], "max": [1, 1, 1, 1, 1, 1, 1, 1, 1, 1, 1, 1, 1, 1, 1, 1, 1, 1, 1, 1, 1, 1, 1, 1, 1, 1, 1, 1, 1, 1, 1, 1, 1, 1, 1, 1], "dmean": [0.118270926178, 0.107987873256, 0.0733909457922, 0.0718249604106, 0.0850013941526, 0.141642764211, 0.168406516314, 0.149409368634, 0.0871938019991, 0.0639610812068, 0.0544895045459, 0.0810915902257, 0.10480633378, 0.0924046561122, 0.0701440349221, 0.0669151321054, 0.0714053884149, 0.0939987897873, 0.107069335878, 0.128675192595, 0.182033270597, 0.179034471512, 0.165909171104, 0.10494017601, 0.0711023956537, 0.0623023547232, 0.0801635161042, 0.0946087762713, 0.0943344905972, 0.0958329811692, 0.0894248411059, 0.090120613575, 0.100387766957, 0.106101490557, 0.111450389028, 0.132718443871]}, "key_strength": 0.867188930511, "chords_strength": {"dvar": 5.91485950281e-05, "mean": 0.543870508671, "min": 0.2818544209, "median": 0.541542112827, "dvar2": 5.2986004448e-05, "var": 0.00751941651106, "dmean2": 0.00736171891913, "max": 0.764553189278, "dmean": 0.00851644296199}, "tuning_equal_tempered_deviation": 0.0255114044994, "chords_key": "A", "tuning_frequency": 441.017791748, "chords_scale": "major", "chords_changes_rate": 0.045728739351, "key_scale": "major", "tuning_diatonic_strength": 0.627138912678, "hpcp_entropy": {"dvar": 0.254560410976, "mean": 1.97266161442, "min": 0, "median": 2.00958657265, "dvar2": 0.668115258217, "var": 0.537089347839, "dmean2": 0.987271785736, "max": 4.16282463074, "dmean": 0.590697228909}, "chords_histogram": [31.076084137, 3.5026268959, 11.5586690903, 0, 0.642148256302, 0, 0.700525403023, 0, 0.175131350756, 0, 0, 0, 0, 0, 0, 3.98910284042, 0.252967506647, 7.25822162628, 0.505935013294, 1.30375564098, 0, 0.27242654562, 32.8274002075, 5.9350066185], "tuning_nontempered_energy_ratio": 0.651238918304, "key_key": "E"}, "metadata": {"version": {"extractor": "music 1.0", "essentia_build_sha": "70f2e5ece6736b2c40cc944ad0e695b16b925413", "essentia": "2.1-beta2", "essentia_git_sha": "v2.1_beta2"}, "audio_properties": {"sample_rate": 44100, "length": 238.600006104, "lossless": true, "analysis_sample_rate": 44100, "downmix": "mix", "bit_rate": 0, "equal_loudness": 0, "md5_encoded": "81c614ab73aff0c2bd2e3289ec03bf7c", "codec": "flac", "replay_gain": -13.7968196869}, "tags": {"disctotal": ["1"], "genre": ["Australia; Male Vocal; Rock"], "catalognumber": ["2121262"], "releasecountry": ["AU"], "musicbrainz_recordingid": ["3cd5a032-fec1-4bc3-9621-e3f9b0aaeb2f"], "language": ["eng"], "title": ["Pandanus"], "musicbrainz_releasetrackid": ["b152a5e7-251f-325f-ade4-f7d4c9abc4e2"], "discnumber": ["1"], "artistsort": ["Forster, Robert"], "releasetype": ["album"], "originaldate": ["2008-04-04"], "musicbrainz_artistid": ["c790898c-8e86-470c-88de-3d2c7560db10"], "composer": ["Robert Forster"], "tracknumber": ["3"], "musicbrainz_albumartistid": ["c790898c-8e86-470c-88de-3d2c7560db10"], "totaltracks": ["10"], "barcode": ["5099921212628"], "tracktotal": ["10"], "date": ["2008-04-21"], "acoustid_id": ["8d5c75d9-27a4-435c-875d-b6078f481770"], "albumartistsort": ["Forster, Robert"], "musicbrainz_releasegroupid": ["7ab79c0d-9bb4-3a51-8619-635bf0bcae86"], "media": ["CD"], "label": ["EMI Music Australia"], "albumartist": ["Robert Forster"], "asin": ["B0014062X4"], "script": ["Latn"], "musicbrainz_albumid": ["364e47a3-1666-317a-9980-2ffc475a1814"], "file_name": "03_Pandanus.flac", "releasestatus": ["official"], "totaldiscs": ["1"], "album": ["The Evangelist"], "artist": ["Robert Forster"]}}, "lowlevel": {"melbands": {"dvar": [1.08075687422e-06, 2.0771187792e-06, 9.78315711109e-07, 7.42688541777e-07, 2.34102259355e-07, 1.62899169709e-07, 1.39671115562e-07, 9.19492109119e-08, 1.19488461792e-07, 3.69553347923e-08, 2.93383681793e-08, 2.85437962155e-09, 7.49223527663e-09, 1.41210643179e-09, 2.21287455027e-09, 7.95385757257e-10, 1.10859688096e-09, 5.85100412565e-10, 4.03496486223e-10, 2.2001239719e-10, 1.01009267617e-09, 5.80121339855e-10, 5.92698279345e-10, 2.25452642666e-10, 1.99525021505e-10, 9.24911397471e-11, 1.15528420164e-10, 9.01368493733e-11, 7.41388339609e-11, 7.67511471045e-11, 5.82724493658e-11, 5.66096232391e-11, 7.72744021549e-11, 3.70195332722e-11, 2.25575877422e-11, 3.91858108462e-11, 2.02928489984e-11, 6.74414647392e-12, 4.11509108039e-12, 8.41708267755e-13], "mean": [0.000405645463616, 0.00116653926671, 0.00126446946524, 0.00108267681208, 0.000684969651047, 0.000473491032608, 0.000295128236758, 0.00032660656143, 0.000313692929922, 0.000210300524486, 0.000120601187518, 5.64567162655e-05, 5.660529132e-05, 3.27957277477e-05, 3.00450883515e-05, 2.05248416023e-05, 2.22803828365e-05, 2.04734260478e-05, 1.72182299139e-05, 1.65322635439e-05, 3.71896348952e-05, 2.93118027912e-05, 2.47622556344e-05, 1.35182062877e-05, 1.20920258269e-05, 1.29881036628e-05, 1.39051289807e-05, 8.10778692539e-06, 5.76776119487e-06, 4.97704058944e-06, 4.66409483124e-06, 4.44060924565e-06, 3.45508556165e-06, 2.62793196271e-06, 2.09068957702e-06, 1.92773086383e-06, 1.43726219903e-06, 1.02874935237e-06, 7.41334247323e-07, 4.26698335332e-07], "min": [3.06967298802e-12, 9.55369464095e-13, 2.59489857986e-13, 1.66539687856e-13, 1.35415103067e-13, 3.36031895397e-14, 1.31384237596e-14, 1.28599294909e-14, 1.53859469111e-14, 2.24234998245e-14, 3.05066573131e-14, 1.25922018581e-14, 1.10802124718e-14, 7.28872613442e-15, 5.94707253278e-15, 6.01216362665e-15, 1.02886000433e-14, 1.51089400323e-14, 5.81005860082e-15, 1.85569058051e-15, 1.6424309778e-15, 4.21610056573e-15, 4.46345536215e-15, 2.79082935384e-15, 2.08329129806e-15, 8.01134942348e-15, 9.6635642671e-15, 4.3652749262e-15, 4.23365447653e-15, 3.41479469213e-15, 3.27015640485e-15, 5.39777166649e-15, 5.31310860583e-15, 2.95784603983e-15, 2.96391968958e-15, 2.95694289095e-15, 1.98086870935e-15, 4.02885969757e-15, 6.53657019462e-15, 2.47518104374e-15], "median": [0.000145695317769, 0.000676321098581, 0.000812361540738, 0.000691284250934, 0.000451082159998, 0.000271978176897, 0.000142854449223, 0.000146752368892, 0.000128153813421, 9.45236170082e-05, 4.33271852671e-05, 2.7103771572e-05, 2.09843674384e-05, 1.2001703908e-05, 1.02915873867e-05, 7.54115944801e-06, 7.21194464859e-06, 9.09910068003e-06, 7.18067212802e-06, 9.16874523682e-06, 2.16149110202e-05, 1.70630682987e-05, 1.17770678116e-05, 7.11858911018e-06, 6.77173829899e-06, 7.54884513299e-06, 7.63445405028e-06, 3.79019957109e-06, 2.31197827816e-06, 1.9424983293e-06, 1.73308148987e-06, 1.27994940158e-06, 6.13012105077e-07, 4.82569987525e-07, 3.68142252682e-07, 2.32989933124e-07, 1.69061863176e-07, 1.54746231829e-07, 1.18638553204e-07, 8.49125214586e-08], "dvar2": [2.96744542538e-06, 5.82135999139e-06, 2.5084450499e-06, 1.92645848074e-06, 5.81634253649e-07, 4.0753502617e-07, 3.27145016854e-07, 2.17980399952e-07, 2.99159097494e-07, 9.3279325597e-08, 8.20748127239e-08, 7.04616898162e-09, 1.87576922883e-08, 3.23615823028e-09, 5.54088952498e-09, 1.79920289778e-09, 2.62643884419e-09, 1.39710698566e-09, 8.38117741875e-10, 4.92493934523e-10, 2.42315456589e-09, 1.43451051038e-09, 1.41733746961e-09, 5.93740112631e-10, 5.30326893511e-10, 2.16083373417e-10, 2.74200995243e-10, 2.12602047078e-10, 1.6997633856e-10, 1.80306006237e-10, 1.33469832408e-10, 1.26487154084e-10, 1.72273709187e-10, 7.83051817832e-11, 4.45944496608e-11, 7.71205946326e-11, 3.4841400598e-11, 1.15864826414e-11, 8.0911935138e-12, 1.63225357709e-12], "var": [8.44459179916e-07, 2.35640209212e-06, 2.10945313484e-06, 1.58080285928e-06, 6.46588830477e-07, 4.50600481372e-07, 3.47318746208e-07, 2.7967917049e-07, 3.42440671375e-07, 1.10211587412e-07, 8.64130100808e-08, 8.55830872837e-09, 2.10617194796e-08, 4.66108529551e-09, 6.10176309479e-09, 2.04751748889e-09, 4.03669142557e-09, 1.55513113498e-09, 1.15758391761e-09, 5.69700842057e-10, 2.31365371306e-09, 1.66165325943e-09, 1.38651412573e-09, 4.90856466584e-10, 3.52059575937e-10, 2.60162558163e-10, 2.89760743177e-10, 1.50299217516e-10, 1.23556304077e-10, 1.15636757114e-10, 8.34383465098e-11, 1.0854053073e-10, 1.72325001491e-10, 9.64428883976e-11, 8.01161359476e-11, 1.19107820828e-10, 8.05863639708e-11, 2.48806062558e-11, 1.2240315532e-11, 2.45766211202e-12], "dmean2": [0.000699102005456, 0.00136903056409, 0.00104734511115, 0.000882617023308, 0.000466372905066, 0.000335482123774, 0.00024054365349, 0.000251812627539, 0.000235954707023, 0.00015444001474, 9.87770981737e-05, 4.48541577498e-05, 4.85217460664e-05, 2.75658348983e-05, 2.60507040366e-05, 1.71833926288e-05, 1.84302352864e-05, 1.74709675775e-05, 1.37543383971e-05, 1.26768700284e-05, 3.16960940836e-05, 2.27732562053e-05, 1.99700771191e-05, 1.07473515527e-05, 9.55818813964e-06, 8.89734747034e-06, 1.06595189209e-05, 7.90134981798e-06, 5.64627634958e-06, 5.15006922797e-06, 4.80393919133e-06, 4.31651869803e-06, 3.50756840817e-06, 2.4694224976e-06, 1.81658913334e-06, 1.63091999639e-06, 1.18392244985e-06, 9.0169203304e-07, 6.91933621511e-07, 3.97308184574e-07], "max": [0.0102535132319, 0.0205628722906, 0.0153138469905, 0.0148121975362, 0.0165096130222, 0.00989305414259, 0.0156649984419, 0.00621823035181, 0.00735004385933, 0.00626899534836, 0.00519251637161, 0.00125479826238, 0.00241631502286, 0.0011789673008, 0.0019936314784, 0.000631987990346, 0.00125891482458, 0.00062260532286, 0.0005525618908, 0.000330554350512, 0.000613766140305, 0.000668343040161, 0.000777246023063, 0.000703867117409, 0.000646675063763, 0.00029268162325, 0.000234915918554, 0.000174131637323, 0.000187205499969, 0.000306636444293, 0.000147163926158, 0.000258501357166, 0.000361480982974, 0.000237820539041, 0.000183465628652, 0.000282189954305, 0.000249651289778, 9.43767590798e-05, 9.89525724435e-05, 3.9210794057e-05], "dmean": [0.000394888309529, 0.000787940924056, 0.000637224060483, 0.000539701723028, 0.000291661912343, 0.000210324957152, 0.000149949701154, 0.000161406263942, 0.000150573803694, 0.000100592849776, 6.22351872153e-05, 2.80813364952e-05, 3.05250105157e-05, 1.76543635462e-05, 1.64375651366e-05, 1.1023666957e-05, 1.17720073831e-05, 1.10339906314e-05, 9.09405298444e-06, 8.2833430497e-06, 2.00163594855e-05, 1.42503768075e-05, 1.26372051454e-05, 6.78227252138e-06, 5.96417203269e-06, 5.72539829591e-06, 6.69112250762e-06, 4.95556014357e-06, 3.63183221452e-06, 3.30540706273e-06, 3.12199335895e-06, 2.84685006591e-06, 2.35861966758e-06, 1.68487542851e-06, 1.26400959743e-06, 1.16684884688e-06, 8.53431629366e-07, 6.47077342819e-07, 4.95952576784e-07, 2.85345862494e-07]}, "spectral_decrease": {"dvar": 5.25138382934e-18, "mean": -5.82942050187e-09, "min": -2.73107314541e-08, "median": -5.18073850486e-09, "dvar2": 1.31959395202e-17, "var": 1.78110398923e-17, "dmean2": 2.66931299286e-09, "max": -5.45044525734e-18, "dmean": 1.66242264399e-09}, "spectral_rolloff": {"dvar": 663953.6875, "mean": 1358.51342773, "min": 64.599609375, "median": 839.794921875, "dvar2": 1481240.625, "var": 1885098.625, "dmean2": 781.005371094, "max": 15611.5722656, "dmean": 472.235900879}, "melbands_crest": {"dvar": 6.02107286453, "mean": 12.6636753082, "min": 4.29310369492, "median": 11.8192310333, "dvar2": 16.0370864868, "var": 19.2918109894, "dmean2": 4.61851072311, "max": 31.6028804779, "dmean": 2.79872322083}, "barkbands_skewness": {"dvar": 0.175006628036, "mean": 1.72101819515, "min": -3.39531254768, "median": 1.59112811089, "dvar2": 0.419222503901, "var": 0.802890598774, "dmean2": 0.632167696953, "max": 7.95097923279, "dmean": 0.402671426535}, "spectral_centroid": {"dvar": 73200.1953125, "mean": 1259.51293945, "min": 201.24005127, "median": 1238.69934082, "dvar2": 139716.796875, "var": 339445, "dmean2": 328.036773682, "max": 10921.5947266, "dmean": 219.082641602}, "spectral_energyband_middle_low": {"dvar": 3.52423412551e-05, "mean": 0.0147342160344, "min": 2.05854365672e-12, "median": 0.0126476828009, "dvar2": 8.78075588844e-05, "var": 0.000130443004309, "dmean2": 0.00693105580285, "max": 0.0801366493106, "dmean": 0.0043890113011}, "erbbands_crest": {"dvar": 4.20375204086, "mean": 7.97783756256, "min": 2.17724752426, "median": 6.94701719284, "dvar2": 10.1965446472, "var": 14.3154935837, "dmean2": 3.26406145096, "max": 30.1684360504, "dmean": 2.04577517509}, "dynamic_complexity": 4.58360815048, "spectral_energyband_low": {"dvar": 4.0157163312e-05, "mean": 0.00565818324685, "min": 1.3309357956e-11, "median": 0.00371522060595, "dvar2": 0.000110770837637, "var": 4.66215751658e-05, "dmean2": 0.00585274910554, "max": 0.0827661752701, "dmean": 0.00339767429978}, "silence_rate_60dB": {"dvar": 0.00618871580809, "mean": 0.0977911874652, "min": 0, "median": 0, "dvar2": 0.0144417434931, "var": 0.0882208272815, "dmean2": 0.0124574210495, "max": 1, "dmean": 0.00622810423374}, "erbbands_kurtosis": {"dvar": 1.14956927299, "mean": -0.135802149773, "min": -1.75847947598, "median": -0.89697098732, "dvar2": 2.72589993477, "var": 4.88745212555, "dmean2": 0.973401963711, "max": 23.5982093811, "dmean": 0.617599606514}, "spectral_complexity": {"dvar": 19.7895450592, "mean": 19.4506187439, "min": 0, "median": 19, "dvar2": 34.9673423767, "var": 122.531150818, "dmean2": 5.15328454971, "max": 58, "dmean": 3.52355003357}, "barkbands_crest": {"dvar": 3.9156255722, "mean": 9.16100025177, "min": 2.79964947701, "median": 8.3684053421, "dvar2": 10.6104507446, "var": 12.3284454346, "dmean2": 3.61675143242, "max": 25.010509491, "dmean": 2.18679332733}, "spectral_energy": {"dvar": 8.21630746941e-05, "mean": 0.0236245989799, "min": 2.52304375309e-11, "median": 0.021047309041, "dvar2": 0.000202787894523, "var": 0.000290720228804, "dmean2": 0.0105095133185, "max": 0.108319684863, "dmean": 0.00659395381808}, "spectral_spread": {"dvar": 295172538368, "mean": 4074352.25, "min": 1080100.125, "median": 3846669.25, "dvar2": 425731522560, "var": 1917180706820.0, "dmean2": 539485.5625, "max": 41399576, "dmean": 413625.625}, "spectral_contrast_valleys": {"dvar": [0.14251857996, 0.0813945606351, 0.0764449983835, 0.0740778073668, 0.103423677385, 0.189938396215], "mean": [-7.49077653885, -6.71441221237, -7.69308805466, -8.17856121063, -7.73839664459, -10.7663936615], "min": [-27.5310382843, -26.9006881714, -26.8111171722, -27.1162033081, -27.1052188873, -27.3494873047], "median": [-7.17265939713, -6.37464427948, -7.30574226379, -7.7845749855, -7.25280427933, -10.4280261993], "dvar2": [0.355216890574, 0.18125782907, 0.152112960815, 0.136546894908, 0.161472544074, 0.288618922234], "var": [1.95783758163, 2.14618778229, 2.32973098755, 2.30260181427, 2.46566772461, 2.62946772575], "dmean2": [0.735082089901, 0.493962317705, 0.458979636431, 0.400285929441, 0.355699956417, 0.436658620834], "max": [-5.17696380615, -4.7171163559, -5.28719711304, -6.17849826813, -5.58580493927, -7.20567131042], "dmean": [0.432134270668, 0.302368551493, 0.292003810406, 0.260760247707, 0.259711921215, 0.379439413548]}, "spectral_rms": {"dvar": 5.42578163731e-07, "mean": 0.00438907369971, "min": 1.56891871939e-07, "median": 0.0045314412564, "dvar2": 1.28724047954e-06, "var": 3.78436720894e-06, "dmean2": 0.000957855081651, "max": 0.0102799674496, "dmean": 0.000610909541138}, "barkbands_spread": {"dvar": 35.2872390747, "mean": 21.2227363586, "min": 0.60596114397, "median": 19.34167099, "dvar2": 70.1686935425, "var": 178.943618774, "dmean2": 7.00900030136, "max": 115.443008423, "dmean": 4.73353815079}, "pitch_salience": {"dvar": 0.00304868863896, "mean": 0.607230246067, "min": 0.166851058602, "median": 0.615175485611, "dvar2": 0.00829623732716, "var": 0.00929234083742, "dmean2": 0.102320581675, "max": 0.863753676414, "dmean": 0.0617513731122}, "erbbands_skewness": {"dvar": 0.096160441637, "mean": 0.334066808224, "min": -3.78404211998, "median": 0.266629755497, "dvar2": 0.207973763347, "var": 0.561529695988, "dmean2": 0.470688015223, "max": 4.15071201324, "dmean": 0.30967772007}, "spectral_energyband_middle_high": {"dvar": 2.33691571339e-06, "mean": 0.00367001467384, "min": 1.11625845286e-12, "median": 0.00281954347156, "dvar2": 5.17969101566e-06, "var": 1.47428800119e-05, "dmean2": 0.00146191497333, "max": 0.0458997040987, "dmean": 0.00100096559618}, "erbbands": {"dvar": [0.00709070404992, 1.36714506149, 7.56751871109, 22.5516548157, 185.069335938, 157.161148071, 212.411132812, 352.050598145, 740.300048828, 829.535705566, 1689.93786621, 1026.44348145, 1148.76721191, 151.234817505, 444.340454102, 239.876846313, 145.854614258, 253.197982788, 146.689575195, 162.397109985, 505.282745361, 403.86239624, 241.76550293, 251.604827881, 187.639419556, 184.691177368, 165.96937561, 158.840270996, 174.929611206, 132.512283325, 65.3354263306, 60.0086593628, 10.5749778748, 1.82856655121, 0.091393828392, 0.0114918183535, 0.00379725755192, 0.000158364593517, 1.33393314172e-06, 3.18207660222e-09], "mean": [0.0325918383896, 0.507836103439, 2.68561863899, 6.13432884216, 11.8699436188, 18.0415287018, 17.3990077972, 20.8835906982, 19.533159256, 29.595407486, 36.7049179077, 36.3834190369, 24.7559986115, 13.7762088776, 15.2690067291, 12.0980606079, 10.7663879395, 11.600687027, 12.1307344437, 12.7993125916, 28.6971263885, 27.8469219208, 19.9040145874, 15.3397092819, 19.5471172333, 14.0643491745, 9.05348682404, 8.16315364838, 7.41112804413, 5.1408829689, 3.64893269539, 2.58511614799, 1.38898825645, 0.608214437962, 0.189737156034, 0.0708391517401, 0.0276138707995, 0.00528579717502, 0.000503414776176, 5.15625833941e-05], "min": [3.58907625841e-10, 7.55605522595e-10, 1.21524768026e-09, 1.09103015511e-09, 1.86995441354e-09, 3.06103498104e-09, 3.54535290015e-09, 1.41830347467e-09, 9.03560060106e-10, 1.04119846078e-09, 1.94975080525e-09, 4.54912774117e-09, 6.05908523355e-09, 3.02166469623e-09, 3.24051963041e-09, 2.17118434342e-09, 3.43139672232e-09, 5.67743452251e-09, 1.15962501823e-08, 2.46197995324e-09, 1.52819445987e-09, 4.39994041201e-09, 3.88907883675e-09, 3.31152572031e-09, 1.18902745427e-08, 8.388222561e-09, 6.20433304732e-09, 5.8894920052e-09, 9.16271414297e-09, 6.99201763155e-09, 4.98944929817e-09, 4.01850019927e-09, 7.22314208446e-09, 4.20850954086e-09, 2.5439848006e-09, 2.03471661742e-09, 1.52946744159e-09, 8.9493967792e-10, 1.28842769787e-10, 1.51443302343e-11], "median": [0.0107820425183, 0.221102505922, 1.59150493145, 4.00155353546, 6.27513933182, 11.5115776062, 10.9264059067, 11.8993463516, 9.35353946686, 13.606543541, 15.0457687378, 16.4260063171, 9.61679935455, 6.66338396072, 6.08816146851, 4.586602211, 4.27533721924, 4.08091783524, 5.94846963882, 6.32364177704, 17.3046989441, 17.1984100342, 11.1984701157, 9.18922328949, 11.119559288, 7.46367025375, 3.98276972771, 3.24762439728, 2.07549142838, 0.995948791504, 0.629214346409, 0.317115664482, 0.215917229652, 0.114783495665, 0.0415994673967, 0.0182164441794, 0.00455540418625, 0.000574076839257, 6.41081569484e-05, 3.2082261896e-05], "dvar2": [0.0195984095335, 3.7719039917, 21.3824748993, 58.7962760925, 476.352264404, 415.905731201, 523.373901367, 864.619873047, 1740.34924316, 1904.90844727, 4239.96679688, 2570.92626953, 3222.69360352, 375.489715576, 1094.22253418, 606.840820312, 336.107879639, 586.691223145, 344.926361084, 353.083557129, 1187.20654297, 1006.63623047, 560.111083984, 666.163391113, 439.489501953, 427.863311768, 372.579864502, 352.479064941, 377.387756348, 284.465393066, 117.838592529, 103.336387634, 16.6857051849, 3.43927168846, 0.174229159951, 0.0232900436968, 0.00863789580762, 0.000355721946107, 3.05054095406e-06, 7.1941164137e-09], "var": [0.00567306019366, 1.05050516129, 11.1122608185, 51.615562439, 274.829559326, 475.967010498, 521.719787598, 931.423156738, 1840.75354004, 2581.36743164, 4699.74658203, 3029.34521484, 3409.23779297, 531.508972168, 1346.19689941, 841.717895508, 418.067321777, 945.884521484, 430.951965332, 433.232452393, 1261.96691895, 1296.58911133, 765.890075684, 497.125518799, 563.75378418, 355.77456665, 281.381500244, 248.67414856, 373.086120605, 347.164794922, 262.341918945, 234.978393555, 44.1103210449, 5.9489865303, 0.254172325134, 0.0223304014653, 0.00472868327051, 0.000194041538634, 1.59104274644e-06, 4.56364945833e-09], "dmean2": [0.0542357675731, 0.845435082912, 2.88879227638, 5.10901260376, 11.5744066238, 13.7036390305, 12.5163021088, 14.8390130997, 16.1184082031, 22.6179904938, 27.7998962402, 26.4286289215, 19.302564621, 10.1229877472, 12.2348136902, 9.16153240204, 8.61403846741, 8.88896179199, 9.16257667542, 9.51683044434, 22.7147922516, 18.7810783386, 13.2732362747, 10.6397209167, 13.2214746475, 11.9584875107, 8.17241859436, 7.78186988831, 6.90292644501, 4.69334030151, 2.94210243225, 2.03200864792, 1.14814114571, 0.536816000938, 0.169116348028, 0.0676028057933, 0.0345159247518, 0.00711126672104, 0.000675999093801, 3.95786883018e-05], "max": [0.954650342464, 10.2919826508, 47.1808776855, 91.7413864136, 170.124679565, 261.833129883, 529.641540527, 497.249084473, 1191.17468262, 652.748718262, 831.299194336, 926.242431641, 1002.18548584, 347.807159424, 647.731689453, 642.716674805, 286.691864014, 554.76953125, 405.008422852, 331.622619629, 401.198822021, 592.79498291, 494.164703369, 774.373901367, 366.912353516, 228.66065979, 293.689331055, 232.288513184, 582.130554199, 448.375671387, 288.011077881, 379.754150391, 145.633102417, 65.5941772461, 14.6731748581, 2.13863253593, 1.30768597126, 0.214183196425, 0.020277576521, 0.000936373544391], "dmean": [0.0307350680232, 0.47546723485, 1.67856419086, 3.11046552658, 7.02853345871, 8.56502151489, 7.78640604019, 9.3377161026, 10.0235586166, 14.503443718, 17.7068786621, 17.2436161041, 12.1772613525, 6.37595319748, 7.75612926483, 5.85137414932, 5.50416612625, 5.77421569824, 5.89346027374, 6.30705928802, 14.4963264465, 11.9771108627, 8.52170085907, 6.75528240204, 8.53892803192, 7.60449934006, 5.3566365242, 5.14671373367, 4.65434837341, 3.22031998634, 2.10798716545, 1.49285590649, 0.848684728146, 0.390635311604, 0.126379564404, 0.049457244575, 0.0237683616579, 0.00488569308072, 0.000460121547803, 2.71486751444e-05]}, "dissonance": {"dvar": 0.000275725440588, "mean": 0.464401036501, "min": 0.219869658351, "median": 0.473581314087, "dvar2": 0.000722764816601, "var": 0.000962813966908, "dmean2": 0.0254060570151, "max": 0.500000059605, "dmean": 0.015346981585}, "erbbands_flatness_db": {"dvar": 0.000320225342875, "mean": 0.156828179955, "min": 0.0306907016784, "median": 0.151097849011, "dvar2": 0.000558962114155, "var": 0.00203714706004, "dmean2": 0.0225316137075, "max": 0.361047327518, "dmean": 0.0166690312326}, "melbands_kurtosis": {"dvar": 45.2120780945, "mean": 12.3470678329, "min": -1.8106533289, "median": 9.50961208344, "dvar2": 113.284042358, "var": 126.477409363, "dmean2": 7.557700634, "max": 167.294555664, "dmean": 4.66429615021}, "melbands_spread": {"dvar": 69.0879516602, "mean": 20.406496048, "min": 1.03677666187, "median": 18.0422706604, "dvar2": 153.160720825, "var": 237.446746826, "dmean2": 8.34121799469, "max": 217.765136719, "dmean": 5.4121222496}, "melbands_skewness": {"dvar": 0.30125144124, "mean": 2.78024888039, "min": -0.700379550457, "median": 2.69551968575, "dvar2": 0.764224767685, "var": 1.16217494011, "dmean2": 0.851343989372, "max": 10.3749446869, "dmean": 0.529071390629}, "spectral_entropy": {"dvar": 0.0318192057312, "mean": 7.45847845078, "min": 4.91761875153, "median": 7.54183149338, "dvar2": 0.0550378970802, "var": 0.232378453016, "dmean2": 0.204679369926, "max": 9.79090499878, "dmean": 0.152747243643}, "zerocrossingrate": {"dvar": 0.000110621534986, "mean": 0.0561696849763, "min": 0.0048828125, "median": 0.05078125, "dvar2": 0.000121013814351, "var": 0.00119776756037, "dmean2": 0.0100741330534, "max": 0.408203125, "dmean": 0.00884698517621}, "average_loudness": 0.827819287777, "spectral_contrast_coeffs": {"dvar": [0.0017240511952, 0.00116739363875, 0.000724974088371, 0.000452565465821, 0.000307651149342, 0.000261904468061], "mean": [-0.600688159466, -0.727174520493, -0.764068126678, -0.795257568359, -0.77910476923, -0.743165969849], "min": [-0.951252698898, -0.964361488819, -0.971643805504, -0.961632192135, -0.964683949947, -0.958447515965], "median": [-0.59882068634, -0.732086896896, -0.769629597664, -0.801154017448, -0.777832210064, -0.738020420074], "dvar2": [0.00477189058438, 0.00306320236996, 0.00182156905066, 0.00114513654262, 0.000736941990908, 0.000606118817814], "var": [0.00686207599938, 0.0051308372058, 0.00377745414153, 0.00294481869787, 0.00223225122318, 0.00224453001283], "dmean2": [0.0858929529786, 0.0674101635814, 0.0530379936099, 0.0418437980115, 0.0330839380622, 0.0276770666242], "max": [-0.305153906345, -0.433631211519, -0.467994570732, -0.558029055595, -0.581061303616, -0.597235560417], "dmean": [0.0510494299233, 0.0409752726555, 0.0327646099031, 0.0257162451744, 0.0205614808947, 0.0173577386886]}, "barkbands_flatness_db": {"dvar": 0.000399729353376, "mean": 0.13397154212, "min": 0.0288149062544, "median": 0.122881636024, "dvar2": 0.000746955280192, "var": 0.00297663919628, "dmean2": 0.0276749432087, "max": 0.393265575171, "dmean": 0.0197051782161}, "silence_rate_30dB": {"dvar": 0, "mean": 1, "min": 1, "median": 1, "dvar2": 0, "var": 0, "dmean2": 0, "max": 1, "dmean": 0}, "spectral_energyband_high": {"dvar": 1.22099902455e-06, "mean": 0.000813843857031, "min": 3.11007968511e-12, "median": 0.000270093325526, "dvar2": 2.26167026085e-06, "var": 4.02422301704e-06, "dmean2": 0.000604936911259, "max": 0.0270163863897, "dmean": 0.000439368188381}, "melbands_flatness_db": {"dvar": 0.000550606870092, "mean": 0.20355771482, "min": 0.0488547757268, "median": 0.191334679723, "dvar2": 0.00108294759411, "var": 0.00446145096794, "dmean2": 0.0334131643176, "max": 0.525492548943, "dmean": 0.0231893789023}, "barkbands": {"dvar": [1.38268614336e-08, 2.07804296224e-05, 6.32280580248e-06, 5.6999251683e-06, 1.27393977891e-05, 3.89607157558e-06, 3.21464563058e-06, 2.81672441815e-06, 2.11176370613e-06, 7.44677663533e-07, 3.4402592064e-07, 1.50637589513e-07, 8.85059918687e-08, 1.21845957324e-07, 5.74320324631e-08, 1.04211608232e-07, 1.42882186083e-07, 1.24694736314e-07, 7.03570179894e-08, 8.40880716169e-08, 9.93830084894e-08, 1.39086893114e-07, 8.42038048177e-08, 7.51606279437e-08, 6.09458039591e-09, 8.01893329516e-10, 4.63163327136e-11], "mean": [3.85234088753e-05, 0.00180868722964, 0.00269144098274, 0.00258645834401, 0.00482570985332, 0.00243241968565, 0.00155956402887, 0.00151643471327, 0.00159545068163, 0.000599240593147, 0.000386428990168, 0.000296421087114, 0.00022499433544, 0.000257280102232, 0.000224472561968, 0.000403251411626, 0.000476621091366, 0.000347434950527, 0.000362271210179, 0.00028724069125, 0.000212639817619, 0.000200156428036, 0.000133840352646, 0.000100174322142, 3.94478047383e-05, 1.49844145199e-05, 2.92308686767e-06], "min": [8.88565956925e-12, 5.86357264826e-12, 4.00759639233e-13, 1.96904002977e-13, 8.38858117084e-13, 2.3322871954e-13, 5.44936783144e-14, 7.99508096988e-14, 1.63991175782e-13, 1.47249860959e-13, 7.87991091648e-14, 4.99736123522e-14, 7.05412833181e-14, 1.62891225573e-13, 1.35683822576e-13, 2.2310058396e-14, 7.33693298173e-14, 6.11637341252e-14, 1.67458915116e-13, 1.97784768164e-13, 1.37888520589e-13, 2.7438381428e-13, 1.56742904788e-13, 3.19906780103e-13, 3.54785482676e-13, 7.34618366572e-13, 1.15962773238e-12], "median": [7.9529309005e-06, 0.000694115646183, 0.0014876278583, 0.00130573729984, 0.00311028189026, 0.00140006688889, 0.000678370241076, 0.000556452549063, 0.000711756118108, 0.000219882611418, 0.000135672729812, 0.000108978987555, 8.12414218672e-05, 9.44984640228e-05, 0.000100972443761, 0.00023393065203, 0.000284102134174, 0.0001772576652, 0.000209734032978, 0.000154387307703, 9.14410193218e-05, 5.33172642463e-05, 2.36386640609e-05, 1.3279124687e-05, 8.24141807243e-06, 3.10319524033e-06, 3.01564256233e-07], "dvar2": [3.63747787446e-08, 5.7283177739e-05, 1.77412039193e-05, 1.43692368511e-05, 3.28249116137e-05, 9.93235425994e-06, 7.30225474399e-06, 7.09602727511e-06, 5.14018074682e-06, 2.11503356695e-06, 8.69503878675e-07, 3.76060256713e-07, 1.99857581151e-07, 2.85986175186e-07, 1.26570924408e-07, 2.40943450081e-07, 3.63421861493e-07, 3.21748757415e-07, 1.67420864727e-07, 1.91713567688e-07, 2.21690186208e-07, 3.03619543729e-07, 1.56069489776e-07, 1.26998273231e-07, 1.19748619909e-08, 1.73961434147e-09, 1.05918801507e-10], "var": [1.12619966686e-08, 1.58025886776e-05, 1.19604637803e-05, 1.34899546538e-05, 3.01955660689e-05, 1.10814362415e-05, 8.31032321003e-06, 7.34517197998e-06, 6.53606866763e-06, 1.99592454919e-06, 9.87614043879e-07, 4.75701796177e-07, 2.24325177101e-07, 4.18298242266e-07, 1.65489453252e-07, 2.60737948565e-07, 4.11734845329e-07, 2.85308971115e-07, 2.01997679028e-07, 1.54535953811e-07, 1.62440557006e-07, 3.11018965249e-07, 3.11808207698e-07, 3.08895749868e-07, 1.8380823974e-08, 1.15399756417e-09, 5.44724126916e-11], "dmean2": [7.37814116292e-05, 0.00317140226252, 0.00273946998641, 0.00238719861954, 0.00373666686937, 0.00175952492282, 0.00127402914222, 0.00127390399575, 0.00117442058399, 0.000532771693543, 0.000338685145834, 0.000250630400842, 0.000197587505681, 0.000219641384319, 0.00017967337044, 0.000329635076923, 0.000354642717866, 0.0002638437727, 0.000240803463385, 0.000249866512604, 0.000195918401005, 0.000185184180737, 0.000111228589958, 8.14808154246e-05, 3.49233196175e-05, 1.67116759258e-05, 4.07299876315e-06], "max": [0.00214931950904, 0.0412236079574, 0.0480009764433, 0.0422220863402, 0.0592939928174, 0.0427887551486, 0.067099288106, 0.0368334315717, 0.0340601466596, 0.0294204875827, 0.0191808547825, 0.0148698836565, 0.00716299191117, 0.0111961122602, 0.00720479339361, 0.00599820166826, 0.0113606955856, 0.0158022101969, 0.00906754657626, 0.00513826217502, 0.00774703314528, 0.0136311464012, 0.0102579323575, 0.0145228616893, 0.00359124434181, 0.000518255808856, 0.000126759070554], "dmean": [4.31895205111e-05, 0.0017838695785, 0.00161146884784, 0.00146147294436, 0.00231004459783, 0.00110031431541, 0.000809655000921, 0.000812664977275, 0.000760845956393, 0.00032802883652, 0.000212368468056, 0.000159581046319, 0.000126413069665, 0.00013901082275, 0.000117288996989, 0.000210360987694, 0.000225085808779, 0.00016761959705, 0.000155110654305, 0.000159902367159, 0.000129694657517, 0.000125701990328, 7.88757024566e-05, 5.99764498475e-05, 2.56942948909e-05, 1.18594307423e-05, 2.76236528407e-06]}, "erbbands_spread": {"dvar": 52.11302948, "mean": 44.3232955933, "min": 3.21160960197, "median": 45.0252685547, "dvar2": 110.56300354, "var": 253.993667603, "dmean2": 10.1473760605, "max": 131.53767395, "dmean": 6.64834928513}, "barkbands_kurtosis": {"dvar": 11.0710992813, "mean": 4.14548397064, "min": -1.94940328598, "median": 2.15130233765, "dvar2": 25.3693141937, "var": 40.7403450012, "dmean2": 3.33118224144, "max": 92.3670959473, "dmean": 2.12738895416}, "spectral_flux": {"dvar": 0.000504689582158, "mean": 0.0690081119537, "min": 5.11412417836e-06, "median": 0.0645968839526, "dvar2": 0.00104815652594, "var": 0.00169914378785, "dmean2": 0.0283146332949, "max": 0.249031603336, "dmean": 0.0180776100606}, "silence_rate_20dB": {"dvar": 0, "mean": 1, "min": 1, "median": 1, "dvar2": 0, "var": 0, "dmean2": 0, "max": 1, "dmean": 0}, "gfcc": {"cov": [[22795.796875, -517.328979492, -1680.28259277, 722.914672852, -683.438537598, 587.18347168, -376.850585938, 134.397796631, -301.241333008, 82.4880218506, -260.463104248, -120.863624573, -303.260986328], [-517.328979492, 1373.45361328, -327.726257324, -154.255432129, 203.990829468, -256.215118408, 55.0989761353, -85.601234436, 75.1624221802, -112.311378479, 89.0052108765, -96.4255523682, 121.509552002], [-1680.28259277, -327.726257324, 740.021240234, -26.0776596069, 19.0819225311, 117.91116333, 18.7202091217, 32.6209793091, 21.0160388947, 67.8653182983, -0.753740608692, 69.4628295898, -21.67902565], [722.914672852, -154.255432129, -26.0776596069, 284.094238281, -23.3840351105, 26.8735637665, -15.626739502, 4.38417625427, 23.9196033478, 11.2996606827, -26.8774967194, 6.16720628738, 9.61964130402], [-683.438537598, 203.990829468, 19.0819225311, -23.3840351105, 203.33694458, -51.7259025574, 25.0125331879, 6.48362064362, 29.4268741608, -4.30883264542, -1.53974175453, 1.56596744061, 26.1581439972], [587.18347168, -256.215118408, 117.91116333, 26.8735637665, -51.7259025574, 224.670974731, 15.4110651016, 50.8136062622, -26.5454673767, 20.0239677429, -0.591547489166, -2.72187328339, -46.0807418823], [-376.850585938, 55.0989761353, 18.7202091217, -15.626739502, 25.0125331879, 15.4110651016, 144.947494507, 29.4574432373, -4.1117401123, -9.04753494263, -1.14085590839, 15.2395038605, -0.54676091671], [134.397796631, -85.601234436, 32.6209793091, 4.38417625427, 6.48362064362, 50.8136062622, 29.4574432373, 114.40940094, 8.62580394745, 4.73935270309, 2.83478522301, 10.1495838165, -17.3890151978], [-301.241333008, 75.1624221802, 21.0160388947, 23.9196033478, 29.4268741608, -26.5454673767, -4.1117401123, 8.62580394745, 91.0186767578, 26.2813568115, 10.6038389206, -3.65108585358, 22.7643661499], [82.4880218506, -112.311378479, 67.8653182983, 11.2996606827, -4.30883264542, 20.0239677429, -9.04753494263, 4.73935270309, 26.2813568115, 82.5295257568, 7.46059608459, 16.1806545258, -14.4198493958], [-260.463104248, 89.0052108765, -0.753740608692, -26.8774967194, -1.53974175453, -0.591547489166, -1.14085590839, 2.83478522301, 10.6038389206, 7.46059608459, 85.3914718628, -0.658193409443, 5.78703212738], [-120.863624573, -96.4255523682, 69.4628295898, 6.16720628738, 1.56596744061, -2.72187328339, 15.2395038605, 10.1495838165, -3.65108585358, 16.1806545258, -0.658193409443, 75.6442565918, 15.4582061768], [-303.260986328, 121.509552002, -21.67902565, 9.61964130402, 26.1581439972, -46.0807418823, -0.54676091671, -17.3890151978, 22.7643661499, -14.4198493958, 5.78703212738, 15.4582061768, 76.0908584595]], "mean": [-33.2311401367, 106.050888062, -115.723655701, 37.3265151978, -60.419670105, -9.47740745544, -37.9680862427, 6.42272663116, -22.7586288452, -5.97537755966, -21.614938736, -4.30412530899, -9.72900295258], "icov": [[0.000105064180389, -0.000192519582924, 0.000268745818175, -0.000239886634517, 0.000269712269073, -0.000382048950996, 0.000343606981914, -0.000209684832953, 0.000323148880852, -0.000422253040597, 0.00043444900075, -0.00032066096901, 0.000318928767228], [-0.000192519582924, 0.0022848774679, -0.000102085337858, 0.00114707625471, -0.00169272685889, 0.00163984962273, -0.00157290010247, 0.00122486962937, -0.00171475554816, 0.00237589795142, -0.00251881568693, 0.00267521408387, -0.00213513779454], [0.000268745818175, -0.000102085337858, 0.00255828280933, -0.00010046146781, 8.27306503197e-05, -0.00188367208466, 0.000746525707655, -0.000103130951175, -0.000146720572957, -0.00141074124258, 0.000981380115263, -0.00213333894499, 0.00092359748669], [-0.000239886634517, 0.00114707625471, -0.00010046146781, 0.00482398597524, -0.000595098768827, 0.00030437897658, -0.000713060377166, 0.00084614782827, -0.00267575425096, 0.00135337910615, -0.000103727979877, 0.000809975434095, -0.00194883497898], [0.000269712269073, -0.00169272685889, 8.27306503197e-05, -0.000595098768827, 0.00727252289653, -0.00027160620084, 0.000469357531983, -0.00181300146505, 0.00027151562972, -0.00193742627744, 0.00269154435955, -0.00140350114089, 0.000433349399827], [-0.000382048950996, 0.00163984962273, -0.00188367208466, 0.00030437897658, -0.00027160620084, 0.00865566264838, -0.00227642990649, -0.00147000525612, 0.000657824624795, 0.00104500423186, -0.00284163770266, 0.00400883331895, -0.000330598646542], [0.000343606981914, -0.00157290010247, 0.000746525707655, -0.000713060377166, 0.000469357531983, -0.00227642990649, 0.00934416521341, -0.00268155802041, 0.00161877530627, -0.000866961141583, 0.00238271080889, -0.00383173022419, 0.00204704748467], [-0.000209684832953, 0.00122486962937, -0.000103130951175, 0.00084614782827, -0.00181300146505, -0.00147000525612, 