{"lowlevel": {"spectral_strongpeak": {"max": 15.1921443939, "dmean": 0.563683986664, "dvar2": 4.82489061356, "dmean2": 0.951992452145, "var": 3.92623519897, "median": 0.392084091902, "min": 0, "dvar": 2.04375100136, "mean": 0.864003956318}, "barkbands_flatness_db": {"max": 0.448411166668, "dmean": 0.026244526729, "dvar2": 0.00172517297324, "dmean2": 0.0402267873287, "var": 0.00389669951983, "median": 0.096494756639, "min": 0.0091566639021, "dvar": 0.000789214507677, "mean": 0.109346300364}, "barkbands_skewness": {"max": 33.2270889282, "dmean": 0.80315643549, "dvar2": 2.53630232811, "dmean2": 1.19491946697, "var": 3.91587376595, "median": 1.26653182507, "min": -6.72686338425, "dvar": 1.21212089062, "mean": 1.52305006981}, "spectral_energyband_middle_high": {"max": 0.0765526592731, "dmean": 0.00206774426624, "dvar2": 2.42110727413e-05, "dmean2": 0.00299098226242, "var": 2.98787035717e-05, "median": 0.00282040331513, "min": 1.51878549472e-21, "dvar": 1.14301774374e-05, "mean": 0.00449710618705}, "erbbands_kurtosis": {"max": 96.8175125122, "dmean": 1.30607700348, "dvar2": 28.2418613434, "dmean2": 2.05843853951, "var": 24.7789611816, "median": -0.397067278624, "min": -1.88520872593, "dvar": 11.8503255844, "mean": 0.957401633263}, "erbbands_crest": {"max": 30.3983192444, "dmean": 2.44266843796, "dvar2": 15.7148809433, "dmean2": 3.95179510117, "var": 24.9915485382, "median": 6.06278324127, "min": 2.04413938522, "dvar": 6.98668861389, "mean": 7.88700437546}, "dynamic_complexity": 4.76814985275, "barkbands_crest": {"max": 26.2811832428, "dmean": 3.0293571949, "dvar2": 18.7763595581, "dmean2": 4.82227945328, "var": 36.2288742065, "median": 9.22420501709, "min": 1.92925035954, "dvar": 8.16867923737, "mean": 10.8414583206}, "dissonance": {"max": 0.500000059605, "dmean": 0.0161361414939, "dvar2": 0.0010151762981, "dmean2": 0.0273709110916, "var": 0.00104600703344, "median": 0.483012259007, "min": 0, "dvar": 0.000383621663786, "mean": 0.473174482584}, "spectral_energyband_low": {"max": 0.400895029306, "dmean": 0.0158221889287, "dvar2": 0.00205361028202, "dmean2": 0.0257038027048, "var": 0.00245124893263, "median": 0.00552490446717, "min": 1.92120667916e-23, "dvar": 0.000772905594204, "mean": 0.0319065451622}, "spectral_contrast_coeffs": {"max": [-0.404222339392, -0.520395517349, -0.559147357941, -0.626301586628, -0.672105610371, -0.509732723236], "dmean": [0.0547371692955, 0.04716995731, 0.0391935072839, 0.0255347676575, 0.0194998215884, 0.0249519106001], "dvar2": [0.00576681178063, 0.00382851297036, 0.00248397630639, 0.00113474787213, 0.000676634605043, 0.00121510401368], "dmean2": [0.0913144275546, 0.0788425803185, 0.0650010704994, 0.0424144491553, 0.0321215167642, 0.0363688692451], "var": [0.00507723959163, 0.00403251079842, 0.00276818894781, 0.00138537224848, 0.00104305217974, 0.00399655569345], "median": [-0.706735134125, -0.785628914833, -0.805957317352, -0.832168757915, -0.821344733238, -0.76312494278], "min": [-0.956089794636, -0.987219154835, -0.972231388092, -0.966791033745, -0.961779773235, -0.961325109005], "dvar": [0.00217683869414, 0.00137418648228, 0.000931496091653, 0.000415921123931, 0.000254422251601, 0.000675311661325], "mean": [-0.705027997494, -0.781466901302, -0.800908327103, -0.828757464886, -0.819758951664, -0.759389579296]}, "silence_rate_60dB": {"max": 1, "dmean": 0.0338234268129, "dvar2": 0.0720486491919, "dmean2": 0.0676515251398, "var": 0.106078863144, "median": 0, "min": 0, "dvar": 0.0326733030379, "mean": 0.120651572943}, "mfcc": {"icov": [[0.000100229517557, 4.08597334172e-05, 2.28083936236e-05, -9.51728507061e-05, -0.00010057734471, -0.000139914831379, 0.000101420475403, -2.63171968982e-05, -2.79285927718e-06, 6.02007748967e-05, -6.86544517521e-05, -0.000212505125091, -0.000112560948764], [4.08597334172e-05, 0.000759955320973, 0.000242853115196, -0.000414511509007, -0.000519583874848, 0.000426631711889, 0.000678691023495, -0.000133817418828, 2.86153226625e-05, -0.000893188233022, 0.000661263416987, -0.000261377601419, 0.000451366329798], [2.28083936236e-05, 0.000242853115196, 0.00179052504245, -0.000542033696547, -0.000906719709747, 0.000726030673832, 0.000195596032427, -0.00154883856885, -4.76534623886e-05, -0.000832255231217, 0.00101045507472, -0.000645573076326, 0.000284725014353], [-9.51728507061e-05, -0.000414511509007, -0.000542033696547, 0.0036276653409, -0.00134168658406, -0.00149420823436, -0.000573331839405, 0.00169885496143, -0.000270405522315, 0.000561490363907, -0.0010644121794, 0.00174093560781, -0.0011193723185], [-0.00010057734471, -0.000519583874848, -0.000906719709747, -0.00134168658406, 0.00652515841648, -0.00024624785874, -0.00165280676447, 0.00125953077804, -0.000334765558364, -0.00129943189677, -0.0010387247894, -0.00238029076718, 0.0014543957077], [-0.000139914831379, 0.000426631711889, 0.000726030673832, -0.00149420823436, -0.00024624785874, 0.00678121484816, 0.000459915347164, -0.003207227448, -0.00148538046051, 0.00105965742841, -0.00144803023431, 0.000379854231142, -0.000944544211961], [0.000101420475403, 0.000678691023495, 0.000195596032427, -0.000573331839405, -0.00165280676447, 0.000459915347164, 0.00688148010522, -0.00252221571282, -0.00136655475944, -0.000506374111865, 0.00436147907749, -0.00189124804456, -0.000270773569355], [-2.63171968982e-05, -0.000133817418828, -0.00154883856885, 0.00169885496143, 0.00125953077804, -0.003207227448, -0.00252221571282, 0.0107539175078, -0.001895472873, 0.000567252282053, -0.00133758084849, 0.00317004974931, -0.00258459080942], [-2.79285927718e-06, 2.86153226625e-05, -4.76534623886e-05, -0.000270405522315, -0.000334765558364, -0.00148538046051, -0.00136655475944, -0.001895472873, 0.0168670620769, -0.00409205723554, -0.00243081827648, -0.00182281190064, 0.000727077655029], [6.02007748967e-05, -0.000893188233022, -0.000832255231217, 0.000561490363907, -0.00129943189677, 0.00105965742841, -0.000506374111865, 0.000567252282053, -0.00409205723554, 0.0186481643468, -0.00663483748212, 6.6998283728e-05, -0.0022802145686], [-6.86544517521e-05, 0.000661263416987, 0.00101045507472, -0.0010644121794, -0.0010387247894, -0.00144803023431, 0.00436147907749, -0.00133758084849, -0.00243081827648, -0.00663483748212, 0.0243795011193, -0.00572044216096, -0.00690849078819], [-0.000212505125091, -0.000261377601419, -0.000645573076326, 0.00174093560781, -0.00238029076718, 0.000379854231142, -0.00189124804456, 0.00317004974931, -0.00182281190064, 6.6998283728e-05, -0.00572044216096, 0.0174734275788, -0.00234668445773], [-0.000112560948764, 0.000451366329798, 0.000284725014353, -0.0011193723185, 0.0014543957077, -0.000944544211961, -0.000270773569355, -0.00258459080942, 0.000727077655029, -0.0022802145686, -0.00690849078819, -0.00234668445773, 0.0216710418463]], "cov": [[13356.4560547, -628.405029297, 82.5575027466, 704.359985352, 413.080993652, 652.13269043, -71.9280395508, 109.369796753, 172.932647705, 85.205581665, 336.003082275, 264.28414917, 269.502197266], [-628.405029297, 2019.00695801, -76.1152267456, 205.517578125, 213.32434082, -182.54725647, -149.467926025, -169.856781006, -15.8793935776, 97.6628112793, -16.2389030457, 30.2975292206, -69.1862030029], [82.5575027466, -76.1152267456, 789.955200195, 115.125007629, 155.802978516, -13.2589759827, 87.3491668701, 87.1677703857, 37.1541671753, 46.0240592957, -4.754383564, 35.4066810608, 3.94959306717], [704.359985352, 205.517578125, 115.125007629, 463.764648438, 167.372879028, 98.8125991821, 14.2943964005, -27.5703220367, 33.3362045288, 33.7496948242, 46.8291358948, 19.7693347931, 31.2866668701], [413.080993652, 213.32434082, 155.802978516, 167.372879028, 289.431091309, 11.7938451767, 47.5183181763, -29.5848197937, 33.6576957703, 51.4059028625, 31.8310050964, 61.1825180054, 3.50792813301], [652.13269043, -182.54725647, -13.2589759827, 98.8125991821, 11.7938451767, 261.421569824, 13.9538555145, 85.5606231689, 41.8142814636, 1.86865282059, 49.1107940674, 3.69607996941, 48.2988395691], [-71.9280395508, -149.467926025, 87.3491668701, 14.2943964005, 47.5183181763, 13.9538555145, 215.301925659, 54.9618873596, 23.7143325806, -0.950548827648, -26.5852394104, 12.093667984, 0.933362603188], [109.369796753, -169.856781006, 87.1677703857, -27.5703220367, -29.5848197937, 85.5606231689, 54.9618873596, 167.734405518, 28.8082809448, -0.705757558346, 10.4687929153, -15.3419065475, 28.5779876709], [172.932647705, -15.8793935776, 37.1541671753, 33.3362045288, 33.6576957703, 41.8142814636, 23.7143325806, 28.8082809448, 82.082359314, 29.0642642975, 27.9593811035, 20.8523368835, 17.23387146], [85.205581665, 97.6628112793, 46.0240592957, 33.7496948242, 51.4059028625, 1.86865282059, -0.950548827648, -0.705757558346, 29.0642642975, 83.9848022461, 36.3456382751, 24.8785076141, 18.2247505188], [336.003082275, -16.2389030457, -4.754383564, 46.8291358948, 31.8310050964, 49.1107940674, -26.5852394104, 10.4687929153, 27.9593811035, 36.3456382751, 86.0220031738, 33.7307434082, 39.4470977783], [264.28414917, 30.2975292206, 35.4066810608, 19.7693347931, 61.1825180054, 3.69607996941, 12.093667984, -15.3419065475, 20.8523368835, 24.8785076141, 33.7307434082, 88.1067276001, 17.8858394623], [269.502197266, -69.1862030029, 3.94959306717, 31.2866668701, 3.50792813301, 48.2988395691, 0.933362603188, 28.5779876709, 17.23387146, 18.2247505188, 39.4470977783, 17.8858394623, 71.6907196045]], "mean": [-638.593200684, 87.9998626709, 17.4677047729, 17.6066646576, -0.0712571814656, 12.1467256546, 1.63759553432, 9.29415416718, 4.56584692001, 4.42341852188, 2.35292434692, 2.23619127274, 2.59822106361]}, "melbands_spread": {"max": 246.287963867, "dmean": 13.3715457916, "dvar2": 700.952941895, "dmean2": 20.527431488, "var": 1498.86560059, "median": 22.4203109741, "min": 0.147210404277, "dvar": 334.125976563, "mean": 36.7059135437}, "barkbands_kurtosis": {"max": 1429.56774902, "dmean": 6.05072069168, "dvar2": 1296.48059082, "dmean2": 9.24345684052, "var": 886.528503418, "median": 1.51217722893, "min": -1.95814657211, "dvar": 645.932983398, "mean": 6.70745944977}, "spectral_energyband_high": {"max": 0.050820697099, "dmean": 0.00274906307459, "dvar2": 4.31901935372e-05, "dmean2": 0.00403486192226, "var": 5.96190293436e-05, "median": 0.00145071814768, "min": 7.54807236495e-21, "dvar": 1.99148817046e-05, "mean": 0.0054416093044}, "hfc": {"max": 475.384887695, "dmean": 27.5029087067, "dvar2": 4159.18994141, "dmean2": 40.192111969, "var": 6564.88867188, "median": 26.797744751, "min": 1.17148018267e-16, "dvar": 1876.98486328, "mean": 64.0160751343}, "spectral_skewness": {"max": 4.54104375839, "dmean": 0.184828564525, "dvar2": 0.0841373130679, "dmean2": 0.277254670858, "var": 0.356004685163, "median": 1.25962269306, "min": 0.022371282801, "dvar": 0.041748188436, "mean": 1.35490643978}, "erbbands": {"max": [13.1787147522, 70.9943618774, 106.580253601, 84.0711288452, 298.812316895, 245.439346313, 200.124893188, 397.159362793, 242.953384399, 1910.04296875, 677.05645752, 317.98651123, 540.330200195, 1387.22631836, 767.308410645, 656.012817383, 740.682739258, 1108.03088379, 335.224884033, 988.269714355, 268.261962891, 462.356811523, 159.24206543, 177.110900879, 195.58354187, 315.673126221, 412.471618652, 532.34185791, 442.64276123, 738.965576172, 369.992492676, 189.334060669, 208.102676392, 99.6402893066, 86.7964553833, 39.1787796021, 14.4853029251, 6.64189291, 1.46959447861, 0.129138052464], "dmean": [0.496966809034, 2.93320584297, 3.48710799217, 3.15721964836, 6.08142852783, 5.22086381912, 4.83225393295, 6.40165662766, 8.5667848587, 21.3601398468, 10.9281549454, 9.1622467041, 12.532699585, 17.8284931183, 17.0139484406, 12.6345787048, 13.8910503387, 17.2270393372, 9.78714752197, 15.605764389, 9.68102550507, 11.5855236053, 7.80470466614, 7.63337278366, 8.79624557495, 9.22309398651, 13.1931343079, 14.2518749237, 23.2635440826, 27.087638855, 17.0297012329, 8.41380500793, 6.52270841599, 3.5656671524, 2.86900925636, 1.79237794876, 0.706534266472, 0.24930408597, 0.0563241317868, 0.00398377422243], "dvar2": [2.90022373199, 78.7194366455, 220.100616455, 135.849105835, 1508.33947754, 669.531005859, 180.564849854, 442.748474121, 639.773620605, 10216.4443359, 1514.65661621, 577.91003418, 1116.65197754, 3219.38037109, 3116.98364258, 1573.97790527, 2503.27978516, 4740.12402344, 828.875976563, 2968.57592773, 680.510192871, 1253.53918457, 285.618438721, 313.059234619, 434.339019775, 560.282165527, 1374.48791504, 1555.49414063, 4001.35058594, 7277.68847656, 3220.86254883, 753.921020508, 619.370300293, 144.60333252, 125.762527466, 32.0034103394, 5.60355186462, 0.891614794731, 0.0427730940282, 0.000249665637966], "dmean2": [0.823713898659, 4.84608507156, 6.10558080673, 5.29817295074, 10.866271019, 9.14139842987, 8.22570896149, 10.7593383789, 14.0036897659, 35.138759613, 17.6869277954, 14.1368618011, 20.5288085938, 28.9296150208, 27.1663761139, 19.6451053619, 22.0643997192, 28.0093097687, 15.4965734482, 24.4769191742, 15.0413351059, 18.5353927612, 12.1423215866, 11.8308286667, 13.6507253647, 13.8171463013, 19.9715557098, 21.8692340851, 34.0651359558, 39.0950012207, 27.6924533844, 13.9884738922, 10.5077114105, 5.23477888107, 4.45584487915, 2.76696228981, 1.11748933792, 0.408618181944, 0.0871252268553, 0.00659816339612], "var": [2.55429387093, 86.0293273926, 68.9781494141, 60.6761894226, 341.203277588, 181.0184021, 88.0524902344, 226.470336914, 432.251525879, 6090.38964844, 1010.64715576, 597.832946777, 683.803222656, 2229.20581055, 1728.1159668, 1036.79504395, 1366.02636719, 2916.33349609, 682.020690918, 2920.89257813, 593.31842041, 890.531433105, 247.409790039, 246.252563477, 340.024810791, 487.984680176, 1054.65332031, 1166.75646973, 3395.40576172, 10790.4794922, 1619.90686035, 482.132202148, 410.574523926, 192.529052734, 116.25969696, 38.7203903198, 5.84715938568, 1.10297083855, 0.0539710894227, 0.000262655579718], "median": [0.0617531687021, 0.641550898552, 1.31242132187, 1.48813199997, 2.04709625244, 2.58033227921, 3.70434427261, 3.62282586098, 6.14677000046, 10.6474218369, 6.94375944138, 6.75347805023, 10.2837276459, 12.7410211563, 9.00309753418, 7.19900083542, 7.99756526947, 8.92501831055, 7.60274791718, 9.68787002563, 8.15727233887, 10.1184635162, 9.35988140106, 8.99844169617, 8.73163223267, 8.19211769104, 9.26738739014, 9.61236763, 8.43956756592, 6.48900318146, 4.19237613678, 2.32908654213, 1.40198683739, 0.778977394104, 0.558789253235, 0.287224203348, 0.104504987597, 0.0202392227948, 0.00218337029219, 0.000167322403286], "min": [2.01264910027e-22, 2.04702220591e-21, 3.56774630421e-21, 2.05466865864e-20, 4.60913599926e-20, 1.14852399541e-19, 2.48364029148e-19, 5.94865851843e-19, 1.40434164566e-18, 6.56296368335e-19, 5.34004849202e-19, 1.06274221226e-18, 2.08635816117e-18, 4.91248421007e-18, 2.67925599524e-18, 3.55561435636e-18, 6.21303753972e-18, 4.58603448619e-18, 4.63341166937e-18, 8.29765386531e-18, 1.39515987882e-17, 9.68849271805e-18, 1.21652898477e-17, 9.95151051024e-18, 1.31750374933e-17, 1.11208188144e-17, 9.37631475487e-18, 1.32628584317e-17, 1.40163422148e-17, 1.9592110298e-17, 1.77352469871e-17, 1.52894840197e-17, 1.38038866647e-17, 1.02378308075e-17, 8.22822528778e-18, 6.111924636e-18, 3.45557720103e-18, 1.6569001526e-18, 3.43160271515e-19, 3.59126569859e-20], "dvar": [1.09500014782, 30.2362442017, 77.3126678467, 55.4209480286, 527.925292969, 234.933486938, 65.8332290649, 157.371658325, 248.970687866, 3796.69360352, 601.333862305, 258.182830811, 424.397369385, 1262.12536621, 1249.22912598, 663.534057617, 1023.45550537, 1772.4979248, 325.851348877, 1299.80212402, 289.04208374, 473.036621094, 120.59135437, 131.776870728, 183.74319458, 248.416549683, 620.325134277, 680.579040527, 1952.28820801, 4102.0390625, 1338.91540527, 291.183654785, 237.611740112, 64.6114730835, 51.6851501465, 14.2765665054, 2.37823200226, 0.359905034304, 0.0188210401684, 0.00010088752606], "mean": [0.900112807751, 5.01917171478, 4.25118637085, 3.84036374092, 6.05655288696, 6.02348136902, 6.80290365219, 8.7425737381, 13.0985708237, 29.9456958771, 16.5760593414, 15.0762386322, 18.4905433655, 26.8767604828, 23.588973999, 18.445810318, 19.9071598053, 26.3371868134, 17.1265296936, 26.8656806946, 17.0983142853, 19.9504585266, 14.14610672, 13.6369161606, 14.7648086548, 15.865606308, 20.7015075684, 22.5570755005, 33.3004608154, 45.6108551025, 22.6043453217, 13.0244169235, 10.1130666733, 6.59424066544, 4.60219144821, 3.11909127235, 1.35196197033, 0.607168972492, 0.117104962468, 0.0078184241429]}, "spectral_contrast_valleys": {"max": [-4.95688533783, -4.572681427, -5.1042175293, -5.53038406372, -5.56122255325, -7.07555103302], "dmean": [0.436525046825, 0.413326233625, 0.38222643733, 0.361532092094, 0.336026757956, 0.372834771872], "dvar2": [0.386535108089, 0.340765833855, 0.252921611071, 0.316157907248, 0.255468577147, 0.317779034376], "dmean2": [0.700811088085, 0.657031357288, 0.575603783131, 0.538105845451, 0.471681118011, 0.521350860596], "var": [2.31932425499, 1.74311566353, 1.53742289543, 1.84344053268, 1.94452261925, 2.3607635498], "median": [-6.92589378357, -6.5387506485, -6.96602010727, -7.2668390274, -6.98974323273, -9.39895343781], "min": [-27.3593120575, -27.6285877228, -26.6909656525, -27.0806598663, -27.1552333832, -27.2127819061], "dvar": [0.191954553127, 0.168923065066, 0.135706841946, 0.164664700627, 0.150335252285, 0.181041941047], "mean": [-7.25421476364, -6.80734586716, -7.19492769241, -7.5792632103, -7.42900180817, -9.52990436554]}, "average_loudness": 0.688935399055, "erbbands_spread": {"max": 170.574432373, "dmean": 11.1266441345, "dvar2": 275.344940186, "dmean2": 17.0854053497, "var": 752.243469238, "median": 48.3932647705, "min": 1.85631597042, "dvar": 137.768295288, "mean": 53.1068649292}, "melbands_flatness_db": {"max": 0.572419345379, "dmean": 0.0353124402463, "dvar2": 0.00255144783296, "dmean2": 0.0527350306511, "var": 0.00782439485192, "median": 0.17182739079, "min": 0.00677874870598, "dvar": 0.00122681318317, "mean": 0.177942499518}, "barkbands_spread": {"max": 142.050872803, "dmean": 11.5189476013, "dvar2": 356.487640381, "dmean2": 17.5528697968, "var": 795.385925293, "median": 30.9745559692, "min": 0.204420864582, "dvar": 166.485153198, "mean": 38.6940727234}, "spectral_decrease": {"max": 6.60809185149e-10, "dmean": 4.69694239058e-09, "dvar2": 1.50263922776e-16, "dmean2": 7.42507300089e-09, "var": 2.12167155204e-16, "median": -4.64269644951e-09, "min": -1.0883356083e-07, "dvar": 5.94262963321e-17, "mean": -1.16135288053e-08}, "melbands_crest": {"max": 38.4326019287, "dmean": 4.08964920044, "dvar2": 35.0238838196, "dmean2": 6.66406345367, "var": 63.2142333984, "median": 14.4672403336, "min": 2.07551836967, "dvar": 14.3284463882, "mean": 16.0578174591}, "erbbands_flatness_db": {"max": 0.41718301177, "dmean": 0.0162150543183, "dvar2": 0.000631953240372, "dmean2": 0.0248863343149, "var": 0.00289154634811, "median": 0.103183686733, "min": 0.0240884851664, "dvar": 0.000318417791277, "mean": 0.109748117626}, "melbands_kurtosis": {"max": 2242.47045898, "dmean": 19.5549240112, "dvar2": 11591.0556641, "dmean2": 31.229637146, "var": 5589.55273438, "median": 8.22671508789, "min": -1.80478727818, "dvar": 4441.23242188, "mean": 30.6823120117}, "spectral_rms": {"max": 0.0202325284481, "dmean": 0.00119847140741, "dvar2": 5.09633582624e-06, "dmean2": 0.00183211301919, "var": 1.51049698616e-05, "median": 0.0047953510657, "min": 3.16310476076e-12, "dvar": 2.2796821213e-06, "mean": 0.00577256921679}, "melbands_skewness": {"max": 35.2427635193, "dmean": 1.23454737663, "dvar2": 6.50019073486, "dmean2": 1.89964604378, "var": 10.6701307297, "median": 2.46947336197, "min": -1.80935490131, "dvar": 2.82446932793, "mean": 3.60467147827}, "barkbands": {"max": [0.194659680128, 0.360450029373, 0.0909412577748, 0.0490065701306, 0.0773112028837, 0.0313354730606, 0.0552656501532, 0.0413871705532, 0.0156083218753, 0.0451441816986, 0.0206862017512, 0.018142754212, 0.0138007076457, 0.0186879001558, 0.0122193340212, 0.00961690582335, 0.00683343457058, 0.00397200929001, 0.00364044541493, 0.00647857133299, 0.0099688898772, 0.0169658679515, 0.0113009279594, 0.00874002464116, 0.00916474871337, 0.00770151568577, 0.00913351587951], "dmean": [0.00387552147731, 0.0134175335988, 0.00260282843374, 0.00135897705331, 0.0016417192528, 0.000698217365425, 0.000946384156123, 0.000616151897702, 0.000404868507758, 0.000593242410105, 0.000413352652686, 0.000336867698934, 0.00030392842018, 0.000310080969939, 0.000243273156229, 0.000233457700233, 0.000190377890249, 0.000160499839694, 0.000169499733602, 0.000191437691683, 0.000334017677233, 0.000742221833207, 0.000636089593172, 0.00037357956171, 0.000356206466677, 0.000397177849663, 0.00034973595757], "dvar2": [0.000307805777993, 0.00163455249276, 0.000152434062329, 4.78160218336e-05, 8.56481856317e-05, 4.09722542827e-06, 1.31244378281e-05, 5.15207011631e-06, 1.16240062198e-06, 3.67389020539e-06, 1.797486334e-06, 1.26815291424e-06, 1.08485699002e-06, 1.3726760244e-06, 6.65405252676e-07, 5.6026033235e-07, 3.05085734453e-07, 1.40315819408e-07, 1.70769496322e-07, 2.44658849624e-07, 8.16576971374e-07, 4.62829166281e-06, 3.91194907934e-06, 1.46520233102e-06, 1.73997807451e-06, 1.5882627622e-06, 1.84471366538e-06], "dmean2": [0.00627083005384, 0.0221496541053, 0.00459625199437, 0.00238205585629, 0.00288928998634, 0.0011572499061, 0.00152920302935, 0.00103457004298, 0.000627947854809, 0.000971938483417, 0.000672919326462, 0.000528370321263, 0.000487782264827, 0.0005096741952, 0.000386225263355, 0.000374422088498, 0.000303756038193, 0.000255452876445, 0.000267954921583, 0.000282718217932, 0.000511110527441, 0.00109688588418, 0.00103232264519, 0.000607410154771, 0.000540280307177, 0.000613763229921, 0.000565432186704], "var": [0.000168681741343, 0.00190680962987, 4.03392077715e-05, 1.30230855575e-05, 2.06611111935e-05, 2.41713132709e-06, 8.75043406268e-06, 3.03350861941e-06, 1.09186089503e-06, 2.37680228565e-06, 9.44545092807e-07, 7.89285991232e-07, 5.92386527387e-07, 8.53088181429e-07, 5.54840539735e-07, 3.72926166392e-07, 2.28044626738e-07, 1.01350025261e-07, 1.18436048524e-07, 2.05343994253e-07, 6.51288985409e-07, 4.76643845104e-06, 2.32142588175e-06, 1.16910632642e-06, 1.88385467936e-06, 1.89264392247e-06, 2.10523307942e-06], "median": [0.000201849412406, 0.00272948970087, 0.000864901114255, 0.00044014872401, 0.000888013280928, 0.00045976327965, 0.000608936650679, 0.000314548204187, 0.000286935974145, 0.000360951526091, 0.000207499833778, 0.000162870564964, 0.000163099684869, 0.000162918295246, 0.000160355237313, 0.000151530373842, 0.000167885649716, 0.000173409905983, 0.000165102115716, 0.000165446341271, 0.000242321591941, 0.000230364807067, 0.000156704918481, 9.02480023797e-05, 7.38553717383e-05, 6.17028126726e-05, 1.25456235764e-05], "min": [2.96683782528e-24, 8.30981581053e-24, 2.92827593765e-24, 8.41076239626e-24, 3.42690643559e-23, 6.1278298599e-23, 8.35429699484e-23, 2.55795674251e-23, 4.71161943119e-23, 9.16951973825e-23, 1.0055298201e-22, 7.8780597731e-23, 1.20029490754e-22, 8.89836489484e-23, 1.26750333231e-22, 2.3001048392e-22, 1.51031572868e-22, 2.2086908802e-22, 2.38990573542e-22, 2.37829496508e-22, 2.35312209805e-22, 4.02423847634e-22, 7.1512515502e-22, 7.66787037236e-22, 1.00157052091e-21, 1.9939887407e-21, 2.45790620179e-21], "dvar": [0.000128190920805, 0.00062575773336, 5.37445375812e-05, 1.75307668542e-05, 2.96825837722e-05, 1.49641209646e-06, 5.03848559674e-06, 1.86554188986e-06, 4.9905332844e-07, 1.41922498642e-06, 6.95406924933e-07, 5.38777896963e-07, 4.37130353248e-07, 5.1771132803e-07, 2.62483865754e-07, 2.23211401362e-07, 1.16994250732e-07, 5.61351427564e-08, 7.12751528908e-08, 1.11103112488e-07, 3.63925494185e-07, 2.25344479077e-06, 1.66032577908e-06, 5.72261228626e-07, 7.3257939448e-07, 6.90006913828e-07, 7.66031121202e-07], "mean": [0.0043699904345, 0.0253833923489, 0.00264162779786, 0.00132910266984, 0.00196430995129, 0.00100919068791, 0.00142393237911, 0.000850567943417, 0.000643292500172, 0.000838871696033, 0.000552415149286, 0.000466528901597, 0.000424440979259, 0.000465174438432, 0.000415734422859, 0.000365188287105, 0.000328473659465, 0.000275735976174, 0.000275247119134, 0.000320144870784, 0.000540971523151, 0.00112567213364, 0.000874044024386, 0.000605954090133, 0.000611728406511, 0.000781136623118, 0.000752297462896]}, "spectral_kurtosis": {"max": 29.4083461761, "dmean": 0.901773750782, "dvar2": 3.5713865757, "dmean2": 1.43673968315, "var": 10.6237478256, "median": 2.53064775467, "min": -1.21058392525, "dvar": 1.50693261623, "mean": 3.23701286316}, "erbbands_skewness": {"max": 8.88481426239, "dmean": 0.438507258892, "dvar2": 0.568062126637, "dmean2": 0.656008183956, "var": 1.19153046608, "median": 0.0228328816593, "min": -2.89566612244, "dvar": 0.283221930265, "mean": 0.116140834987}, "melbands": {"max": [0.111094474792, 0.05453434214, 0.0206066817045, 0.0208861734718, 0.00647220294923, 0.00770640326664, 0.00558990752324, 0.0191921517253, 0.0061371694319, 0.00204514968209, 0.0033485784661, 0.00645707314834, 0.0027636915911, 0.00257036765106, 0.000688839529175, 0.00151494587772, 0.00201272708364, 0.000564770482015, 0.00120476342272, 0.00112753827125, 0.000338433979778, 0.00060035882052, 0.000128268933622, 0.000250071112532, 0.000143290046253, 0.000206575467018, 0.000150994266733, 0.000235340805375, 0.000274844147498, 0.000285851157969, 0.000258863263298, 0.000294451660011, 0.00045133283129, 0.000350415968569, 0.000238316264586, 0.000164860408404, 9.83087011264e-05, 0.000135908136144, 0.000150181935169, 7.59587419452e-05], "dmean": [0.00402846885845, 0.00249635404907, 0.000601869891398, 0.000403341138735, 0.000173308842932, 0.000140215270221, 0.000144552512211, 0.000212519866182, 8.79626095411e-05, 5.7484194258e-05, 6.69056316838e-05, 7.76725864853e-05, 6.03702173976e-05, 4.31821790698e-05, 2.48236356128e-05, 3.52180104528e-05, 3.2297870348e-05, 1.57937083713e-05, 2.02556057047e-05, 1.9341820007e-05, 1.07459545688e-05, 1.39358435263e-05, 6.95228754921e-06, 8.82690255821e-06, 6.08390701018e-06, 8.1129701357e-06, 5.27023803443e-06, 6.50949323244e-06, 8.67561539053e-06, 8.44207079354e-06, 7.87696626503e-06, 1.24858934214e-05, 1.64380380738e-05, 1.42003282235e-05, 1.09245156636e-05, 6.6913826231e-06, 4.70142731501e-06, 4.62258458356e-06, 4.18570334659e-06, 2.78966376754e-06], "dvar2": [0.000155896821525, 6.78436772432e-05, 6.20912169325e-06, 6.16743272985e-06, 2.3470570909e-07, 1.93886904754e-07, 1.96099136929e-07, 9.61194018601e-07, 1.1042503445e-07, 2.25738450155e-08, 3.50495916734e-08, 6.60052137391e-08, 4.18720631501e-08, 2.3402590088e-08, 4.70756633675e-09, 1.64468545449e-08, 1.63859841251e-08, 2.01401029187e-09, 5.26256282996e-09, 4.76171324593e-09, 8.90882478899e-10, 2.06134842529e-09, 2.18714713007e-10, 5.21719445423e-10, 2.18630100135e-10, 4.39749597847e-10, 1.53652882084e-10, 3.05796526989e-10, 6.32604912898e-10, 6.0257954182e-10, 4.63351301772e-10, 1.32081956483e-09, 3.11604519965e-09, 1.98310323718e-09, 1.3026152379e-09, 5.75899883337e-10, 2.1732408928e-10, 2.95471480616e-10, 3.07617431528e-10, 7.90541521134e-11], "dmean2": [0.00655645830557, 0.00421851081774, 0.000999811221845, 0.000715488335118, 0.000295243778965, 0.000234555540374, 0.000234018269111, 0.000350487098331, 0.000142443590448, 8.87505884748e-05, 0.000110384280561, 0.000126554397866, 9.76880182861e-05, 6.78468713886e-05, 3.8799156755e-05, 5.65543305129e-05, 5.31932455488e-05, 2.53774105659e-05, 3.20718572766e-05, 3.05122994178e-05, 1.6987312847e-05, 2.26868050959e-05, 1.08240819827e-05, 1.43730267155e-05, 9.57019528869e-06, 1.30964326672e-05, 7.96960648586e-06, 9.91532851913e-06, 1.32740979097e-05, 1.33901430672e-05, 1.21311568364e-05, 1.86189190572e-05, 2.50210032391e-05, 2.09669287869e-05, 1.80145980266e-05, 1.11832541734e-05, 7.80836307968e-06, 7.5034645306e-06, 6.63010905555e-06, 4.01818533646e-06], "var": [0.00018258257478, 4.26968508691e-05, 2.67470022663e-06, 1.44339264807e-06, 1.13567885762e-07, 1.05772357983e-07, 1.4131161663e-07, 5.74483976834e-07, 7.12546679438e-08, 2.39086617171e-08, 2.0865268624e-08, 4.48888819449e-08, 2.13286863726e-08, 1.38236053715e-08, 3.42407524556e-09, 9.45577394162e-09, 9.6323793386e-09, 1.50105261554e-09, 4.4015870948e-09, 3.79830211727e-09, 6.67176924818e-10, 1.3265386567e-09, 2.01392499899e-10, 3.20718479552e-10, 1.4969438189e-10, 2.5852053831e-10, 1.46521156319e-10, 2.27250482321e-10, 4.51104376076e-10, 3.9476605318e-10, 3.44271833264e-10, 9.54439083323e-10, 2.96651903042e-09, 2.88834534068e-09, 6.24937324112e-10, 2.61754978803e-10, 1.59890614637e-10, 1.87995022327e-10, 2.22748333667e-10, 1.21871970848e-10], "median": [0.000711832777597, 0.000855871534441, 0.000302805274259, 0.000161728792591, 0.000132596003823, 8.29033306218e-05, 0.00010835363355, 0.000111501241918, 4.79065638501e-05, 4.02253645007e-05, 4.96057618875e-05, 5.21009060321e-05, 2.91518990707e-05, 1.99252390303e-05, 1.56713213073e-05, 1.73231837834e-05, 1.58737148013e-05, 1.08606982394e-05, 1.25958486024e-05, 1.15277907753e-05, 8.21935282147e-06, 1.05558101495e-05, 7.39295455787e-06, 8.45065278554e-06, 6.53051847621e-06, 6.79867480358e-06, 5.24405868418e-06, 5.16216277902e-06, 5.50861386728e-06, 5.65711297895e-06, 5.29391854798e-06, 4.77458706882e-06, 3.94512790081e-06, 3.24165989696e-06, 2.48844253292e-06, 1.69527845628e-06, 1.16389674076e-06, 9.8027248896e-07, 7.65254526414e-07, 5.81075937589e-07], "min": [2.50201968068e-24, 2.18391684546e-24, 3.67155389597e-24, 5.88101011324e-24, 9.0031077948e-24, 1.38878205058e-23, 1.99661231537e-23, 6.55115967957e-24, 4.01734279074e-24, 6.92259049806e-24, 9.72402805456e-24, 1.89862427357e-23, 1.00976948993e-23, 6.07356790476e-24, 1.2830263321e-23, 1.28630980785e-23, 8.53927967064e-24, 7.37846374886e-24, 9.35228050842e-24, 1.1128194155e-23, 1.74589717356e-23, 8.70503354632e-24, 1.08787066385e-23, 1.06394940353e-23, 7.36147641812e-24, 1.02952185702e-23, 7.06363961677e-24, 8.07762091396e-24, 6.06743924439e-24, 5.68713255743e-24, 8.99832887544e-24, 8.13270233781e-24, 7.37338821779e-24, 1.25848944474e-23, 9.11788626765e-24, 9.63613711681e-24, 9.75257693072e-24, 1.03444892446e-23, 7.10378317052e-24, 9.33410120886e-24], "dvar": [5.98966616963e-05, 2.42828464252e-05, 2.56358362094e-06, 2.15045201912e-06, 8.52462491707e-08, 6.99310618302e-08, 7.71920980469e-08, 3.56071893748e-07, 4.4891212525e-08, 1.0189308064e-08, 1.32377007134e-08, 2.57588705921e-08, 1.61491424677e-08, 9.865656736e-09, 1.99453120686e-09, 6.51380460681e-09, 6.09191097567e-09, 7.88208776026e-10, 2.08148742686e-09, 1.97564964388e-09, 3.62158941725e-10, 7.60144003298e-10, 9.5483086715e-11, 1.97645427802e-10, 8.9664276004e-11, 1.74022865562e-10, 6.87006493361e-11, 1.32074157166e-10, 2.86231954805e-10, 2.50523268797e-10, 2.00889693769e-10, 6.24170382046e-10, 1.43785472417e-09, 1.12861231472e-09, 5.42034750417e-10, 2.20803764162e-10, 8.41981206978e-11, 1.1091472879e-10, 1.24899479648e-10, 3.69206783202e-11], "mean": [0.00795943848789, 0.00381262833253, 0.000750230799895, 0.000438014132669, 0.000245246686973, 0.000196763256099, 0.000226363903494, 0.000297782215057, 0.000126184575493, 9.2840695288e-05, 9.58378077485e-05, 0.000114149952424, 8.02131908131e-05, 5.87582144362e-05, 3.62896680599e-05, 5.04183990415e-05, 4.76669192722e-05, 2.53118505498e-05, 3.44992040482e-05, 3.10896648443e-05, 1.75784352905e-05, 2.25425155804e-05, 1.20144459288e-05, 1.43697880048e-05, 1.01531504697e-05, 1.20677786981e-05, 9.19091871765e-06, 1.04671116787e-05, 1.29025511342e-05, 1.28721221699e-05, 1.22696810649e-05, 1.70582479768e-05, 2.47310326813e-05, 2.41146663029e-05, 1.35336267704e-05, 8.98369216884e-06, 7.4279250839e-06, 7.03961995896e-06, 6.42850363874e-06, 5.32737794856e-06]}, "spectral_centroid": {"max": 10586.8847656, "dmean": 398.293365479, "dvar2": 331270.6875, "dmean2": 594.191650391, "var": 946781.25, "median": 1766.83251953, "min": 148.265960693, "dvar": 179140.890625, "mean": 1924.12695313}, "pitch_salience": {"max": 0.984060227871, "dmean": 0.0901526659727, "dvar2": 0.0185328554362, "dmean2": 0.145835965872, "var": 0.033016435802, "median": 0.58507579565, "min": 0.0228145681322, "dvar": 0.00743371807039, "mean": 0.544555127621}, "gfcc": {"icov": [[7.37218142604e-05, 4.00611243094e-05, -1.21960993056e-05, -7.55285363994e-05, -6.19769634795e-05, -7.82328206697e-05, 0.000107162275526, -7.73726787884e-05, -7.9501332948e-05, -0.000166661513504, -2.47716161539e-05, -0.00017493692576, 0.000166675497894], [4.00611243094e-05, 0.000607596535701, 0.000257938110735, -0.000336324883392, -0.000249973207247, 0.00044532402535, 0.000725235964637, -0.000521424459293, -0.000554790778551, 0.000162407653988, 9.68618769548e-05, 0.000242280832026, -0.000727870676201], [-1.21960993056e-05, 0.000257938110735, 0.00152140494902, -0.000328797206748, -0.000701779441442, 0.00101802672725, -0.00053203542484, -0.000332630617777, -0.0013598240912, 0.00199098442681, -0.00051489105681, 0.000981242861599, -0.000774810847361], [-7.55285363994e-05, -0.000336324883392, -0.000328797206748, 0.00236644269899, -0.000287062546704, -0.00130888901185, 0.000149061452248, 0.000706731865648, 0.000715158123057, -0.0013316902332, -0.000130720654852, 0.000161270669196, -0.000109186650661], [-6.19769634795e-05, -0.000249973207247, -0.000701779441442, -0.000287062546704, 0.00416880333796, 0.000623227155302, -0.00175455142744, 0.00092294748174, -0.000436625035945, -0.00146265712101, -0.00106334150769, 0.000395107548684, -0.000556069018785], [-7.82328206697e-05, 0.00044532402535, 0.00101802672725, -0.00130888901185, 0.000623227155302, 0.00747238378972, -0.00216661533341, -0.00180736859329, -0.00194497790653, 0.00267866277136, -0.0007611894398, -9.86908926279e-05, -0.0016824711347], [0.000107162275526, 0.000725235964637, -0.00053203542484, 0.000149061452248, -0.00175455142744, -0.00216661533341, 0.00905524753034, -0.000893504475243, -0.00110429036431, 0.000791385653429, -0.000470600061817, -0.00466433400288, -0.0022664887365], [-7.73726787884e-05, -0.000521424459293, -0.000332630617777, 0.000706731865648, 0.00092294748174, -0.00180736859329, -0.000893504475243, 0.0101167513058, 0.000521539244801, -0.00193076243158, -0.00192108296324, 0.00267736893147, -0.000498541223351], [-7.9501332948e-05, -0.000554790778551, -0.0013598240912, 0.000715158123057, -0.000436625035945, -0.00194497790653, -0.00110429036431, 0.000521539244801, 0.00931117683649, -0.00462093623355, -0.000871175667271, -0.000474854023196, 0.00442694546655], [-0.000166661513504, 0.000162407653988, 0.00199098442681, -0.0013316902332, -0.00146265712101, 0.00267866277136, 0.000791385653429, -0.00193076243158, -0.00462093623355, 0.0137882325798, -0.000814502185676, -0.00130510015879, -0.00110384903383], [-2.47716161539e-05, 9.68618769548e-05, -0.00051489105681, -0.000130720654852, -0.00106334150769, -0.0007611894398, -0.000470600061817, -0.00192108296324, -0.000871175667271, -0.000814502185676, 0.01401311066, 0.00161331763957, -0.00436186883599], [-0.00017493692576, 0.000242280832026, 0.000981242861599, 0.000161270669196, 0.000395107548684, -9.86908926279e-05, -0.00466433400288, 0.00267736893147, -0.000474854023196, -0.00130510015879, 0.00161331763957, 0.0133023215458, -0.000812918471638], [0.000166675497894, -0.000727870676201, -0.000774810847361, -0.000109186650661, -0.000556069018785, -0.0016824711347, -0.0022664887365, -0.000498541223351, 0.00442694546655, -0.00110384903383, -0.00436186883599, -0.000812918471638, 0.020809404552]], "cov": [[18236.6953125, -1120.22827148, 170.096786499, 746.544189453, 492.412139893, 343.954559326, 211.465164185, 53.3602256775, 500.090698242, 453.608398438, 93.3160171509, 331.255950928, -159.549697876], [-1120.22827148, 2782.36865234, -371.55581665, 263.370117188, 19.8259525299, -183.352157593, -352.460418701, 104.667243958, 18.2621421814, 98.0119552612, 0.56550180912, -175.259262085, 38.2521018982], [170.096786499, -371.55581665, 1272.06530762, 52.9358253479, 282.292205811, -25.6550655365, 163.627960205, 14.5888214111, 124.129768372, -98.684677124, 99.556602478, -54.2424087524, 44.0304718018], [746.544189453, 263.370117188, 52.9358253479, 571.57220459, 102.555526733, 71.4404220581, 4.74104213715, 3.22772526741, 30.9254302979, 64.3001937866, 31.4049930573, -2.45228672028, 20.6317577362], [492.412139893, 19.8259525299, 282.292205811, 102.555526733, 390.942230225, -2.27262830734, 104.51877594, -6.46875047684, 85.4237594604, 45.2564048767, 58.9546051025, 12.3199367523, 26.3567676544], [343.954559326, -183.352157593, -25.6550655365, 71.4404220581, -2.27262830734, 214.309310913, 88.9823989868, 25.9986610413, 26.2190113068, -11.6344156265, 22.0619716644, 34.7100791931, 17.6178359985], [211.465164185, -352.460418701, 163.627960205, 4.74104213715, 104.51877594, 88.9823989868, 242.568771362, -1.38483607769, 45.3371505737, -10.0566864014, 31.4879455566, 78.4832458496, 27.9568920135], [53.3602256775, 104.667243958, 14.5888214111, 3.22772526741, -6.46875047684, 25.9986610413, -1.38483607769, 124.985069275, 7.74210691452, 11.8466920853, 26.1118564606, -28.5769901276, 11.9047899246], [500.090698242, 18.2621421814, 124.129768372, 30.9254302979, 85.4237594604, 26.2190113068, 45.3371505737, 7.74210691452, 183.056381226, 56.051361084, 22.6977863312, 16.7911643982, -19.61277771], [453.608398438, 98.0119552612, -98.684677124, 64.3001937866, 45.2564048767, -11.6344156265, -10.0566864014, 11.8466920853, 56.051361084, 126.861991882, 7.99011707306, 16.3916492462, -6.96443271637], [93.3160171509, 0.56550180912, 99.556602478, 31.4049930573, 58.9546051025, 22.0619716644, 31.4879455566, 26.1118564606, 22.6977863312, 7.99011707306, 97.0256958008, -10.8899335861, 26.0656070709], [331.255950928, -175.259262085, -54.2424087524, -2.45228672028, 12.3199367523, 34.7100791931, 78.4832458496, -28.5769901276, 16.7911643982, 16.3916492462, -10.8899335861, 123.446418762, 0.0202835388482], [-159.549697876, 38.2521018982, 44.0304718018, 20.6317577362, 26.3567676544, 17.6178359985, 27.9568920135, 11.9047899246, -19.61277771, -6.96443271637, 26.0656070709, 0.0202835388482, 67.1450500488]], "mean": [15.4832773209, 40.5924568176, -84.3877258301, 23.7778968811, -51.5364151001, 16.7369403839, -23.2285346985, 9.18101119995, -15.9740133286, 6.0795083046, -16.1826229095, 6.45886468887, -11.8387622833]}, "spectral_flux": {"max": 0.41631180048, "dmean": 0.0315736830235, "dvar2": 0.00435284245759, "dmean2": 0.0502039790154, "var": 0.00561885908246, "median": 0.0992481634021, "min": 1.01268764208e-10, "dvar": 0.0017616635887, "mean": 0.109948202968}, "zerocrossingrate": {"max": 0.62353515625, "dmean": 0.0223696306348, "dvar2": 0.000675744027831, "dmean2": 0.024958871305, "var": 0.0122905718163, "median": 0.076171875, "min": 0.001953125, "dvar": 0.000638146477286, "mean": 0.123543784022}, "spectral_energyband_middle_low": {"max": 0.130038276315, "dmean": 0.0038889432326, "dvar2": 0.00023288493685, "dmean2": 0.00633737444878, "var": 0.000107625972305, "median": 0.00430413754657, "min": 2.80489100022e-22, "dvar": 8.96138590178e-05, "mean": 0.00734809366986}, "silence_rate_20dB": {"max": 1, "dmean": 0.000138054805575, "dvar2": 0.000414112379076, "dmean2": 0.000276128674159, "var": 6.90176020726e-05, "median": 1, "min": 0, "dvar": 0.000138034651172, "mean": 0.999930977821}, "silence_rate_30dB": {"max": 1, "dmean": 0.0738593190908, "dvar2": 0.147583827376, "dmean2": 0.147728845477, "var": 0.158900171518, "median": 1, "min": 0, "dvar": 0.0683990642428, "mean": 0.801836013794}, "spectral_entropy": {"max": 9.81423950195, "dmean": 0.151972606778, "dvar2": 0.0599291995168, "dmean2": 0.229845419526, "var": 0.302205681801, "median": 8.15826702118, "min": 5.44551420212, "dvar": 0.0296518597752, "mean": 8.05845737457}, "spectral_rolloff": {"max": 20047.4121094, "dmean": 1239.18994141, "dvar2": 9232482, "dmean2": 2003.42675781, "var": 24475660, "median": 1421.19140625, "min": 21.533203125, "dvar": 4287663, "mean": 3910.39672852}, "spectral_complexity": {"max": 61, "dmean": 5.90750312805, "dvar2": 67.0751953125, "dmean2": 8.07524490356, "var": 217.417770386, "median": 20, "min": 0, "dvar": 38.9112281799, "mean": 21.498758316}, "spectral_sp