{"lowlevel": {"erbbands": {"mean": [0.0894391462207, 1.16470885277, 3.02559447289, 6.44505882263, 11.899143219, 10.0016775131, 21.0587997437, 32.3537483215, 45.2228660583, 30.9571781158, 31.9738750458, 43.390537262, 55.6128845215, 54.5662155151, 23.6322593689, 31.0070819855, 26.6974658966, 27.5143718719, 32.0473518372, 23.2854709625, 17.5769672394, 11.1363677979, 10.8276128769, 15.6837759018, 9.98552513123, 8.59797382355, 4.62161016464, 1.07879686356, 0.585236430168, 0.469263970852, 0.427037805319, 0.437690287828, 0.364999979734, 0.191249206662, 0.0841327235103, 0.0340068973601, 0.0143339866772, 0.00551354326308, 0.000676744501106, 5.07084077981e-05], "dvar": [0.0685425847769, 9.26886177063, 18.1495418549, 116.279785156, 1262.96923828, 154.662734985, 394.909118652, 842.603210449, 1510.36816406, 883.227844238, 1200.88415527, 1846.10327148, 3991.84838867, 5475.67285156, 2131.60693359, 1946.17578125, 1575.92407227, 1215.26916504, 1441.14855957, 1110.41711426, 857.713439941, 326.614532471, 159.66217041, 270.748962402, 139.607025146, 60.1973609924, 23.9788398743, 2.56471991539, 0.914121627808, 0.763935685158, 0.794105052948, 2.92980265617, 1.24318706989, 0.193709567189, 0.0171921458095, 0.00209227739833, 0.000435257330537, 0.000117342293379, 2.08027176996e-06, 1.81376413888e-09], "min": [3.31950876625e-22, 1.67720683887e-21, 9.13813483772e-21, 1.54434022596e-20, 1.26574805748e-20, 7.02902606254e-20, 1.51152135048e-19, 4.53738034295e-19, 2.52357062609e-19, 5.47634045661e-19, 1.10775686421e-18, 1.96805665112e-18, 1.56047395083e-18, 2.19030043617e-18, 2.73379697611e-18, 5.2532118985e-18, 3.45005680442e-18, 3.1628487356e-18, 7.30028166891e-18, 8.09741246417e-18, 9.29789058818e-18, 5.52118574333e-18, 1.14650326555e-17, 1.38861671474e-17, 1.51463983173e-17, 1.29545979959e-17, 1.27731104336e-17, 1.82164510367e-17, 1.96124655585e-17, 1.97553477745e-17, 1.66608419418e-17, 1.33640217935e-17, 1.5666916607e-17, 1.36282216267e-17, 8.39775347278e-18, 5.02135648152e-18, 3.02405134433e-18, 1.18854521649e-18, 2.69778675381e-19, 3.42906010411e-20], "dmean": [0.0998721495271, 1.20856249332, 2.19747066498, 4.60725593567, 11.7766504288, 5.71844053268, 10.4282693863, 15.9612131119, 22.633600235, 14.7607145309, 14.6614627838, 20.1719074249, 26.3410491943, 23.9873085022, 12.2200603485, 15.3499994278, 13.4707603455, 13.6129713058, 15.3123044968, 12.9285945892, 9.55205726624, 5.66664981842, 5.14643144608, 7.397813797, 4.43989181519, 3.75732803345, 2.37159156799, 0.675067663193, 0.382582902908, 0.29487234354, 0.260757446289, 0.290779769421, 0.239461123943, 0.118222005665, 0.0543243698776, 0.0225429721177, 0.0106253344566, 0.00500816432759, 0.000644801941235, 2.75150978268e-05], "dmean2": [0.169321000576, 1.99294936657, 3.69743108749, 7.99860048294, 20.7241916656, 9.59443187714, 16.0134716034, 25.2789440155, 35.0377578735, 23.0588703156, 22.6849536896, 30.8128910065, 39.347240448, 35.1203079224, 18.2646198273, 22.7329006195, 20.4637756348, 20.2444725037, 22.5461978912, 19.5893821716, 14.4232759476, 8.35114383698, 7.70662689209, 11.1074504852, 6.45811796188, 5.62578487396, 3.55724954605, 1.08976054192, 0.602479875088, 0.45248824358, 0.390449732542, 0.442947179079, 0.35982337594, 0.171944215894, 0.0783653482795, 0.0321249850094, 0.0153666744009, 0.00741742132232, 0.000967850384768, 4.15222166339e-05], "dvar2": [0.172045230865, 22.3792076111, 47.9977340698, 324.766448975, 3508.07446289, 422.530853271, 924.538696289, 2062.91625977, 3761.37939453, 2167.9362793, 2863.46972656, 4238.52978516, 9019.64453125, 12283.9277344, 5120.74609375, 4112.22949219, 3721.25927734, 2509.17895508, 2934.01416016, 2476.84472656, 1862.5838623, 679.086853027, 363.77041626, 626.577392578, 313.926574707, 126.593086243, 51.9245491028, 6.56866693497, 2.14891052246, 1.70213866234, 1.78237140179, 6.36108732224, 3.04081964493, 0.46728104353, 0.039503570646, 0.00419472297654, 0.000918830512092, 0.000265516457148, 4.86099452246e-06, 4.11288869628e-09], "max": [1.88263261318, 27.5669269562, 43.1494064331, 103.100608826, 402.524475098, 181.964920044, 435.024475098, 441.894256592, 704.60559082, 756.842285156, 658.070922852, 909.036865234, 1173.8314209, 1606.94104004, 1321.72167969, 1387.87878418, 1197.55651855, 1132.9432373, 1290.58508301, 877.988586426, 829.740600586, 530.323730469, 347.598632812, 351.044586182, 361.2003479, 175.77406311, 160.943283081, 46.0005607605, 27.1953353882, 30.7108287811, 31.0953960419, 87.7426605225, 47.7477874756, 19.6383209229, 3.99654841423, 0.996341347694, 0.262935370207, 0.140092328191, 0.032895848155, 0.000438830757048], "median": [0.0131874382496, 0.251741051674, 1.48517489433, 3.21124815941, 4.48487567902, 4.55739498138, 8.26789474487, 16.4425392151, 22.9218292236, 15.115983963, 9.57494354248, 13.7991771698, 12.3729782104, 8.46054840088, 5.20279216766, 6.85260534286, 6.47751712799, 6.48762607574, 8.34052085876, 5.94329404831, 3.44577407837, 2.75730276108, 3.34391880035, 3.69683027267, 3.2158575058, 2.33236527443, 1.41253447533, 0.490394115448, 0.222660943866, 0.151809185743, 0.134558528662, 0.127986431122, 0.0972814112902, 0.0591478645802, 0.023849831894, 0.00705528631806, 0.00240074004978, 0.000536060309969, 4.85391865368e-05, 3.62762402801e-05], "var": [0.0579840615392, 8.20816993713, 19.0704441071, 101.709884644, 929.935302734, 228.152954102, 1086.8671875, 1940.61413574, 3893.75708008, 2238.38305664, 4432.37695312, 5322.97509766, 11919.9560547, 19605.6113281, 5589.26171875, 5601.82666016, 4018.11816406, 4327.28759766, 5077.45947266, 2490.30615234, 2411.94848633, 1027.99780273, 499.301849365, 777.298522949, 377.019195557, 211.801467896, 67.3446731567, 3.5102159977, 1.24795091152, 1.12953305244, 1.11865150928, 3.70525121689, 1.83574521542, 0.280572295189, 0.0299878902733, 0.00439863558859, 0.00072730507236, 0.000141708995216, 2.3408481411e-06, 2.51568188503e-09]}, "gfcc": {"icov": [[0.000209200676181, 1.28382016555e-05, 0.000116033261293, -0.000137358758366, -5.52030542167e-05, -8.20513960207e-05, 9.94196525426e-05, -0.000227489086683, 0.000414706941228, -0.000274424179224, 0.000459596252767, 2.78597372017e-06, 0.000209628778975], [1.28382016555e-05, 0.00217805313878, -0.00044037293992, -1.53791861521e-05, -0.000724414712749, 0.00152704748325, -0.00131294771563, 0.00223792949691, -0.00228761858307, 0.00246576615609, -0.00151496648323, 0.00254316674545, -0.00117581710219], [0.000116033261293, -0.00044037293992, 0.00143780803774, -0.000428157887654, 8.10135679785e-05, -0.000640273094177, 0.000561590190046, 2.48030778494e-06, -0.000584751949646, -0.000278240768239, 0.00123837881256, -0.00147153786384, 0.00102389953099], [-0.000137358758366, -1.53791861521e-05, -0.000428157887654, 0.00345417810604, -0.000810889468994, 0.000454292399809, 0.000988248037174, -0.000237834072323, -0.00027701081126, 0.000617974670604, -0.000710605818313, 0.000294228433631, -0.00126752676442], [-5.52030542167e-05, -0.000724414712749, 8.10135679785e-05, -0.000810889468994, 0.0045393332839, -0.000535772007424, -0.00160566531122, -0.000738805450965, 0.00122802448459, -0.00183777406346, 8.4533035988e-05, -0.00122423050925, -0.000207851000596], [-8.20513960207e-05, 0.00152704748325, -0.000640273094177, 0.000454292399809, -0.000535772007424, 0.0050530503504, -0.00158998905681, 0.00113438034896, 0.000234858860495, 0.000515183841344, -0.000538351247087, 0.000717863498721, -0.000402943085646], [9.94196525426e-05, -0.00131294771563, 0.000561590190046, 0.000988248037174, -0.00160566531122, -0.00158998905681, 0.00628802739084, -0.00229223421775, 0.000743239710573, -0.000967237516306, 9.16186254472e-05, 0.000585044617765, 0.000708826642949], [-0.000227489086683, 0.00223792949691, 2.48030778494e-06, -0.000237834072323, -0.000738805450965, 0.00113438034896, -0.00229223421775, 0.00843869429082, -0.00499540055171, 0.00267918850295, -0.00159006693866, 0.0018029815983, -0.00254571693949], [0.000414706941228, -0.00228761858307, -0.000584751949646, -0.00027701081126, 0.00122802448459, 0.000234858860495, 0.000743239710573, -0.00499540055171, 0.0118435341865, -0.00584872066975, 0.00307896896265, -0.00230753119104, 0.00231941719539], [-0.000274424179224, 0.00246576615609, -0.000278240768239, 0.000617974670604, -0.00183777406346, 0.000515183841344, -0.000967237516306, 0.00267918850295, -0.00584872066975, 0.0131322611123, -0.00531144067645, 0.0014200132573, 0.000643560953904], [0.000459596252767, -0.00151496648323, 0.00123837881256, -0.000710605818313, 8.4533035988e-05, -0.000538351247087, 9.16186254472e-05, -0.00159006693866, 0.00307896896265, -0.00531144067645, 0.0107895778492, -0.00341417919844, -0.000405830855016], [2.78597372017e-06, 0.00254316674545, -0.00147153786384, 0.000294228433631, -0.00122423050925, 0.000717863498721, 0.000585044617765, 0.0018029815983, -0.00230753119104, 0.0014200132573, -0.00341417919844, 0.0132965929806, -0.00167403696105], [0.000209628778975, -0.00117581710219, 0.00102389953099, -0.00126752676442, -0.000207851000596, -0.000402943085646, 0.000708826642949, -0.00254571693949, 0.00231941719539, 0.000643560953904, -0.000405830855016, -0.00167403696105, 0.0104205841199]], "mean": [-37.949672699, 127.102355957, -113.784812927, 14.4134092331, -50.4512825012, -5.76678800583, -33.7662582397, 6.62842035294, -23.9887866974, 2.62743234634, -8.82869815826, -9.54048728943, -8.16590595245], "cov": [[6964.17578125, -1251.82763672, -589.287353516, 92.9299621582, 60.837436676, 317.678192139, -114.298599243, 160.000854492, -331.61505127, 84.1620483398, -223.862167358, 7.03667545319, -90.7572784424], [-1251.82763672, 1796.00244141, 81.6243362427, 94.4968338013, 125.816551208, -388.669677734, 213.515548706, -150.648391724, 145.397384644, -178.097763062, 64.196434021, -217.663284302, 113.63407135], [-589.287353516, 81.6243362427, 1243.08410645, 77.6858673096, -81.2818374634, 30.5940818787, -150.592132568, -75.8495483398, 164.934173584, 4.57685756683, -123.813102722, 108.784690857, -124.692276001], [92.9299621582, 94.4968338013, 77.6858673096, 365.127075195, 47.9521408081, -58.5174369812, -54.2195930481, 15.0902643204, 9.14443397522, -23.0076274872, 13.2383680344, 4.35890674591, 52.2425727844], [60.837436676, 125.816551208, -81.2818374634, 47.9521408081, 319.901245117, 20.6768913269, 125.884933472, 31.6733417511, -12.9487323761, 33.582447052, 49.9037666321, -4.21533298492, 35.2216567993], [317.678192139, -388.669677734, 30.5940818787, -58.5174369812, 20.6768913269, 326.55065918, 24.0388755798, 8.47055530548, -55.5385627747, 41.316696167, -10.499130249, 40.3695335388, -31.0104351044], [-114.298599243, 213.515548706, -150.592132568, -54.2195930481, 125.884933472, 24.0388755798, 286.300415039, 50.4813041687, 4.91935586929, 7.39514112473, 40.3604125977, -52.165977478, 22.5313434601], [160.000854492, -150.648391724, -75.8495483398, 15.0902643204, 31.6733417511, 8.47055530548, 50.4813041687, 208.976455688, 44.2906723022, 16.4989471436, 10.0558338165, 3.95935249329, 27.799325943], [-331.61505127, 145.397384644, 164.934173584, 9.14443397522, -12.9487323761, -55.5385627747, 4.91935586929, 44.2906723022, 181.050720215, 36.6817359924, -12.3463029861, 6.9717001915, -25.8615932465], [84.1620483398, -178.097763062, 4.57685756683, -23.0076274872, 33.582447052, 41.316696167, 7.39514112473, 16.4989471436, 36.6817359924, 144.60206604, 43.1506614685, 31.640089035, -29.5737705231], [-223.862167358, 64.196434021, -123.813102722, 13.2383680344, 49.9037666321, -10.499130249, 40.3604125977, 10.0558338165, -12.3463029861, 43.1506614685, 156.906646729, 13.6401977539, 34.2086448669], [7.03667545319, -217.663284302, 108.784690857, 4.35890674591, -4.21533298492, 40.3695335388, -52.165977478, 3.95935249329, 6.9717001915, 31.640089035, 13.6401977539, 127.881393433, -11.2987136841], [-90.7572784424, 113.63407135, -124.692276001, 52.2425727844, 35.2216567993, -31.0104351044, 22.5313434601, 27.799325943, -25.8615932465, -29.5737705231, 34.2086448669, -11.2987136841, 141.080200195]]}, "spectral_skewness": {"mean": 2.26553750038, "dvar": 0.289048790932, "min": -0.134211733937, "dmean": 0.410466879606, "dmean2": 0.640186607838, "dvar2": 0.581975579262, "max": 13.129650116, "median": 2.0503923893, "var": 1.14442646503}, "spectral_energyband_low": {"mean": 0.00843588449061, "dvar": 0.000177897105459, "min": 3.55650744707e-23, "dmean": 0.00661500310525, "dmean2": 0.0108156185597, "dvar2": 0.000414612441091, "max": 0.125379502773, "median": 0.00404028594494, "var": 0.000184900447493}, "spectral_energyband_middle_low": {"mean": 0.0170246120542, "dvar": 0.000191296086996, "min": 2.71979196742e-22, "dmean": 0.00740944920108, "dmean2": 0.0122411679476, "dvar2": 0.000526206276845, "max": 0.120713159442, "median": 0.0135691966861, "var": 0.000241517103859}, "mfcc": {"icov": [[0.000195477419766, 0.000126454615383, 0.000171206804225, -7.4641109677e-05, 3.22637279169e-05, -0.000107631778519, 2.80518197542e-05, 4.94821506436e-06, -0.000109062522824, 2.04903085432e-06, 0.000101235324109, 0.000105734798126, 0.000114091773867], [0.000126454615383, 0.0010105437832, -2.2247164452e-05, -0.000734696048312, 0.000400612421799, 1.15361672215e-05, -0.000108070918941, 0.00017817709886, -6.51679220027e-05, -0.000241606947384, -0.000379887584131, 0.000432211905718, 0.000545250833966], [0.000171206804225, -2.2247164452e-05, 0.00166452536359, 3.52975439455e-05, -0.000606622314081, -0.000758569396567, 0.0014188492205, -0.000550857163034, -0.000240139605012, 0.000383264501579, -0.000216642583837, -5.85597990721e-05, 0.000364005012671], [-7.4641109677e-05, -0.000734696048312, 3.52975439455e-05, 0.00371946603991, -0.00138157664333, 0.000773401814513, -0.000141148237162, 0.000464819517219, -0.000942538667005, 0.000863549066707, 0.000211618171306, -0.00109380669892, -0.000200231108465], [3.22637279169e-05, 0.000400612421799, -0.000606622314081, -0.00138157664333, 0.00576966116205, -0.000501532107592, -0.000504934228957, -0.000114419548481, -0.000298181519611, 0.000243543370743, 0.000960753823165, -0.000188655132661, -0.00118174881209], [-0.000107631778519, 1.15361672215e-05, -0.000758569396567, 0.000773401814513, -0.000501532107592, 0.00476396596059, -0.00147515721619, 0.000394738715841, 0.000304319575662, 0.00105091370642, -0.00165445706807, 0.00131777988281, -0.000279175757896], [2.80518197542e-05, -0.000108070918941, 0.0014188492205, -0.000141148237162, -0.000504934228957, -0.00147515721619, 0.00554676167667, -0.00164217047859, 0.000782212766353, -0.00220129080117, 0.00172720244154, -0.000790258229245, 2.75471084024e-05], [4.94821506436e-06, 0.00017817709886, -0.000550857163034, 0.000464819517219, -0.000114419548481, 0.000394738715841, -0.00164217047859, 0.00894195027649, -0.00286169652827, 0.000735179288313, -0.000904137908947, 0.000919588259421, -0.00060099340044], [-0.000109062522824, -6.51679220027e-05, -0.000240139605012, -0.000942538667005, -0.000298181519611, 0.000304319575662, 0.000782212766353, -0.00286169652827, 0.00809585209936, -0.00246994756162, 0.000394498201786, -0.000319025159115, -1.81784398592e-05], [2.04903085432e-06, -0.000241606947384, 0.000383264501579, 0.000863549066707, 0.000243543370743, 0.00105091370642, -0.00220129080117, 0.000735179288313, -0.00246994756162, 0.00910874921829, -0.00283656222746, 0.00128221069463, -0.000340557831805], [0.000101235324109, -0.000379887584131, -0.000216642583837, 0.000211618171306, 0.000960753823165, -0.00165445706807, 0.00172720244154, -0.000904137908947, 0.000394498201786, -0.00283656222746, 0.00944486260414, -0.00383524154313, -0.000534360180609], [0.000105734798126, 0.000432211905718, -5.85597990721e-05, -0.00109380669892, -0.000188655132661, 0.00131777988281, -0.000790258229245, 0.000919588259421, -0.000319025159115, 0.00128221069463, -0.00383524154313, 0.011345660314, -0.00282553676516], [0.000114091773867, 0.000545250833966, 0.000364005012671, -0.000200231108465, -0.00118174881209, -0.000279175757896, 2.75471084024e-05, -0.00060099340044, -1.81784398592e-05, -0.000340557831805, -0.000534360180609, -0.00282553676516, 0.0106897288933]], "mean": [-688.218139648, 163.161193848, -4.69008350372, 23.6460418701, 2.27067947388, -9.62708187103, 3.6368765831, -7.53773736954, -5.61565494537, 7.19715881348, -2.87203836441, -1.45729422569, -1.86365246773], "cov": [[6648.94873047, -847.769714355, -930.867492676, -61.8805885315, -44.999332428, 34.1311759949, 248.181884766, 0.367497950792, 39.0901832581, 41.8156204224, -194.811477661, -106.962013245, -38.4978599548], [-847.769714355, 1369.05847168, 81.4679718018, 228.723510742, -57.8473472595, -45.6057891846, -17.2971630096, -26.27293396, 29.9262657166, 42.8699607849, 60.2052650452, -17.2125148773, -68.4151992798], [-930.867492676, 81.4679718018, 1076.6015625, 13.5450000763, 91.9763565063, 108.917114258, -288.753265381, 29.725440979, 24.5864105225, -103.472114563, 76.0527420044, 14.1686601639, -10.9068222046], [-61.8805885315, 228.723510742, 13.5450000763, 388.130310059, 80.6020431519, -68.2361602783, -9.28028869629, -9.76208877563, 44.6478462219, -23.1587543488, -8.60618686676, 42.8758811951, 12.6473913193], [-44.999332428, -57.8473472595, 91.9763565063, 80.6020431519, 220.338516235, 18.453168869, 2.10381531715, 10.606092453, 16.2381477356, -24.3391647339, -20.136756897, 15.4393625259, 29.566488266], [34.1311759949, -45.6057891846, 108.917114258, -68.2361602783, 18.453168869, 271.543273926, 27.9795227051, 3.88381052017, -23.5280704498, -18.8384132385, 28.9481639862, -22.67710495, 1.06572461128], [248.181884766, -17.2971630096, -288.753265381, -9.28028869629, 2.10381531715, 27.9795227051, 307.778656006, 28.3633384705, -4.42344474792, 68.8963165283, -40.4975585938, -7.78196525574, 7.7630238533], [0.367497950792, -26.27293396, 29.725440979, -9.76208877563, 10.606092453, 3.88381052017, 28.3633384705, 136.05241394, 47.7492103577, 10.2024059296, 7.04377651215, -4.40823936462, 8.58418273926], [39.0901832581, 29.9262657166, 24.5864105225, 44.6478462219, 16.2381477356, -23.5280704498, -4.42344474792, 47.7492103577, 160.497817993, 38.0637588501, 7.32156085968, 5.75903654099, 5.30585098267], [41.8156204224, 42.8699607849, -103.472114563, -23.1587543488, -24.3391647339, -18.8384132385, 68.8963165283, 10.2024059296, 38.0637588501, 156.779281616, 30.8186321259, -4.49695825577, 3.08141756058], [-194.811477661, 60.2052650452, 76.0527420044, -8.60618686676, -20.136756897, 28.9481639862, -40.4975585938, 7.04377651215, 7.32156085968, 30.8186321259, 155.815185547, 45.3919944763, 16.0690040588], [-106.962013245, -17.2125148773, 14.1686601639, 42.8758811951, 15.4393625259, -22.67710495, -7.78196525574, -4.40823936462, 5.75903654099, -4.49695825577, 45.3919944763, 122.091255188, 37.6340751648], [-38.4978599548, -68.4151992798, -10.9068222046, 12.6473913193, 29.566488266, 1.06572461128, 7.7630238533, 8.58418273926, 5.30585098267, 3.08141756058, 16.0690040588, 37.6340751648, 112.673583984]]}, "silence_rate_20dB": {"mean": 1, "dvar": 0, "min": 1, "dmean": 0, "dmean2": 0, "dvar2": 0, "max": 1, "median": 1, "var": 0}, "dynamic_complexity": 2.83249521255, "silence_rate_60dB": {"mean": 0.0659143403172, "dvar": 0.0198548696935, "min": 0, "dmean": 0.0202642045915, "dmean2": 0.040533605963, "dvar2": 0.0424866378307, "max": 1, "median": 0, "var": 0.0615611858666}, "dissonance": {"mean": 0.427347570658, "dvar": 0.000815290259197, "min": 0.126802012324, "dmean": 0.0301654990762, "dmean2": 0.0490402206779, "dvar2": 0.00196771346964, "max": 0.499999910593, "median": 0.437617957592, "var": 0.00239394023083}, "barkbands": {"mean": [6.79548611515e-05, 0.00455063395202, 0.00252297543921, 0.00288071809337, 0.00345892691985, 0.00383593677543, 0.0029954360798, 0.00131043966394, 0.00195927335881, 0.00181150855497, 0.000590830983128, 0.000719983188901, 0.000487924000481, 0.000572602672037, 0.000576925755013, 0.000342487037415, 0.000199632486328, 0.000223323062528, 0.000258863379713, 0.00016652517661, 5.91693678871e-05, 1.61723655765e-05, 1.48407116285e-05, 2.19987832679e-05, 1.40223010021e-05, 8.16831561679e-06, 3.76872799279e-06], "dvar": [7.38743421991e-09, 0.000149405852426, 1.04107793959e-05, 4.1172865167e-05, 4.32141860074e-05, 9.31508657231e-06, 7.74505951995e-06, 1.60214256084e-06, 3.78169283977e-06, 4.89015246785e-06, 2.29980037147e-06, 1.23845666167e-06, 7.35548667308e-07, 7.73711690272e-07, 4.95843551107e-07, 4.40594533302e-07, 1.29158095774e-07, 5.88895758824e-08, 1.02058677953e-07, 2.28546799264e-08, 7.89726506412e-09, 7.13537950947e-10, 9.41884792383e-10, 5.68227997988e-09, 6.98539448507e-10, 1.31475691445e-10, 6.38645455964e-11], "min": [8.84186068147e-24, 6.41755977439e-24, 1.06720511137e-23, 2.78560058218e-24, 1.22101168865e-23, 4.7335365115e-23, 6.47412622889e-24, 5.06898414977e-23, 8.15690758805e-23, 6.89451430735e-23, 3.87122161195e-23, 1.22452783103e-22, 5.77955155678e-23, 7.51217346348e-23, 1.02916996195e-22, 1.70278276965e-22, 8.99637865351e-23, 2.1326131345e-22, 3.07812136822e-22, 3.01582432834e-22, 5.17211843612e-22, 5.51918340806e-22, 5.64413948032e-22, 7.73978621415e-22, 1.19536756873e-21, 1.43005866102e-21, 2.25088971321e-21], "dmean": [4.98170375067e-05, 0.00479697063565, 0.00178010121454, 0.0024026602041, 0.00253851083107, 0.00183379347436, 0.00154068600386, 0.000601364125032, 0.000941812235396, 0.000873451994266, 0.000375107978471, 0.000358783407137, 0.00027711657458, 0.000311939627863, 0.000291340227704, 0.000217476292164, 0.00011422552052, 0.000113666297693, 0.000129595428007, 7.6334203186e-05, 3.93923473894e-05, 1.05585568235e-05, 8.96253732208e-06, 1.42808275996e-05, 8.61749231262e-06, 5.93103141e-06, 3.62376044905e-06], "dmean2": [7.47126614442e-05, 0.00792713835835, 0.00308219483122, 0.00413850322366, 0.00440551200882, 0.00288156699389, 0.00240041408688, 0.000927135988604, 0.00142885418609, 0.00133824674413, 0.000563253473956, 0.0005337917828, 0.000431225984357, 0.000467278092401, 0.000440338568296, 0.000333581090672, 0.000172296349774, 0.000171551539097, 0.000194740496227, 0.000114791379019, 6.22692750767e-05, 1.65731453308e-05, 1.34859965328e-05, 2.11949209188e-05, 1.23210556922e-05, 8.55767575558e-06, 5.4318520597e-06], "dvar2": [1.59613655626e-08, 0.000361208833056, 2.88613337034e-05, 0.000112456094939, 0.000121242715977, 2.2574689865e-05, 1.93620471691e-05, 3.73913326257e-06, 8.7851904027e-06, 1.14792010208e-05, 5.24255210621e-06, 2.65642938757e-06, 1.72653255959e-06, 1.71401063653e-06, 1.0028587667e-06, 1.04742696294e-06, 2.81104121314e-07, 1.31082785515e-07, 2.43215566798e-07, 4.89687153049e-08, 1.943676331e-08, 1.63440894152e-09, 2.13920481329e-09, 1.3134947352e-08, 1.66772662347e-09, 2.72748629238e-10, 1.46638895471e-10], "max": [0.00116203783546, 0.103573992848, 0.0313131287694, 0.0558035708964, 0.0889777243137, 0.0408324860036, 0.0509672500193, 0.0260881073773, 0.0391461662948, 0.0408341698349, 0.0440335124731, 0.0385299436748, 0.0214459784329, 0.0246896371245, 0.0176765248179, 0.0196409448981, 0.00965933222324, 0.00643319496885, 0.00748784514144, 0.00352482381277, 0.00297113484703, 0.000786815653555, 0.00121333159041, 0.00431621447206, 0.00116292224266, 0.000154974026373, 0.000136484843097], "median": [1.71199717443e-05, 0.000863004184794, 0.00128501653671, 0.0011697296286, 0.00159662705846, 0.00209212535992, 0.00145226973109, 0.000375092960894, 0.000563929788768, 0.000306796981022, 7.14670677553e-05, 0.000121037097415, 8.5316831246e-05, 9.79119649855e-05, 0.000113529044029, 6.05198802077e-05, 4.30675499956e-05, 6.09246817476e-05, 6.74298062222e-05, 4.52451422461e-05, 1.93611340364e-05, 5.67668348594e-06, 4.65419452667e-06, 6.20230093773e-06, 4.40235817223e-06, 1.38801760841e-06, 1.98740622182e-07], "var": [1.32443549461e-08, 0.000132453686092, 1.18001444207e-05, 3.33964235324e-05, 3.70482921426e-05, 2.27653872571e-05, 1.9977123884e-05, 6.69752444082e-06, 9.85827500699e-06, 1.45397925735e-05, 5.27600604983e-06, 3.66569543075e-06, 1.67147675256e-06, 2.07122093343e-06, 1.71183012299e-06, 8.86812131284e-07, 3.59578876896e-07, 1.86849334227e-07, 2.46327317655e-07, 7.88746632452e-08, 1.31822295302e-08, 1.0016097951e-09, 1.30506749851e-09, 8.04010635846e-09, 1.08530751053e-09, 2.3208295008e-10, 7.32500587963e-11]}, "spectral_complexity": {"mean": 13.8475246429, "dvar": 8.9393157959, "min": 0, "dmean": 2.61074781418, "dmean2": 3.99179077148, "dvar2": 18.8053359985, "max": 44, "median": 13, "var": 49.1629905701}, "spectral_energyband_high": {"mean": 0.000237618369283, "dvar": 3.9437512811e-08, "min": 7.46753615412e-21, "dmean": 0.000111255714728, "dmean2": 0.000164111683262, "dvar2": 8.59455298041e-08, "max": 0.00502004334703, "median": 0.000121314456919, "var": 1.05126218841e-07}, "hfc": {"mean": 16.6110095978, "dvar": 37.448474884, "min": 1.136809933e-16, "dmean": 4.61370277405, "dmean2": 6.98310089111, "dvar2": 86.7388000488, "max": 114.775665283, "median": 13.7263374329, "var": 179.767868042}, "melbands_kurtosis": {"mean": 10.1388950348, "dvar": 133.871963501, "min": -1.73843050003, "dmean": 6.22167301178, "dmean2": 9.86078071594, "dvar2": 321.760284424, "max": 287.957641602, "median": 6.04110145569, "var": 214.599197388}, "spectral_strongpeak": {"mean": 1.33761131763, "dvar": 0.702445805073, "min": 0, "dmean": 0.60670620203, "dmean2": 1.00118923187, "dvar2": 1.59013640881, "max": 10.443274498, "median": 0.908002436161, "var": 1.65004599094}, "silence_rate_30dB": {"mean": 0.999871790409, "dvar": 0.000256444414845, "min": 0, "dmean": 0.000256508908933, "dmean2": 0.000513083650731, "dvar2": 0.000769367441535, "max": 1, "median": 1, "var": 0.000128221159684}, "melbands_spread": {"mean": 15.4077215195, "dvar": 58.8742980957, "min": 0.541652560234, "dmean": 4.74333906174, "dmean2": 7.23054981232, "dvar2": 129.488601685, "max": 251.354446411, "median": 12.2610235214, "var": 155.465911865}, "melbands_crest": {"mean": 13.9059829712, "dvar": 9.56424427032, "min": 1.58861398697, "dmean": 3.2555077076, "dmean2": 5.28173112869, "dvar2": 23.9696292877, "max": 35.2403297424, "median": 13.0880413055, "var": 24.9958019257}, "average_loudness": 0.908323407173, "spectral_flux": {"mean": 0.0865930914879, "dvar": 0.00176644371822, "min": 1.0308023185e-10, "dmean": 0.036552041769, "dmean2": 0.0572946257889, "dvar2": 0.00389449880458, "max": 0.318645864725, "median": 0.0718076378107, "var": 0.00353424856439}, "spectral_rolloff": {"mean": 946.729675293, "dvar": 480430.84375, "min": 43.06640625, "dmean": 272.734954834, "dmean2": 460.40737915, "dvar2": 1063105.375, "max": 18841.5527344, "median": 689.0625, "var": 768790.1875}, "melbands": {"mean": [0.00106627959758, 0.00162131350953, 0.00132938241586, 0.000789702287875, 0.000650053436402, 0.000725038116798, 0.000690620800015, 0.0003146106028, 0.000258992775343, 0.000279966072412, 0.000268783129286, 0.000222660542931, 8.02710856078e-05, 8.41877845232e-05, 6.4985746576e-05, 4.978661309e-05, 5.10514291818e-05, 4.96947577631e-05, 4.1773502744e-05, 2.38339998759e-05, 1.99446967599e-05, 1.15679267765e-05, 1.02254780359e-05, 9.95207028609e-06, 1.34870970214e-05, 8.35857008497e-06, 5.30176839675e-06, 5.85201360082e-06, 3.60660033039e-06, 1.04063281015e-06, 4.53838083558e-07, 3.27057961158e-07, 2.98667174548e-07, 2.4056518555e-07, 2.3777927538e-07, 2.46974877882e-07, 2.77153446859e-07, 2.74258553645e-07, 2.00054145694e-07, 1.49708299091e-07], "dvar": [9.19868125493e-06, 7.4162689998e-06, 7.78594221629e-06, 3.23048902828e-06, 3.1571295267e-07, 3.77344633762e-07, 3.55373487082e-07, 8.01109294457e-08, 9.24806826674e-08, 7.53951852062e-08, 1.04360992736e-07, 9.42834859075e-08, 3.50205304755e-08, 2.05788612817e-08, 1.08427071766e-08, 7.20372828056e-09, 5.54844481471e-09, 5.43051870139e-09, 2.90736656972e-09, 3.10616821153e-09, 1.22201926356e-09, 6.05639705054e-10, 2.66373145763e-10, 1.32198238467e-10, 2.56449028679e-10, 1.84563003769e-10, 3.23639517963e-11, 3.79698945896e-11, 1.68698926356e-11, 5.5354900351e-12, 6.38623810952e-13, 3.48315641737e-13, 2.64752250071e-13, 2.7397694031e-13, 2.50998738937e-13, 7.11338702785e-13, 1.97817652016e-12, 1.09518633312e-12, 3.87339655792e-13, 2.02008711408e-13], "min": [3.74411529419e-24, 4.80807211301e-24, 2.34090568763e-24, 2.81407708035e-24, 5.01379047101e-24, 9.8887335341e-24, 3.40296963471e-24, 8.28597643397e-24, 1.02059171492e-23, 1.16427641791e-23, 7.19030385688e-24, 9.29499027404e-24, 7.67881780535e-24, 1.11475180917e-23, 1.27976470781e-23, 7.4153264301e-24, 4.53041358476e-24, 1.20179338039e-23, 5.4674837047e-24, 1.19146624451e-23, 1.05732841507e-23, 5.16878743939e-24, 8.3793886092e-24, 8.28079125124e-24, 1.08147150307e-23, 9.66414483438e-24, 1.44425443389e-23, 7.19746198074e-24, 7.12929729878e-24, 9.54504734808e-24, 8.700713744e-24, 8.58793424469e-24, 1.07028916308e-23, 1.03911976988e-23, 8.61228559197e-24, 8.38974083086e-24, 8.00464102504e-24, 9.67330350949e-24, 1.28265832849e-23, 1.08422123553e-23], "dmean": [0.00115963630378, 0.00129626144189, 0.00106869684532, 0.000642776547465, 0.000310890231049, 0.000352364586433, 0.000343293650076, 0.00014669180382, 0.000123628196889, 0.000132749832119, 0.000133128720336, 0.000100837525679, 4.58462127426e-05, 4.19342686655e-05, 3.59941259376e-05, 2.7718997444e-05, 2.73738896794e-05, 2.65786511591e-05, 2.1872432626e-05, 1.63624881679e-05, 1.13468067866e-05, 7.01829594618e-06, 5.45730472368e-06, 5.20759567735e-06, 6.84575525156e-06, 4.34143521488e-06, 2.4563541956e-06, 2.81435177385e-06, 1.99470719053e-06, 7.28217685264e-07, 3.29757739337e-07, 2.33335143207e-07, 1.97711230498e-07, 1.60603818244e-07, 1.50842055291e-07, 1.68262843658e-07, 1.9925185768e-07, 1.89620223523e-07, 1.29970686658e-07, 9.824552194e-08], "dmean2": [0.00194121256936, 0.00210848287679, 0.00185866304673, 0.00112713873386, 0.00047778696171, 0.000556490791496, 0.000532198871952, 0.000228478835197, 0.000191655592062, 0.000201786941034, 0.0001985620911, 0.000148316801642, 6.8178444053e-05, 6.2385261117e-05, 5.3043866501e-05, 4.22887824243e-05, 4.07536135754e-05, 3.92679939978e-05, 3.26507215505e-05, 2.53071939369e-05, 1.71235533344e-05, 1.03836209746e-05, 8.25064489618e-06, 7.91033198766e-06, 1.0370678865e-05, 6.44558167551e-06, 3.60458989235e-06, 4.28213115811e-06, 3.02390026263e-06, 1.16151170459e-06, 5.46837839011e-07, 3.75192286128e-07, 3.0754074487e-07, 2.48718635021e-07, 2.28975551408e-07, 2.62702116061e-07, 2.99231487588e-07, 2.93657564043e-07, 1.91222170542e-07, 1.46814031154e-07], "dvar2": [2.2588423235e-05, 1.7892480173e-05, 2.14950832742e-05, 9.06784134713e-06, 7.47480100927e-07, 9.19022568269e-07, 8.78952903349e-07, 1.9432178533e-07, 2.25116991714e-07, 1.74347690063e-07, 2.35670441384e-07, 2.13245058944e-07, 8.16246057411e-08, 4.61363249826e-08, 2.43650539744e-08, 1.68309721715e-08, 1.18150511597e-08, 1.17205525285e-08, 5.8837010819e-09, 7.74875452692e-09, 2.64505795045e-09, 1.20467880116e-09, 6.01749428064e-10, 2.98767593998e-10, 5.99815863644e-10, 4.38738351205e-10, 7.10358508127e-11, 8.19435838628e-11, 3.71162267587e-11, 1.47532264183e-11, 1.6870352771e-12, 8.63353225716e-13, 5.74391662705e-13, 6.37147615484e-13, 5.69068175828e-13, 1.87970233996e-12, 4.49285920967e-12, 2.96709835521e-12, 8.15856117473e-13, 5.45647023658e-13], "max": [0.0220399331301, 0.0288829430938, 0.0224039629102, 0.0217344686389, 0.0113613279536, 0.00917520001531, 0.0111615760252, 0.00711536919698, 0.00590952672064, 0.00496805645525, 0.00608613248914, 0.00612979661673, 0.0061082681641, 0.00581956887618, 0.00313648884185, 0.00201225746423, 0.00199948414229, 0.00282800942659, 0.00121064251289, 0.00204727146775, 0.00100846332498, 0.00074556824984, 0.000453298416687, 0.000315015029628, 0.00035370446858, 0.000404370948672, 0.000188772915863, 0.000160918469192, 9.35866701184e-05, 0.000111070628918, 1.76734174602e-05, 1.47577447933e-05, 2.10508223972e-05, 2.20091278607e-05, 2.02015999093e-05, 3.44003892678e-05, 9.27176588448e-05, 5.44557406101e-05, 4.18504932895e-05, 2.44906896114e-05], "median": [0.000182230578503, 0.00067081785528, 0.000667784595862, 0.000309962197207, 0.000282641965896, 0.000390555127524, 0.000352565461071, 0.000146782273077, 6.93242618581e-05, 8.5681444034e-05, 4.7743327741e-05, 2.76096943708e-05, 1.25490932987e-05, 1.40595102494e-05, 1.5523753973e-05, 1.00912675407e-05, 8.10207438917e-06, 1.00258857856e-05, 9.21519676922e-06, 3.94593826059e-06, 3.25811242874e-06, 2.26598467634e-06, 2.57845795204e-06, 2.76993182524e-06, 2.77971662399e-06, 2.24748418987e-06, 1.77225217612e-06, 1.33443836603e-06, 8.42400140755e-07, 3.79005939521e-07, 1.59726766924e-07, 1.049203604e-07, 9.27404926188e-08, 6.12024564361e-08, 6.8959295163e-08, 7.79395179507e-08, 6.80551579535e-08, 6.14762996065e-08, 5.52716983293e-08, 4.24499511098e-08], "var": [7.91874481365e-06, 7.59135673434e-06, 6.12541589362e-06, 2.57269380199e-06, 8.70054691404e-07, 8.96352332802e-07, 9.4502996717e-07, 2.23932474341e-07, 2.92250547318e-07, 2.06885403031e-07, 3.05113331933e-07, 3.3832870372e-07, 9.50021927792e-08, 5.93929136983e-08, 2.49555149878e-08, 1.49272771921e-08, 1.74725052204e-08, 1.44647076539e-08, 8.63552429564e-09, 4.84021622782e-09, 3.61889829215e-09, 1.61116353592e-09, 7.91205934103e-10, 3.22606247272e-10, 6.54255649657e-10, 3.69628605501e-10, 9.27882770618e-11, 1.15651141441e-10, 4.78430593753e-11, 5.88617999828e-12, 7.61157955241e-13, 4.23534119018e-13, 3.97360042006e-13, 3.69898149654e-13, 3.40461816725e-13, 6.77506282413e-13, 2.27569265515e-12, 1.31094961275e-12, 5.78723375645e-13, 1.99836661433e-13]}, "spectral_energy": {"mean": 0.0296710543334, "dvar": 0.000358393735951, "min": 1.06255340183e-20, "dmean": 0.0124742994085, "dmean2": 0.0200850404799, "dvar2": 0.000902582076378, "max": 0.153682783246, "median": 0.0247843768448, "var": 0.000519886554684}, "spectral_decrease": {"mean": -7.46228945303e-09, "dvar": 2.42691400283e-17, "min": -4.01253004156e-08, "dmean": 3.21922177804e-09, "dmean2": 5.1935451495e-09, "dvar2": 6.11197004822e-17, "max": -8.32835182159e-29, "median": -6.19310025485e-09, "var": 3.39869091497e-17}, "erbbands_spread": {"mean": 25.7712841034, "dvar": 68.8343582153, "min": 0.82336050272, "dmean": 6.41093063354, "dmean2": 9.12731456757, "dvar2": 141.255935669, "max": 148.253265381, "median": 23.0321788788, "var": 258.247741699}, "spectral_contrast_coeffs": {"mean": [-0.624855101109, -0.673517227173, -0.707281291485, -0.744935393333, -0.759545683861, -0.788916349411], "dvar": [0.00227956962772, 0.00218306505121, 0.00164010073058, 0.00122540851589, 0.000861674547195, 0.000376530195354], "min": [-0.962545096874, -0.972063422203, -0.962666988373, -0.962019920349, -0.958731532097, -0.959474265575], "dmean": [0.0520031563938, 0.0511443987489, 0.0441561415792, 0.0368534997106, 0.0300143975765, 0.0201616846025], "dmean2": [0.0837814807892, 0.0813106745481, 0.0664901062846, 0.0548398159444, 0.0438507534564, 0.0314217098057], "dvar2": [0.00545153347775, 0.00494449213147, 0.00336934137158, 0.00236280239187, 0.00164919428062, 0.000859190069605], "max": [-0.300280511379, -0.343949198723, -0.376212865114, -0.475600510836, -0.543762862682, -0.639311492443], "median": [-0.626570880413, -0.676286518574, -0.719920158386, -0.758162736893, -0.765861392021, -0.791652619839], "var": [0.00700190942734, 0.00662004947662, 0.00981105212122, 0.00802279263735, 0.00540816737339, 0.00141401798464]}, "spectral_energyband_middle_high": {"mean": 0.00555400410667, "dvar": 1.02526328192e-05, "min": 1.82163204876e-21, "dmean": 0.00178027432412, "dmean2": 0.00259463535622, "dvar2": 2.14506999328e-05, "max": 0.0654114708304, "median": 0.00260895630345, "var": 5.81793065066e-05}, "erbbands_crest": {"mean": 12.349864006, "dvar": 9.01933670044, "min": 2.88086009026, "dmean": 2.95055365562, "dmean2": 4.63019800186, "dvar2": 21.0117988586, "max": 32.5802764893, "median": 11.2174215317, "var": 29.8381938934}, "barkbands_crest": {"mean": 10.5358695984, "dvar": 8.74789237976, "min": 3.1986913681, "dmean": 2.78523015976, "dmean2": 4.54710197449, "dvar2": 22.7757263184, "max": 25.8961639404, "median": 9.44261741638, "var": 19.4097499847}, "pitch_salience": {"mean": 0.541543006897, "dvar": 0.00603369995952, "min": 0.0943776294589, "dmean": 0.0767079889774, "dmean2": 0.123492851853, "dvar2": 0.0148961925879, "max": 0.869801402092, "median": 0.544576585293, "var": 0.0147147038952}, "melbands_skewness": {"mean": 1.9495100975, "dvar": 0.769393920898, "min": -2.68253350258, "dmean": 0.744546115398, "dmean2": 1.1124548912, "dvar2": 1.68673419952, "max": 12.7235832214, "median": 1.76708173752, "var": 2.18617558479}, "spectral_spread": {"mean": 3486679, "dvar": 865830567936, "min": 397830.28125, "dmean": 569443.3125, "dmean2": 760605.6875, "dvar2": 1255016890370.0, "max": 51165028, "median": 3215735, "var": 2725189517310.0}, "spectral_entropy": {"mean": 6.87902927399, "dvar": 0.0674086213112, "min": 4.4425740242, "dmean": 0.241928324103, "dmean2": 0.338370501995, "dvar2": 0.130750000477, "max": 9.77997779846, "median": 6.95331192017, "var": 0.315154612064}, "erbbands_flatness_db": {"mean": 0.207340970635, "dvar": 0.000670955399983, "min": 0.0366623736918, "dmean": 0.0246838890016, "dmean2": 0.0319451764226, "dvar2": 0.00113602017518, "max": 0.440372765064, "median": 0.201244622469, "var": 0.00367525173351}, "spectral_kurtosis": {"mean": 10.987780571, "dvar": 68.1047592163, "min": -1.31654524803, "dmean": 4.41730451584, "dmean2": 7.04949331284, "dvar2": 136.00340271, "max": 230.549102783, "median": 7.65029525757, "var": 211.307891846}, "erbbands_skewness": {"mean": 0.86291718483, "dvar": 0.226738110185, "min": -3.53185844421, "dmean": 0.430667132139, "dmean2": 0.644494473934, "dvar2": 0.49729052186, "max": 6.13983058929, "median": 0.792735695839, "var": 0.875987350941}, "erbbands_kurtosis": {"mean": 2.47927522659, "dvar": 10.2278375626, "min": -1.86462259293, "dmean": 1.70948839188, "dmean2": 2.55976915359, "dvar2": 22.2554016113, "max": 84.3989181519, "median": 0.861767053604, "var": 25.3954811096}, "barkbands_spread": {"mean": 12.6717071533, "dvar": 28.7151355743, "min": 0.572569012642, "dmean": 3.73167061806, "dmean2": 5.76363134384, "dvar2": 66.8457565308, "max": 107.022392273, "median": 10.7648906708, "var": 75.5692520142}, "zerocrossingrate": {"mean": 0.0395809002221, "dvar": 0.000124643978779, "min": 0.00439453125, "dmean": 0.00709607871249, "dmean2": 0.00842385366559, "dvar2": 0.000159335599164, "max": 0.4921875, "median": 0.0361328125, "var": 0.000539646774996}, "spectral_centroid": {"mean": 926.345581055, "dvar": 65540.5390625, "min": 182.932632446, "dmean": 178.678207397, "dmean2": 259.175689697, "dvar2": 120588.375, "max": 11015.0546875, "median": 779.842529297, "var": 273033.78125}, "barkbands_skewness": {"mean": 1.48630845547, "dvar": 0.528393030167, "min": -3.13729262352, "dmean": 0.617233037949, "dmean2": 0.92905908823, "dvar2": 1.15737557411, "max": 15.976474762, "median": 1.41824424267, "var": 1.47174632549}, "melbands_flatness_db": {"mean": 0.264115422964, "dvar": 0.00118501053657, "min": 0.00545067060739, "dmean": 0.0326231271029, "dmean2": 0.0480523593724, "dvar2": 0.00263302074745, "max": 0.654535412788, "median": 0.250106483698, "var": 0.00582535611466}, "spectral_contrast_valleys": {"mean": [-7.44134616852, -6.74487686157, -7.73303508759, -8.28822612762, -8.38629341125, -11.2202415466], "dvar": [0.214196890593, 0.217244923115, 0.217361524701, 0.24485231936, 0.233006954193, 0.220356747508], "min": [-27.1733417511, -26.8338851929, -27.5634746552, -27.3560180664, -27.4013023376, -27.2397155762], "dmean": [0.452218979597, 0.412552028894, 0.421969801188, 0.421668976545, 0.402943104506, 0.401093512774], "dmean2": [0.714684247971, 0.649388611317, 0.636517763138, 0.620732665062, 0.579115569592, 0.50700956583], "dvar2": [0.399815946817, 0.410756587982, 0.39779317379, 0.431047022343, 0.406867325306, 0.343568474054], "max": [-5.33761501312, -4.59960794449, -5.37190580368, -5.95551013947, -6.13909292221, -8.41362190247], "median": [-7.2550239563, -6.62622022629, -7.62376260757, -8.18721389771, -8.22905063629, -11.079076767], "var": [0.94143050909, 0.871073126793, 0.987111449242, 1.06875896454, 1.11371266842, 1.31284618378]}, "barkbands_flatness_db": {"mean": 0.18375185132, "dvar": 0.000823362090159, "min": 0.0276483558118, "dmean": 0.0283175874501, "dmean2": 0.0412890538573,