{"tonal": {"hpcp": {"dvar": [0.0224801842123, 0.0273781940341, 0.024992454797, 0.0212644319981, 0.0224168263376, 0.0224000867456, 0.0295591652393, 0.02911872603, 0.0328835360706, 0.0318333208561, 0.0239627435803, 0.0169872529805, 0.0159171670675, 0.0183528475463, 0.0249061174691, 0.0340291522443, 0.0367278382182, 0.0306557901204, 0.0244422703981, 0.0228462256491, 0.0252198129892, 0.0187622494996, 0.00911508314312, 0.00933790206909, 0.00974024552852, 0.00873264111578, 0.0324822477996, 0.0210911091417, 0.0422727651894, 0.0440340973437, 0.0414682626724, 0.044615842402, 0.0350282713771, 0.0166626907885, 0.017505954951, 0.0261479355395], "var": [0.0801730826497, 0.0480949059129, 0.0237378496677, 0.0160776171833, 0.0185091532767, 0.0308128390461, 0.0629303380847, 0.0503180921078, 0.0452140681446, 0.0650820359588, 0.0325328074396, 0.0145790362731, 0.0112928077579, 0.0133348451927, 0.0371643714607, 0.111958041787, 0.0718742087483, 0.0273245088756, 0.0179893877357, 0.0172067582607, 0.0206426661462, 0.0298962052912, 0.0137690156698, 0.00649641174823, 0.00643492676318, 0.00594425853342, 0.0243235919625, 0.0468943230808, 0.0423684343696, 0.075391985476, 0.15639424324, 0.0766406133771, 0.0302499700338, 0.0104821324348, 0.0136181320995, 0.0420670136809], "median": [0.0246449075639, 0.0190194509923, 0.00213531870395, 0.000580819905736, 0.000702137826011, 0.00444527575746, 0.00723227672279, 0.00588751770556, 0.00530530605465, 0.00471756514162, 0.00306724198163, 0.00135509495158, 0.0011202362366, 0.00148418731987, 0.0490184873343, 0.136281549931, 0.102720245719, 0.0101396264508, 0.000777667795774, 0.000862940913066, 0.00194338033907, 0.0023971288465, 0.00262628938071, 0.00164033903275, 0.00117117562331, 0.000998831470497, 0.00273833610117, 0.00441973749548, 0.010715262033, 0.30570524931, 0.629721641541, 0.324657440186, 0.00466865766793, 0.000724806566723, 0.00101801124401, 0.00925079546869], "max": [1, 1, 1, 1, 1, 1, 1, 1, 1, 1, 1, 1, 1, 1, 1, 1, 1, 1, 1, 1, 1, 1, 1, 1, 1, 1, 1, 1, 1, 1, 1, 1, 1, 1, 1, 1], "dmean": [0.0694503709674, 0.0749597400427, 0.0528464652598, 0.0451937392354, 0.0477446466684, 0.0552467890084, 0.0687584578991, 0.0784181579947, 0.0882401168346, 0.0766524299979, 0.0642358288169, 0.0429915003479, 0.0372427627444, 0.045416213572, 0.0854299739003, 0.115104906261, 0.124234862626, 0.0818215683103, 0.0553567260504, 0.0514528378844, 0.0583631470799, 0.0477074161172, 0.0327138379216, 0.0251934360713, 0.0226272009313, 0.0242862831801, 0.0555886588991, 0.047405846417, 0.101205728948, 0.17340259254, 0.13235001266, 0.171869054437, 0.0898701250553, 0.0426884144545, 0.0429205261171, 0.0701114460826], "dmean2": [0.116351105273, 0.131215885282, 0.0951703637838, 0.0823981687427, 0.0888010933995, 0.0982802286744, 0.121508166194, 0.136519476771, 0.15527549386, 0.136866226792, 0.113924279809, 0.0776432082057, 0.0696367174387, 0.0843781381845, 0.146883666515, 0.196522563696, 0.215118572116, 0.147245749831, 0.103154063225, 0.0949310585856, 0.107517614961, 0.0855849683285, 0.0564411506057, 0.0460342429578, 0.0416967011988, 0.0446599051356, 0.106125749648, 0.0857158973813, 0.189911365509, 0.301265835762, 0.224918663502, 0.296697020531, 0.163259625435, 0.0803143233061, 0.0791607350111, 0.124407693744], "mean": [0.162052571774, 0.114400811493, 0.0449731834233, 0.0331239365041, 0.0364485159516, 0.065460883081, 0.106784269214, 0.0996041223407, 0.100960105658, 0.116222500801, 0.0738349035382, 0.0342534556985, 0.0276951026171, 0.032444819808, 0.135762780905, 0.298017382622, 0.227812454104, 0.068160481751, 0.0388652421534, 0.0366125479341, 0.0508678928018, 0.0636580139399, 0.0424032472074, 0.020800691098, 0.0169935915619, 0.0165630560368, 0.0442671813071, 0.0752972662449, 0.0897702351213, 0.342245161533, 0.584489047527, 0.343311131001, 0.069080516696, 0.0273349303752, 0.0316349007189, 0.0971837341785], "dvar2": [0.0569235272706, 0.0708791017532, 0.0659767314792, 0.0573773831129, 0.0612343996763, 0.0598975978792, 0.0757650136948, 0.0769800767303, 0.088713504374, 0.0872518792748, 0.0611202456057, 0.0451952591538, 0.0452417470515, 0.0515764281154, 0.0638139173388, 0.0922601595521, 0.100366234779, 0.0897030606866, 0.0737743675709, 0.071188211441, 0.0796773657203, 0.0552551150322, 0.0238987971097, 0.0264559462667, 0.0273024532944, 0.0255419388413, 0.11449239403, 0.0575029551983, 0.141321286559, 0.129404634237, 0.101456142962, 0.130475655198, 0.0985446125269, 0.0492899753153, 0.050771035254, 0.0736107379198], "min": [0, 0, 0, 0, 0, 0, 0, 0, 0, 0, 0, 0, 0, 0, 0, 0, 0, 0, 0, 0, 0, 0, 0, 0, 0, 0, 0, 0, 0, 0, 0, 0, 0, 0, 0, 0]}, "key_key": "G", "thpcp": [1, 0.587369680405, 0.118189580739, 0.0467672236264, 0.0541240274906, 0.166271269321, 0.277255117893, 0.195727899671, 0.0769444406033, 0.0566716119647, 0.062359623611, 0.111996762455, 0.182696789503, 0.170412302017, 0.172732248902, 0.198844611645, 0.126323848963, 0.0586041025817, 0.0473834425211, 0.0555097125471, 0.232276007533, 0.509876787663, 0.38976341486, 0.116615496576, 0.0664943903685, 0.0626402646303, 0.0870296731591, 0.108912244439, 0.0725475475192, 0.0355878211558, 0.0290742684156, 0.0283376667649, 0.0757365450263, 0.128825798631, 0.153587535024, 0.585545897484], "chords_key": "G", "tuning_equal_tempered_deviation": 0.0533791184425, "tuning_frequency": 439.238189697, "tuning_diatonic_strength": 0.657192349434, "chords_histogram": [53.9555015564, 1.94684791565, 9.14709472656, 0, 0.0618046969175, 0, 0, 0, 0, 0, 0, 0, 0, 0, 0, 8.80716896057, 0, 16.718170166, 0, 5.03708267212, 0, 0, 3.58467245102, 0.74165636301], "key_strength": 0.788838267326, "key_scale": "major", "chords_strength": {"dvar": 0.000599349557888, "var": 0.00694754812866, "median": 0.512219905853, "max": 0.718116879463, "dmean": 0.00517648691311, "dmean2": 0.00558940181509, "mean": 0.512474536896, "dvar2": 0.00118529668543, "min": -1}, "chords_number_rate": 0.00216316431761, "tuning_nontempered_energy_ratio": 0.626373112202, "hpcp_entropy": {"dvar": 0.181851282716, "var": 0.480217337608, "median": 1.69443225861, "max": 4.07681083679, "dmean": 0.433316528797, "dmean2": 0.73291260004, "mean": 1.62638401985, "dvar2": 0.488442152739, "min": 0}, "chords_changes_rate": 0.0373918414116, "chords_scale": "major"}, "rhythm": {"bpm_histogram_first_peak_spread": {"dvar": 0, "var": 0, "median": 0.411764711142, "max": 0.411764711142, "dmean": 0, "dmean2": 0, "mean": 0.411764711142, "dvar2": 0, "min": 0.411764711142}, "bpm_histogram_first_peak_weight": {"dvar": 0, "var": 0, "median": 0.101010099053, "max": 0.101010099053, "dmean": 0, "dmean2": 0, "mean": 0.101010099053, "dvar2": 0, "min": 0.101010099053}, "bpm_histogram_first_peak_bpm": {"dvar": 0, "var": 0, "median": 129, "max": 129, "dmean": 0, "dmean2": 0, "mean": 129, "dvar2": 0, "min": 129}, "bpm": 128.915634155, "bpm_histogram_second_peak_weight": {"dvar": 0, "var": 0, "median": 0.0774410739541, "max": 0.0774410739541, "dmean": 0, "dmean2": 0, "mean": 0.0774410739541, "dvar2": 0, "min": 0.0774410739541}, "beats_loudness": {"dvar": 0.000182975200005, "var": 0.000464975193609, "median": 0.0240726955235, "max": 0.124020881951, "dmean": 0.0142411589622, "dmean2": 0.0233497433364, "mean": 0.0277526676655, "dvar2": 0.000485631171614, "min": 1.02881045905e-08}, "beats_loudness_band_ratio": {"dvar": [0.0276407022029, 0.0259945392609, 0.00644389307126, 0.00455141765997, 0.00122649827972, 0.02087248303], "var": [0.0813811570406, 0.0599332079291, 0.011806640774, 0.00730057153851, 0.000970153894741, 0.0203875880688], "median": [0.642636954784, 0.244067460299, 0.0341899394989, 0.013994326815, 0.003774210345, 0.00201247725636], "max": [0.985490202904, 0.987144291401, 0.646777033806, 0.504794597626, 0.26534190774, 0.980828464031], "dmean": [0.162496328354, 0.170737445354, 0.0539487861097, 0.039536036551, 0.0174951776862, 0.0637420788407], "dmean2": [0.26175737381, 0.284289896488, 0.0949788838625, 0.0700068771839, 0.0320831909776, 0.115331329405], "mean": [0.600358307362, 0.324843049049, 0.0762418583035, 0.0498891584575, 0.0150890126824, 0.0493641868234], "dvar2": [0.0546352788806, 0.0614848211408, 0.0169791951776, 0.0130825843662, 0.00358825363219, 0.0586287155747], "min": [0.00519428821281, 0.00130183016881, 0.000227515571169, 7.41560506867e-05, 3.54172834705e-06, 4.10509574067e-06]}, "bpm_histogram_second_peak_bpm": {"dvar": 0, "var": 0, "median": 148, "max": 148, "dmean": 0, "dmean2": 0, "mean": 148, "dvar2": 0, "min": 148}, "onset_rate": 1.68391942978, "beats_count": 298, "beats_position": [0.545668900013, 1.10294783115, 1.66022670269, 2.21750569344, 2.76317453384, 3.34367346764, 3.92417216301, 4.49306106567, 5.06195020676, 5.61922883987, 6.15328788757, 6.67573690414, 7.19818592072, 7.73224496841, 8.26630401611, 8.80036258698, 9.31120204926, 9.82204055786, 10.3444900513, 10.866938591, 11.4009971619, 11.9350566864, 12.4691152573, 13.0031747818, 13.6417226791, 14.2802715302, 14.8839902878, 15.4760990143, 16.0682086945, 16.5674381256, 17.0666656494, 17.5658950806, 18.0651245117, 18.575963974, 19.0751914978, 19.5860309601, 20.0968704224, 20.5960998535, 21.0953292847, 21.5945568085, 22.0821762085, 22.5930156708, 23.0922451019, 23.5914726257, 24.102312088, 24.589931488, 25.0775508881, 25.5651702881, 26.0527877808, 26.5404071808, 27.0744667053, 27.6085262299, 28.142583847, 28.6185932159, 29.0946025848, 29.5706119537, 30.0234012604, 30.476190567, 30.9405899048, 31.4049873352, 31.869386673, 32.322177887, 32.7865753174, 33.2509727478, 33.7153739929, 34.1797714233, 34.6441726685, 35.0969619751, 35.5613594055, 35.9909286499, 36.4088897705, 36.8268470764, 37.2564163208, 37.6859855652, 38.1155548096, 38.545124054, 38.9746932983, 39.4042625427, 39.8338317871, 40.4143295288, 41.006439209, 41.6101570129, 42.2022666931, 42.7943763733, 43.3980941772, 43.9785919189, 44.5474815369, 45.1279792786, 45.6968688965, 46.1960983276, 46.6953277588, 47.2061653137, 47.7286148071, 48.2510643005, 48.7735137939, 49.2959632874, 49.8184127808, 50.3408622742, 50.8633079529, 51.3741493225, 51.8965988159, 52.5235366821, 53.1504745483, 53.8122444153, 54.4740142822, 55.0777320862, 55.6814498901, 56.2851676941, 56.8772773743, 57.4693870544, 58.0731048584, 58.6652145386, 59.2573242188, 59.8958702087, 60.5344200134, 61.1845779419, 61.8463478088, 62.4848976135, 63.135055542, 63.7852134705, 64.470199585, 65.1551895142, 65.8401794434, 66.5251693726, 67.1288909912, 67.7326049805, 68.3363265991, 68.8355560303, 69.3347854614, 69.8340148926, 70.2287521362, 70.6118774414, 71.0066223145, 71.4013595581, 71.7960968018, 72.1792297363, 72.5623550415, 72.9687042236, 73.3750534058, 73.7697982788, 74.1761474609, 74.5824966431, 75.0004501343, 75.4184112549, 75.8944168091, 76.3704299927, 76.8116073608, 77.252784729, 77.8216781616, 78.4021759033, 78.9942855835, 79.5747833252, 80.1552810669, 80.6893386841, 81.2233963013, 81.7574615479, 82.3031311035, 82.8371887207, 83.3828582764, 83.9169158936, 84.4741897583, 84.9385910034, 85.4029922485, 85.8789978027, 86.3550109863, 86.8194122314, 87.2838058472, 87.7598190308, 88.2242126465, 88.6886138916, 89.1530151367, 89.6174163818, 90.0818099976, 90.5578231812, 91.0222167969, 91.486618042, 91.9510192871, 92.4154205322, 92.8798141479, 93.3442153931, 93.8666687012, 94.3891143799, 94.9231719971, 95.4572296143, 95.9912872314, 96.5021286011, 97.0245819092, 97.5470275879, 98.0694732666, 98.5106582642, 98.9518356323, 99.381401062, 99.8225860596, 100.252151489, 100.681724548, 101.09967804, 101.51763916, 101.947212219, 102.376777649, 102.79473877, 103.201087952, 103.619049072, 104.037002563, 104.443351746, 104.872924805, 105.302490234, 105.755279541, 106.208068848, 106.660858154, 107.067207336, 107.473556519, 107.879905701, 108.286254883, 108.692604065, 109.110565186, 109.540130615, 109.946479797, 110.352828979, 110.759178162, 111.165527344, 111.606712341, 112.047889709, 112.500679016, 112.965080261, 113.429473877, 113.893875122, 114.358276367, 114.822669983, 115.298683167, 115.774688721, 116.297142029, 116.819587708, 117.423309326, 118.027030945, 118.630744934, 119.246078491, 119.873016357, 120.488342285, 121.103668213, 121.71900177, 122.369155884, 123.019317627, 123.646255493, 124.261581421, 124.853691101, 125.445800781, 126.037910461, 126.64163208, 127.245346069, 127.83745575, 128.42956543, 129.010070801, 129.590560913, 130.171066284, 130.763168335, 131.343673706, 131.924163818, 132.504669189, 133.085174561, 133.642440796, 134.19972229, 134.745391846, 135.233016968, 135.720626831, 136.208251953, 136.695877075, 137.171875, 137.636276245, 138.112289429, 138.495422363, 138.878540039, 139.261672974, 139.644805908, 140.027938843, 140.411056519, 140.805801392, 141.200546265, 141.572067261, 141.943572998, 142.315093994, 142.68661499, 143.058135986, 143.429656982, 143.801177979, 144.195922852, 144.590652466, 144.985397339, 145.380126953, 145.798095703, 146.204437256, 146.599182129, 147.005523682, 147.411880493, 147.818222046, 148.224578857, 148.63092041, 149.037277222, 149.443618774], "danceability": 0.879400014877, "bpm_histogram_second_peak_spread": {"dvar": 0, "var": 0, "median": 0.5, "max": 0.5, "dmean": 0, "dmean2": 0, "mean": 0.5, "dvar2": 0, "min": 0.5}}, "lowlevel": {"spectral_flux": {"dvar": 0.000376521376893, "var": 0.00179716479033, "median": 0.0549114942551, "max": 0.26939111948, "dmean": 0.0177584979683, "dmean2": 0.0293121244758, "mean": 0.0604190938175, "dvar2": 0.00104724173434, "min": 6.63141278001e-11}, "spectral_rolloff": {"dvar": 859366.1875, "var": 8076855.5, "median": 258.3984375, "max": 21856.2011719, "dmean": 216.344177246, "dmean2": 362.804107666, "mean": 963.300354004, "dvar2": 1753032.625, "min": 107.666015625}, "barkbands_flatness_db": {"dvar": 0.00045836053323, "var": 0.0137185882777, "median": 0.237990766764, "max": 0.602000653744, "dmean": 0.0225978624076, "dmean2": 0.0359844267368, "mean": 0.262008219957, "dvar2": 0.00109303591307, "min": 0.0366328023374}, "spectral_centroid": {"dvar": 93285.4140625, "var": 525434.8125, "median": 319.999267578, "max": 11368.84375, "dmean": 113.661331177, "dmean2": 169.844314575, "mean": 560.764099121, "dvar2": 144598.828125, "min": 149.549362183}, "melbands_skewness": {"dvar": 0.628099679947, "var": 3.70382499695, "median": 3.66096019745, "max": 12.5392436981, "dmean": 0.747237980366, "dmean2": 1.19131851196, "mean": 3.80522847176, "dvar2": 1.64834618568, "min": -0.506216406822}, "melbands": {"dvar": [2.11667519068e-08, 2.22288986151e-06, 3.6370718135e-06, 2.27110331252e-06, 5.32229080363e-07, 6.71354385418e-08, 5.42686571237e-08, 3.75844635414e-08, 1.90870238725e-07, 1.5261491626e-08, 5.40702167484e-08, 2.23190159687e-08, 3.34049521378e-09, 5.99993255079e-09, 2.17142281933e-09, 1.74496106453e-09, 4.04472544346e-09, 6.90422441441e-10, 3.36918493105e-10, 1.10109407703e-10, 1.48464712746e-10, 4.78790236624e-11, 8.48379491658e-11, 3.35890759651e-11, 2.77876072846e-11, 1.88605173146e-11, 1.86131023788e-11, 1.36137143225e-11, 1.63050111607e-11, 3.17238596503e-11, 9.27414117724e-11, 4.1154454844e-11, 3.08901584867e-11, 4.30889247893e-11, 4.7085269711e-11, 3.24709634181e-11, 1.15557728317e-11, 8.97944392453e-12, 1.02058144921e-11, 7.01880957868e-12], "var": [6.10943260426e-08, 3.25106498167e-06, 7.58210808272e-06, 9.56609892455e-06, 2.72262445833e-06, 2.54216587336e-07, 2.16782368057e-07, 1.38175124675e-07, 6.58195915548e-07, 4.47726833386e-08, 2.1876097378e-07, 1.83830223932e-07, 1.48306797954e-08, 4.01369284475e-08, 1.42911025236e-08, 6.14538198107e-09, 2.6179588275e-08, 1.78737213918e-09, 9.52382062103e-10, 3.34818228698e-10, 3.85018156246e-10, 9.81397393907e-11, 2.7959079496e-10, 7.53377984997e-11, 5.33875270381e-11, 6.05427236122e-11, 4.87125652315e-11, 2.62144941171e-11, 5.42326530906e-11, 8.39445526979e-11, 1.64443819672e-10, 8.28113133622e-11, 6.12587550131e-11, 9.2366753135e-11, 9.1813383285e-11, 7.58453785887e-11, 3.24738048951e-11, 2.07321208812e-11, 2.0643868559e-11, 1.34751021105e-11], "median": [0.000174161526957, 0.00119458988775, 0.00153583590873, 0.00106590683572, 0.000183166994248, 7.29980165488e-05, 4.79774680571e-05, 1.77969504875e-05, 2.14886204049e-05, 7.60667126087e-06, 1.33034045575e-05, 1.26485620058e-05, 5.52425899514e-06, 4.39315726908e-06, 3.17569038089e-06, 1.62385731528e-06, 2.46624972533e-06, 1.20100310141e-06, 8.4880804252e-07, 6.42703014364e-07, 5.16329976108e-07, 3.86063192082e-07, 3.25419847513e-07, 5.11725886554e-07, 6.27601707492e-07, 1.63470602388e-07, 1.39052687587e-07, 1.24990009454e-07, 1.39590497383e-07, 1.52674900278e-07, 1.04317784633e-07, 7.41097565538e-08, 9.12145452503e-08, 9.59637347364e-08, 5.9587414114e-08, 3.57045806254e-08, 2.30514931587e-08, 2.1078676582e-08, 1.88976567728e-08, 1.2660168025e-08], "max": [0.00313403340988, 0.0163967050612, 0.0257877521217, 0.0349641628563, 0.0193852894008, 0.0070933313109, 0.00557420495898, 0.00428731739521, 0.0175678655505, 0.00351601699367, 0.00731746153906, 0.0075026252307, 0.00303826667368, 0.00277038221247, 0.00157733645756, 0.00169838115107, 0.00213259737939, 0.000790155376308, 0.000860219879542, 0.000309984170599, 0.000697651645169, 0.000323822227074, 0.000395434646634, 0.000177444162546, 0.000252920261119, 0.00017267090152, 0.000190234612091, 0.000177380046807, 0.000225294177653, 0.000172475512954, 0.000484174001031, 0.000230120567721, 0.000197369561647, 0.000189147540368, 0.000192635372514, 0.000162192896823, 0.000108663836727, 7.00174641679e-05, 0.000114681235573, 6.72634050716e-05], "dmean": [8.03123039077e-05, 0.000945185893215, 0.00126348936465, 0.000984854996204, 0.000307650887407, 9.89562468021e-05, 7.79345355113e-05, 5.5807595345e-05, 9.97330716928e-05, 3.20136241498e-05, 5.38499298273e-05, 3.92331348849e-05, 1.43474007928e-05, 2.0758185201e-05, 1.36125190693e-05, 9.70909786702e-06, 1.55771449499e-05, 7.0953847171e-06, 4.70297982247e-06, 2.85555506707e-06, 2.54106089415e-06, 1.64820528425e-06, 2.45131127485e-06, 1.5630322423e-06, 1.20671779769e-06, 9.04868556972e-07, 9.49220293478e-07, 8.92827472398e-07, 9.18717887544e-07, 1.27046985199e-06, 1.49760933255e-06, 1.15193040529e-06, 1.10334474357e-06, 1.36299831865e-06, 1.29743852995e-06, 9.80417667051e-07, 5.92241008235e-07, 5.52404287646e-07, 5.20114895153e-07, 4.11683117818e-07], "dmean2": [0.000135881695314, 0.00163306330796, 0.00215104036033, 0.00161090714391, 0.000457583286334, 0.000145887024701, 0.000112384746899, 8.13865917735e-05, 0.000127789287944, 4.62504831376e-05, 8.02640352049e-05, 5.86678761465e-05, 2.09411191463e-05, 3.12983720505e-05, 2.05399901461e-05, 1.41916943903e-05, 2.39840610448e-05, 1.06531979327e-05, 7.35341382097e-06, 4.80799371871e-06, 4.07397646995e-06, 2.67328050541e-06, 3.86520787288e-06, 2.47616640081e-06, 1.96121618501e-06, 1.30167268253e-06, 1.46449724525e-06, 1.35079460506e-06, 1.36167432174e-06, 1.88551757674e-06, 2.23417646339e-06, 1.7533858454e-06, 1.65635117355e-06, 1.98611496671e-06, 1.95640791389e-06, 1.45871968016e-06, 8.87827241058e-07, 8.14724842257e-07, 7.58598446282e-07, 6.12124892996e-07], "mean": [0.00023627927294, 0.0017381827347, 0.0024825069122, 0.002416331321, 0.000871795404237, 0.000242762762355, 0.00019916970632, 0.000138823146699, 0.00021493222448, 7.66021112213e-05, 0.000144086734508, 0.000107700470835, 3.19496939483e-05, 5.37878950126e-05, 3.56861492037e-05, 2.19986523007e-05, 3.94767484977e-05, 1.3619868696e-05, 9.1033634817e-06, 5.95680876359e-06, 4.83479607283e-06, 3.53780251316e-06, 5.31484693056e-06, 3.21621996591e-06, 2.57491069533e-06, 2.08972051041e-06, 2.08303572435e-06, 1.61135346843e-06, 1.78783284355e-06, 2.38669281316e-06, 2.51520737038e-06, 1.85116823559e-06, 1.87197747437e-06, 2.37440144701e-06, 2.04815296456e-06, 1.5850652062e-06, 9.94919332697e-07, 8.93985713901e-07, 8.16785359348e-07, 6.16809359144e-07], "dvar2": [5.62790241077e-08, 6.81978235662e-06, 1.07990526885e-05, 6.25730490356e-06, 1.1889204643e-06, 1.51169160745e-07, 1.18757583323e-07, 8.52835242426e-08, 3.13067943125e-07, 3.51486306727e-08, 1.27918966086e-07, 4.92950427144e-08, 5.31366683987e-09, 1.28772459362e-08, 4.64703520109e-09, 3.61546281802e-09, 9.37822886016e-09, 1.55840784721e-09, 7.77865882817e-10, 2.82843831689e-10, 2.95798330274e-10, 1.2835242591e-10, 2.17522749812e-10, 7.98642818545e-11, 6.89876419879e-11, 3.5523309988e-11, 4.06699986188e-11, 2.93750926361e-11, 3.23402728208e-11, 6.75801775651e-11, 2.04267519566e-10, 9.31670227078e-11, 6.5823291262e-11, 8.70592695157e-11, 1.02708216931e-10, 7.12360656574e-11, 2.42297119868e-11, 1.82886292915e-11, 2.04719748098e-11, 1.48578909592e-11], "min": [4.5800187362e-24, 2.87588374063e-24, 1.81049237825e-24, 4.01810838025e-24, 1.80802521577e-24, 3.07632422475e-24, 3.82376066333e-24, 2.70117550481e-24, 3.56634075603e-24, 2.29867046919e-24, 5.3989415528e-24, 2.74867242549e-24, 3.84400559517e-24, 2.03055617182e-24, 2.77100507771e-24, 5.61704739359e-24, 5.98733436377e-24, 6.83644688721e-24, 3.73383683102e-24, 3.98404418307e-24, 5.71893666811e-24, 9.82384735806e-24, 8.24080862512e-24, 6.16954427237e-24, 6.12754334562e-24, 8.49395251188e-24, 4.2360414605e-24, 6.85291435861e-24, 4.98866880106e-24, 9.84354837031e-24, 6.54857063808e-24, 6.09421831111e-24, 8.56983146464e-24, 7.04332881505e-24, 5.92105269279e-24, 8.54420295155e-24, 4.43235186335e-24, 7.39383785904e-24, 7.72939325571e-24, 8.18234772116e-24]}, "spectral_decrease": {"dvar": 6.51750411163e-18, "var": 3.31388968206e-17, "median": -6.17529449798e-09, "max": 5.67601902504e-15, "dmean": 2.07986206036e-09, "dmean2": 3.44278494602e-09, "mean": -7.2131802753e-09, "dvar2": 1.8370152775e-17, "min": -4.32356621616e-08}, "barkbands_kurtosis": {"dvar": 789.530456543, "var": 1412.49853516, "median": 16.4286460876, "max": 1971.67236328, "dmean": 8.96417617798, "dmean2": 14.5429811478, "mean": 24.3441390991, "dvar2": 1092.18640137, "min": -1.93764936924}, "silence_rate_30dB": {"dvar": 0.00246668886393, "var": 0.00246631004848, "median": 1, "max": 1, "dmean": 0.00247295200825, "dmean2": 0.00494666863233, "mean": 0.997527420521, "dvar2": 0.00554025173187, "min": 0}, "gfcc": {"mean": [-115.577682495, 139.664093018, -74.6200027466, 24.2159442902, -52.9854698181, 5.21151161194, -29.6196346283, -13.0252046585, -30.1150951385, -16.9399490356, -18.9031047821, -10.174030304, -14.7920389175], "cov": [[27580.1835938, -2467.85058594, -3965.875, 1535.42858887, -2336.60961914, 1291.34313965, -1796.72644043, 948.891479492, -236.683242798, 667.66809082, -782.644348145, 443.392028809, -237.87588501], [-2467.85058594, 2516.51489258, 587.472473145, -462.845367432, 414.600708008, -394.203979492, 373.286712646, -324.048400879, -52.4709777832, -274.316131592, 232.482284546, -105.264915466, 82.313369751], [-3965.875, 587.472473145, 1197.5880127, -173.149673462, 318.865966797, -180.069442749, 232.144180298, -173.813095093, 8.97536277771, -115.432533264, 167.299560547, -60.0596199036, 20.5885620117], [1535.42858887, -462.845367432, -173.149673462, 466.102844238, -91.2117385864, 120.164863586, -120.165168762, 84.657699585, 14.4451713562, 66.9275436401, -66.7711715698, 32.030166626, -6.24186944962], [-2336.60961914, 414.600708008, 318.865966797, -91.2117385864, 396.754760742, -95.7115402222, 175.786453247, -84.8506851196, 28.1118907928, -65.2081604004, 60.8983078003, -61.3940010071, 15.170958519], [1291.34313965, -394.203979492, -180.069442749, 120.164863586, -95.7115402222, 281.173828125, -26.791469574, 109.415115356, 17.2659034729, 103.537864685, -30.8624267578, 28.8075065613, -41.7336082458], [-1796.72644043, 373.286712646, 232.144180298, -120.165168762, 175.786453247, -26.791469574, 346.350616455, -21.5225467682, 15.8076305389, -29.9871902466, 94.7632369995, -35.4366531372, -4.05865240097], [948.891479492, -324.048400879, -173.813095093, 84.657699585, -84.8506851196, 109.415115356, -21.5225467682, 186.911895752, 41.4353752136, 72.8592300415, -0.287100017071, 41.1764411926, -54.7435646057], [-236.683242798, -52.4709777832, 8.97536277771, 14.4451713562, 28.1118907928, 17.2659034729, 15.8076305389, 41.4353752136, 98.4010620117, 50.5447692871, 26.6787796021, -6.93333768845, -30.7427120209], [667.66809082, -274.316131592, -115.432533264, 66.9275436401, -65.2081604004, 103.537864685, -29.9871902466, 72.8592300415, 50.5447692871, 168.809249878, 20.8958950043, 16.188123703, -31.3642463684], [-782.644348145, 232.482284546, 167.299560547, -66.7711715698, 60.8983078003, -30.8624267578, 94.7632369995, -0.287100017071, 26.6787796021, 20.8958950043, 149.102996826, 12.6972236633, -20.4876117706], [443.392028809, -105.264915466, -60.0596199036, 32.030166626, -61.3940010071, 28.8075065613, -35.4366531372, 41.1764411926, -6.93333768845, 16.188123703, 12.6972236633, 84.6318740845, 10.1832141876], [-237.87588501, 82.313369751, 20.5885620117, -6.24186944962, 15.170958519, -41.7336082458, -4.05865240097, -54.7435646057, -30.7427120209, -31.3642463684, -20.4876117706, 10.1832141876, 88.262336731]], "icov": [[0.000329356320435, -0.000500335532706, 0.000451900530607, -0.000519283581525, 0.000962673919275, -0.000679539982229, 0.000890216149855, -0.000687521649525, 0.000826010422315, -0.000558056985028, 0.000700133852661, -0.000198291207198, 0.000614649208728], [-0.000500335532706, 0.00161936914083, -0.000525885785464, 0.00103933783248, -0.00165813404601, 0.00132285663858, -0.00167891557794, 0.00177868141327, -0.00124223635066, 0.00169241731055, -0.00231110746972, 0.000710099935532, -0.00117566622794], [0.000451900530607, -0.000525885785464, 0.00201753550209, -0.000741988420486, 0.000770822225604, -0.000817749649286, 0.000951702415477, 3.42035200447e-05, 0.000945060746744, -5.81223794143e-05, -0.000524377857801, -3.33779426001e-05, 0.000921738916077], [-0.000519283581525, 0.00103933783248, -0.000741988420486, 0.00368988676928, -0.00173514243215, 0.000452727283118, -0.00080323102884, 0.000511168153025, -0.00151234539226, 0.000683641061187, -0.000599637103733, 0.000117683084682, -0.00157895847224], [0.000962673919275, -0.00165813404601, 0.000770822225604, -0.00173514243215, 0.00723146321252, -0.00180254725274, 0.00123427819926, -0.00145442772191, 0.000608724192716, -0.000844116846565, 0.00196927925572, 0.000958440534305, 0.00115634081885], [-0.000679539982229, 0.00132285663858, -0.000817749649286, 0.000452727283118, -0.00180254725274, 0.0075999898836, -0.0029097055085, 9.39812016441e-05, -0.000439046911197, -0.0015808485914, 3.69508961739e-05, -0.000484220654471, 0.000335276592523], [0.000890216149855, -0.00167891557794, 0.000951702415477, -0.00080323102884, 0.00123427819926, -0.0029097055085, 0.00731869507581, -0.00326302088797, 0.00251779379323, -0.00100415421184, -0.000200728842174, 0.00110240420327, 0.000757265836], [-0.000687521649525, 0.00177868141327, 3.42035200447e-05, 0.000511168153025, -0.00145442772191, 9.39812016441e-05, -0.00326302088797, 0.0130846491084, -0.00462823268026, 0.00126308726612, -0.00199840636924, -0.00392880802974, 0.00360259157605], [0.000826010422315, -0.00124223635066, 0.000945060746744, -0.00151234539226, 0.000608724192716, -0.000439046911197, 0.00251779379323, -0.00462823268026, 0.017102310434, -0.00567966978997, 0.000769333739299, 0.00116144132335, 0.00397344725206], [-0.000558056985028, 0.00169241731055, -5.81223794143e-05, 0.000683641061187, -0.000844116846565, -0.0015808485914, -0.00100415421184, 0.00126308726612, -0.00567966978997, 0.0123391393572, -0.00568981328979, 0.00189046398737, -0.00201800023206], [0.000700133852661, -0.00231110746972, -0.000524377857801, -0.000599637103733, 0.00196927925572, 3.69508961739e-05, -0.000200728842174, -0.00199840636924, 0.000769333739299, -0.00568981328979, 0.0155205121264, -0.00617602234706, 0.00511372927576], [-0.000198291207198, 0.000710099935532, -3.33779426001e-05, 0.000117683084682, 0.000958440534305, -0.000484220654471, 0.00110240420327, -0.00392880802974, 0.00116144132335, 0.00189046398737, -0.00617602234706, 0.0183371324092, -0.00643324339762], [0.000614649208728, -0.00117566622794, 0.000921738916077, -0.00157895847224, 0.00115634081885, 0.000335276592523, 0.000757265836, 0.00360259157605, 0.00397344725206, -0.00201800023206, 0.00511372927576, -0.00643324339762, 0.0185813419521]]}, "silence_rate_20dB": {"dvar": 0, "var": 0, "median": 1, "max": 1, "dmean": 0, "dmean2": 0, "mean": 1, "dvar2": 0, "min": 1}, "barkbands_skewness": {"dvar": 0.817349672318, "var": 4.43286800385, "median": 2.80647301674, "max": 14.3420057297, "dmean": 0.686218440533, "dmean2": 1.08259809017, "mean": 2.85025858879, "dvar2": 1.64539837837, "min": -42.6268959045}, "erbbands_skewness": {"dvar": 0.218883007765, "var": 2.64289903641, "median": 1.3186634779, "max": 8.74874305725, "dmean": 0.413598835468, "dmean2": 0.621604382992, "mean": 1.57255542278, "dvar2": 0.449832737446, "min": -5.51469612122}, "spectral_contrast_valleys": {"dvar": [0.118311665952, 0.0867112204432, 0.0676022768021, 0.0583425089717, 0.0651000440121, 0.11869674921], "var": [2.56281113625, 3.93779969215, 4.10944843292, 3.92237520218, 3.98344111443, 3.98450899124], "median": [-7.3512597084, -7.29636383057, -7.91776704788, -8.5684223175, -8.74624824524, -11.2407207489], "max": [-5.68754577637, -4.79360437393, -5.54165077209, -6.00568246841, -6.19089365005, -7.36310625076], "dmean": [0.335331112146, 0.291062712669, 0.255559355021, 0.22847814858, 0.200671821833, 0.234816908836], "dmean2": [0.567150473595, 0.480157345533, 0.428754895926, 0.373041629791, 0.321387529373, 0.329767644405], "mean": [-7.70669269562, -7.81853675842, -8.47004699707, -9.14580345154, -9.34317684174, -11.7608957291], "dvar2": [0.288125574589, 0.193343088031, 0.159318894148, 0.126175522804, 0.143766954541, 0.202366918325], "min": [-28.1921043396, -28.1426830292, -27.7833824158, -27.513343811, -27.3537464142, -27.3314476013]}, "spectral_strongpeak": {"dvar": 0.371470153332, "var": 0.875252187252, "median": 0.493063688278, "max": 7.83434963226, "dmean": 0.33135920763, "dmean2": 0.563910186291, "mean": 0.818784415722, "dvar2": 1.00662779808, "min": 0}, "erbbands_crest": {"dvar": 5.82067489624, "var": 33.2005233765, "median": 11.3847198486, "max": 30.1404476166, "dmean": 2.33220005035, "dmean2": 3.72643995285, "mean": 12.7245407104, "dvar2": 14.5535497665, "min": 2.74424815178}, "barkbands_crest": {"dvar": 4.33467674255, "var": 23.5684909821, "median": 12.3986177444, "max": 26.861333847, "dmean": 2.20326375961, "dmean2": 3.66167163849, "mean": 12.9693365097, "dvar2": 11.9214792252, "min": 2.92845129967}, "spectral_energyband_middle_low": {"dvar": 7.20596290193e-05, "var": 0.000334149575792, "median": 0.0155888115987, "max": 0.161910608411, "dmean": 0.00629925122485, "dmean2": 0.0102284513414, "mean": 0.0195948109031, "dvar2": 0.000192595631233, "min": 2.04880063918e-22}, "spectral_contrast_coeffs": {"dvar": [0.00140256038867, 0.00087391253328, 0.000507433607709, 0.000392209796701, 0.000255112245213, 0.000251230696449], "var": [0.00912834424525, 0.00825787801296, 0.00597932562232, 0.00325125292875, 0.00210818229243, 0.00262946682051], "median": [-0.534316062927, -0.711456894875, -0.77420091629, -0.825261116028, -0.829844772816, -0.784568607807], "max": [-0.228983581066, -0.41363593936, -0.486041545868, -0.577902019024, -0.608424246311, -0.595460236073], "dmean": [0.0432295687497, 0.0343262441456, 0.0280818864703, 0.024181811139, 0.0181445386261, 0.01647500135], "dmean2": [0.072550393641, 0.0559822246432, 0.0461183786392, 0.0400558672845, 0.0294902529567, 0.0255557373166], "mean": [-0.53269380331, -0.699874341488, -0.759362637997, -0.811511814594, -0.820749223232, -0.779313504696], "dvar2": [0.0039899982512, 0.00221666041762, 0.00135470589157, 0.0010380478343, 0.000620869046543, 0.00060057680821], "min": [-0.969658136368, -0.972485363483, -0.969136714935, -0.964768946171, -0.968769729137, -0.962889254093]}, "hfc": {"dvar": 63.8647689819, "var": 348.895507813, "median": 6.66527795792, "max": 144.602523804, "dmean": 3.16598272324, "dmean2": 4.77226352692, "mean": 12.7946243286, "dvar2": 115.278877258, "min": 1.09687001343e-16}, "spectral_energyband_high": {"dvar": 1.11794361146e-06, "var": 3.61588786291e-06, "median": 2.90870993922e-05, "max": 0.0190695263445, "dmean": 0.000220724381506, "dmean2": 0.000311945506837, "mean": 0.000500596419442, "dvar2": 1.92833158508e-06, "min": 7.44617082207e-21}, "erbbands_spread": {"dvar": 102.219558716, "var": 451.51965332, "median": 22.7527770996, "max": 156.495346069, "dmean": 6.04169988632, "dmean2": 9.15232658386, "mean": 27.5746459961, "dvar2": 220.02947998, "min": 0.555224895477}, "dissonance": {"dvar": 0.000603753025644, "var": 0.00521235726774, "median": 0.438042670488, "max": 0.500000059605, "dmean": 0.0255736615509, "dmean2": 0.0426356643438, "mean": 0.414938002825, "dvar2": 0.00160037854221, "min": 0.0765953361988}, "spectral_kurtosis": {"dvar": 183.048538208, "var": 2005.44812012, "median": 8.97091674805, "max": 369.31036377, "dmean": 6.99662446976, "dmean2": 11.8182735443, "mean": 26.0811195374, "dvar2": 538.815246582, "min": -1.24390602112}, "spectral_skewness": {"dvar": 0.338365733624, "var": 6.72321462631, "median": 2.48152160645, "max": 15.1686382294, "dmean": 0.455882668495, "dmean2": 0.740512490273, "mean": 3.32813262939, "dvar2": 0.958423018456, "min": -0.213688835502}, "pitch_salience": {"dvar": 0.00366413313895, "var": 0.0177606586367, "median": 0.478742420673, "max": 0.937481701374, "dmean": 0.0641565322876, "dmean2": 0.106265194714, "mean": 0.467728227377, "dvar2": 0.010758372955, "min": 0.088624112308}, "spectral_complexity": {"dvar": 3.17204642296, "var": 57.4634971619, "median": 8, "max": 41, "dmean": 1.41978359222, "dmean2": 2.31040334702, "mean": 9.80868530273, "dvar2": 7.29169940948, "min": 0}, "spectral_spread": {"dvar": 557900431360, "var": 7967408652290.0, "median": 3415948, "max": 41477416, "dmean": 458866.15625, "dmean2": 687605.625, "mean": 3749582.25, "dvar2": 902614876160, "min": 331361.15625}, "dynamic_complexity": 5.5300617218, "melbands_crest": {"dvar": 6.81308937073, "var": 33.659160614, "median": 18.8875102997, "max": 33.8050575256, "dmean": 2.77789187431, "dmean2": 4.64043045044, "mean": 18.7328929901, "dvar2": 20.3006210327, "min": 1.63868677616}, "zerocrossingrate": {"dvar": 0.000219985100557, "var": 0.00812901277095, "median": 0.0166015625, "max": 0.8818359375, "dmean": 0.00611121347174, "dmean2": 0.00720918690786, "mean": 0.0376837514341, "dvar2": 0.000253999169217, "min": 0.00390625}, "spectral_energyband_low": {"dvar": 4.01436482207e-05, "var": 6.92622561473e-05, "median": 0.00598728796467, "max": 0.0762315392494, "dmean": 0.00425379350781, "dmean2": 0.00738497683778, "mean": 0.0085266828537, "dvar2": 0.000126444676425, "min": 2.90950045646e-23}, "melbands_kurtosis": {"dvar": 291.674285889, "var": 1035.57299805, "median": 27.4784507751, "max": 239.780105591, "dmean": 12.2902412415, "dmean2": 19.9014225006, "mean": 35.9541778564, "dvar2": 789.50378418, "min": -1.43643057346}, "spectral_energyband_middle_high": {"dvar": 2.21994491767e-06, "var": 3.30461843987e-05, "median": 0.000430384359788, "max": 0.0549820587039, "dmean": 0.000561068649404, "dmean2": 0.000828107062262, "mean": 0.00250407820567, "dvar2": 5.01909971717e-06, "min": 1.22986368619e-21}, "barkbands_spread": {"dvar": 53.7741928101, "var": 264.59664917, "median": 3.60324716568, "max": 126.066589355, "dmean": 2.7949025631, "dmean2": 4.21669340134, "mean": 9.31055355072, "dvar2": 89.829864502, "min": 0.0715904310346}, "mfcc": {"mean": [-756.878662109, 161.6353302, 36.3100662231, 25.5304298401, 3.58626580238, 12.539475441, 2.03269386292, 5.02963590622, -6.94596624374, -6.90005350113, -5.37098073959, -10.7841825485, -11.2423019409], "cov": [[17366.3300781, -1295.37841797, -2074.79907227, -416.351013184, -711.626586914, 15.542637825, -724.239257813, -69.282989502, 0.9986307621, 203.364135742, 168.509002686, 218.07862854, 212.975189209], [-1295.37841797, 2184.39941406, 281.417510986, 66.3315811157, 50.033657074, -54.1406021118, 120.49710083, 19.6164798737, -142.792480469, -134.068069458, -25.1611499786, -142.232147217, -104.21900177], [-2074.79907227, 281.417510986, 921.892578125, 133.735702515, 141.607894897, 16.0490512848, 117.871795654, 27.17486763, -47.1479682922, -27.9029750824, -23.0632991791, -19.1778697968, -36.1793174744], [-416.351013184, 66.3315811157, 133.735702515, 240.36239624, 70.9036407471, 28.8407020569, 29.1266994476, 14.2492570877, 12.5711669922, -13.1436920166, -9.46940994263, 25.2545661926, -12.173368454], [-711.626586914, 50.033657074, 141.607894897, 70.9036407471, 224.448394775, 34.2112121582, 8.30786418915, -4.55299568176, -4.69509935379, 10.6256303787, -0.757912874222, -11.0484275818, -19.6308403015], [15.542637825, -54.1406021118, 16.0490512848, 28.8407020569, 34.2112121582, 152.975112915, 48.0866203308, -2.30590486526, 39.7081108093, 18.9926204681, 19.7137451172, 13.9919891357, -14.8904151917], [-724.239257813, 120.49710083, 117.871795654, 29.1266994476, 8.30786418915, 48.0866203308, 179.086547852, 56.7316932678, 27.1896591187, 11.842549324, 30.970872879, 1.72624671459, -8.85432434082], [-69.282989502, 19.6164798737, 27.17486763, 14.2492570877, -4.55299568176, -2.30590486526, 56.7316932678, 131.727737427, 19.7616176605, 10.5631132126, 20.2499542236, 4.07864284515, 16.7676677704], [0.9986307621, -142.792480469, -47.1479682922, 12.5711669922, -4.69509935379, 39.7081108093, 27.1896591187, 19.7616176605, 111.880599976, 23.3637943268, 4.78002548218, 23.9452781677, -4.1196513176], [203.364135742, -134.068069458, -27.9029750824, -13.1436920166, 10.6256303787, 18.9926204681, 11.842549324, 10.5631132126, 23.3637943268, 110.837593079, 68.9752731323, 23.1285381317, 18.3217697144], [168.509002686, -25.1611499786, -23.0632991791, -9.46940994263, -0.757912874222, 19.7137451172, 30.970872879, 20.2499542236, 4.78002548218, 68.9752731323, 137.476455688, 55.4060211182, 25.6147975922], [218.07862854, -142.232147217, -19.1778697968, 25.2545661926, -11.0484275818, 13.9919891357, 1.72624671459, 4.07864284515, 23.9452781677, 23.1285381317, 55.4060211182, 107.49180603, 38.0284156799], [212.975189209, -104.21900177, -36.1793174744, -12.173368454, -19.6308403015, -14.8904151917, -8.85432434082, 16.7676677704, -4.1196513176, 18.3217697144, 25.6147975922, 38.0284156799, 77.6664047241]], "icov": [[0.000108043837827, 9.76562432697e-07, 0.000155309855472, 2.63155266111e-06, 0.000263566005742, -0.000225358046009, 0.000423827092163, -0.000153974135173, 0.000142303630128, -0.000169200488017, -1.54076660692e-05, -0.00012073621474, -5.57048770133e-06], [9.76562432697e-07, 0.000652047689073, -3.8719506847e-05, -0.000181704454008, -2.68280164164e-05, 0.00023004047398, -0.000448965962278, -1.5428135157e-05, 0.000590473820921, 0.000807797536254, -0.000640333164483, 0.000713124871254, 0.000518015236594], [0.000155309855472, -3.8719506847e-05, 0.00169405830093, -0.000459328002762, -0.000348515692167, -0.000123726087622, -0.000450206804089, -0.000267234572675, 0.00105995906051, -0.00029324265779, 0.000454057590105, -0.000489035446662, 0.000348960660631], [2.63155266111e-06, -0.000181704454008, -0.000459328002762, 0.00537424022332, -0.00136298092548, -0.00048269648687, -0.000156446010806, -0.000630600261502, -0.000310495554004, 0.000321156781865, 0.00116321770474, -0.00253160949796, 0.000822306552436], [0.000263566005742, -2.68280164164e-05, -0.000348515692167, -0.00136298092548, 0.00629249215126, -0.00169344246387, 0.00184481928591, -0.000277909130091, 0.000637059099972, -0.0014694306301, -0.000217664346565, 0.000629432615824, 0.000545427144971], [-0.000225358046009, 0.00023004047398, -0.000123726087622, -0.00048269648687, -0.00169344246387, 0.00902878306806, -0.00321822636761, 0.00169113848824, -0.00241343514062, 0.000185567274457, -0.000801697606221, -0.000137154740514, 0.00152412778698], [0.000423827092163, -0.000448965962278, -0.000450206804089, -0.000156446010806, 0.00184481928591, -0.00321822636761, 0.0104211699218, -0.00359840528108, -0.00130771973636, -0.000488408084493, -0.00195229402743, 0.000367987609934, 0.000324858672684], [-0.000153974135173, -1.5428135157e-05, -0.000267234572675, -0.000630600261502, -0.000277909130091, 0.00169113848824, -0.00359840528108, 0.00997491367161, -0.0021270676516, 0.000601988751441, -0.0012306511635, 0.00181713199709, -0.0028702