{"tonal": {"chords_number_rate": 0.000939261110034, "thpcp": [1, 0.520906567574, 0.245241478086, 0.218502148986, 0.228291213512, 0.436799645424, 0.498757123947, 0.249707356095, 0.117760367692, 0.11168178916, 0.142979294062, 0.278055608273, 0.32408875227, 0.26210308075, 0.665770232677, 0.878358483315, 0.631922483444, 0.553654968739, 0.294527441263, 0.0935258045793, 0.3079893291, 0.407893717289, 0.207750156522, 0.0998514071107, 0.154103890061, 0.307191342115, 0.733503818512, 0.884286046028, 0.592347323895, 0.678386569023, 0.623983979225, 0.249583661556, 0.148360103369, 0.151769205928, 0.21789957583, 0.753013014793], "hpcp": {"dvar": [0.0370997004211, 0.0353986956179, 0.0279883034527, 0.0218467228115, 0.0187613666058, 0.023522650823, 0.0308954846114, 0.0324806831777, 0.0370221473277, 0.0360967293382, 0.0351065844297, 0.0309354607016, 0.0238779522479, 0.0233481563628, 0.0195637978613, 0.0167404655367, 0.0159244704992, 0.017128797248, 0.0177668221295, 0.0196863170713, 0.0160509627312, 0.0180585030466, 0.0210923235863, 0.0216026622802, 0.0446431189775, 0.0154899461195, 0.00904738716781, 0.012607828714, 0.0148912034929, 0.0115421228111, 0.0131393317133, 0.0202185939997, 0.0296706147492, 0.0375246666372, 0.0360601097345, 0.0425670407712], "mean": [0.173263907433, 0.159369170666, 0.0637451335788, 0.0378920435905, 0.0387627482414, 0.0556528307498, 0.192323952913, 0.25540587306, 0.133042603731, 0.0626361146569, 0.0558067336679, 0.0583069175482, 0.111561194062, 0.127385497093, 0.0637767240405, 0.0300766900182, 0.0285241845995, 0.0365177504718, 0.0710170343518, 0.0827741697431, 0.0669426694512, 0.170041620731, 0.224337920547, 0.161396712065, 0.141406729817, 0.0752240419388, 0.0238870400935, 0.0786622837186, 0.104178451002, 0.0530606098473, 0.025502635166, 0.039359036833, 0.0784584730864, 0.187341183424, 0.225851848722, 0.151288986206], "min": [0, 0, 0, 0, 0, 0, 0, 0, 0, 0, 0, 0, 0, 0, 0, 0, 0, 0, 0, 0, 0, 0, 0, 0, 0, 0, 0, 0, 0, 0, 0, 0, 0, 0, 0, 0], "median": [0.00452512223274, 0.0025886700023, 0.00305055663921, 0.00379183189943, 0.00401113554835, 0.0099013093859, 0.0330592319369, 0.0492564104497, 0.0248657092452, 0.00241832621396, 0.00183208333328, 0.0037382862065, 0.0105079673231, 0.0114109544083, 0.00929599441588, 0.00301089975983, 0.00193228968419, 0.00257124518976, 0.0119242034853, 0.0155838076025, 0.0216655470431, 0.0384630560875, 0.0403590388596, 0.0387066267431, 0.00675885565579, 0.00482389796525, 0.0022671869956, 0.00628452189267, 0.00711130071431, 0.00469527952373, 0.000964542850852, 0.000933051342145, 0.00732640549541, 0.0338900759816, 0.0369375050068, 0.029435377568], "dvar2": [0.106919966638, 0.100438594818, 0.0802771672606, 0.0641238987446, 0.054678466171, 0.07031365484, 0.0902845337987, 0.0894837230444, 0.109403766692, 0.105132706463, 0.101513378322, 0.088514983654, 0.0667289048433, 0.0631400793791, 0.0550698414445, 0.0473656840622, 0.0441228933632, 0.0468515790999, 0.0484697706997, 0.0542755499482, 0.0445824638009, 0.0490461923182, 0.0549661926925, 0.0609095059335, 0.129262536764, 0.0450283698738, 0.0257635656744, 0.0341245420277, 0.0402857288718, 0.0329513959587, 0.0381344854832, 0.0585972778499, 0.0872224122286, 0.107232004404, 0.101572908461, 0.124852605164], "var": [0.106802366674, 0.0995266735554, 0.0245518647134, 0.0150450570509, 0.0139881270006, 0.0175412986428, 0.0793150812387, 0.127648815513, 0.0478222109377, 0.0326375290751, 0.031446069479, 0.0286877583712, 0.0528169497848, 0.0658133476973, 0.0208438690752, 0.0118577210233, 0.0119589036331, 0.0154889095575, 0.0238707736135, 0.0282384715974, 0.0169793311507, 0.063516408205, 0.113534078002, 0.0503461398184, 0.0821210741997, 0.0230961162597, 0.00689003523439, 0.031932130456, 0.0556560270488, 0.0161882136017, 0.00981328263879, 0.0196556802839, 0.0399831980467, 0.081490367651, 0.121009677649, 0.053332477808], "dmean2": [0.155401811004, 0.141500130296, 0.117214441299, 0.0871360450983, 0.0830353721976, 0.10776026547, 0.148315861821, 0.15006518364, 0.16865503788, 0.13941462338, 0.125759065151, 0.118281535804, 0.111439473927, 0.106513313949, 0.0913906693459, 0.0675901547074, 0.0639487877488, 0.0716024488211, 0.0903784483671, 0.100723899901, 0.0967583656311, 0.118832923472, 0.118594780564, 0.141754716635, 0.165646031499, 0.0942821800709, 0.0473579727113, 0.0675174966455, 0.0734415650368, 0.0652624070644, 0.0615679882467, 0.0830119326711, 0.127888143063, 0.17905010283, 0.160513848066, 0.199018836021], "max": [1, 1, 1, 1, 1, 1, 1, 1, 1, 1, 1, 1, 1, 1, 1, 1, 1, 1, 1, 1, 1, 1, 1, 1, 1, 1, 1, 1, 1, 1, 1, 1, 1, 1, 1, 1], "dmean": [0.0854861810803, 0.0782018825412, 0.0639917626977, 0.046853300184, 0.0449934490025, 0.0589294470847, 0.0841968283057, 0.0855422094464, 0.0935358926654, 0.0749519243836, 0.0678384155035, 0.0651362836361, 0.0633264780045, 0.0619881078601, 0.0519430190325, 0.0368360057473, 0.0350897461176, 0.0403445884585, 0.0523528903723, 0.0585624165833, 0.0557366833091, 0.0692358762026, 0.0699389278889, 0.0803152173758, 0.0900814682245, 0.0518553294241, 0.0263523869216, 0.0396541617811, 0.0432580262423, 0.0374547354877, 0.0332259088755, 0.0447584576905, 0.0702647343278, 0.101629056036, 0.0909365415573, 0.111703559756]}, "key_strength": 0.772300302982, "chords_strength": {"dvar": 0.000196040724404, "mean": 0.436867296696, "min": -1, "median": 0.494028300047, "dvar2": 0.00032680289587, "var": 0.0964610874653, "dmean2": 0.00572547782212, "max": 0.796684443951, "dmean": 0.00728767039254}, "tuning_equal_tempered_deviation": 0.254354894161, "chords_key": "E", "tuning_frequency": 434.193115234, "chords_scale": "major", "chords_changes_rate": 0.0436756424606, "key_scale": "major", "tuning_diatonic_strength": 0.582501709461, "hpcp_entropy": {"dvar": 0.149180874228, "mean": 1.61166203022, "min": 0, "median": 1.65829670429, "dvar2": 0.398928254843, "var": 0.514141976833, "dmean2": 0.65312308073, "max": 4.19545030594, "dmean": 0.388253092766}, "chords_histogram": [19.8340644836, 11.4824666977, 10.3162183762, 1.17407643795, 1.63587975502, 0.782717585564, 3.6944270134, 0.305259853601, 7.13838434219, 0.54007512331, 0.391358792782, 0.0704445838928, 0.187852218747, 0.696618676186, 0.187852218747, 1.67501568794, 0.383531630039, 3.40482163429, 0.508766412735, 0.352222919464, 0.148716345429, 7.44364452362, 18.863494873, 8.78209114075], "tuning_nontempered_energy_ratio": 0.967683494091, "key_key": "E"}, "metadata": {"version": {"extractor": "music 1.0", "essentia_build_sha": "ca57ba49d9b1854bd80e60cf9ccf267278fb7d6b", "essentia": "2.1-beta1", "essentia_git_sha": "v2.1_beta1-28-g21ef5f4-dirty"}, "audio_properties": {"sample_rate": 44100, "length": 593.266662598, "lossless": true, "analysis_sample_rate": 44100, "downmix": "mix", "bit_rate": 0, "equal_loudness": 0, "md5_encoded": "6c96769ce68662971490db928d9bc5a5", "codec": "flac", "replay_gain": -9.54773330688}, "tags": {"totaltracks": ["8"], "album": ["So Pretty"], "tracktotal": ["8"], "date": ["2001"], "acoustid_id": ["d4325645-e37d-47cc-839b-e6a349337514"], "musicbrainz_recordingid": ["047f9913-1fa9-46ea-8baf-a4101d5309c0"], "albumartistsort": ["Kid Dakota"], "title": ["The Overcoat"], "artistsort": ["Kid Dakota"], "musicbrainz_albumid": ["ccf3619e-a82f-41d8-b6ff-f3f3c3500af3"], "albumartist": ["Kid Dakota"], "musicbrainz_artistid": ["e8bff2b6-25e0-4e58-a8bf-9c48ce993cd0"], "file_name": "08 - The Overcoat.flac", "tracknumber": ["8"], "musicbrainz_albumartistid": ["e8bff2b6-25e0-4e58-a8bf-9c48ce993cd0"], "artist": ["Kid Dakota"]}}, "lowlevel": {"melbands": {"dvar": [9.50922458287e-06, 9.70506425801e-06, 7.58572411996e-07, 9.39945039136e-07, 6.77471803101e-08, 3.28959650631e-08, 6.76787550447e-08, 1.76554344478e-08, 1.00097850009e-08, 6.39529451618e-09, 4.66995597748e-09, 3.40007511035e-09, 1.78434589326e-09, 1.36781519444e-09, 1.35901545573e-09, 6.43927966504e-10, 5.64750912702e-10, 6.9009836734e-10, 5.84784276558e-10, 3.15585835242e-10, 2.02718702935e-10, 5.05559427655e-10, 2.07790978868e-10, 1.02916744571e-10, 4.5561436568e-11, 1.22558116433e-10, 4.8780847417e-11, 1.80513711617e-11, 1.49747679534e-11, 1.48238695624e-11, 1.46137147522e-11, 1.31938114947e-11, 7.40313886582e-12, 5.498670963e-12, 5.08595075777e-12, 5.96009960135e-12, 4.37184273158e-12, 9.51971574487e-13, 3.95115933244e-13, 1.62049871135e-13], "mean": [0.00194134109188, 0.00186536472756, 0.000709647254553, 0.000393401394831, 0.000214642976061, 0.000160215786309, 0.00018009248015, 0.000116136303404, 9.49881796259e-05, 7.6024014561e-05, 4.40895710199e-05, 3.5901532101e-05, 2.67409268417e-05, 1.49627203427e-05, 2.29485012824e-05, 1.74809847522e-05, 1.42638145917e-05, 1.48286517287e-05, 1.29775216919e-05, 1.03552838482e-05, 8.72538294061e-06, 1.14590538942e-05, 9.23995685298e-06, 6.90264369041e-06, 4.90771799377e-06, 7.04332342139e-06, 5.5052632888e-06, 3.07383584186e-06, 2.98820305034e-06, 2.36965865952e-06, 2.42933970185e-06, 2.42238138526e-06, 1.57438535098e-06, 1.11368262878e-06, 1.16005435302e-06, 9.63659886111e-07, 7.25541383417e-07, 4.33705480418e-07, 2.56765133599e-07, 1.53922272261e-07], "min": [3.95087425833e-25, 4.70441046525e-25, 5.06335795435e-25, 7.35014245907e-25, 4.34921943318e-25, 7.89139126602e-25, 5.53794259139e-25, 6.50288809749e-25, 1.12950672271e-24, 6.81580653884e-25, 1.45167436095e-24, 1.1139858844e-24, 1.28319211122e-24, 1.39675869651e-24, 2.20542651855e-24, 2.09676349265e-24, 2.26931340504e-24, 1.2495301345e-24, 2.15111028978e-24, 1.97313459209e-24, 2.24736808351e-24, 2.36917116551e-24, 2.90325603075e-24, 2.67385527951e-24, 2.6173909825e-24, 3.42243832742e-24, 3.15845845005e-24, 3.96774710563e-24, 3.40690802278e-24, 3.12934691885e-24, 4.71096215229e-24, 4.47514953961e-24, 4.35191447786e-24, 4.16180294401e-24, 4.47712366403e-24, 4.84302614529e-24, 5.05562770912e-24, 3.94748757986e-24, 5.29280623446e-24, 5.57832221176e-24], "median": [0.000578354753088, 0.000747362035327, 0.000331966002705, 9.40082391025e-05, 5.65713453398e-05, 3.18229685945e-05, 2.17873075599e-05, 1.55517100211e-05, 1.89542952285e-05, 1.21838302221e-05, 2.86028648588e-06, 2.32120873989e-06, 1.94210883819e-06, 3.07413273504e-07, 6.14225598383e-07, 3.12321816409e-07, 1.12063808899e-07, 1.02868156659e-07, 3.00649162455e-07, 3.08609031663e-07, 2.02400954663e-07, 2.67366914386e-07, 2.83359383957e-07, 1.69252999171e-07, 1.13376614763e-07, 1.01426266497e-07, 1.20837697182e-07, 9.22393823544e-08, 4.58196112163e-08, 3.24744426905e-08, 2.85930692456e-08, 2.79701026784e-08, 2.03824104261e-08, 1.90761415553e-08, 1.57439750126e-08, 8.69640093271e-09, 8.36899616274e-09, 8.39532798835e-09, 6.05382588503e-09, 3.23247073553e-09], "dvar2": [2.54364585999e-05, 2.70410237135e-05, 2.03580088964e-06, 2.21802042688e-06, 1.8884088604e-07, 8.90339109105e-08, 1.80131380034e-07, 4.39848548694e-08, 2.28730705487e-08, 1.3369054308e-08, 1.1600305605e-08, 8.28972890332e-09, 4.08391631623e-09, 2.89278401233e-09, 3.21415116744e-09, 1.5582664048e-09, 1.41874312298e-09, 1.52688273136e-09, 1.46773715404e-09, 8.11207601092e-10, 5.48161904756e-10, 1.35932876066e-09, 5.56739876423e-10, 2.77874334653e-10, 1.20091769862e-10, 3.28925109372e-10, 1.29611987809e-10, 4.59967307298e-11, 3.93943384858e-11, 3.74839499717e-11, 3.61406460314e-11, 3.19562327988e-11, 1.70194830451e-11, 1.21310027995e-11, 1.04840138307e-11, 1.18922207151e-11, 8.80031551104e-12, 1.71060323025e-12, 7.88310877079e-13, 3.33038989182e-13], "var": [1.80964634637e-05, 1.361995146e-05, 1.35756613417e-06, 1.2706027519e-06, 1.93051050701e-07, 1.38454453236e-07, 2.7153672022e-07, 8.29415611747e-08, 5.44275522429e-08, 3.48997453159e-08, 1.90992572868e-08, 1.27908643677e-08, 6.30209484598e-09, 3.67381813859e-09, 5.17352560792e-09, 2.89755974769e-09, 2.40629338677e-09, 4.00021082925e-09, 2.09158512732e-09, 1.22542220815e-09, 6.09496952908e-10, 1.43648504203e-09, 8.45985781428e-10, 4.05730837816e-10, 2.15350196009e-10, 5.21861776015e-10, 2.61035720817e-10, 8.30506774463e-11, 7.36977492921e-11, 5.64512568635e-11, 6.48862560904e-11, 6.16148243537e-11, 2.89260629338e-11, 2.04173639801e-11, 2.35849395569e-11, 2.44884650752e-11, 1.49022686552e-11, 3.69096636935e-12, 1.42376388457e-12, 5.19243556572e-13], "dmean2": [0.00179783441126, 0.00146033370402, 0.000461469229776, 0.000291919655865, 0.000140333781019, 9.62136691669e-05, 0.000110651133582, 6.12915173406e-05, 4.91753380629e-05, 3.79292177968e-05, 2.43437316385e-05, 2.24709183385e-05, 1.69106479007e-05, 1.11546733024e-05, 1.51398771777e-05, 1.03438360384e-05, 8.55768030306e-06, 8.60912768985e-06, 8.79021354194e-06, 7.25089330444e-06, 6.32160526948e-06, 8.53554047353e-06, 6.00187695454e-06, 4.52020731245e-06, 2.9445468499e-06, 4.49710751127e-06, 3.09044253299e-06, 1.90364721675e-06, 1.79108440079e-06, 1.51034646478e-06, 1.4374801367e-06, 1.36907533488e-06, 9.26828420234e-07, 6.40687005671e-07, 6.2985304794e-07, 5.49545177364e-07, 4.09461051731e-07, 2.37977161532e-07, 1.41206882631e-07, 9.01729677594e-08], "max": [0.0551938600838, 0.0612079016864, 0.0245327632874, 0.0288436412811, 0.00923748221248, 0.00650669913739, 0.00855040177703, 0.00541218230501, 0.00503789121285, 0.00321485497989, 0.00317833339795, 0.00206867139786, 0.00166682025883, 0.00390618154779, 0.0013736897381, 0.00111447053496, 0.00102046260145, 0.00229663681239, 0.00159780343529, 0.000814144616015, 0.000408808846259, 0.00129503686912, 0.00108103989623, 0.000447510130471, 0.000304571236484, 0.000572198594455, 0.000256627885392, 0.000132115470478, 0.000136158138048, 0.000152743596118, 0.000148301915033, 0.000144762540003, 0.000140479882248, 0.000177120004082, 0.000138638919452, 0.000213012855966, 0.000202656519832, 9.91014385363e-05, 4.88520454383e-05, 2.98221457342e-05], "dmean": [0.00106636248529, 0.000850377371535, 0.000276294304058, 0.000182305215276, 8.60887157614e-05, 6.0067166487e-05, 7.00290038367e-05, 4.04495549446e-05, 3.33755160682e-05, 2.68511012109e-05, 1.65130768437e-05, 1.48476492541e-05, 1.12755424198e-05, 7.23147877579e-06, 9.85803944786e-06, 6.81909568812e-06, 5.57105249754e-06, 5.53036034034e-06, 5.53139670956e-06, 4.4831372179e-06, 3.82669441024e-06, 5.22230357092e-06, 3.66849030797e-06, 2.76151877188e-06, 1.80997813004e-06, 2.72112401944e-06, 1.92345441974e-06, 1.17276840683e-06, 1.11186250251e-06, 9.40694974361e-07, 9.02525925994e-07, 8.64454989369e-07, 5.91671550865e-07, 4.12710733144e-07, 4.15880776927e-07, 3.65515973044e-07, 2.76083426343e-07, 1.59502349106e-07, 9.42570039797e-08, 5.98053091494e-08]}, "spectral_decrease": {"dvar": 1.63158861197e-17, "mean": -4.69882532883e-09, "min": -8.31804030099e-08, "median": -2.02654093506e-09, "dvar2": 4.15565580492e-17, "var": 5.48080642542e-17, "dmean2": 2.27774643591e-09, "max": 2.55076613467e-16, "dmean": 1.36527344985e-09}, "spectral_rolloff": {"dvar": 193919.453125, "mean": 1414.42492676, "min": 43.06640625, "median": 366.064453125, "dvar2": 423022.375, "var": 14637908, "dmean2": 293.04598999, "max": 22050, "dmean": 171.994659424}, "melbands_crest": {"dvar": 7.18892145157, "mean": 18.0821075439, "min": 1.5436630249, "median": 17.9054832458, "dvar2": 20.2066993713, "var": 46.7053146362, "dmean2": 4.06210231781, "max": 36.0091056824, "dmean": 2.49336910248}, "barkbands_skewness": {"dvar": 0.675701916218, "mean": 2.56313490868, "min": -4.34471130371, "median": 2.27439498901, "dvar2": 1.79510462284, "var": 4.44191074371, "dmean2": 0.916739821434, "max": 26.6776561737, "dmean": 0.576142013073}, "spectral_centroid": {"dvar": 42649.9140625, "mean": 1203.08129883, "min": 84.3418807983, "median": 596.448242188, "dvar2": 88192.453125, "var": 4349477, "dmean2": 179.480819702, "max": 11953.6474609, "dmean": 115.957374573}, "spectral_energyband_middle_low": {"dvar": 2.44092389039e-05, "mean": 0.00557110225782, "min": 1.11378829446e-22, "median": 0.00196852441877, "dvar2": 5.8009991335e-05, "var": 9.01305174921e-05, "dmean2": 0.00234999181703, "max": 0.157004401088, "dmean": 0.00146795192268}, "erbbands_crest": {"dvar": 3.99961972237, "mean": 9.78081321716, "min": 2.35565185547, "median": 8.6921005249, "dvar2": 9.93741607666, "var": 24.5118408203, "dmean2": 2.86500668526, "max": 32.5240249634, "dmean": 1.8185646534}, "dynamic_complexity": 7.08482789993, "spectral_energyband_low": {"dvar": 0.000202357565286, "mean": 0.0112303979695, "min": 6.7275272843e-24, "median": 0.00493772746995, "dvar2": 0.000530185410753, "var": 0.000427249789936, "dmean2": 0.00777917169034, "max": 0.270138382912, "dmean": 0.00459630927071}, "silence_rate_60dB": {"dvar": 0.024422917515, "mean": 0.2650385499, "min": 0, "median": 0, "dvar2": 0.0571006536484, "var": 0.194821640849, "dmean2": 0.0500998087227, "max": 1, "dmean": 0.02504892461}, "erbbands_kurtosis": {"dvar": 5.97374916077, "mean": 1.71780014038, "min": -1.88903129101, "median": 0.282894134521, "dvar2": 13.7537088394, "var": 22.1889724731, "dmean2": 1.67931306362, "max": 128.590942383, "dmean": 1.09886193275}, "spectral_complexity": {"dvar": 3.03371238708, "mean": 9.74901199341, "min": 0, "median": 6, "dvar2": 7.23675394058, "var": 130.897399902, "dmean2": 1.93800151348, "max": 59, "dmean": 1.16908025742}, "barkbands_crest": {"dvar": 4.82865619659, "mean": 12.8338727951, "min": 2.67406439781, "median": 12.0651311874, "dvar2": 13.6254901886, "var": 26.7311840057, "dmean2": 3.3203959465, "max": 26.4492416382, "dmean": 2.02051734924}, "spectral_energy": {"dvar": 0.000237195432419, "mean": 0.0185133069754, "min": 9.6318251463e-21, "median": 0.00788034405559, "dvar2": 0.000603706983384, "var": 0.00084562326083, "dmean2": 0.00869963876903, "max": 0.319493144751, "dmean": 0.00521734496579}, "spectral_spread": {"dvar": 301836042240, "mean": 5332712.5, "min": 278795.46875, "median": 3701703.5, "dvar2": 636947922944, "var": 56214494904300.0, "dmean2": 574193.125, "max": 43479336, "dmean": 360820.03125}, "spectral_contrast_valleys": {"dvar": [0.0854877457023, 0.063505358994, 0.0572471655905, 0.0653605982661, 0.057899672538, 0.0769673064351], "mean": [-8.35024166107, -8.6407995224, -10.0420684814, -10.6839046478, -10.5687093735, -12.8970470428], "min": [-28.3939266205, -28.482000351, -27.9602489471, -27.8366241455, -27.6361427307, -27.4637393951], "median": [-7.26972484589, -7.86805343628, -9.49229240417, -10.3278055191, -10.127453804, -12.1334247589], "dvar2": [0.232684537768, 0.165212377906, 0.137194678187, 0.145165249705, 0.11680790782, 0.139867261052], "var": [17.6856555939, 16.3783740997, 14.8605318069, 14.570025444, 15.5169267654, 13.0945081711], "dmean2": [0.501339197159, 0.458639144897, 0.422886312008, 0.384142667055, 0.291717499495, 0.287982612848], "max": [-4.8145070076, -4.39512872696, -5.35948896408, -5.72805356979, -5.63744306564, -7.41805458069], "dmean": [0.297931998968, 0.276763021946, 0.257854193449, 0.238123163581, 0.187957704067, 0.189328938723]}, "spectral_rms": {"dvar": 6.7074756771e-07, "mean": 0.00337544851936, "min": 3.06543679329e-12, "median": 0.00277274963446, "dvar2": 1.66717234151e-06, "var": 6.66828327667e-06, "dmean2": 0.000706877501216, "max": 0.0176550447941, "dmean": 0.000431915628724}, "barkbands_spread": {"dvar": 25.4456253052, "mean": 12.7540884018, "min": 0.0780008435249, "median": 7.99692440033, "dvar2": 53.9454917908, "var": 192.002441406, "dmean2": 3.62468385696, "max": 163.925918579, "dmean": 2.36369013786}, "pitch_salience": {"dvar": 0.00363761349581, "mean": 0.472311228514, "min": 0.0364367365837, "median": 0.478619009256, "dvar2": 0.0103000225499, "var": 0.0223918147385, "dmean2": 0.0948340147734, "max": 0.832349061966, "dmean": 0.0576403290033}, "erbbands_skewness": {"dvar": 0.118947163224, "mean": 0.66874319315, "min": -6.14788007736, "median": 0.622955083847, "dvar2": 0.249539807439, "var": 1.03119683266, "dmean2": 0.418652176857, "max": 8.38635253906, "dmean": 0.277655512094}, "spectral_energyband_middle_high": {"dvar": 1.01842954336e-06, "mean": 0.00182563625276, "min": 1.0275617838e-21, "median": 0.000124814643641, "dvar2": 2.39945211433e-06, "var": 1.75760087586e-05, "dmean2": 0.000488557270728, "max": 0.0444146133959, "dmean": 0.00032421425567}, "erbbands": {"dvar": [0.151085525751, 6.97857952118, 34.2511749268, 23.9622898102, 141.978729248, 119.794692993, 70.1252365112, 62.7427978516, 324.833862305, 178.252883911, 154.931228638, 179.337402344, 166.601150513, 176.704833984, 109.113815308, 100.631164551, 189.375915527, 144.983901978, 187.279830933, 280.691833496, 117.682739258, 358.321014404, 96.8495407104, 61.8918609619, 123.330490112, 41.5408363342, 35.7097320557, 27.8192977905, 28.3882598877, 14.3544359207, 14.6106100082, 11.1353397369, 1.44386327267, 0.272977948189, 0.0264212265611, 0.00472079636529, 0.000907581474166, 2.75688908005e-05, 2.8286396514e-07, 1.0005151152e-09], "mean": [0.218323916197, 1.35858464241, 3.52521467209, 3.98981976509, 4.49316883087, 5.81295967102, 5.90709161758, 6.95972013474, 11.9752845764, 11.3573942184, 10.790933609, 12.6274824142, 8.87884426117, 8.60502052307, 6.98916196823, 6.17964315414, 9.44351005554, 7.927713871, 9.05519962311, 9.76911449432, 7.79798173904, 11.0323152542, 8.30951690674, 6.72093868256, 8.7520275116, 5.54225492477, 4.80225753784, 3.88399982452, 3.82684850693, 2.2481110096, 1.9838963747, 1.28368616104, 0.56435418129, 0.218274563551, 0.0974931567907, 0.0362816303968, 0.011824561283, 0.00236299657263, 0.00025956906029, 3.47259556293e-05], "min": [4.41721780354e-23, 2.37429310526e-22, 1.09307434695e-21, 2.20907811624e-21, 4.18525924971e-21, 1.30353704444e-20, 1.33796859899e-20, 3.56896898056e-20, 3.1900960262e-20, 5.37870768268e-20, 1.37839658291e-19, 1.85419384393e-19, 2.94090418313e-19, 5.29696272187e-19, 6.24863763552e-19, 8.19333977262e-19, 1.29199738698e-18, 1.3177542403e-18, 1.44095369355e-18, 2.14817378193e-18, 2.59278522234e-18, 3.32837440041e-18, 4.73116663339e-18, 4.21691506401e-18, 6.24689238783e-18, 7.17380575325e-18, 7.18366243743e-18, 8.30135384419e-18, 8.97770965257e-18, 9.2127670857e-18, 9.58039096534e-18, 9.73996320449e-18, 8.13955483483e-18, 7.24332366629e-18, 5.52292323621e-18, 3.71720574339e-18, 2.01361134861e-18, 9.00111886391e-19, 2.37686342361e-19, 2.46708734113e-20], "median": [0.0614084713161, 0.456853717566, 1.24370181561, 1.73832666874, 1.350502491, 1.32193052769, 1.45583307743, 1.33687138557, 1.41082859039, 1.46361255646, 2.24390602112, 2.08248662949, 0.796872377396, 0.611623466015, 0.467960804701, 0.212116837502, 0.22955545783, 0.0848295167089, 0.116282679141, 0.309988796711, 0.225024029613, 0.308666557074, 0.266948521137, 0.171801507473, 0.169781520963, 0.180370718241, 0.0893231257796, 0.0581003241241, 0.049881298095, 0.0366320125759, 0.0261981338263, 0.0166786462069, 0.0120603973046, 0.00530013395473, 0.00297516188584, 0.00110272213351, 0.000299208215438, 8.7171283667e-05, 1.39297590067e-05, 1.06575516838e-05], "dvar2": [0.407789438963, 19.5037994385, 95.1508102417, 67.067489624, 334.47177124, 302.736053467, 193.01461792, 166.509902954, 867.189941406, 453.153991699, 362.302368164, 354.688964844, 413.192596436, 436.581481934, 245.713760376, 239.573348999, 442.657806396, 370.636932373, 422.531738281, 721.249938965, 317.507324219, 954.748352051, 258.160308838, 162.633926392, 330.699676514, 106.132095337, 91.4499130249, 66.0450592041, 65.6901168823, 28.9161434174, 28.0396881104, 21.5101222992, 2.44955015182, 0.526959121227, 0.0611716136336, 0.0103689255193, 0.00213886331767, 6.73458343954e-05, 6.95473431733e-07, 2.56850940517e-09], "var": [0.244412735105, 9.72616004944, 48.5558509827, 42.6068077087, 173.640487671, 195.50958252, 187.239944458, 274.16305542, 1291.46801758, 789.115234375, 797.267028809, 979.549438477, 708.257141113, 689.82989502, 402.544036865, 350.157867432, 852.164306641, 634.459472656, 1148.26538086, 1100.43041992, 441.652740479, 1177.50634766, 495.950256348, 364.783538818, 693.396606445, 237.099716187, 194.912109375, 149.131484985, 146.970611572, 69.4108886719, 73.3987731934, 44.4459571838, 6.30659866333, 1.00410318375, 0.114900350571, 0.0192448664457, 0.00245362101123, 8.25014067232e-05, 8.87398755367e-07, 4.87409934635e-09], "dmean2": [0.229532167315, 1.38509869576, 2.52732753754, 2.71980547905, 3.7105588913, 4.08613824844, 4.19983243942, 4.08975458145, 7.51973581314, 5.92426156998, 5.60431718826, 6.25135755539, 4.65843248367, 5.20555067062, 4.21077442169, 3.95448875427, 5.42174005508, 4.42559194565, 4.79699468613, 6.57100248337, 4.90291500092, 7.45722007751, 4.53094387054, 3.47166728973, 4.68177700043, 2.87236356735, 2.63964700699, 1.96976661682, 1.91356527805, 1.08186388016, 0.981111764908, 0.645217001438, 0.265391856432, 0.108941711485, 0.0522675551474, 0.0198743604124, 0.00769734382629, 0.00140427157748, 0.000135569149279, 1.43108381963e-05], "max": [6.33611488342, 51.5231590271, 133.751464844, 167.632537842, 370.417633057, 341.407165527, 321.746520996, 315.08013916, 666.220031738, 579.45690918, 547.692077637, 595.922058105, 601.422729492, 475.547607422, 531.173950195, 651.595703125, 670.000061035, 519.189086914, 988.002685547, 1089.29553223, 331.677154541, 1048.29406738, 404.566558838, 376.427062988, 487.39642334, 225.303390503, 203.369293213, 204.223876953, 208.666763306, 254.450439453, 262.697631836, 290.918487549, 123.745941162, 42.3630561829, 8.83259391785, 3.59750890732, 2.3232588768, 0.365842580795, 0.0398365072906, 0.00137812702451], "dmean": [0.136562347412, 0.801732599735, 1.48364543915, 1.6131696701, 2.29606080055, 2.53490042686, 2.58031225204, 2.56995010376, 4.75267314911, 3.8780002594, 3.74505472183, 4.47397041321, 3.16658043861, 3.41057038307, 2.79976296425, 2.53700780869, 3.5714070797, 2.88285493851, 3.09093356133, 4.10006475449, 2.99363207817, 4.56528139114, 2.78093743324, 2.14177107811, 2.87377715111, 1.79266679287, 1.65243160725, 1.24955892563, 1.23776495457, 0.717120468616, 0.664363086224, 0.445688217878, 0.183522641659, 0.0748518556356, 0.0342867746949, 0.0132298404351, 0.00505999894813, 0.000946995336562, 9.2139816843e-05, 8.98314101505e-06]}, "dissonance": {"dvar": 0.000758127309382, "mean": 0.426370829344, "min": 0.134166181087, "median": 0.44126406312, "dvar2": 0.00213264208287, "var": 0.0034034808632, "dmean2": 0.0413576513529, "max": 0.500000059605, "dmean": 0.0245723985136}, "erbbands_flatness_db": {"dvar": 0.000198207562789, "mean": 0.19348834455, "min": 0.0211219806224, "median": 0.178392842412, "dvar2": 0.000408575782785, "var": 0.00635581929237, "dmean2": 0.0170488897711, "max": 0.470682501793, "dmean": 0.0113789979368}, "melbands_kurtosis": {"dvar": 529.380737305, "mean": 30.4586753845, "min": -1.93338692188, "median": 15.6499404907, "dvar2": 1275.86572266, "var": 2587.07348633, "dmean2": 16.1562309265, "max": 991.453369141, "dmean": 10.1942749023}, "melbands_spread": {"dvar": 32.0860481262, "mean": 15.3294448853, "min": 0.223660901189, "median": 6.61540174484, "dvar2": 75.7633895874, "var": 712.77935791, "dmean2": 4.3955283165, "max": 243.037063599, "dmean": 2.77976751328}, "melbands_skewness": {"dvar": 0.683499097824, "mean": 3.59553146362, "min": -2.72644853592, "median": 3.17836952209, "dvar2": 1.68318343163, "var": 5.2377076149, "dmean2": 1.04766404629, "max": 24.6205387115, "dmean": 0.663176000118}, "spectral_entropy": {"dvar": 0.0291527509689, "mean": 6.76455307007, "min": 4.1285367012, "median": 6.78182697296, "dvar2": 0.0592877082527, "var": 1.19686532021, "dmean2": 0.190146952868, "max": 9.83060073853, "dmean": 0.12525370717}, "zerocrossingrate": {"dvar": 6.572559505e-05, "mean": 0.0500782467425, "min": 0.00146484375, "median": 0.0224609375, "dvar2": 8.54575191624e-05, "var": 0.0104095311835, "dmean2": 0.00640371022746, "max": 0.77294921875, "dmean": 0.00496447319165}, "average_loudness": 0.0751101225615, "spectral_contrast_coeffs": {"dvar": [0.00105177890509, 0.000833296042401, 0.00052885065088, 0.000412874360336, 0.000275936006801, 0.000174190921825], "mean": [-0.706544935703, -0.721978604794, -0.741230547428, -0.765689730644, -0.780427753925, -0.784779250622], "min": [-0.986799299717, -0.984638869762, -0.976690173149, -0.974523305893, -0.970509469509, -0.965428054333], "median": [-0.700591683388, -0.720978140831, -0.740933358669, -0.764124453068, -0.778468191624, -0.777651667595], "dvar2": [0.00301727419719, 0.00224093231373, 0.00127999403048, 0.000993054243736, 0.000598467071541, 0.000434548273915], "var": [0.00918469764292, 0.0087730307132, 0.00899891741574, 0.00651868479326, 0.00604062853381, 0.00542715145275], "dmean2": [0.0584986507893, 0.0546256974339, 0.0415622442961, 0.0358575470746, 0.0267954133451, 0.0209952797741], "max": [-0.371672093868, -0.387794673443, -0.377062678337, -0.517725765705, -0.510317862034, -0.603646159172], "dmean": [0.0348116233945, 0.0332224518061, 0.0261371117085, 0.0225420575589, 0.0168696958572, 0.0128967640921]}, "barkbands_flatness_db": {"dvar": 0.000480859511299, "mean": 0.245134159923, "min": 0.0221165698022, "median": 0.233421862125, "dvar2": 0.0011195987463, "var": 0.0148231592029, "dmean2": 0.0289761107415, "max": 0.665412843227, "dmean": 0.0187477301806}, "silence_rate_30dB": {"dvar": 0.0170036014169, "mean": 0.975539088249, "min": 0, "median": 1, "dvar2": 0.0413187853992, "var": 0.0238675363362, "dmean2": 0.0346001796424, "max": 1, "dmean": 0.017299413681}, "spectral_energyband_high": {"dvar": 1.46735118278e-07, "mean": 0.00039402328548, "min": 6.50748076995e-21, "median": 9.98264567897e-06, "dvar2": 2.54587291693e-07, "var": 1.46687079905e-06, "dmean2": 0.000122408513562, "max": 0.0199107360095, "dmean": 8.6153675511e-05}, "melbands_flatness_db": {"dvar": 0.00066917843651, "mean": 0.346529811621, "min": 0.00199507386424, "median": 0.340029865503, "dvar2": 0.00154299649876, "var": 0.0256422609091, "dmean2": 0.0334440506995, "max": 0.864286363125, "dmean": 0.0217472519726}, "barkbands": {"dvar": [2.70239070232e-06, 0.000126325656311, 2.2594600523e-05, 2.88702858597e-06, 1.35190330184e-05, 1.13549015168e-06, 1.46138870605e-06, 3.29497225948e-07, 3.5910858287e-07, 2.26588667829e-07, 9.95010296378e-08, 1.00692517435e-07, 8.23253643034e-08, 9.09075481559e-08, 8.27574169193e-08, 4.12413392326e-08, 9.83952972433e-08, 3.42432713296e-08, 4.35357705442e-08, 2.07528039198e-08, 1.70876770511e-08, 2.09906261261e-08, 1.57913095933e-08, 1.25344135071e-08, 9.57896983955e-10, 2.1262525074e-10, 1.13152074516e-11], "mean": [0.00105550966691, 0.00652229553089, 0.00316758919507, 0.00112532149069, 0.00165473204106, 0.000825012160931, 0.000907677575015, 0.000412519962993, 0.000606863875873, 0.000252161727985, 0.000194158565137, 0.000155579429702, 0.000191856641322, 0.000173220090801, 0.00017693877453, 0.000138008763315, 0.000191618630197, 0.000140374802868, 0.000152797365445, 0.000120250369946, 0.000102773163235, 0.000109140055429, 6.58294302411e-05, 4.63586984552e-05, 1.60782274179e-05, 6.96437018632e-06, 1.5916485836e-06], "min": [2.07877396345e-25, 9.71178986369e-25, 4.35395457077e-25, 1.65527139803e-25, 4.10665801686e-24, 2.34112834362e-24, 3.17657878226e-24, 4.3985172247e-24, 3.99123583351e-24, 1.07224561701e-23, 6.34922312075e-24, 1.69015073997e-23, 2.20995469848e-23, 2.09495723784e-23, 2.58840740454e-23, 3.86345543411e-23, 4.59809761377e-23, 8.40075648454e-23, 1.11282954447e-22, 1.45019758573e-22, 1.68218403369e-22, 2.50465230674e-22, 3.10632421843e-22, 5.43670314104e-22, 7.73189609048e-22, 1.11565268201e-21, 1.79261590188e-21], "median": [0.000105060636997, 0.00205595628358, 0.00117874098942, 0.000413342902903, 0.00042239468894, 0.000158876049682, 0.000104646402178, 6.72854584991e-05, 0.000101378798718, 1.00176530395e-05, 1.49425095515e-05, 4.23670644523e-06, 4.1121547838e-06, 1.25119936456e-06, 3.91370758734e-06, 3.60734065907e-06, 5.22524169355e-06, 3.3129001622e-06, 2.53640382653e-06, 3.63830054084e-06, 1.81649511433e-06, 1.33806736358e-06, 9.39507287967e-07, 7.68796098782e-07, 4.54099904346e-07, 1.95177108253e-07, 5.08920408038e-08], "dvar2": [6.97267023497e-06, 0.000341689155903, 6.23668674962e-05, 8.29647160572e-06, 3.16146361001e-05, 3.15988359034e-06, 3.83807036997e-06, 7.65685001625e-07, 7.92347179868e-07, 5.43264434327e-07, 2.36707506929e-07, 2.26037869311e-07, 1.93982018004e-07, 2.12424239976e-07, 2.00478098122e-07, 1.08668146481e-07, 2.62656215e-07, 9.14754139103e-08, 1.14745070334e-07, 5.47902097026e-08, 4.16603853637e-08, 4.74248977866e-08, 3.07993559545e-08, 2.28320296003e-08, 1.93631577439e-09, 4.68798111442e-10, 2.73190463307e-11], "var": [9.26875236473e-06, 0.000212158120121, 3.55756019417e-05, 4.34387493442e-06, 1.94651729544e-05, 3.89200204154e-06, 5.9820063143e-06, 1.56876410529e-06, 2.09942390939e-06, 8.15029466139e-07, 3.48673637518e-07, 2.90817069981e-07, 3.48367507286e-07, 4.55988754311e-07, 3.80607815487e-07, 1.65872521052e-07, 3.50133888105e-07, 1.53398957536e-07, 2.21207457685e-07, 1.11493918098e-07, 9.21250276065e-08, 1.2362542634e-07, 8.05909436963e-08, 5.05521704497e-08, 4.09157063785e-09, 7.69700914116e-10, 3.43584778684e-11], "dmean2": [0.000892158481292, 0.00625464925542, 0.00207913876511, 0.000976891373284, 0.00116846268065, 0.000554636470042, 0.000532444508281, 0.000245516857831, 0.000296430342132, 0.000158469119924, 0.000129219100927, 0.000115568480396, 0.000118305615615, 0.000105394494312, 0.000112364774395, 9.12419855013e-05, 0.000130145519506, 8.39640561026e-05, 8.85006738827e-05, 6.51798764011e-05, 5.45961229363e-05, 5.33501988684e-05, 3.1189450965e-05, 2.26367465075e-05, 7.95463529357e-06, 3.88903526982e-06, 8.67613323408e-07], "max": [0.0325145088136, 0.209051191807, 0.13081496954, 0.0503074675798, 0.109098389745, 0.0378489233553, 0.0396791361272, 0.0274853650481, 0.0236779861152, 0.0216308254749, 0.0106728887185, 0.0273967497051, 0.0123300328851, 0.024833586067, 0.0181153807789, 0.00518398173153, 0.0155730526894, 0.00772133283317, 0.011131006293, 0.00493260659277, 0.0044813696295, 0.00629384210333, 0.00819054525346, 0.0108017995954, 0.0022965958342, 0.00101845548488, 0.00023817481997], "dmean": [0.000540914013982, 0.00367632415146, 0.00123702280689, 0.000575427722652, 0.000733051681891, 0.000340993254213, 0.000339986581821, 0.000162356387591, 0.000207920893445, 0.000107352672785, 8.53088349686e-05, 7.47352169128e-05, 7.79181282269e-05, 6.79771255818e-05, 7.13482222636e-05, 5.59587351745e-05, 7.95174273662e-05, 5.13915183546e-05, 5.401288945e-05, 4.06063700211e-05, 3.45828229911e-05, 3.46422457369e-05, 2.11259921343e-05, 1.56515870913e-05, 5.33412821824e-06, 2.63828883362e-06, 5.91401828842e-07]}, "erbbands_spread": {"dvar": 48.1262664795, "mean": 35.8048934937, "min": 1.32933020592, "median": 33.1862869263, "dvar2": 106.72039032, "var": 476.266021729, "dmean2": 7.32718801498, "max": 179.631088257, "dmean": 4.77973079681}, "barkbands_kurtosis": {"dvar": 433.586456299, "mean": 15.9855031967, "min": -1.98214805126, "median": 7.09583473206, "dvar2": 1163.63647461, "var": 1046.66296387, "dmean2": 10.6869316101, "max": 1193.07385254, "dmean": 6.5903096199}, "spectral_flux": {"dvar": 0.000564460176975, "mean": 0.0407960452139, "min": 6.28346680243e-11, "median": 0.0240792315453, "dvar2": 0.00145104597323, "var": 0.00229123770259, "dmean2": 0.0200581215322, "max": 0.459014683962, "dmean": 0.012107363902}, "silence_rate_20dB": {"dvar": 0, "mean": 1, "min": 1, "median": 1, "dvar2": 0, "var": 0, "dmean2": 0, "max": 1, "dmean": 0}, "gfcc": {"cov": [[61438.5664062, 1518.58520508, -4873.92675781, 3545.73486328, -2980.07446289, 1823.34594727, -1710.07446289, 894.571533203, -1233.51989746, -408.294799805, -1029.14050293, -111.039772034, -741.343505859], [1518.58520508, 3874.21923828, 161.554611206, -398.931884766, 694.876403809, -547.84765625, 508.861206055, -67.3843002319, 153.746170044, -225.373245239, 44.4697151184, -99.8498535156, 141.210281372], [-4873.92675781, 161.554611206, 2879.70166016, -170.696640015, 469.715820312, 876.917175293, 79.2132949829, 115.781684875, -42.9582595825, 5.25410175323, 51.462677002, -97.2632217407, -40.6530838013], [3545.73486328, -398.931884766, -170.696640015, 789.544799805, -118.6929245, 76.4370040894, -14.5814666748, 66.8047409058, -89.0838088989, -73.3604049683, -132.900588989, 25.7097606659, 7.18141126633], [-2980.07446289, 694.876403809, 469.715820312, -118.6929245, 647.251403809, -128.145294189, 270.822631836, 6.22732830048, 102.09551239, -65.6658248901, 6.15496492386, -13.2644128799, 98.5250320435], [1823.34594727, -547.84765625, 876.917175293, 76.4370040894, -128.145294189, 990.766418457, -220.160766602, 132.889053345, -164.934524536, 21.2202072144, 47.2125549316, -77.5408477783, -150.13835144], [-1710.07446289, 508.861206055, 79.2132949829, -14.5814666748, 270.822631836, -220.160766602, 391.416687012, 21.1136226654, 66.7259368896, -44.1699943542, -16.176361084, 39.662437439, 85.0315628052], [894.571533203, -67.3843002319, 115.781684875, 66.8047409058, 6.22732830048, 132.889053345, 21.1136226654, 201.031112671, 8.16125774384, -17.5641365051, -62.0473823547, 2.98495221138, -18.6452846527], [-1233.51989746, 153.746170044, -42.9582595825, -89.0838088989, 102.09551239, -164.934524536, 66.7259368896, 8.16125774384, 172.265396118, 55.0899772644, 21.8770694733, 8.92011928558, 45.01953125], [-408.294799805, -225.373245239, 5.25410175323, -73.3604049683, -65.6658248901, 21.2202072144, -44.1699943542, -17.5641365051, 55.0899772644, 197.84564209, 69.9605407715, 6.13540410995, -26.6310958862], [-1029.14050293, 44.4697151184, 51.462677002, -132.900588989, 6.15496492386, 47.2125549316, -16.176361084, -62.0473823547, 21.8770694733, 69.9605407715, 183.074050903, 2.80509209633, -22.4013347626], [-111.039772034, -99.8498535156, -97.2632217407, 25.7097606659, -13.2644128799, -77.5408477783, 39.662437439, 2.98495221138, 8.92011928558, 6.13540410995, 2.80509209633, 93.3293914795, 35.1534576416], [-741.343505859, 141.210281372, -40.6530838013, 7.18141126633, 98.5250320435, -150.13835144, 85.0315628052, -18.6452846527, 45.01953125, -26.6310958862, -22.4013347626, 35.1534576416, 113.22769928]], "mean": [-186.676574707, 132.164398193, -75.2511291504, 29.9124794006, -41.6467399597, -1.96197581291, -18.2006015778, 7.58643245697, -9.48106384277, 1.30880320072, -11.5440454483, -2.06111764908, -8.56675052643], "icov": [[0.000157187620061, -0.000413135072449, 0.000341558217769, -0.000566878414247, 0.000325365923345, -0.000509758479893, 0.000538075808436, -0.000388706248486, 0.000409946689615, -0.000411591201555, 0.000664723047521, -0.000480221642647, 0.00029664800968], [-0.000413135072449, 0.00150770961773, -0.000903383013792, 0.00162661680952, -0.00102939305361, 0.00151863670908, -0.00174495729152, 0.000987247913145, -0.0011153583182, 0.00153786677402, -0.00201539881527, 0.00193395488895, -0.000824357441161], [0.000341558217769, -0.000903383013792, 0.00141006126069, -0.00109757226892, 0.000191738043213, -0.00187165394891, 0.000992467277683, -0.000703489000443, 0.000839682179503, -0.00107113458216, 0.00165229348931, -0.000950003159232, 0.000465084478492], [-0.000566878414247, 0.00162661680952, -0.00109757226892, 0.0036989976652, -0.00105692457873, 0.00160843890626, -0.00220732251182, 0.00125060172286, -0.000983905629255, 0.00173690135125, -0.00148304074537, 0.00154929154087, -0.00142750458326], [0.000325365923345, -0.00102939305361, 0.000191738043213, -0.00105692457873, 0.00385778327473, -0.000883711560164, -0.000220937145059, -0.00080301327398, -0.000204488635063, -3.46660308423e-05, 0.00102299812716, -5.24899623997e-05, -0.000653150433209], [-0.000509758479893, 0.00151863670908, -0.00187165394891, 0.00160843890626, -0.000883711560164, 0.0044940430671, -0.000922486535273, -0.000576985185035, 0.000486873817863, 0.00132108014077, -0.00356171536259, 0.00265099271201, -9.03494656086e-05], [0.000538075808436, -0.00174495729152, 0.000992467277683, -0.00220732251182, -0.000220937145059, -0.000922486535273, 0.00656712148339, -0.00238362746313, 0.00165017298423, -0.00148308265489, 0.00203836266883, -0.00331967882812, 0.000269269716227], [-0.000388706248486, 0.000987247913145, -0.000703489000443, 0.00125060172286, -0.00080301327398, -0.000576985185035, -0.00238362746313, 0.00860916823149, -0.00378549355082, 0.00152677344158, 0.00161693012342, -0.000663001032081, 0.00142321840394], [0.000409946689615, -0.0011153583182, 0.000839682179503, -0.000983905629255, -0.000204488635063, 0.000486873817863, 0.00165017298423, -0.00378549355082, 0.