{"metadata": {"audio_properties": {"downmix": "mix", "bit_rate": 320031, "lossless": false, "md5_encoded": "22eaedea2aa69684ce0354a3144880d4", "analysis_sample_rate": 44100, "sample_rate": 44100, "replay_gain": -10.0592136383, "equal_loudness": 0, "codec": "mp3", "length": 268.042449951}, "tags": {"album": ["Canzone Della Strada"], "artist": ["Quadro Nuevo"], "musicbrainz_recordingid": ["eff7d333-ea80-4e85-a10e-12a14cc0a263"], "albumartist": ["Quadro Nuevo"], "title": ["Arrivederci Roma"], "tracknumber": ["10"], "date": ["2003"], "file_name": "159812.mp3"}, "version": {"essentia_build_sha": "70f2e5ece6736b2c40cc944ad0e695b16b925413", "essentia_git_sha": "v2.1_beta2", "extractor": "music 1.0", "essentia": "2.1-beta2"}}, "tonal": {"chords_scale": "major", "hpcp": {"dmean": [0.0864603146911, 0.10020917654, 0.0882529020309, 0.0744263008237, 0.0656425356865, 0.0353942774236, 0.0306342449039, 0.038844909519, 0.0676725283265, 0.0790832266212, 0.0649315416813, 0.0465856082737, 0.0476712659001, 0.0451990328729, 0.0677020028234, 0.0741750597954, 0.0682315528393, 0.0492664948106, 0.0461499653757, 0.0384341776371, 0.0398287735879, 0.0478582978249, 0.0494731217623, 0.0704302862287, 0.0780570805073, 0.0722410008311, 0.053231574595, 0.0526611357927, 0.0528433583677, 0.0706705078483, 0.0807927697897, 0.0567327179015, 0.0343185216188, 0.0351130738854, 0.0415386110544, 0.0728291645646], "dvar2": [0.0681250840425, 0.0963496789336, 0.078353792429, 0.05690914765, 0.0523567795753, 0.0258910506964, 0.0257308632135, 0.0308357793838, 0.0511876344681, 0.0659941509366, 0.0445638038218, 0.0355973690748, 0.0437656491995, 0.0305843167007, 0.0504938960075, 0.0608433298767, 0.0481535606086, 0.0373657643795, 0.0426779687405, 0.0303908381611, 0.0293493829668, 0.037326272577, 0.0377710573375, 0.0609559193254, 0.0663299262524, 0.0529821291566, 0.038301743567, 0.0455844476819, 0.0484031587839, 0.0569606609643, 0.0756388902664, 0.0467392131686, 0.0379567928612, 0.0428773090243, 0.0407720096409, 0.0669129043818], "mean": [0.178959652781, 0.131604760885, 0.137581348419, 0.202607035637, 0.122566334903, 0.0437091849744, 0.0513367690146, 0.0455194078386, 0.132598251104, 0.206782713532, 0.116671442986, 0.0642303973436, 0.0766802802682, 0.0550924278796, 0.112927168608, 0.190031483769, 0.123612612486, 0.0799265652895, 0.0956750735641, 0.0530877076089, 0.0592484921217, 0.0916105359793, 0.0651850998402, 0.125687524676, 0.220025807619, 0.140996485949, 0.06843162328, 0.094355173409, 0.0725652500987, 0.0987277776003, 0.138993620872, 0.0749526768923, 0.0329701192677, 0.0374310873449, 0.0367291457951, 0.106405504048], "var": [0.0945675298572, 0.0530117191374, 0.0577332526445, 0.115290209651, 0.0551160797477, 0.0133862057701, 0.0278231557459, 0.0139734772965, 0.059035051614, 0.119186386466, 0.0423094406724, 0.0260785706341, 0.0398525223136, 0.0182815417647, 0.046913228929, 0.113928116858, 0.0518545471132, 0.03631644696, 0.060151450336, 0.0193740446121, 0.0232800468802, 0.0539666749537, 0.0238520931453, 0.046201556921, 0.121034361422, 0.0587444230914, 0.0218206383288, 0.0536230057478, 0.0324356369674, 0.0387620180845, 0.0820259749889, 0.0276067070663, 0.0147306444123, 0.0193533971906, 0.013377587311, 0.0436229370534], "dmean2": [0.142156168818, 0.174895316362, 0.153595089912, 0.122507691383, 0.109958015382, 0.0617331787944, 0.0514915473759, 0.067229770124, 0.112619310617, 0.128546148539, 0.106032066047, 0.0789751037955, 0.0789579227567, 0.0756141319871, 0.10980065912, 0.121281035244, 0.110355876386, 0.0825797393918, 0.0778939202428, 0.0661082267761, 0.0666374117136, 0.0782914981246, 0.0841478258371, 0.119877628982, 0.132720217109, 0.122258745134, 0.0906578600407, 0.0856924429536, 0.0920424312353, 0.11875436455, 0.134576201439, 0.0958973765373, 0.062238316983, 0.06306117028, 0.0750776603818, 0.12524266541], "dvar": [0.0308413282037, 0.0354124866426, 0.0294523462653, 0.0273171551526, 0.0202986206859, 0.00955703575164, 0.0108693279326, 0.0115896044299, 0.0220653712749, 0.0318032279611, 0.0180409476161, 0.0143764913082, 0.0184133946896, 0.0124728213996, 0.022118953988, 0.0289544016123, 0.021200068295, 0.0151854325086, 0.0191413499415, 0.0119572244585, 0.0119249066338, 0.017887853086, 0.0154598103836, 0.0230999514461, 0.0288331974298, 0.0211459491402, 0.0148170655593, 0.0205420684069, 0.0191950742155, 0.0229660365731, 0.0343959219754, 0.018455458805, 0.0138264149427, 0.0155618125573, 0.0147598963231, 0.0253884103149], "min": [0, 0, 0, 0, 0, 0, 0, 0, 0, 0, 0, 0, 0, 0, 0, 0, 0, 0, 0, 0, 0, 0, 0, 0, 0, 0, 0, 0, 0, 0, 0, 0, 0, 0, 0, 0], "median": [0.0180996693671, 0.0199419893324, 0.0189236085862, 0.0134965404868, 0.00837962701917, 0.00266153179109, 0.0011844629189, 0.00256269518286, 0.00959559157491, 0.0156023865566, 0.0150290289894, 0.00651822285727, 0.0043140957132, 0.00445506116375, 0.0102066621184, 0.0112639032304, 0.0108119891956, 0.0067126955837, 0.00254226801917, 0.0022438687738, 0.00342902494594, 0.00405639735982, 0.005141928792, 0.015833478421, 0.0251761507243, 0.0180124584585, 0.00790093373507, 0.00275339349173, 0.00501782121137, 0.0091066211462, 0.00921808741987, 0.00541960587725, 0.00194727361668, 0.00158777146135, 0.00211988668889, 0.0106889791787], "max": [1, 1, 1, 1, 1, 1, 1, 1, 1, 1, 1, 1, 1, 1, 1, 1, 1, 1, 1, 1, 1, 1, 1, 1, 1, 1, 1, 1, 1, 1, 1, 1, 1, 1, 1, 1]}, "tuning_equal_tempered_deviation": 0, "chords_key": "A#", "chords_strength": {"dmean": 0.00906531512737, "dvar2": 4.98499648529e-05, "mean": 0.483106970787, "var": 0.00825118646026, "dmean2": 0.00680755358189, "dvar": 5.56076884095e-05, "min": 0.192568078637, "median": 0.48323109746, "max": 0.778088212013}, "tuning_diatonic_strength": 0.425060629845, "thpcp": [1, 0.640817940235, 0.311016350985, 0.428836852312, 0.329803347588, 0.448709994555, 0.63171505928, 0.340654015541, 0.149846598506, 0.170121356845, 0.166931077838, 0.483604639769, 0.813357532024, 0.598133265972, 0.625296413898, 0.920833051205, 0.557054340839, 0.198654815555, 0.233321577311, 0.20688213408, 0.602648615837, 0.939811170101, 0.53026252985, 0.291922092438, 0.348505854607, 0.250390768051, 0.513245105743, 0.86367815733, 0.5618095994, 0.363259971142, 0.434835702181, 0.241279453039, 0.269279748201, 0.416362673044, 0.296261161566, 0.571239948273], "chords_histogram": [16.0401878357, 8.17599201202, 13.0954446793, 7.95080566406, 3.22189497948, 4.8674864769, 1.43772733212, 1.0219990015, 7.41382312775, 1.38576126099, 4.5383682251, 1.68023562431, 0, 0, 0.727524697781, 2.14792990685, 4.69426631927, 4.59033441544, 0.710202693939, 3.27386116982, 1.43772733212, 5.42179107666, 0.606270551682, 5.56036710739], "tuning_nontempered_energy_ratio": 0.640462040901, "tuning_frequency": 440, "key_strength": 0.805433809757, "chords_changes_rate": 0.057682313025, "key_scale": "major", "hpcp_entropy": {"dmean": 0.455010831356, "dvar2": 0.529626965523, "mean": 1.43314146996, "var": 0.519457817078, "dmean2": 0.756027817726, "dvar": 0.214543581009, "min": 0, "median": 1.48474168777, "max": 4.08653259277}, "key_key": "A#", "chords_number_rate": 0.0032911831513}, "lowlevel": {"melbands_skewness": {"dmean": 0.522561371326, "dvar2": 1.17603611946, "mean": 2.51879930496, "var": 3.50144815445, "dmean2": 0.781825959682, "dvar": 0.603863954544, "min": -2.00750279427, "median": 2.29003405571, "max": 51.5282897949}, "melbands_kurtosis": {"dmean": 6.48948001862, "dvar2": 1928.64404297, "mean": 17.7022800446, "var": 2860.20117188, "dmean2": 9.74718952179, "dvar": 1206.45544434, "min": -1.55732679367, "median": 9.64413070679, "max": 3211.55371094}, "barkbands_kurtosis": {"dmean": 4.59920167923, "dvar2": 537.723999023, "mean": 12.0147275925, "var": 986.368530273, "dmean2": 7.081158638, "dvar": 251.680938721, "min": -1.7746796608, "median": 6.14733028412, "max": 1163.40222168}, "hfc": {"dmean": 1.95694541931, "dvar2": 31.1690254211, "mean": 9.36771678925, "var": 158.051574707, "dmean2": 2.67620658875, "dvar": 16.0429897308, "min": 1.21058292929e-16, "median": 5.25402927399, "max": 111.545944214}, "silence_rate_20dB": {"dmean": 0, "dvar2": 0, "mean": 1, "var": 0, "dmean2": 0, "dvar": 0, "min": 1, "median": 1, "max": 1}, "erbbands_flatness_db": {"dmean": 0.0146275004372, "dvar2": 0.000691903755069, "mean": 0.246756091714, "var": 0.00243740808219, "dmean2": 0.0219655912369, "dvar": 0.000309857918182, "min": 0.0476934574544, "median": 0.242664039135, "max": 0.486390441656}, "spectral_flux": {"dmean": 0.0163744483143, "dvar2": 0.00100722373463, "mean": 0.0400780141354, "var": 0.000971480563749, "dmean2": 0.0257094185799, "dvar": 0.000419800169766, "min": 1.05099595693e-10, "median": 0.0325471684337, "max": 0.276033461094}, "spectral_energyband_low": {"dmean": 0.00138060597237, "dvar2": 1.31268707264e-05, "mean": 0.0039729969576, "var": 3.00586125377e-05, "dmean2": 0.00198580417782, "dvar": 5.88299872106e-06, "min": 6.25551236167e-23, "median": 0.00184450706001, "max": 0.0659223645926}, "spectral_rolloff": {"dmean": 105.328559875, "dvar2": 290309, "mean": 631.600280762, "var": 459754.59375, "dmean2": 181.048782349, "dvar": 120786.375, "min": 21.533203125, "median": 516.796875, "max": 19035.3515625}, "spectral_entropy": {"dmean": 0.188531279564, "dvar2": 0.114097081125, "mean": 6.17559432983, "var": 0.373061180115, "dmean2": 0.288223654032, "dvar": 0.050061982125, "min": 3.26732325554, "median": 6.217004776, "max": 9.80090522766}, "spectral_energy": {"dmean": 0.00466944277287, "dvar2": 9.7701093182e-05, "mean": 0.0204264055938, "var": 0.000416322960518, "dmean2": 0.00648495554924, "dvar": 4.92355175084e-05, "min": 1.10459243308e-20, "median": 0.0146864438429, "max": 0.180200099945}, "spectral_centroid": {"dmean": 78.2118911743, "dvar2": 58034.2734375, "mean": 590.134765625, "var": 217688.8125, "dmean2": 118.775016785, "dvar": 28160.9667969, "min": 128.654403687, "median": 514.909851074, "max": 10556.9619141}, "barkbands_flatness_db": {"dmean": 0.0205043628812, "dvar2": 0.00111643760465, "mean": 0.266517490149, "var": 0.00484000146389, "dmean2": 0.0307927839458, "dvar": 0.000523736816831, "min": 0.0508229993284, "median": 0.253548502922, "max": 0.628108084202}, "spectral_rms": {"dmean": 0.00050356821157, "dvar2": 7.06806645212e-07, "mean": 0.00395572837442, "var": 4.28053908763e-06, "dmean2": 0.000689793087076, "dvar": 3.74030975081e-07, "min": 3.28275969776e-12, "median": 0.00378526584245, "max": 0.0132591472939}, "melbands": {"dmean": [0.000139567564474, 0.00029391067801, 0.000361070444342, 0.000514997926075, 0.000219709720113, 0.000171696126927, 8.73386816238e-05, 6.66500855004e-05, 6.17352343397e-05, 8.54933678056e-05, 3.78644399461e-05, 2.47002280958e-05, 2.51700439549e-05, 1.64616285474e-05, 1.22949604702e-05, 1.46885522554e-05, 7.22112145013e-06, 6.39375411993e-06, 7.50378285375e-06, 2.53948519457e-06, 1.72496322648e-06, 8.02070587724e-07, 1.08313417968e-06, 1.07285291051e-06, 9.52560583301e-07, 1.20283652905e-06, 6.35497826806e-07, 3.48875147438e-07, 3.32378931489e-07, 2.3363895707e-07, 1.85222504001e-07, 1.88995500139e-07, 1.20240912338e-07, 5.35679731684e-08, 5.70235165753e-08, 3.58774734366e-08, 2.42394868621e-08, 2.03242098706e-08, 1.25655876815e-08, 1.05729860422e-08], "dvar2": [1.12695133225e-07, 7.70104350067e-07, 1.13794942536e-06, 2.66723418463e-06, 5.64257049973e-07, 5.00155806549e-07, 1.26202209572e-07, 8.67585328024e-08, 1.8031852278e-07, 1.37807546707e-07, 3.56945157876e-08, 1.66159743742e-08, 2.52750869123e-08, 7.21150650307e-09, 3.72352304545e-09, 9.79035874593e-09, 3.4639857649e-09, 9.17781628473e-10, 4.40768754828e-09, 2.26078336607e-10, 8.04769237361e-11, 1.43145963832e-11, 5.23594709256e-11, 8.12803782613e-11, 2.36532963355e-11, 1.22098151034e-10, 1.89046521493e-11, 2.36978991118e-12, 1.79203060811e-12, 2.13704054453e-12, 4.64367303291e-12, 1.22482189321e-11, 4.25779550506e-12, 2.95161193663e-13, 9.8354408385e-13, 2.82355302333e-13, 9.87212495454e-14, 7.11095340055e-14, 2.61428841764e-14, 2.04828965204e-14], "mean": [0.000387318810681, 0.000757788016926, 0.000844724825583, 0.00117804075126, 0.000720139592886, 0.000599308987148, 0.00026372569846, 0.000231387719396, 0.000191656523384, 0.000433884182712, 0.000138412229717, 7.95610249043e-05, 6.67501735734e-05, 4.36844675278e-05, 3.35831246048e-05, 3.87564614357e-05, 2.03152267204e-05, 1.64185403264e-05, 1.75644108822e-05, 9.01743351278e-06, 5.05709385834e-06, 1.98462453227e-06, 2.35430093198e-06, 2.33915943681e-06, 2.24585028263e-06, 2.18314971789e-06, 1.21944901821e-06, 8.54867096223e-07, 9.717211924e-07, 6.55067253774e-07, 3.50293987594e-07, 2.26929998348e-07, 1.38264567795e-07, 9.07389150484e-08, 7.37937995154e-08, 3.79974700593e-08, 2.89442514401e-08, 2.69144742049e-08, 1.56127537565e-08, 1.15725411476e-08], "var": [6.34781372355e-07, 1.19836784052e-06, 1.54625570303e-06, 3.52686356564e-06, 1.68644874066e-06, 2.29785314332e-06, 3.87637101085e-07, 3.28162769847e-07, 4.53151784541e-07, 1.68550877788e-06, 1.82845255381e-07, 6.933333907e-08, 7.27790805399e-08, 2.03866914461e-08, 1.12365325933e-08, 1.59787045817e-08, 6.5037255581e-09, 2.46941977977e-09, 5.02490005161e-09, 8.63832894105e-10, 4.47866854714e-10, 2.66941364846e-11, 3.56192055018e-11, 3.54799280233e-11, 2.188585424e-11, 3.55298672428e-11, 8.46573072061e-12, 3.24699620489e-12, 3.82074363467e-12, 3.13343318306e-12, 1.75798492517e-12, 2.31697040026e-12, 8.17068906023e-13, 8.42862766886e-14, 2.07858117654e-13, 5.98262216676e-14, 2.30313916539e-14, 1.57808506117e-14, 5.94075620809e-15, 4.27378816812e-15], "dmean2": [0.000181049763341, 0.000430621876149, 0.000535631377716, 0.000775370863266, 0.000324406137224, 0.000247189862421, 0.000133191046189, 9.51698675635e-05, 8.33402009448e-05, 0.000104395403469, 4.77747271361e-05, 3.13875061693e-05, 3.19789360219e-05, 2.21407844947e-05, 1.69925206137e-05, 2.10399812204e-05, 1.08368276415e-05, 8.98621510714e-06, 1.09876264105e-05, 3.79882021662e-06, 2.44905641011e-06, 1.20894833344e-06, 1.71379099356e-06, 1.69778206782e-06, 1.48118226662e-06, 1.95271445591e-06, 1.03071761259e-06, 5.332635169e-07, 4.97677092426e-07, 3.63438857676e-07, 3.06081716417e-07, 3.38455038218e-07, 2.16134935727e-07, 8.9886405874e-08, 1.00006502635e-07, 6.45897770823e-08, 4.2237235931e-08, 3.53029427913e-08, 2.20062634781e-08, 1.89021243102e-08], "dvar": [7.01113762602e-08, 3.30286354711e-07, 5.02023510762e-07, 1.16848207199e-06, 2.80802851194e-07, 2.54588599091e-07, 5.90987099258e-08, 4.63603910816e-08, 8.12376157455e-08, 1.01979345857e-07, 2.51749110447e-08, 1.03431618825e-08, 1.51174059937e-08, 4.31589564087e-09, 2.19802642754e-09, 4.55783011333e-09, 1.63045610346e-09, 5.00833319261e-10, 1.82223625078e-09, 1.21305007705e-10, 5.78216398373e-11, 6.76347172712e-12, 1.92446874409e-11, 2.88064849752e-11, 9.13161386784e-12, 4.23706035535e-11, 6.73850515318e-12, 9.87013747643e-13, 7.83292430483e-13, 8.22145682696e-13, 1.66157007857e-12, 4.14315370206e-12, 1.44775955547e-12, 1.02183845695e-13, 3.36889993983e-13, 9.8587940112e-14, 3.50016375475e-14, 2.48313027855e-14, 9.19759111402e-15, 7.07737108529e-15], "min": [1.40807395956e-23, 5.30932458738e-24, 1.36508640448e-23, 1.60768542975e-23, 1.57231614109e-24, 4.01785712805e-24, 4.84180814405e-24, 4.42268476739e-24, 8.58744120662e-24, 4.3163727442e-24, 6.796595212e-24, 9.86840143313e-24, 4.13694790903e-24, 7.19029912372e-24, 5.99679398931e-24, 4.41246349664e-24, 9.9214262966e-24, 9.72217502029e-24, 5.33146909628e-24, 9.30515159136e-24, 4.36050201767e-24, 8.61061399571e-24, 1.0961936986e-23, 1.13511775227e-23, 4.43894674052e-24, 8.06595997206e-24, 8.82729357599e-24, 1.01124860413e-23, 1.12448682606e-23, 8.65065105324e-24, 1.04542363626e-23, 7.93408609454e-24, 9.86299694707e-24, 8.94489853747e-24, 9.3515161022e-24, 1.0726671054e-23, 1.08790561039e-23, 1.09423748133e-23, 1.07443975474e-23, 8.32217962749e-24], "median": [8.1339472672e-05, 0.000330666865921, 0.000419907679316, 0.000472544692457, 0.000258902116911, 6.75532937748e-05, 6.43822349957e-05, 5.47127128812e-05, 3.23415260937e-05, 2.60649158008e-05, 1.63613203767e-05, 4.24142035627e-06, 3.72774024981e-06, 4.73496402265e-06, 3.94764037992e-06, 4.20122705691e-06, 2.02904470825e-06, 2.25319467972e-06, 1.6865122916e-06, 6.48519574042e-07, 6.74982686633e-07, 4.23811229666e-07, 5.34445916855e-07, 5.3519534049e-07, 4.75304972269e-07, 4.20204997909e-07, 3.1438833048e-07, 2.47708641155e-07, 2.05020498356e-07, 1.05067975653e-07, 6.33344043877e-08, 4.15920169416e-08, 2.52498324471e-08, 2.22496421287e-08, 1.54759209892e-08, 7.9344921744e-09, 6.36878905169e-09, 6.3312124432e-09, 3.75035646982e-09, 2.49132980912e-09], "max": [0.00632763281465, 0.015261946246, 0.0216129086912, 0.0234025809914, 0.0169854797423, 0.0153910797089, 0.0108512351289, 0.00988676771522, 0.0206309314817, 0.0163838695735, 0.0123226083815, 0.00560630531982, 0.00540962954983, 0.00307914824225, 0.00159528315999, 0.00266456417739, 0.00213154917583, 0.000934173469432, 0.00249372236431, 0.000487966026412, 0.000584641878959, 9.58399323281e-05, 0.000147109574755, 0.000203624702408, 7.69542166381e-05, 0.000304360088194, 7.15490896255e-05, 2.657213372e-05, 2.30802234e-05, 3.10514515149e-05, 3.89636807085e-05, 8.48231647979e-05, 4.3384534365e-05, 1.40670945257e-05, 3.79525699827e-05, 9.48276465351e-06, 5.49191736354e-06, 5.38749691259e-06, 2.8456288419e-06, 2.26183715313e-06]}, "barkbands_crest": {"dmean": 2.03735089302, "dvar2": 11.1631155014, "mean": 13.4830608368, "var": 22.0505199432, "dmean2": 3.20208668709, "dvar": 4.62485361099, "min": 3.62923741341, "median": 12.6016216278, "max": 26.6605014801}, "mfcc": {"icov": [[0.000292845536023, -0.000337441422744, 0.000642986153252, -0.00045132995001, 0.000561257882509, -0.0003019736032, 0.000213953971979, -0.000296767510008, 0.000259992782958, -5.34468745172e-05, 0.000152520515257, -0.000205515461857, 2.47762127401e-05], [-0.000337441422744, 0.00128955754917, -0.00100700045004, 0.000343211315339, -0.000445230252808, 0.000246687035542, -0.00044629839249, 0.000797051470727, -0.000239538392634, -0.000370234134607, 1.48383933265e-05, 0.000530857534613, 0.000168995480635], [0.000642986153252, -0.00100700045004, 0.00302893016487, -0.00129062519409, -0.000459675269667, -0.00063091533957, 0.000288460287265, -0.00106136582326, -9.09700975171e-06, 0.000144360921695, 0.000606441521086, -0.000349349400494, 0.000299638079014], [-0.00045132995001, 0.000343211315339, -0.00129062519409, 0.0049385773018, -0.00258088856936, 0.000760832277592, -0.000168703118106, -0.000428325147368, 0.000242068752414, 5.59593645448e-05, -0.00112768309191, 4.48976497864e-05, 0.000572423858102], [0.000561257882509, -0.000445230252808, -0.000459675269667, -0.00258088856936, 0.00828777626157, -0.00347254844382, 0.000535009254236, 0.000193295214558, 0.000881258689333, 0.000138253308251, -0.00150339410175, 0.000495049112942, -0.00126075011212], [-0.0003019736032, 0.000246687035542, -0.00063091533957, 0.000760832277592, -0.00347254844382, 0.00960891507566, -0.0033100056462, 0.000788281380665, -0.000694599410053, -0.00202915840782, 0.00133374682628, -0.00167439389043, 0.000689570966642], [0.000213953971979, -0.00044629839249, 0.000288460287265, -0.000168703118106, 0.000535009254236, -0.0033100056462, 0.00934252515435, -0.00371984392405, 0.00131040241104, 0.000211580336327, 0.000786033109762, -0.00121845549438, -0.000903084001038], [-0.000296767510008, 0.000797051470727, -0.00106136582326, -0.000428325147368, 0.000193295214558, 0.000788281380665, -0.00371984392405, 0.0100054042414, -0.00286196381785, 0.00143588671926, -0.00147707364522, 0.00251443311572, -0.000947159831412], [0.000259992782958, -0.000239538392634, -9.09700975171e-06, 0.000242068752414, 0.000881258689333, -0.000694599410053, 0.00131040241104, -0.00286196381785, 0.0078605953604, -0.00490064593032, 0.00260586175136, -0.00187866319902, 0.00189086981118], [-5.34468745172e-05, -0.000370234134607, 0.000144360921695, 5.59593645448e-05, 0.000138253308251, -0.00202915840782, 0.000211580336327, 0.00143588671926, -0.00490064593032, 0.00968261715025, -0.00270521384664, -0.00124966539443, 0.000919035170227], [0.000152520515257, 1.48383933265e-05, 0.000606441521086, -0.00112768309191, -0.00150339410175, 0.00133374682628, 0.000786033109762, -0.00147707364522, 0.00260586175136, -0.00270521384664, 0.00991956330836, -0.00205580121838, 0.000535239407327], [-0.000205515461857, 0.000530857534613, -0.000349349400494, 4.48976497864e-05, 0.000495049112942, -0.00167439389043, -0.00121845549438, 0.00251443311572, -0.00187866319902, -0.00124966539443, -0.00205580121838, 0.00992673728615, -0.00482899695635], [2.47762127401e-05, 0.000168995480635, 0.000299638079014, 0.000572423858102, -0.00126075011212, 0.000689570966642, -0.000903084001038, -0.000947159831412, 0.00189086981118, 0.000919035170227, 0.000535239407327, -0.00482899695635, 0.00992611888796]], "mean": [-769.404846191, 177.17427063, 6.66909217834, 30.1497707367, -5.23687124252, 2.54167485237, -1.20013487339, -7.71695613861, -6.01523447037, 2.31272435188, -2.24614739418, -6.08594274521, -8.4777545929], "cov": [[11247.5712891, 775.089294434, -2374.91845703, -146.852828979, -969.828491211, -203.134933472, -162.183486938, -104.586746216, -225.367599487, -15.0084753036, -100.525085449, 54.8208045959, -18.5040340424], [775.089294434, 1317.16357422, 321.60824585, 83.3950805664, 65.885635376, 67.0557327271, 18.021024704, -38.3660774231, 74.5026397705, 100.282363892, -26.6425952911, -40.7447738647, -79.0514984131], [-2374.91845703, 321.60824585, 1132.65686035, 231.292770386, 351.148712158, 131.067733765, 71.5457687378, 68.1400756836, 91.2066650391, 43.4694595337, 18.6151885986, -19.7137527466, -30.5641059875], [-146.852828979, 83.3950805664, 231.292770386, 338.986968994, 156.714096069, 30.6241779327, 18.9290885925, 30.6939029694, -31.0277290344, -4.4856505394, 55.0978965759, -6.41497135162, -4.92171239853], [-969.828491211, 65.885635376, 351.148712158, 156.714096069, 309.362335205, 98.7663803101, 40.4171447754, 13.1771249771, -9.23292732239, 13.4906110764, 50.997844696, 12.5513134003, 22.8938522339], [-203.134933472, 67.0557327271, 131.067733765, 30.6241779327, 98.7663803101, 188.748596191, 65.5067749023, 5.42265939713, 61.2355232239, 71.9426956177, -1.938570261, 54.2666168213, 7.73121738434], [-162.183486938, 18.021024704, 71.5457687378, 18.9290885925, 40.4171447754, 65.5067749023, 157.4246521, 49.8757629395, -0.802421212196, 0.39643907547, -3.02825188637, 27.8684959412, 30.3484706879], [-104.586746216, -38.3660774231, 68.1400756836, 30.6939029694, 13.1771249771, 5.42265939713, 49.8757629395, 142.798599243, 30.5186252594, -10.9222612381, 3.96331596375, -22.027223587, 0.81572663784], [-225.367599487, 74.5026397705, 91.2066650391, -31.0277290344, -9.23292732239, 61.2355232239, -0.802421212196, 30.5186252594, 283.868560791, 153.331130981, -32.7211532593, 38.6266098022, -51.9733734131], [-15.0084753036, 100.282363892, 43.4694595337, -4.4856505394, 13.4906110764, 71.9426956177, 0.39643907547, -10.9222612381, 153.331130981, 215.987960815, 19.4237937927, 55.7114181519, -30.1645679474], [-100.525085449, -26.6425952911, 18.6151885986, 55.0978965759, 50.997844696, -1.938570261, -3.02825188637, 3.96331596375, -32.7211532593, 19.4237937927, 134.958847046, 26.3491287231, 13.6561174393], [54.8208045959, -40.7447738647, -19.7137527466, -6.41497135162, 12.5513134003, 54.2666168213, 27.8684959412, -22.027223587, 38.6266098022, 55.7114181519, 26.3491287231, 175.293533325, 71.1218948364], [-18.5040340424, -79.0514984131, -30.5641059875, -4.92171239853, 22.8938522339, 7.73121738434, 30.3484706879, 0.81572663784, -51.9733734131, -30.1645679474, 13.6561174393, 71.1218948364, 155.110031128]]}, "spectral_decrease": {"dmean": 1.19477228111e-09, "dvar2": 6.39491594485e-18, "mean": -5.18695530971e-09, "var": 2.63599052009e-17, "dmean2": 1.66162061888e-09, "dvar": 3.20388392502e-18, "min": -4.53593536065e-08, "median": -3.73751340987e-09, "max": 2.27841951088e-29}, "zerocrossingrate": {"dmean": 0.00319463852793, "dvar2": 4.80884045828e-05, "mean": 0.0243156868964, "var": 0.000290722236969, "dmean2": 0.00402473518625, "dvar": 3.37943019986e-05, "min": 0.0029296875, "median": 0.021484375, "max": 0.50830078125}, "spectral_contrast_coeffs": {"dmean": [0.0427075326443, 0.0396997742355, 0.035992026329, 0.0308484975249, 0.0239786263555, 0.0201387535781], "dvar2": [0.00330901006237, 0.00305029237643, 0.00269067962654, 0.00206688325852, 0.00123217119835, 0.000826060248073], "mean": [-0.578040897846, -0.653445601463, -0.670998692513, -0.719002664089, -0.750780642033, -0.753016114235], "var": [0.0118922255933, 0.0113971363753, 0.0130130015314, 0.00781497824937, 0.00503670191392, 0.00347692449577], "dmean2": [0.0682559832931, 0.0627909228206, 0.0557208471, 0.0483077317476, 0.037113904953, 0.030897911638], "dvar": [0.00136491435114, 0.00131480954587, 0.0012580108596, 0.000964284874499, 0.000622700667009, 0.000388414977351], "min": [-0.970737218857, -0.977130889893, -0.974791586399, -0.971923828125, -0.963885128498, -0.961019039154], "median": [-0.577293157578, -0.663159191608, -0.677906990051, -0.720505595207, -0.742409050465, -0.75280380249], "max": [-0.213051214814, -0.271980762482, -0.329708099365, -0.434287697077, -0.524519920349, -0.543443858624]}, "spectral_skewness": {"dmean": 0.51300662756, "dvar2": 0.67417383194, "mean": 2.92540812492, "var": 2.15765237808, "dmean2": 0.852845728397, "dvar": 0.273576468229, "min": 0.0294518042356, "median": 2.55754804611, "max": 12.9430189133}, "spectral_energyband_middle_high": {"dmean": 0.000629672431387, "dvar2": 5.32568765266e-06, "mean": 0.00236071227118, "var": 2.08302990359e-05, "dmean2": 0.000824456103146, "dvar": 3.08963876705e-06, "min": 1.42296542571e-21, "median": 0.000727163511328, "max": 0.0659989193082}, "gfcc": {"icov": [[0.000260005588643, -0.000715260917787, 0.000755425833631, -0.000544477137737, 0.000473027641419, -0.000109162865556, 9.78770549409e-05, -0.000163229226018, 0.000282131164568, -0.000287497998215, 0.000323988089804, -0.000354736315785, 0.00019393103139], [-0.000715260917787, 0.00396293215454, -0.00273655448109, 0.0024732677266, -0.00240103737451, 0.00190823257435, -0.00164050213061, 0.0022441369947, -0.00220849178731, 0.0025907268282, -0.00212167669088, 0.00244026631117, -0.000717592600267], [0.000755425833631, -0.00273655448109, 0.00327979680151, -0.00212496751919, 0.000775087974034, -0.000874958408531, 0.00101286964491, -0.00117389741354, 0.00112855748739, -0.000870931893587, 0.00123720243573, -0.00157704856247, 0.000471341016237], [-0.000544477137737, 0.0024732677266, -0.00212496751919, 0.00555338570848, -0.00334039260633, 0.000603052496444, -0.000271348922979, 0.000380610261345, -0.00119740876835, 0.0029319783207, -0.00175894692075, 0.00129963166546, 0.00100644840859], [0.000473027641419, -0.00240103737451, 0.000775087974034, -0.00334039260633, 0.00874456390738, -0.00259242719039, 7.90416888776e-05, -3.99758537242e-05, 8.86967900442e-05, -0.00260991672985, 0.00163304270245, -0.000539370346814, 0.00173090584576], [-0.000109162865556, 0.00190823257435, -0.000874958408531, 0.000603052496444, -0.00259242719039, 0.00708785653114, -0.00400527333841, 0.000856979691889, -6.64537365083e-05, -0.00044847666868, -0.00105962646194, 0.00157311977819, -0.000340122467605], [9.78770549409e-05, -0.00164050213061, 0.00101286964491, -0.000271348922979, 7.90416888776e-05, -0.00400527333841, 0.00967384595424, -0.00392447924241, -0.000423174962634, 0.000533432001248, 1.53542514454e-05, 0.00054101285059, -0.00276421429589], [-0.000163229226018, 0.0022441369947, -0.00117389741354, 0.000380610261345, -3.99758537242e-05, 0.000856979691889, -0.00392447924241, 0.010983995162, -0.0033639324829, -0.000439238996478, 0.00113255495671, -0.00264960643835, 0.00130983034614], [0.000282131164568, -0.00220849178731, 0.00112855748739, -0.00119740876835, 8.86967900442e-05, -6.64537365083e-05, -0.000423174962634, -0.0033639324829, 0.0105786165223, -0.00583392893896, 0.00217162701301, 0.0016049008118, -0.00262297946028], [-0.000287497998215, 0.0025907268282, -0.000870931893587, 0.0029319783207, -0.00260991672985, -0.00044847666868, 0.000533432001248, -0.000439238996478, -0.00583392893896, 0.0125994002447, -0.00483649410307, 0.00153933092952, 0.00154200976249], [0.000323988089804, -0.00212167669088, 0.00123720243573, -0.00175894692075, 0.00163304270245, -0.00105962646194, 1.53542514454e-05, 0.00113255495671, 0.00217162701301, -0.00483649410307, 0.00907921325415, -0.00572226941586, 0.00142516114283], [-0.000354736315785, 0.00244026631117, -0.00157704856247, 0.00129963166546, -0.000539370346814, 0.00157311977819, 0.00054101285059, -0.00264960643835, 0.0016049008118, 0.00153933092952, -0.00572226941586, 0.0126389367506, -0.00411774776876], [0.00019393103139, -0.000717592600267, 0.000471341016237, 0.00100644840859, 0.00173090584576, -0.000340122467605, -0.00276421429589, 0.00130983034614, -0.00262297946028, 0.00154200976249, 0.00142516114283, -0.00411774776876, 0.0112598221749]], "mean": [-126.694587708, 156.177139282, -111.675041199, 22.2379493713, -57.2645301819, -4.4523692131, -30.1628494263, -7.60427522659, -22.6540679932, -4.80579328537, -11.9254989624, -15.5419902802, -5.66314554214], "cov": [[15688.0957031, 1253.95690918, -3037.52172852, -363.354522705, -642.090942383, -620.278991699, 1.70550858974, -353.56237793, -70.4139633179, -229.421554565, -29.1783447266, -123.132446289, 64.5399475098], [1253.95690918, 1535.80957031, 607.717529297, -62.0429725647, 165.892562866, -158.475280762, 68.4533843994, -211.768997192, 112.42943573, -160.58833313, -49.4039764404, -200.930679321, 48.4924888611], [-3037.52172852, 607.717529297, 1598.140625, 273.211273193, 306.043518066, 73.325378418, -9.52691650391, -15.2174787521, 25.5485229492, -68.048034668, -27.157327652, -52.40051651, -46.1284828186], [-363.354522705, -62.0429725647, 273.211273193, 389.978515625, 147.828262329, 51.0581474304, -22.5807723999, 7.94004058838, -22.1082038879, -29.7930736542, 5.25984191895, -18.996421814, -80.322807312], [-642.090942383, 165.892562866, 306.043518066, 147.828262329, 269.872955322, 102.075233459, 38.2953414917, 0.121404953301, 52.5048904419, 25.9951896667, -19.6216907501, -63.3861045837, -45.4346733093], [-620.278991699, -158.475280762, 73.325378418, 51.0581474304, 102.075233459, 281.390289307, 112.050796509, 58.4660148621, 42.0606498718, 63.4490699768, 5.15806293488, -16.5724639893, 0.860692322254], [1.70550858974, 68.4533843994, -9.52691650391, -22.5807723999, 38.2953414917, 112.050796509, 207.23588562, 64.4241638184, 73.2020797729, 17.9066009521, -19.8943386078, -21.6853618622, 56.8166999817], [-353.56237793, -211.768997192, -15.2174787521, 7.94004058838, 0.121404953301, 58.4660148621, 64.4241638184, 173.566055298, 53.4387245178, 53.0665054321, -8.56798362732, 41.1258468628, 11.1987600327], [-70.4139633179, 112.42943573, 25.5485229492, -22.1082038879, 52.5048904419, 42.0606498718, 73.2020797729, 53.4387245178, 199.526657104, 73.1286697388, -38.045425415, -52.8206481934, 36.2018127441], [-229.421554565, -160.58833313, -68.048034668, -29.7930736542, 25.9951896667, 63.4490699768, 17.9066009521, 53.0665054321, 73.1286697388, 173.318054199, 55.3749008179, 12.9550333023, -13.5994119644], [-29.1783447266, -49.4039764404, -27.157327652, 5.25984191895, -19.6216907501, 5.15806293488, -19.8943386078, -8.56798362732, -38.045425415, 55.3749008179, 206.921188354, 90.1032028198, -12.3797206879], [-123.132446289, -200.930679321, -52.40051651, -18.996421814, -63.3861045837, -16.5724639893, -21.6853618622, 41.1258468628, -52.8206481934, 12.9550333023, 90.1032028198, 174.726013184, 30.7571411133], [64.5399475098, 48.4924888611, -46.1284828186, -80.322807312, -45.4346733093, 0.860692322254, 56.8166999817, 11.1987600327, 36.2018127441, -13.5994119644, -12.3797206879, 30.7571411133, 142.667068481]]}, "erbbands_spread": {"dmean": 3.49832296371, "dvar2": 58.6059036255, "mean": 21.2802715302, "var": 132.007736206, "dmean2": 5.33724355698, "dvar": 24.8017559052, "min": 0.59717220068, "median": 19.7725543976, "max": 152.281066895}, "erbbands_kurtosis": {"dmean": 1.45303177834, "dvar2": 34.9243392944, "mean": 3.22548913956, "var": 104.181625366, "dmean2": 2.26240158081, "dvar": 15.6578197479, "min": -1.76960861683, "median": 1.33860397339, "max": 264.439544678}, "dynamic_complexity": 5.25872564316, "erbbands_crest": {"dmean": 2.12316703796, "dvar2": 12.2357110977, "mean": 13.6079835892, "var": 26.5352802277, "dmean2": 3.256098032, "dvar": 5.20813655853, "min": 2.63489222527, "median": 12.7917690277, "max": 33.5887069702}, "erbbands": {"dmean": [0.00993567984551, 0.171740099788, 0.630787670612, 1.64175331593, 5.38314628601, 7.9054479599, 5.77900028229, 8.24694538116, 5.49450492859, 5.91732597351, 7.74100589752, 12.9882555008, 7.9274520874, 6.19833230972, 8.01045227051, 4.66384458542, 6.81939029694, 4.00790548325, 4.41885519028, 3.25771951675, 1.56977105141, 0.765880465508, 1.28044700623, 1.15965676308, 1.28997170925, 0.557439804077, 0.447256207466, 0.328347027302, 0.303538441658, 0.120244637132, 0.0862267389894, 0.044344112277, 0.0259449370205, 0.0126695968211, 0.00750348065048, 0.00291926087812, 0.000751404382754, 8.09450357337e-05, 3.67329380424e-06, 5.27292422703e-06], "dvar2": [0.000465150980745, 0.211705416441, 4.52196264267, 25.865858078, 323.609863281, 671.842224121, 527.605407715, 1269.46777344, 487.103179932, 642.361022949, 3106.6574707, 3143.41015625, 1501.7277832, 980.730651855, 2795.73657227, 517.057128906, 1473.4543457, 760.727111816, 506.160522461, 564.484130859, 59.0668678284, 13.0573482513, 115.498138428, 43.1978645325, 124.78062439, 6.59958600998, 3.86593770981, 11.7775115967, 30.9441661835, 2.06599617004, 1.79222238064, 0.37257668376, 0.11632809788, 0.0281627234071, 0.0121110342443, 0.00160495052114, 0.000124003679957, 1.73233206624e-06, 7.64304342038e-10, 1.2723301579e-10], "mean": [0.0287844352424, 0.455108582973, 1.49892830849, 3.9993994236, 10.9031438828, 19.4743652344, 20.0768604279, 28.6008014679, 16.5008735657, 20.9881324768, 24.9639644623, 65.3019638062, 30.575466156, 20.4268856049, 21.6195030212, 13.1657848358, 18.6305789948, 12.0137233734, 11.5942373276, 9.3240852356, 5.11061286926, 2.07003736496, 2.83757448196, 2.80945730209, 2.47135639191, 1.40691447258, 1.40030896664, 0.753826737404, 0.379848897457, 0.184600114822, 0.111600086093, 0.0526562333107, 0.0342547446489, 0.0149244917557, 0.00751039292663, 0.0028630355373, 0.000619401456788, 6.99452648405e-05, 1.14152744572e-05, 2.31173162319e-05], "var": [0.00365869747475, 0.711689293385, 6.11706781387, 37.1377601624, 370.82723999, 1035.14941406, 1894.78356934, 5861.37451172, 1443.88415527, 2409.99731445, 8231.66015625, 36780.8125, 7975.5078125, 3809.86987305, 7492.48828125, 1720.04675293, 3121.70947266, 1564.68444824, 1108.7911377, 947.907348633, 323.153869629, 20.5725307465, 56.4101486206, 31.7779502869, 37.734664917, 6.93308448792, 7.41113233566, 5.48099565506, 5.8938331604, 0.486335903406, 0.38772803545, 0.0843635499477, 0.0260687768459, 0.0060576191172, 0.00240709935315, 0.00032759111491, 2.46489234996e-05, 3.4706556562e-07, 2.82522144568e-10, 5.4631671409e-10], "dmean2": [0.0125216282904, 0.233889386058, 0.955660164356, 2.50711154938, 8.0002374649, 11.9437322617, 8.42231464386, 11.8107757568, 8.34861660004, 8.57019901276, 10.4023742676, 15.9751348495, 9.92564105988, 7.85467529297, 10.2062730789, 6.38710212708, 9.57929897308, 5.9584646225, 6.24186038971, 4.7677154541, 2.24769496918, 1.1567504406, 2.03606438637, 1.80682575703, 2.11196279526, 0.860122382641, 0.674775540829, 0.534703850746, 0.544053435326, 0.206843286753, 0.152119770646, 0.0780219510198, 0.0452081672847, 0.0224619228393, 0.0136258276179, 0.00528488773853, 0.00138047034852, 0.000148432154674, 5.76374213779e-06, 7.33070646675e-06], "dvar": [0.000354420975782, 0.102694801986, 1.98255193233, 10.3607845306, 153.543121338, 294.908050537, 274.438049316, 659.4453125, 227.944625854, 329.652191162, 1403.63269043, 2278.74291992, 1058.61682129, 598.925964355, 1696.03601074, 332.549346924, 757.384460449, 366.491760254, 250.979476929, 257.276275635, 39.9621620178, 5.6435842514, 41.1744346619, 16.1440906525, 43.3692016602, 2.57849025726, 1.62841665745, 4.19891452789, 10.4800128937, 0.71205997467, 0.617331326008, 0.131564423442, 0.0408094339073, 0.0098014222458, 0.00417712144554, 0.000558310537599, 4.30084946856e-05, 6.02409613748e-07, 2.69732847169e-10, 6.38642749795e-11], "min": [1.32616772453e-21, 6.86043566771e-21, 4.48912937916e-21, 3.82835731102e-20, 1.94246151162e-19, 1.33004826385e-19, 4.39828055254e-20, 1.93719043241e-19, 3.23456338185e-19, 3.94753671819e-19, 9.57722224321e-19, 7.89556043897e-19, 1.30099173537e-18, 2.30000050862e-18, 1.47579071524e-18, 3.36112599638e-18, 1.91516196646e-18, 5.28351772819e-18, 5.29756490935e-18, 5.78441488017e-18, 4.74907054415e-18, 9.05266710532e-18, 1.59377702812e-17, 6.92844289046e-18, 1.16834951912e-17, 1.47871322706e-17, 2.08751964683e-17, 1.72880036648e-17, 1.59997261091e-17, 1.62172812276e-17, 1.71208618959e-17, 1.77517492404e-17, 1.56811077176e-17, 1.06935494223e-17, 6.50094809167e-18, 6.04499455751e-18, 3.13475003058e-18, 1.26803768695e-18, 3.40016054609e-19, 3.30095923092e-20], "median": [0.00536596262828, 0.134471774101, 0.636195361614, 1.87849402428, 4.218978405, 7.45964813232, 5.11271333694, 3.33682203293, 4.47631025314, 5.18017864227, 5.13953304291, 4.87446165085, 4.32518625259, 1.90576899052, 1.98774909973, 2.45023322105, 2.73119187355, 1.87835144997, 1.94711720943, 1.02722132206, 0.767352283001, 0.596337497234, 0.759859204292, 0.693102180958, 0.561486244202, 0.511347949505, 0.321400374174, 0.161646977067, 0.0793627649546, 0.0466541387141, 0.0262108631432, 0.0125038642436, 0.00864539854228, 0.00362638989463, 0.00152748369146, 0.000577710277867, 0.000103580736322, 1.23170875668e-05, 7.64815922594e-06, 1.65210440173e-05], "max": [0.530581355095, 6.06259202957, 40.3243713379, 71.2036743164, 392.569976807, 362.378509521, 561.237976074, 798.983398438, 688.617980957, 700.903137207, 2965.27197266, 2389.92041016, 2502.49145508, 1258.36108398, 1817.40820312, 1267.53271484, 830.641418457, 976.0703125, 645.535705566, 766.209716797, 468.862243652, 68.798866272, 249.551452637, 115.895904541, 270.023498535, 36.6613845825, 37.6828079224, 58.4981613159, 116.660636902, 23.4869976044, 44.5597114563, 11.4690599442, 6.81231880188, 2.74863123894, 1.87248909473, 0.619470357895, 0.207358300686, 0.0378038398921, 0.000785169773735, 0.000206442331546]}, "silence_rate_30dB": {"dmean": 0.00467775482684, "dvar2": 0.0106544746086, "mean": 0.991944551468, "var": 0.00799102894962, "dmean2": 0.00935631990433, "dvar": 0.00465599726886, "min": 0, "median": 1, "max": 1}, "silence_rate_60dB": {"dmean": 0.0327442809939, "dvar2": 0.069169960916, "mean": 0.11901255697, "var": 0.104844771326, "dmean2": 0.0654942393303, "dvar": 0.0316694267094, "min": 0, "median": 0, "max": 1}, "spectral_energyband_middle_low": {"dmean": 0.00375960813835, "dvar2": 7.48473830754e-05, "mean": 0.0148390568793, "var": 0.000254699960351, "dmean2": 0.005361658521, "dvar": 3.57861936209e-05, "min": 2.45238351912e-22, "median": 0.00972186401486, "max": 0.136779800057}, "spectral_spread": {"dmean": 327895.71875, "dvar2": 493976059904, "mean": 2708019.25, "var": 1296966352900.0, "dmean2": 540346.9375, "dvar": 298956619776, "min": 470061.21875, "median": 2616040.25, "max": 41122316}, "barkbands": {"dmean": [3.1378665426e-06, 0.000629274756648, 0.000690718647093, 0.000704836798832, 0.00213099387474, 0.000867810391355, 0.000394638103899, 0.0003492096439, 0.000516077503562, 0.000205201708013, 0.000198345529498, 0.000105387684016, 0.000152828171849, 6.59727520542e-05, 0.000101175653981, 2.8518421459e-05, 1.51865315274e-05, 2.33173614106e-05, 2.63460478891e-05, 1.28105957629e-05, 9.81873563433e-06, 6.97621680956e-06, 2.97854967357e-06, 1.77839319804e-06, 1.04608363927e-06, 4.9840173233e-07, 8.5447995346e-09], "dvar2": [1.72085387606e-10, 2.72544207292e-06, 5.60911121283e-06, 5.63359026273e-06, 4.02635523642e-05, 1.05844374048e-05, 3.0547539609e-06, 5.1327078836e-06, 4.59396596852e-06, 1.09547841021e-06, 1.57548072366e-06, 2.87006912458e-07, 7.86982411682e-07, 2.054802