{"tonal": {"chords_number_rate": 0.0037921036128, "thpcp": [1, 0.660468280315, 0.285085201263, 0.322976827621, 0.265483140945, 0.466155916452, 0.853374540806, 0.622558414936, 0.297581642866, 0.34929767251, 0.295186281204, 0.295412421227, 0.361141353846, 0.276475608349, 0.347657293081, 0.628433167934, 0.516191720963, 0.237317159772, 0.27322357893, 0.282931864262, 0.468468755484, 0.808182060719, 0.652095675468, 0.708252727985, 0.911778450012, 0.522584140301, 0.370143055916, 0.655010998249, 0.606157779694, 0.489283084869, 0.558969676495, 0.36904630065, 0.219912171364, 0.298975139856, 0.282509595156, 0.57159358263], "hpcp": {"dvar": [0.0151853477582, 0.0166080426425, 0.0178100746125, 0.0186343900859, 0.0228424072266, 0.0175685342401, 0.0230785496533, 0.0258590690792, 0.0295163169503, 0.0339403562248, 0.0320642441511, 0.0327305458486, 0.0253051109612, 0.0282167103142, 0.0258861072361, 0.0285549815744, 0.0264875497669, 0.0253193899989, 0.0237888786942, 0.0204618182033, 0.0154422419146, 0.0153067763895, 0.0184784773737, 0.0240976884961, 0.0309806149453, 0.0273662153631, 0.0200855527073, 0.0219446066767, 0.0198644809425, 0.0194739270955, 0.0252817329019, 0.0212236139923, 0.0147786531597, 0.0122680244967, 0.01300677564, 0.0159091539681], "mean": [0.0897509157658, 0.0687097683549, 0.0863998532295, 0.156178325415, 0.128284066916, 0.0589781031013, 0.0679015740752, 0.0703142806888, 0.116423942149, 0.200849547982, 0.162058934569, 0.176015093923, 0.226595342159, 0.129872709513, 0.0919880196452, 0.162783458829, 0.150642439723, 0.121596723795, 0.138915240765, 0.0917154550552, 0.0546526126564, 0.0743013545871, 0.0702093392611, 0.142052546144, 0.248520180583, 0.164139702916, 0.0708494260907, 0.0802662596107, 0.0659779161215, 0.115849152207, 0.212080791593, 0.154718324542, 0.0739550441504, 0.0868075191975, 0.0733597502112, 0.0734159499407], "min": [0, 0, 0, 0, 0, 0, 0, 0, 0, 0, 0, 0, 0, 0, 0, 0, 0, 0, 0, 0, 0, 0, 0, 0, 0, 0, 0, 0, 0, 0, 0, 0, 0, 0, 0, 0], "median": [0.012836820446, 0.0111457398161, 0.00954420678318, 0.0110903857276, 0.0111214928329, 0.0114142838866, 0.00526464357972, 0.00597961898893, 0.0278211627156, 0.048337303102, 0.0492916479707, 0.0258287694305, 0.0162727348506, 0.0144674731418, 0.0124074006453, 0.0151208713651, 0.0164790097624, 0.0182463508099, 0.0131926955655, 0.0100071467459, 0.0079727564007, 0.00622621923685, 0.00706228567287, 0.0392736531794, 0.0700930804014, 0.0504427440464, 0.0107034612447, 0.00618425197899, 0.00577210215852, 0.0356518179178, 0.0770918875933, 0.057404845953, 0.017327087, 0.012438710779, 0.0125134047121, 0.0125380111858], "dvar2": [0.0380206741393, 0.0455395802855, 0.0523976832628, 0.0488231815398, 0.0628764778376, 0.0484730601311, 0.0606023930013, 0.0673953667283, 0.0842255428433, 0.0908793956041, 0.0826828330755, 0.0859919860959, 0.064829595387, 0.0754170939326, 0.0703900903463, 0.0770790055394, 0.0697888284922, 0.0685945153236, 0.063209630549, 0.0528825782239, 0.0403178632259, 0.0396879352629, 0.0497168749571, 0.0668522641063, 0.0784405395389, 0.0693272724748, 0.052231952548, 0.0569805428386, 0.0515594482422, 0.0552005432546, 0.0625290796161, 0.0539642125368, 0.0404562801123, 0.031248902902, 0.0334429331124, 0.0422945059836], "var": [0.0425347164273, 0.0225166436285, 0.0294413994998, 0.0889015644789, 0.0619538016617, 0.0153268547729, 0.0282629150897, 0.0294193495065, 0.0410709008574, 0.0949318856001, 0.0588158890605, 0.0730323716998, 0.138439491391, 0.0437721312046, 0.03324791044, 0.0838893130422, 0.0740190222859, 0.0514037124813, 0.0744044184685, 0.0338824801147, 0.0166905615479, 0.0385417304933, 0.0330973304808, 0.0457596704364, 0.112594105303, 0.0542159490287, 0.0274061709642, 0.0393527820706, 0.0273891761899, 0.0361749008298, 0.0874013602734, 0.0481665097177, 0.0207366719842, 0.0401773527265, 0.0274412706494, 0.0263747684658], "dmean2": [0.0863075777888, 0.0995021611452, 0.108090877533, 0.104294456542, 0.119303531945, 0.0991537049413, 0.108260460198, 0.115749269724, 0.147358298302, 0.16524964571, 0.18178665638, 0.176295503974, 0.126097694039, 0.151952475309, 0.132521674037, 0.146036565304, 0.139348730445, 0.136848777533, 0.11656524241, 0.108106359839, 0.0799296200275, 0.0741355195642, 0.0866855084896, 0.135544642806, 0.157039657235, 0.150387570262, 0.0987314209342, 0.0986591130495, 0.094104886055, 0.118623428047, 0.148027732968, 0.137958556414, 0.0967024117708, 0.076000444591, 0.0850747302175, 0.0923727154732], "max": [1, 1, 1, 1, 1, 1, 1, 1, 1, 1, 1, 1, 1, 1, 1, 1, 1, 1, 1, 1, 1, 1, 1, 1, 1, 1, 1, 1, 1, 1, 1, 1, 1, 1, 1, 1], "dmean": [0.0512214004993, 0.0572298467159, 0.0618012547493, 0.0608723014593, 0.069850884378, 0.0558279193938, 0.0615411549807, 0.0671454519033, 0.0844016745687, 0.0963959097862, 0.105361431837, 0.102062314749, 0.0712692886591, 0.0878333821893, 0.0762972384691, 0.0838106423616, 0.0810911878943, 0.0789843574166, 0.0681968927383, 0.0630140304565, 0.0458674803376, 0.0426308214664, 0.0493811890483, 0.078801356256, 0.0926777124405, 0.0887006744742, 0.0572203360498, 0.0566968508065, 0.0546993389726, 0.0701667815447, 0.091484606266, 0.084283657372, 0.0558126084507, 0.0449340641499, 0.049423225224, 0.0546357221901]}, "key_strength": 0.521158516407, "chords_strength": {"dvar": 0.000466501165647, "mean": 0.456599593163, "min": -1, "median": 0.471876084805, "dvar2": 0.00086942728376, "var": 0.0338348411024, "dmean2": 0.00750066293404, "max": 0.78196400404, "dmean": 0.00817487761378}, "tuning_equal_tempered_deviation": 0.0586853213608, "chords_key": "A#", "tuning_frequency": 437.718536377, "chords_scale": "major", "chords_changes_rate": 0.0542047731578, "key_scale": "major", "tuning_diatonic_strength": 0.366073042154, "hpcp_entropy": {"dvar": 0.198157653213, "mean": 1.75517129898, "min": 0, "median": 1.77085363865, "dvar2": 0.532045006752, "var": 0.435427963734, "dmean2": 0.838047385216, "max": 3.86056041718, "dmean": 0.489818274975}, "chords_histogram": [6.93731880188, 1.65068030357, 6.69194746017, 2.52063345909, 6.95962524414, 1.49453485012, 0.646888256073, 0.646888256073, 3.36828017235, 0.468436300755, 0.646888256073, 0.200758427382, 0.156145438552, 1.33838951588, 0.646888256073, 9.63640403748, 4.59513711929, 7.07115793228, 4.52821779251, 12.6923933029, 4.39437866211, 2.56524658203, 13.606959343, 6.53580188751], "tuning_nontempered_energy_ratio": 0.690049052238, "key_key": "F"}, "metadata": {"version": {"extractor": "music 1.0", "essentia_build_sha": "70f2e5ece6736b2c40cc944ad0e695b16b925413", "essentia": "2.1-beta2", "essentia_git_sha": "v2.1_beta2"}, "audio_properties": {"sample_rate": 44100, "length": 208.117553711, "lossless": false, "analysis_sample_rate": 44100, "downmix": "mix", "bit_rate": 192000, "equal_loudness": 0, "md5_encoded": "8eefa26408a65fb96249df77f7fa25a5", "codec": "mp3", "replay_gain": -8.62324714661}, "tags": {"genre": ["Other"], "albumartist": ["Rotary Connection"], "date": ["1996"], "musicbrainz_recordingid": ["59a6fc63-f0b9-43fc-b064-126e2ab5ed21"], "file_name": "307551.mp3", "title": ["this town"], "tracknumber": ["7"], "album": ["Rotary Connection"], "artist": ["Rotary Connection"]}}, "lowlevel": {"melbands": {"dvar": [8.40113969502e-08, 1.3517845332e-07, 4.87820308592e-08, 5.46101261989e-08, 6.64278658746e-08, 5.70141160949e-08, 1.84434956196e-08, 7.61780327707e-08, 1.50752811123e-07, 1.79330257311e-07, 1.15911461762e-07, 1.88226874087e-08, 1.51044634578e-08, 4.00642683474e-08, 1.72825842526e-08, 1.81539867583e-08, 2.99682341165e-08, 7.5246147091e-09, 5.31091703948e-09, 2.58683985344e-09, 8.84279371949e-10, 1.81887960249e-09, 5.35639699262e-10, 1.05074469958e-10, 1.27829663521e-10, 2.20734854006e-11, 1.01743665576e-11, 1.1605320871e-11, 3.68708952259e-11, 1.22861261095e-11, 2.13467889199e-11, 2.29713058471e-12, 3.01843836384e-12, 5.02846115441e-12, 4.39249071144e-12, 4.5846204437e-12, 5.14505050977e-13, 8.45185033072e-13, 6.38809155313e-13, 2.96210620051e-13], "mean": [0.00117175106425, 0.00115250633098, 0.000251176563324, 0.000267412659014, 0.000293830729788, 0.000257393840002, 0.000134587549837, 0.000224040108151, 0.000235648840317, 0.000267656345386, 0.000196174558369, 8.21940047899e-05, 6.93140318617e-05, 0.000101952580735, 6.26182518317e-05, 6.99492375134e-05, 0.000106615065306, 4.55622575828e-05, 3.41281411238e-05, 2.15992859012e-05, 1.52593202074e-05, 1.90361406567e-05, 1.48508788698e-05, 8.60290219862e-06, 6.8532935984e-06, 3.1885797398e-06, 2.07043854061e-06, 1.81074415195e-06, 1.55988027473e-06, 1.61010484589e-06, 1.61424418366e-06, 9.20353556921e-07, 6.21603760464e-07, 4.81421068343e-07, 4.2933226041e-07, 3.42088981142e-07, 1.58021080665e-07, 1.99304466264e-07, 1.89942952034e-07, 1.21590574054e-07], "min": [6.70906478368e-25, 1.2334123257e-24, 1.26285350215e-24, 7.49936881132e-25, 1.30849719134e-24, 1.46765766897e-24, 1.34900293085e-24, 2.54103141624e-24, 1.87442639918e-24, 2.76840321723e-24, 2.53897584194e-24, 1.91567889414e-24, 2.08905375781e-24, 2.71681960264e-24, 1.97898340406e-24, 2.35024915341e-24, 4.67370306844e-24, 3.19678091839e-24, 2.15895077832e-24, 2.95835895106e-24, 3.99686711708e-24, 3.86933236896e-24, 3.81647750502e-24, 3.83638243781e-24, 4.25539734611e-24, 4.43442577867e-24, 4.42482218601e-24, 3.5390524796e-24, 3.22303342046e-24, 4.86164720696e-24, 5.9214076802e-24, 4.36149440469e-24, 5.76058734062e-24, 5.01067289272e-24, 5.13320744599e-24, 5.79761883809e-24, 5.08420695643e-24, 5.96441243245e-24, 5.5630352707e-24, 5.46731094416e-24], "median": [0.000396232120693, 0.000624263542704, 0.000111680223199, 0.000136391376145, 0.000149589788634, 0.000104486563941, 4.7679128329e-05, 4.18839299527e-05, 2.41364905378e-05, 2.22154631047e-05, 1.70145594893e-05, 9.23036350287e-06, 9.47185981204e-06, 8.13401948108e-06, 5.33311049367e-06, 6.86846988174e-06, 1.89755792235e-05, 5.37136793355e-06, 3.1115641832e-06, 2.39561586568e-06, 1.91296931007e-06, 2.03736908588e-06, 1.30496505335e-06, 1.12731311219e-06, 5.8776709011e-07, 2.73078512691e-07, 1.80979299103e-07, 1.41864973102e-07, 1.08898383644e-07, 8.69903900025e-08, 6.23083522555e-08, 5.8370201117e-08, 4.63258871264e-08, 2.84662426964e-08, 1.57973207848e-08, 9.95402693604e-09, 5.56524604178e-09, 4.22290202806e-09, 3.38830274949e-09, 2.72908362575e-09], "dvar2": [1.2900223112e-07, 2.71101754379e-07, 1.23326444168e-07, 1.39823939094e-07, 1.71542566818e-07, 1.57141982982e-07, 4.25773478696e-08, 1.58520492732e-07, 3.49941842614e-07, 3.35493695047e-07, 2.91722471957e-07, 3.8896281751e-08, 2.9624150244e-08, 1.01980603517e-07, 4.54378827897e-08, 4.41592042932e-08, 7.55750590997e-08, 1.46274725665e-08, 1.10536051423e-08, 4.74808903306e-09, 1.65149527387e-09, 3.68028851838e-09, 1.27259458527e-09, 2.52474235962e-10, 3.55572932209e-10, 5.61687363287e-11, 2.62319332922e-11, 3.26873840495e-11, 1.05912126291e-10, 3.30431376705e-11, 5.96296831357e-11, 4.95234495773e-12, 6.58741984572e-12, 1.10283015359e-11, 6.9976520238e-12, 8.71223666127e-12, 9.77047544433e-13, 1.67250653431e-12, 1.41576518304e-12, 6.1086015803e-13], "var": [3.23329481944e-06, 2.07085986403e-06, 2.09350275782e-07, 1.67328067846e-07, 1.73494413502e-07, 1.93302497564e-07, 8.0737251551e-08, 2.48526646374e-07, 4.72477466928e-07, 7.99994609224e-07, 5.98731276114e-07, 6.44577795583e-08, 4.33490363605e-08, 9.65468061054e-08, 3.25486233521e-08, 3.97470820701e-08, 7.44477688386e-08, 3.09860119785e-08, 1.31833131078e-08, 8.2421811598e-09, 2.64351407431e-09, 3.64243057938e-09, 1.33922972712e-09, 3.15952597418e-10, 3.45350331665e-10, 8.36441194085e-11, 3.17913612102e-11, 4.47361765687e-11, 7.5561910895e-11, 4.30048670286e-11, 5.14810069574e-11, 9.76631536059e-12, 8.97048667986e-12, 1.10045453652e-11, 1.28028837532e-11, 9.29899386659e-12, 1.07183641303e-12, 1.56580109122e-12, 1.41952530459e-12, 6.63919711309e-13], "dmean2": [0.000210911151953, 0.000294317200314, 0.000136874761665, 0.000184287346201, 0.000221300899284, 0.000197169283638, 9.03055261006e-05, 0.000142280667205, 0.000181642346433, 0.00016703295114, 0.000120324708405, 6.00137027504e-05, 5.34085011168e-05, 8.67270500748e-05, 6.23680170975e-05, 6.15052485955e-05, 7.92401551735e-05, 3.34839714924e-05, 2.85884416371e-05, 1.76404082595e-05, 1.17144227261e-05, 1.67841535585e-05, 1.23386489577e-05, 6.65198876959e-06, 5.7970069065e-06, 2.37646668211e-06, 1.6548392523e-06, 1.31290323679e-06, 1.32636546368e-06, 1.19347328109e-06, 1.3111757653e-06, 6.03586329362e-07, 4.35063100213e-07, 3.97415959696e-07, 3.41890626032e-07, 3.13585843514e-07, 1.37209511308e-07, 1.92776056451e-07, 1.80372239811e-07, 1.14820927877e-07], "max": [0.011124423705, 0.0121922353283, 0.00721123255789, 0.00632597925141, 0.0046046776697, 0.00503222411498, 0.00354171963409, 0.00920770037919, 0.00868535879999, 0.0134296379983, 0.0125986170024, 0.00441455375403, 0.00377270253375, 0.0064394059591, 0.00322193140164, 0.00285035767592, 0.00510399416089, 0.00259945145808, 0.00172499171458, 0.00277593871579, 0.0010359302396, 0.00233979872428, 0.000615399272647, 0.000194113643374, 0.000473938765936, 0.000180325194378, 0.000143611658132, 0.000163966658874, 0.000432680739323, 0.000169952210854, 0.000177359150257, 8.54530808283e-05, 8.08566255728e-05, 0.000152096021338, 0.000152862936375, 0.000121853197925, 3.41489758284e-05, 4.57461646874e-05, 2.84633442789e-05, 1.88753092516e-05], "dmean": [0.000152782813529, 0.000217341948883, 8.93926262506e-05, 0.000117558491183, 0.000138024290209, 0.000117107570986, 5.78528342885e-05, 9.62429694482e-05, 0.000118383322842, 0.000117920331832, 8.0128920672e-05, 4.07670813729e-05, 3.60762533091e-05, 5.51912307856e-05, 3.86248138966e-05, 3.91691646655e-05, 5.31998193765e-05, 2.24431296374e-05, 1.89179263543e-05, 1.14112162919e-05, 7.86559485277e-06, 1.06951829366e-05, 7.86624059401e-06, 4.26834458267e-06, 3.52578831553e-06, 1.45232525028e-06, 9.9391297681e-07, 7.90875049006e-07, 7.75483840698e-07, 7.25792631329e-07, 7.96446897766e-07, 3.90877318068e-07, 2.87730983928e-07, 2.54646096209e-07, 2.33062593225e-07, 2.16681470988e-07, 9.21253544561e-08, 1.26307980963e-07, 1.15439036108e-07, 7.6117700587e-08]}, "spectral_decrease": {"dvar": 1.26327136886e-18, "mean": -4.50787140949e-09, "min": -2.49369467298e-08, "median": -3.1679623369e-09, "dvar2": 2.76710609181e-18, "var": 1.93347512484e-17, "dmean2": 1.08568765089e-09, "max": 3.18705752018e-28, "dmean": 7.29050542159e-10}, "spectral_rolloff": {"dvar": 318777.59375, "mean": 1298.48803711, "min": 86.1328125, "median": 818.26171875, "dvar2": 675139.4375, "var": 5852087, "dmean2": 342.941650391, "max": 19466.015625, "dmean": 201.331176758}, "melbands_crest": {"dvar": 3.98605418205, "mean": 14.2652006149, "min": 1.00067985058, "median": 13.6644678116, "dvar2": 9.74992179871, "var": 30.7452583313, "dmean2": 3.0060942173, "max": 33.0171432495, "dmean": 1.92052412033}, "barkbands_skewness": {"dvar": 0.232866227627, "mean": 1.44760859013, "min": -4.87537622452, "median": 1.13863897324, "dvar2": 0.47159871459, "var": 2.96077108383, "dmean2": 0.560317754745, "max": 20.8870391846, "dmean": 0.379494339228}, "spectral_centroid": {"dvar": 38704.2460938, "mean": 1075.51586914, "min": 86.8406677246, "median": 828.116760254, "dvar2": 71551.6484375, "var": 1864553.5, "dmean2": 183.3775177, "max": 12013.1142578, "dmean": 121.500526428}, "spectral_energyband_middle_low": {"dvar": 1.37998413265e-05, "mean": 0.00745702069253, "min": 1.87952711857e-22, "median": 0.00413409434259, "dvar2": 3.22592823068e-05, "var": 9.03501641005e-05, "dmean2": 0.00315965455957, "max": 0.0746396631002, "dmean": 0.00202870951034}, "erbbands_crest": {"dvar": 6.01287698746, "mean": 11.8853597641, "min": 2.69710850716, "median": 10.660490036, "dvar2": 15.2634649277, "var": 29.8268623352, "dmean2": 4.12286281586, "max": 31.6273136139, "dmean": 2.6396651268}, "dynamic_complexity": 6.02860736847, "spectral_energyband_low": {"dvar": 2.43071599471e-06, "mean": 0.00602522818372, "min": 1.35970400652e-23, "median": 0.00299704540521, "dvar2": 4.50471270597e-06, "var": 5.84017470828e-05, "dmean2": 0.00126198283397, "max": 0.0444392077625, "dmean": 0.000922929146327}, "silence_rate_60dB": {"dvar": 0.0233029890805, "mean": 0.198906734586, "min": 0, "median": 0, "dvar2": 0.0530685260892, "var": 0.159330487251, "dmean2": 0.0477571971714, "max": 1, "dmean": 0.0238759350032}, "erbbands_kurtosis": {"dvar": 2.63642215729, "mean": 0.951405584812, "min": -1.94099628925, "median": 0.0931842327118, "dvar2": 4.91308736801, "var": 10.7565565109, "dmean2": 1.42729949951, "max": 91.1339187622, "dmean": 0.934931159019}, "spectral_complexity": {"dvar": 2.87593102455, "mean": 11.7550201416, "min": 0, "median": 10, "dvar2": 7.21667385101, "var": 67.8631286621, "dmean2": 2.56839990616, "max": 47, "dmean": 1.54635727406}, "barkbands_crest": {"dvar": 3.07952308655, "mean": 11.9653348923, "min": 3.24171948433, "median": 10.7147836685, "dvar2": 7.4916768074, "var": 28.1058807373, "dmean2": 2.70179700851, "max": 26.5140113831, "dmean": 1.73346281052}, "spectral_energy": {"dvar": 2.11544593185e-05, "mean": 0.0181563384831, "min": 9.96234438553e-21, "median": 0.0124929510057, "dvar2": 4.61911004095e-05, "var": 0.0003223833628, "dmean2": 0.0043827178888, "max": 0.101529456675, "dmean": 0.00294123310596}, "spectral_spread": {"dvar": 448443645952, "mean": 3433147.25, "min": 957245.6875, "median": 2592482.5, "dvar2": 763712110592, "var": 24298624385000.0, "dmean2": 461548.1875, "max": 43407312, "dmean": 299192.46875}, "spectral_contrast_valleys": {"dvar": [0.0789136216044, 0.0672560557723, 0.0572148635983, 0.0455099567771, 0.0423492193222, 0.0638982951641], "mean": [-7.92638349533, -7.74739646912, -8.56237983704, -9.03750991821, -9.56028366089, -12.3654460907], "min": [-28.339017868, -28.0583629608, -27.7333469391, -27.8699512482, -27.4749088287, -27.4240188599], "median": [-7.32233095169, -7.23501300812, -8.0651884079, -8.49568557739, -9.08314704895, -12.180639267], "dvar2": [0.173915505409, 0.15474255383, 0.126330450177, 0.0890632048249, 0.0718323364854, 0.0890722945333], "var": [7.58378124237, 7.6751666069, 7.33178091049, 7.2158036232, 7.22326612473, 5.3679690361], "dmean2": [0.488444745541, 0.476036190987, 0.44323554635, 0.355231434107, 0.282850205898, 0.236226975918], "max": [-5.82381916046, -5.21592283249, -5.42346191406, -5.90838861465, -5.99398088455, -7.76879787445], "dmean": [0.298012673855, 0.290649652481, 0.266341805458, 0.21794590354, 0.180844336748, 0.163346022367]}, "spectral_rms": {"dvar": 1.39912458508e-07, "mean": 0.00365382293239, "min": 3.11758886935e-12, "median": 0.00349116674624, "dvar2": 2.73154284969e-07, "var": 4.36312257079e-06, "dmean2": 0.000449830578873, "max": 0.00995254330337, "dmean": 0.000307785638142}, "barkbands_spread": {"dvar": 19.6768608093, "mean": 14.6102819443, "min": 0.0634682625532, "median": 12.7529277802, "dvar2": 39.1080169678, "var": 106.21660614, "dmean2": 4.0358877182, "max": 110.07661438, "dmean": 2.69352602959}, "pitch_salience": {"dvar": 0.00194791157264, "mean": 0.482713460922, "min": 0.0642543882132, "median": 0.49306166172, "dvar2": 0.00475089903921, "var": 0.0191015601158, "dmean2": 0.0735900402069, "max": 0.996084392071, "dmean": 0.0467953383923}, "erbbands_skewness": {"dvar": 0.108110561967, "mean": 0.247560143471, "min": -4.51581811905, "median": 0.245373278856, "dvar2": 0.230023041368, "var": 0.906090855598, "dmean2": 0.500279247761, "max": 7.87052536011, "dmean": 0.334149897099}, "spectral_energyband_middle_high": {"dvar": 9.08230322239e-06, "mean": 0.00487801060081, "min": 1.20353537144e-21, "median": 0.00122877187096, "dvar2": 2.00646354642e-05, "var": 6.71286761644e-05, "dmean2": 0.00203015119769, "max": 0.0641181766987, "dmean": 0.00135496002622}, "erbbands": {"dvar": [0.000485286174808, 0.120648629963, 0.403593719006, 1.22552597523, 9.45541667938, 23.9968585968, 63.5391197205, 138.544235229, 66.8991317749, 576.146484375, 1934.9284668, 4160.77050781, 4698.99072266, 1133.4453125, 1461.41931152, 6032.56689453, 1913.50866699, 6582.10009766, 2228.15234375, 1363.60375977, 427.214080811, 1035.20361328, 267.773101807, 141.61869812, 22.1043395996, 17.4461250305, 79.8825836182, 67.3746490479, 7.49876928329, 11.6339111328, 12.9898672104, 2.79515337944, 1.35036575794, 0.429024368525, 0.0595460273325, 0.000613939599134, 3.43195483765e-06, 2.88280705973e-08, 3.9959431597e-11, 3.09866264592e-11], "mean": [0.0946983024478, 1.22001206875, 1.54748916626, 1.26456999779, 2.62748241425, 4.9842748642, 8.3906545639, 12.113494873, 8.28551387787, 19.0988426208, 29.1561794281, 39.550819397, 40.5664291382, 21.4108028412, 24.3453998566, 35.4876670837, 27.7350330353, 54.0919189453, 29.8861274719, 19.9377365112, 13.9188871384, 17.2215461731, 13.2416687012, 8.38300609589, 3.9950966835, 2.71356034279, 2.47206091881, 2.93425512314, 1.60099136829, 0.9254976511, 0.731941580772, 0.34462171793, 0.277412205935, 0.162669822574, 0.0575710423291, 0.00977659039199, 0.00135415012483, 0.000104866783659, 1.27004486785e-05, 2.15615145862e-05], "min": [8.11486067071e-23, 2.51282515815e-22, 3.07078624922e-21, 6.83521150579e-21, 1.34144744277e-20, 2.2824892243e-20, 3.65926414547e-20, 7.43327956765e-20, 1.06466810845e-19, 1.5677370619e-19, 2.61379457592e-19, 4.50065765965e-19, 5.61702630122e-19, 5.77306513498e-19, 1.05017278927e-18, 1.21420394551e-18, 1.613218709e-18, 2.55110338448e-18, 2.2634666293e-18, 1.68582562464e-18, 3.95536427663e-18, 3.93226277648e-18, 4.2867890783e-18, 6.42435943876e-18, 6.43538989223e-18, 7.45515469499e-18, 6.40316748506e-18, 1.07502592708e-17, 9.42970760905e-18, 1.05590333111e-17, 1.05401661485e-17, 1.00683878221e-17, 9.53034322956e-18, 8.0089049658e-18, 6.47925486652e-18, 3.96508819832e-18, 2.50196472019e-18, 9.65707102171e-19, 2.56677168454e-19, 2.79668860375e-20], "median": [0.0326984971762, 0.466323584318, 0.81832587719, 0.569431245327, 0.996644973755, 2.62487077713, 3.73393321037, 4.79827356339, 3.49688792229, 3.991959095, 4.05238485336, 4.04575061798, 4.14738798141, 2.97997379303, 3.47147226334, 3.04015994072, 3.8969502449, 10.6270866394, 4.0631403923, 2.519759655, 1.93217349052, 1.97230935097, 1.58056521416, 0.947888374329, 0.408581495285, 0.244927972555, 0.179118782282, 0.130536943674, 0.10814063251, 0.0677082389593, 0.029317997396, 0.0125266406685, 0.00639309454709, 0.00377293024212, 0.0021415730007, 0.000520957051776, 0.000117299292469, 1.925925244e-05, 7.19510899216e-06, 1.44664818436e-05], "dvar2": [0.000682743557263, 0.208826258779, 0.903874993324, 3.2273581028, 22.7798061371, 63.1301689148, 161.450042725, 379.776794434, 161.87802124, 1205.23901367, 4634.10644531, 7793.11035156, 11979.5039062, 2254.8215332, 3147.89086914, 16426.7324219, 4541.44824219, 16574.6464844, 4434.29052734, 2873.04492188, 781.546630859, 2146.96484375, 632.899169922, 391.624481201, 57.5913658142, 48.4078140259, 227.038146973, 188.736785889, 15.9362030029, 23.9349212646, 20.6698894501, 5.04185724258, 2.68931937218, 0.881231367588, 0.122079208493, 0.00114206969738, 7.21505693946e-06, 6.06004562087e-08, 7.91269272327e-11, 6.77851524911e-11], "var": [0.023870266974, 3.00321245193, 5.20115995407, 5.6246676445, 33.6442337036, 48.857624054, 170.439407349, 464.448181152, 219.376052856, 1852.03063965, 6313.74511719, 17006.8925781, 24688.4960938, 3784.39086914, 4364.31347656, 12379.9755859, 4638.85253906, 17254.7558594, 10924.5791016, 3707.54492188, 2100.43847656, 2270.12963867, 848.615356445, 424.664245605, 95.0944213867, 81.4389343262, 184.108337402, 167.78036499, 33.6545677185, 30.2086410522, 36.5054397583, 6.31547689438, 2.8017308712, 1.04028534889, 0.126763224602, 0.00171631167177, 2.36727446463e-05, 1.17974394698e-07, 2.72052658179e-10, 4.70743610759e-10], "dmean2": [0.0160969905555, 0.259259581566, 0.493940502405, 0.658459603786, 1.83325517178, 3.76681804657, 6.43451690674, 9.30965995789, 5.84323692322, 11.736287117, 21.3144874573, 24.887134552, 23.9065685272, 14.6063423157, 17.3041496277, 31.8764915466, 21.4771823883, 38.3375015259, 18.9306049347, 15.0920085907, 9.12503910065, 13.8910751343, 9.58997440338, 6.31095409393, 2.69315266609, 1.70837247372, 1.76446390152, 2.27148532867, 0.981420040131, 0.65105086565, 0.556063950062, 0.274609416723, 0.246162831783, 0.141744315624, 0.0496771559119, 0.0060292808339, 0.000637049786747, 6.24572494416e-05, 3.54774419975e-06, 5.25725090483e-06], "max": [0.995223760605, 10.323592186, 28.9769630432, 34.1079788208, 113.762527466, 152.866226196, 150.039016724, 256.065338135, 206.144485474, 900.157897949, 1058.50195312, 2024.73962402, 2506.74072266, 1058.6965332, 1002.64263916, 2532.18554688, 883.237609863, 2247.02026367, 1421.78869629, 1129.86694336, 995.152893066, 1678.36071777, 341.399627686, 495.30682373, 141.047180176, 197.11869812, 657.553466797, 335.095001221, 165.018936157, 231.451553345, 252.453231812, 94.1004180908, 52.5852203369, 19.9240875244, 8.14654541016, 0.881273031235, 0.0895133018494, 0.00734110362828, 0.0002290262928, 0.000119395794172], "dmean": [0.0115874521434, 0.189702868462, 0.36238437891, 0.433158189058, 1.18979859352, 2.34114933014, 4.06008052826, 5.53101873398, 3.67773842812, 7.92912864685, 13.7943220139, 17.5467681885, 15.9342241287, 10.0436201096, 11.6192178726, 19.6974143982, 13.7832708359, 25.4889259338, 12.9806861877, 10.0093297958, 6.16544628143, 8.91933631897, 6.23350286484, 3.87648963928, 1.63329899311, 1.03040611744, 1.03984844685, 1.38276314735, 0.634211719036, 0.428175956011, 0.395474016666, 0.191288352013, 0.163328483701, 0.095644235611, 0.0327858515084, 0.00419950811192, 0.000428875908256, 4.04211314162e-05, 2.41839870796e-06, 3.52054689756e-06]}, "dissonance": {"dvar": 0.000826761301141, "mean": 0.435305058956, "min": 0.0973025411367, "median": 0.444007694721, "dvar2": 0.00232439558022, "var": 0.00197663903236, "dmean2": 0.0488508082926, "max": 0.500000119209, "dmean": 0.0287181101739}, "erbbands_flatness_db": {"dvar": 0.000161196236149, "mean": 0.223718449473, "min": 0.044969625771, "median": 0.220644921064, "dvar2": 0.000309738970827, "var": 0.00268408237025, "dmean2": 0.0187504030764, "max": 0.438356846571, "dmean": 0.0129222292453}, "melbands_kurtosis": {"dvar": 160.760131836, "mean": 11.7696018219, "min": -1.85536301136, "median": 4.17057228088, "dvar2": 349.453094482, "var": 589.492858887, "dmean2": 6.42262792587, "max": 600.894104004, "dmean": 4.22568130493}, "melbands_spread": {"dvar": 40.6189994812, "mean": 19.4331512451, "min": 0.268596619368, "median": 14.9427776337, "dvar2": 87.2006912231, "var": 396.969268799, "dmean2": 5.43314313889, "max": 272.255432129, "dmean": 3.61414003372}, "melbands_skewness": {"dvar": 0.338623434305, "mean": 2.15175318718, "min": -3.28766608238, "median": 1.77199351788, "dvar2": 0.718966841698, "var": 3.28522872925, "dmean2": 0.64958435297, "max": 20.2195053101, "dmean": 0.437495708466}, "spectral_entropy": {"dvar": 0.0190925113857, "mean": 6.85833263397, "min": 4.91352891922, "median": 6.89697980881, "dvar2": 0.034230992198, "var": 0.485049188137, "dmean2": 0.178934246302, "max": 9.82782649994, "dmean": 0.119855828583}, "zerocrossingrate": {"dvar": 8.14115774119e-05, "mean": 0.0443009026349, "min": 0.00244140625, "median": 0.03271484375, "dvar2": 9.30856840569e-05, "var": 0.00407332740724, "dmean2": 0.00574446935207, "max": 0.5263671875, "dmean": 0.00478704134002}, "average_loudness": 0.270277649164, "spectral_contrast_coeffs": {"dvar": [0.000958662072662, 0.0010733717354, 0.000817927357275, 0.000588361173868, 0.000346454966348, 0.00019729291671], "mean": [-0.685199141502, -0.705961167812, -0.728184342384, -0.732087254524, -0.764052331448, -0.76612508297], "min": [-0.979638159275, -0.997250795364, -0.998572945595, -0.98858332634, -0.990156948566, -0.964298188686], "median": [-0.690031886101, -0.706752896309, -0.740471243858, -0.735704362392, -0.76422059536, -0.762584149837], "dvar2": [0.00248157419264, 0.00281512271613, 0.00198120437562, 0.00140019634273, 0.000776242348365, 0.000406366685638], "var": [0.00672746356577, 0.00671448744833, 0.00827067252249, 0.00642487686127, 0.00480767246336, 0.00471255322918], "dmean2": [0.0604907423258, 0.0647732615471, 0.0547720901668, 0.0439404956996, 0.0331512056291, 0.0225465279073], "max": [-0.352769345045, -0.392235308886, -0.376288384199, -0.494241535664, -0.523210167885, -0.586931943893], "dmean": [0.0366552732885, 0.03951003775, 0.0336024947464, 0.0275597106665, 0.0209113862365, 0.014378673397]}, "barkbands_flatness_db": {"dvar": 0.000175954002771, "mean": 0.216851934791, "min": 0.0322157926857, "median": 0.201409310102, "dvar2": 0.000349350419128, "var": 0.00634954124689, "dmean2": 0.0192323494703, "max": 0.567540109158, "dmean": 0.0128634432331}, "silence_rate_30dB": {"dvar": 0, "mean": 1, "min": 1, "median": 1, "dvar2": 0, "var": 0, "dmean2": 0, "max": 1, "dmean": 0}, "spectral_energyband_high": {"dvar": 1.06220888085e-07, "mean": 0.000196121603949, "min": 7.10656309742e-21, "median": 1.50393607328e-05, "dvar2": 2.16049656387e-07, "var": 4.95616859553e-07, "dmean2": 0.000103816542833, "max": 0.0143655585125, "dmean": 6.89451262588e-05}, "melbands_flatness_db": {"dvar": 0.000264731410425, "mean": 0.287857949734, "min": -2.58859216729e-07, "median": 0.270487904549, "dvar2": 0.000461391464341, "var": 0.011984619312, "dmean2": 0.0201115366071, "max": 0.714196503162, "dmean": 0.0141481850296}, "barkbands": {"dvar": [7.37663125028e-11, 1.73154762706e-06, 3.08827736717e-07, 2.70030255933e-07, 1.34422714382e-06, 1.26944416934e-06, 8.06240052498e-07, 3.21656943925e-06, 7.66790526541e-06, 2.74943727163e-06, 1.00904151168e-06, 3.0004450764e-06, 1.25042504351e-06, 2.43171052716e-06, 8.37136326481e-07, 2.50816583502e-07, 3.47418932733e-07, 8.79343176052e-08, 2.87011232558e-08, 8.98696761453e-09, 3.35079910485e-08, 5.20530507586e-09, 1.52199017833e-08, 4.25908819324e-09, 2.16062678859e-09, 6.44333761693e-12, 1.01118687364e-15], "mean": [1.71649371623e-05, 0.00482043344527, 0.000954085204285, 0.000414307723986, 0.00146552489605, 0.0013044134248, 0.00070347165456, 0.00128400174435, 0.00181747158058, 0.000881649961229, 0.000483032752527, 0.000867416500114, 0.000597158679739, 0.00092496664729, 0.000510605401359, 0.000239374348894, 0.000314153672662, 0.0002194429253, 0.000116720832011, 6.01563588134e-05, 6.73945469316e-05, 3.86303327105e-05, 2.66413098871e-05, 1.53104538185e-05, 1.16420396807e-05, 1.16386956961e-06, 5.86400972225e-09], "min": [2.23161650339e-25, 2.01870491722e-24, 9.6285482749e-25, 1.21012308102e-24, 4.43611867417e-24, 8.39468067785e-24, 2.9397781213e-24, 6.14296242087e-24, 1.63262652945e-23, 1.60696267539e-23, 1.18490000299e-23, 2.45213783628e-23, 2.29854945793e-23, 4.22536525367e-23, 2.97222057823e-23, 5.08558588529e-23, 6.18073592091e-23, 6.73851485454e-23, 1.0700020966e-22, 1.47404617618e-22, 2.07238404615e-22, 3.06554074072e-22, 3.90418369155e-22, 5.43550205298e-22, 8.45220813848e-22, 1.33417538216e-21, 1.90034789678e-21], "median": [9.23762854654e-06, 0.00178923597559, 0.000427536841016, 0.000134710804559, 0.000780947739258, 0.000536921259481, 0.000192716164747, 0.000162179581821, 0.000141726384754, 8.47432675073e-05, 6.15012395428e-05, 5.62061177334e-05, 6.32301089354e-05, 0.000159110029927, 4.31383668911e-05, 2.42650094151e-05, 3.65492596757e-05, 2.40988501901e-05, 1.01574578366e-05, 5.10683685206e-06, 3.64526840713e-06, 2.85155374513e-06, 1.18443608699e-06, 4.60155831661e-07, 3.38469192229e-07, 7.74672770376e-08, 1.96584171164e-09], "dvar2": [1.96522395579e-10, 2.90770185529e-06, 7.64035235079e-07, 6.91695674959e-07, 3.50122786585e-06, 3.50221512235e-06, 1.78918685378e-06, 7.40707992009e-06, 1.44884243127e-05, 6.78374226482e-06, 1.94915878637e-06, 8.0407871792e-06, 3.00230976791e-06, 6.0070424297e-06, 1.78936181783e-06, 5.12346730375e-07, 6.97949303685e-07, 2.09847357269e-07, 7.81165567787e-08, 2.5161153161e-08, 9.52835534918e-08, 1.0444686005e-08, 2.4101435514e-08, 8.33797297872e-09, 4.37433156364e-09, 1.2238006615e-11, 2.67279827726e-15], "var": [4.60514237854e-10, 4.85060700157e-05, 3.11153416988e-06, 8.55271139244e-07, 4.13638190366e-06, 4.38888673671e-06, 3.38100858244e-06, 1.01201294456e-05, 3.35107579303e-05, 9.8704949778e-06, 2.59937655755e-06, 6.91275045028e-06, 2.77466688203e-06, 5.94021867073e-06, 3.30092257173e-06, 1.03234458493e-06, 8.23387097171e-07, 2.4712215918e-07, 1.06888151663e-07, 3.53415821053e-08, 9.75028200401e-08, 2.05010266541e-08, 4.40776304345e-08, 8.87926798754e-09, 5.23658538754e-09, 2.11670733025e-11, 7.919425067e-16], "dmean2": [1.05747521957e-05, 0.000976148468908, 0.000378195632948, 0.000296859041555, 0.00100806960836, 0.000971362635028, 0.00045521769789, 0.000945351959672, 0.00118196441326, 0.000644679646939, 0.000415237038396, 0.000774826272391, 0.000532365345862, 0.000734403147362, 0.000377792632207, 0.000199147034436, 0.000264271249762, 0.000173435357283, 8.75798723428e-05, 4.16275179305e-05, 5.03121918882e-05, 2.39688361034e-05, 2.014826714e-05, 1.28254241645e-05, 1.00530587588e-05, 6.55264216221e-07, 9.27409704587e-09], "max": [0.000167681428138, 0.0428286939859, 0.0243560727686, 0.0140187572688, 0.0297187976539, 0.0217943321913, 0.0256495401263, 0.0409019589424, 0.070574387908, 0.0661259144545, 0.0315848216414, 0.0518816150725, 0.0231339689344, 0.0393257588148, 0.0227077752352, 0.0260148830712, 0.026061527431, 0.00718077085912, 0.00839182548225, 0.00421717297286, 0.0106301130727, 0.00364871229976, 0.00822700094432, 0.0030209927354, 0.00145616976079, 0.000103589976788, 1.97003350877e-06], "dmean": [6.49555340715e-06, 0.000713828485459, 0.00027319410583, 0.000188770354725, 0.000629542570096, 0.000584059394896, 0.000305014575133, 0.000605570385233, 0.000828663876746, 0.000407552957768, 0.000277989602182, 0.000482878676848, 0.000340002763551, 0.000483604235342, 0.000252548343269, 0.00012587668607, 0.000167538892129, 0.000111779889266, 5.26640833414e-05, 2.50882494583e-05, 3.03833930957e-05, 1.57665617735e-05, 1.41008922583e-05, 8.67592643772e-06, 6.70630060995e-06, 4.50365860161e-07, 5.4101949587e-09]}, "erbbands_spread": {"dvar": 44.9023399353, "mean": 25.0680503845, "min": 1.21211338043, "median": 22.7935638428, "dvar2": 93.0703048706, "var": 205.815658569, "dmean2": 6.67348575592, "max": 173.053405762, "dmean": 4.40489912033}, "barkbands_kurtosis": {"dvar": 147.187179565, "mean": 6.54907417297, "min": -1.94236600399, "median": 1.56079649925, "dvar2": 343.866149902, "var": 468.108337402, "dmean2": 4.23706293106, "max": 1019.93389893, "dmean": 2.80204248428}, "spectral_flux": {"dvar": 0.000271700817393, "mean": 0.0476830080152, "min": 6.21822246472e-11, "median": 0.0348433181643, "dvar2": 0.000638429948594, "var": 0.00163530663121, "dmean2": 0.0196739975363, "max": 0.251642107964, "dmean": 0.0123666655272}, "silence_rate_20dB": {"dvar": 0, "mean": 1, "min": 1, "median": 1, "dvar2": 0, "var": 0, "dmean2": 0, "max": 1, "dmean": 0}, "gfcc": {"cov": [[32730.2832031, 1096.99951172, -4697.69042969, 1344.74853516, -1303.50146484, 269.602844238, -271.375732422, 640.545837402, -174.597290039, 70.9766921997, -285.378692627, 209.588562012, -27.3179206848], [1096.99951172, 1694.73608398, 143.420501709, -263.765075684, 446.241333008, -93.0220108032, 122.11706543, -118.450744629, 110.244689941, 42.2354278564, 139.398498535, -93.4493026733, 52.9653816223], [-4697.69042969, 143.420501709, 1639.04956055, -48.5299301147, 276.217712402, 109.798233032, -7.67225170135, -102.64743042, -7.7774181366, -5.20945072174, 48.9172286987, -43.2928466797, -21.3555202484], [1344.74853516, -263.765075684, -48.5299301147, 417.931152344, -96.9169158936, 11.6692199707, -47.4386100769, 75.3530731201, 18.7200374603, -28.6509475708, -38.2881393433, 28.4741573334, -2.62284874916], [-1303.50146484, 446.241333008, 276.217712402, -96.9169158936, 525.819396973, -16.2384967804, 140.519363403, -23.1549625397, 83.3438873291, 87.1939697266, 89.2020339966, -51.0128440857, 48.8617248535], [269.602844238, -93.0220108032, 109.798233032, 11.6692199707, -16.2384967804, 265.522796631, 31.7258071899, -14.5347623825, -24.4470787048, 19.046754837, 19.4238319397, -24.8410511017, 14.8351325989], [-271.375732422, 122.11706543, -7.67225170135, -47.4386100769, 140.519363403, 31.7258071899, 254.486328125, 42.111869812, 18.7952022552, 14.2004852295, 36.9590454102, 12.6706905365, 35.6476898193], [640.545837402, -118.450744629, -102.64743042, 75.3530731201, -23.1549625397, -14.5347623825, 42.111869812, 160.909317017, 30.4003162384, 0.116271749139, -17.7355003357, 25.2561664581, 12.4130716324], [-174.597290039, 110.244689941, -7.7774181366, 18.7200374603, 83.3438873291, -24.4470787048, 18.7952022552, 30.4003162384, 177.616409302, 19.9624633789, 25.2251720428, -35.0873680115, 32.7514762878], [70.9766921997, 42.2354278564, -5.20945072174, -28.6509475708, 87.1939697266, 19.046754837, 14.2004852295, 0.116271749139, 19.9624633789, 175.991516113, 52.770149231, -36.7637252808, -5.99943304062], [-285.378692627, 139.398498535, 48.9172286987, -38.2881393433, 89.2020339966, 19.4238319397, 36.9590454102, -17.7355003357, 25.2251720428, 52.770149231, 125.860328674, 0.77484190464, 9.06356620789], [209.588562012, -93.4493026733, -43.2928466797, 28.4741573334, -51.0128440857, -24.8410511017, 12.6706905365, 25.2561664581, -35.0873680115, -36.7637252808, 0.77484190464, 125.127792358, 10.9292392731], [-27.3179206848, 52.9653816223, -21.3555202484, -2.62284874916, 48.8617248535, 14.8351325989, 35.6476898193, 12.4130716324, 32.7514762878, -5.99943304062, 9.06356620789, 10.9292392731, 111.813453674]], "mean": [-125.29309082, 150.261764526, -122.362869263, 19.5094795227, -42.3687705994, 9.37339782715, -30.3844165802, 0.624542057514, -10.9941511154, 2.4113805294, -6.63501596451, -2.370262146, -5.47823047638], "icov": [[0.000162113516126, -0.000428354658652, 0.0004357965081, -0.000536579696927, 0.000242456735577, -0.000524826755282, 0.000243287300691, -0.00049004482571, 0.000275114871329, -0.000306128757074, 0.000341740640579, -0.000278185820207, 0.000156163412612], [-0.000428354658652, 0.00205708527938, -0.00109322008211, 0.00171559641603, -0.00120808044448, 0.00173152680509, -0.000754405802581, 0.00175597460475, -0.000915479846299, 0.00119254679885, -0.00152805878315, 0.0012109283125, -0.000566231377888], [0.0004357965081, -0.00109322008211, 0.00193152832799, -0.00145490618888, 4.72771498607e-05, -0.00178764341399, 0.000923812796827, -0.00102374097332, 0.000805472489446, -0.00046468997607, 0.000817131774966, -0.00075001642108, 0.000740959309042], [-0.000536579696927, 0.00171559641603, -0.00145490618888, 0.00475029973313, -0.000775182503276, 0.00144097732846, -0.00017952422786, 0.000451419095043, -0.00149745238014, 0.00130059756339, -0.000880567647982, 0.000497512577567, -0.000424370664405], [0.000242456735577, -0.00120808044448, 4.72771498607e-05, -0.000775182503276, 0.00411912892014, -0.000102983372926, -0.00125703692902, -0.000494379783049, -0.000255631748587, -0.00176792312413, -0.000126027443912, 0.000244838156505, -0.000742078060284], [-0.000524826755282, 0.00173152680509, -0.00178764341399, 0.00144097732846, -0.000102983372926, 0.00636606803164, -0.00185755535495, 0.00208015553653, 1.46060829138e-05, 0.000623913190793, -0.00220069265924, 0.00256873387843, -0.00173790578265], [0.000243287300691, -0.000754405802581, 0.000923812796827, -0.00017952422786, -0.00125703692902, -0.00185755535495, 0.00598399946466, -0.00269612087868, 0.000738591246773, 0.000105439998151, -0.000148988852743, -0.0012885495089, -0.000296328857075], [-0.00049004482571, 0.00175597460475, -0.00102374097332, 0.000451419095043, -0.000494379783049, 0.00208015553653, -0.00269612087868, 0.0100639648736, -0.00261214911006, 0.000150198349729, 0.000228937831707, -0.000504581897985, -0.000650156231131], [0.000275114871329, -0.000915479846299, 0.000805472489446, -0.00149745238014, -0.000255631748587, 1.46060829138e-05, 0.000738591246773, -0.00261214911006, 0.00806116126478, -0.000290908297757, -0.000919311307371, 0.00215777382255, -0.0017293371493], [-0.000306128757074, 0.00119254679885, -0.00046468997607, 0.00130059756339, -0.00176792312413, 0.000623913190793, 0.000105439998151, 0.000150198349729, -0.000290908297757, 0.00823778379709, -0.00374064501375, 0.00262567959726, 0.000515345076565], [0.000341740640579, -0.00152805878315, 0.000817131774966