{"lowlevel": {"spectral_strongpeak": {"max": 11.0448198318, "dmean": 0.462985217571, "dvar2": 1.44151580334, "dmean2": 0.772236824036, "var": 1.19808614254, "median": 0.496964633465, "min": 0, "dvar": 0.562634766102, "mean": 0.923873007298}, "barkbands_flatness_db": {"max": 0.403128355742, "dmean": 0.0147894844413, "dvar2": 0.00039712144644, "dmean2": 0.0222664065659, "var": 0.00277941743843, "median": 0.144661784172, "min": 0.0287304539233, "dvar": 0.000169580205693, "mean": 0.152720868587}, "barkbands_skewness": {"max": 8.26764965057, "dmean": 0.39563113451, "dvar2": 0.414203315973, "dmean2": 0.627007901669, "var": 0.565041661263, "median": 1.06241703033, "min": -2.3728017807, "dvar": 0.15702816844, "mean": 1.12204015255}, "spectral_energyband_middle_high": {"max": 0.0674297586083, "dmean": 0.00143631815445, "dvar2": 1.11917734102e-05, "dmean2": 0.00213916855864, "var": 3.5571261833e-05, "median": 0.00303325522691, "min": 5.18259298588e-07, "dvar": 5.26748317498e-06, "mean": 0.00493197515607}, "erbbands_kurtosis": {"max": 53.1114578247, "dmean": 0.881779551506, "dvar2": 4.07422494888, "dmean2": 1.37241852283, "var": 6.5840382576, "median": 0.147285938263, "min": -1.66582071781, "dvar": 1.90431785583, "mean": 0.779646039009}, "erbbands_crest": {"max": 29.7422504425, "dmean": 2.39606666565, "dvar2": 11.6639823914, "dmean2": 3.81798791885, "var": 19.250787735, "median": 8.33333778381, "min": 2.32975006104, "dvar": 4.70567035675, "mean": 9.49382972717}, "dynamic_complexity": 5.91090393066, "barkbands_crest": {"max": 26.0930843353, "dmean": 2.15354824066, "dvar2": 9.6924571991, "dmean2": 3.46242570877, "var": 13.9758386612, "median": 8.08714962006, "min": 2.6787340641, "dvar": 3.70950222015, "mean": 8.98381996155}, "dissonance": {"max": 0.5, "dmean": 0.0226452462375, "dvar2": 0.00113112095278, "dmean2": 0.0379152521491, "var": 0.00153668981511, "median": 0.455598950386, "min": 0.201200202107, "dvar": 0.000417484203354, "mean": 0.446139961481}, "spectral_energyband_low": {"max": 0.181478872895, "dmean": 0.00285715050995, "dvar2": 0.000146145830513, "dmean2": 0.00466099241748, "var": 0.000108574175101, "median": 0.0015236120671, "min": 1.51082701905e-08, "dvar": 5.53831487196e-05, "mean": 0.00521120289341}, "spectral_contrast_coeffs": {"max": [-0.365805447102, -0.405562371016, -0.415101766586, -0.536157369614, -0.591177642345, -0.647950410843], "dmean": [0.0450098924339, 0.0415594764054, 0.035218436271, 0.0281607583165, 0.0192027464509, 0.0119653828442], "dvar2": [0.0039728442207, 0.00315204029903, 0.002062831074, 0.00131684425287, 0.000629374408163, 0.000235356012126], "dmean2": [0.0746156200767, 0.0683308616281, 0.0569708049297, 0.0464903563261, 0.0319044739008, 0.0197885166854], "var": [0.00766191352159, 0.00505503686145, 0.00438036303967, 0.00308685353957, 0.00204983982258, 0.00115196802653], "median": [-0.653174459934, -0.725628197193, -0.745106339455, -0.769592046738, -0.775445222855, -0.753291964531], "min": [-0.937080025673, -0.913098216057, -0.906349539757, -0.898868262768, -0.895190298557, -0.917475104332], "dvar": [0.0013847250957, 0.00114420673344, 0.000767498859204, 0.000492264283821, 0.000230115474551, 8.86971756699e-05], "mean": [-0.655103862286, -0.718780577183, -0.739856123924, -0.763797819614, -0.772722482681, -0.754423379898]}, "silence_rate_60dB": {"max": 1, "dmean": 0.0114209828898, "dvar2": 0.0263927746564, "dmean2": 0.0228439886123, "var": 0.165213823318, "median": 0, "min": 0, "dvar": 0.0112899653614, "mean": 0.208834990859}, "mfcc": {"icov": [[0.000181673822226, 0.000130307584186, 0.000200612950721, -0.000387691718061, 0.000377034302801, -0.00106340681668, 0.000633393705357, -0.000794200284872, 0.000592268479522, -0.000293924938887, 0.00039941619616, -0.000264386209892, 0.000264373695245], [0.000130307584186, 0.00120555621106, 0.000199567337404, -0.000712614564691, -0.000362667080481, -0.000257852603681, -0.00037701963447, -0.000199386573513, -0.000291838310659, 0.000713322951924, 0.000269069860224, 0.000267503346549, -3.15508877975e-05], [0.000200612950721, 0.000199567337404, 0.00349640357308, -0.000864177942276, -0.00189802097157, 0.000297221879009, -0.000634503958281, -0.000259371125139, -0.00038961682003, 0.00035958038643, 0.00090347341029, -0.000866381044034, 0.000498247041833], [-0.000387691718061, -0.000712614564691, -0.000864177942276, 0.00710802478716, -0.00256350077689, -0.00123943202198, -0.000995316775516, -0.000224772040383, 0.000961362849921, -0.000388057844248, 0.00105136726052, 0.00077601702651, 5.2927739489e-06], [0.000377034302801, -0.000362667080481, -0.00189802097157, -0.00256350077689, 0.014830134809, -0.00946852844208, 0.00125850958284, 0.000458047084976, 0.000501282454934, -0.0015091591049, -0.000399357144488, 0.000269544601906, -0.000803181494121], [-0.00106340681668, -0.000257852603681, 0.000297221879009, -0.00123943202198, -0.00946852844208, 0.0213880669326, -0.0108462870121, 0.00378724117763, -0.00265490380116, 0.00143560313154, -0.000984378159046, -0.000529438606463, 0.00126017583534], [0.000633393705357, -0.00037701963447, -0.000634503958281, -0.000995316775516, 0.00125850958284, -0.0108462870121, 0.025642041117, -0.0127484742552, 0.00488592404872, -0.00193503627088, 0.000692026515026, -0.000303070701193, 0.000266317947535], [-0.000794200284872, -0.000199386573513, -0.000259371125139, -0.000224772040383, 0.000458047084976, 0.00378724117763, -0.0127484742552, 0.026135277003, -0.0150542389601, 0.00678762374446, -0.00220193783753, 0.000570817152038, -0.00207045325078], [0.000592268479522, -0.000291838310659, -0.00038961682003, 0.000961362849921, 0.000501282454934, -0.00265490380116, 0.00488592404872, -0.0150542389601, 0.02815191634, -0.0166976358742, 0.00758288102224, -0.00271060061641, 0.00196587503888], [-0.000293924938887, 0.000713322951924, 0.00035958038643, -0.000388057844248, -0.0015091591049, 0.00143560313154, -0.00193503627088, 0.00678762374446, -0.0166976358742, 0.0286023225635, -0.0191498603672, 0.00745298201218, -0.00498892972246], [0.00039941619616, 0.000269069860224, 0.00090347341029, 0.00105136726052, -0.000399357144488, -0.000984378159046, 0.000692026515026, -0.00220193783753, 0.00758288102224, -0.0191498603672, 0.0322786793113, -0.0175343882293, 0.00716567505151], [-0.000264386209892, 0.000267503346549, -0.000866381044034, 0.00077601702651, 0.000269544601906, -0.000529438606463, -0.000303070701193, 0.000570817152038, -0.00271060061641, 0.00745298201218, -0.0175343882293, 0.0301737692207, -0.0138387661427], [0.000264373695245, -3.15508877975e-05, 0.000498247041833, 5.2927739489e-06, -0.000803181494121, 0.00126017583534, 0.000266317947535, -0.00207045325078, 0.00196587503888, -0.00498892972246, 0.00716567505151, -0.0138387661427, 0.0221060719341]], "cov": [[16418.4589844, -217.236038208, -284.089508057, 1337.19995117, 459.777099609, 1192.21166992, 346.890441895, 405.69934082, -181.981826782, -204.040969849, -259.248291016, -100.020339966, -216.463989258], [-217.236038208, 1131.49914551, 101.89806366, 210.032974243, 137.04069519, 114.569366455, 91.7709960938, 42.4205932617, -0.498988002539, -72.6754455566, -75.1681365967, -47.9011955261, -18.7968673706], [-284.089508057, 101.89806366, 390.745361328, 98.3764190674, 105.577857971, 56.179145813, 46.8089790344, 17.7087440491, 10.6699228287, -14.4797487259, -20.4567871094, -3.37119889259, -3.25551819801], [1337.19995117, 210.032974243, 98.3764190674, 359.96762085, 152.393554688, 189.705886841, 86.9677276611, 51.6659240723, -19.0890598297, -38.8134651184, -52.0446166992, -30.1916713715, -28.5739879608], [459.777099609, 137.04069519, 105.577857971, 152.393554688, 180.056365967, 138.185317993, 60.39112854, 23.4925861359, 0.305691301823, -5.22965908051, -13.3489637375, -7.82781076431, -9.36243724823], [1192.21166992, 114.569366455, 56.179145813, 189.705886841, 138.185317993, 216.27545166, 89.5471801758, 47.0173377991, -5.72993564606, -18.1644077301, -24.8466930389, -12.0313596725, -22.4571914673], [346.890441895, 91.7709960938, 46.8089790344, 86.9677276611, 60.39112854, 89.5471801758, 93.9686050415, 48.9173316956, 6.46173381805, -9.22123622894, -12.7277927399, -5.00685787201, -6.21879768372], [405.69934082, 42.4205932617, 17.7087440491, 51.6659240723, 23.4925861359, 47.0173377991, 48.9173316956, 87.6337203979, 34.5519218445, -1.57282221317, -10.3269453049, -0.656988084316, 0.0974487066269], [-181.981826782, -0.498988002539, 10.6699228287, -19.0890598297, 0.305691301823, -5.72993564606, 6.46173381805, 34.5519218445, 81.2465133667, 48.0812263489, 16.0695552826, 7.07384777069, 8.2810382843], [-204.040969849, -72.6754455566, -14.4797487259, -38.8134651184, -5.22965908051, -18.1644077301, -9.22123622894, -1.57282221317, 48.0812263489, 100.566169739, 60.5265922546, 20.7643527985, 15.2806119919], [-259.248291016, -75.1681365967, -20.4567871094, -52.0446166992, -13.3489637375, -24.8466930389, -12.7277927399, -10.3269453049, 16.0695552826, 60.5265922546, 88.1331100464, 43.1433448792, 14.2550039291], [-100.020339966, -47.9011955261, -3.37119889259, -30.1916713715, -7.82781076431, -12.0313596725, -5.00685787201, -0.656988084316, 7.07384777069, 20.7643527985, 43.1433448792, 70.0726013184, 35.5500183105], [-216.463989258, -18.7968673706, -3.25551819801, -28.5739879608, -9.36243724823, -22.4571914673, -6.21879768372, 0.0974487066269, 8.2810382843, 15.2806119919, 14.2550039291, 35.5500183105, 69.2489318848]], "mean": [-701.213134766, 150.928009033, -16.1339702606, 11.3700227737, -8.6743555069, -3.72630667686, -8.56117343903, -0.437215566635, -3.30037975311, 2.82636165619, 0.34799695015, -1.29553616047, 0.315333366394]}, "melbands_spread": {"max": 111.529777527, "dmean": 3.70685386658, "dvar2": 38.4109992981, "dmean2": 5.84308719635, "var": 112.026367188, "median": 15.7332057953, "min": 0.713521361351, "dvar": 15.1096916199, "mean": 17.8733978271}, "barkbands_kurtosis": {"max": 141.157852173, "dmean": 1.60233402252, "dvar2": 19.6560707092, "dmean2": 2.53598046303, "var": 20.2080612183, "median": 1.57975625992, "min": -1.80801093578, "dvar": 7.8613319397, "mean": 2.67537260056}, "spectral_energyband_high": {"max": 0.0117082884535, "dmean": 6.67881613481e-05, "dvar2": 6.01125336175e-08, "dmean2": 9.40681493375e-05, "var": 4.12712353182e-07, "median": 8.62820888869e-05, "min": 1.02891757336e-08, "dvar": 3.04290743713e-08, "mean": 0.000266653602012}, "hfc": {"max": 156.994308472, "dmean": 2.78829717636, "dvar2": 33.7388725281, "dmean2": 3.95545315742, "var": 227.142547607, "median": 9.85679244995, "min": 0.00509243318811, "dvar": 17.2794208527, "mean": 13.9838933945}, "spectral_skewness": {"max": 5.51384496689, "dmean": 0.252129018307, "dvar2": 0.171256586909, "dmean2": 0.436621665955, "var": 0.314788579941, "median": 1.88025689125, "min": 0.432545304298, "dvar": 0.0556786805391, "mean": 1.98389351368}, "erbbands": {"max": [2.30244326591, 32.5050964355, 83.4127349854, 204.265182495, 245.171066284, 186.682144165, 721.120666504, 583.380249023, 953.173156738, 1954.77246094, 1096.14587402, 1350.16796875, 1413.53149414, 2011.07727051, 590.727416992, 999.988891602, 1510.55895996, 1090.72680664, 1829.35534668, 1267.08410645, 580.171325684, 658.855651855, 204.293228149, 330.890289307, 336.166351318, 245.884918213, 162.619354248, 150.833297729, 122.288330078, 85.283241272, 65.3652114868, 32.6773071289, 19.6973438263, 8.68249225616, 4.50776672363, 2.18497467041, 1.44069194794, 0.621378839016, 0.122576728463, 0.00638516526669], "dmean": [0.0512801557779, 0.420372903347, 1.32416188717, 2.27614450455, 3.82681632042, 4.69115495682, 8.93872070312, 9.86610889435, 15.5429201126, 13.8997430801, 16.8109931946, 16.306886673, 15.6442422867, 18.0113658905, 11.4092416763, 15.4237165451, 17.5911426544, 11.861413002, 15.8920717239, 10.7705183029, 7.34968328476, 7.45119714737, 4.76174163818, 4.47704029083, 3.63049721718, 2.38015007973, 1.44370234013, 1.12854278088, 0.802337884903, 0.598436832428, 0.393869400024, 0.212751895189, 0.114805176854, 0.0536528751254, 0.0208906531334, 0.00794586911798, 0.00334480311722, 0.000971000059508, 0.000135150359711, 1.18777015814e-05], "dvar2": [0.0585923567414, 4.39079189301, 36.3771591187, 111.058959961, 235.372741699, 235.638717651, 988.979309082, 1170.4597168, 1693.71032715, 1853.78991699, 2082.80737305, 2051.73095703, 2015.21020508, 2818.66918945, 1191.39782715, 2684.05737305, 4983.01123047, 2853.92553711, 3831.73974609, 1590.89782715, 723.841491699, 670.274230957, 262.36340332, 319.812835693, 282.780334473, 111.987823486, 36.0849876404, 33.6147918701, 13.0033941269, 7.1923995018, 3.88647603989, 0.963549852371, 0.329671531916, 0.0565451644361, 0.00975296553224, 0.00170823710505, 0.000774008396547, 0.000126339029521, 2.99700900541e-06, 7.97603671998e-09], "dmean2": [0.0874717533588, 0.695471823215, 2.1698949337, 3.86708950996, 6.44369125366, 7.80783653259, 14.5794582367, 15.6222801208, 22.9950618744, 21.468082428, 24.7354373932, 24.2941322327, 23.4086265564, 26.8726902008, 18.1979923248, 24.5572738647, 28.0455131531, 19.1886501312, 25.0899372101, 17.4181900024, 11.9292488098, 12.2008476257, 7.89570522308, 7.35350370407, 5.89270925522, 3.94214081764, 2.30883646011, 1.83178794384, 1.27329599857, 0.928626894951, 0.596652567387, 0.312473505735, 0.169204220176, 0.075041115284, 0.0282042510808, 0.0102205099538, 0.00411580409855, 0.00117305363528, 0.000157126502017, 1.55412653839e-05], "var": [0.0301880687475, 2.2415368557, 20.0314788818, 55.4496459961, 120.383476257, 171.899108887, 905.317749023, 1164.9987793, 4507.03662109, 3760.28076172, 4480.64257812, 3939.84350586, 4281.84033203, 5299.15673828, 1278.13549805, 2283.17944336, 4642.22998047, 1819.94543457, 4071.92871094, 1783.3013916, 716.916992188, 685.469299316, 248.703018188, 315.686889648, 269.28237915, 125.985183716, 69.1637954712, 57.6604347229, 29.2103614807, 17.5789337158, 9.54838848114, 2.90871143341, 0.940550804138, 0.20847119391, 0.0436037816107, 0.00716487597674, 0.00190916191787, 0.000228041782975, 5.49078322365e-06, 1.70030904911e-08], "median": [0.00946024432778, 0.124573618174, 0.513021588326, 0.971607506275, 2.12421035767, 3.9833574295, 6.52323293686, 8.41636276245, 12.6880044937, 14.3726663589, 15.8593559265, 14.3371124268, 14.4893283844, 15.1870908737, 10.6824922562, 10.8464870453, 10.0612220764, 9.00424957275, 9.85556221008, 9.05220222473, 7.04999351501, 6.50115585327, 4.99764728546, 3.9271876812, 3.02674031258, 2.04801464081, 1.28812241554, 0.841750860214, 0.625168919563, 0.445648014545, 0.243081122637, 0.12482842803, 0.0672681555152, 0.0299281664193, 0.0119934137911, 0.00361841195263, 0.000963219616096, 0.000182603631401, 3.34879041475e-05, 2.10781872738e-05], "min": [1.18205882416e-07, 9.49468415001e-07, 9.00480188193e-07, 1.30547391564e-06, 4.43125463789e-06, 2.09717891266e-05, 7.51866609789e-05, 0.000271170341875, 0.000984540209174, 0.00315886572935, 0.00548818381503, 0.000568713410757, 0.0010066620307, 0.000905134947971, 0.00139244075399, 0.00145744008478, 0.000839971529786, 0.00100966938771, 0.000622658233624, 0.000734354660381, 0.00048010534374, 0.000426668062573, 0.000185816621524, 0.000233116457821, 0.000116873794468, 0.000131302018417, 9.6138122899e-05, 5.51417324459e-05, 3.72390313714e-05, 3.48298053723e-05, 2.12399172597e-05, 1.33438888952e-05, 8.56421138451e-06, 4.46839794677e-06, 2.21497066377e-06, 1.24954090097e-06, 8.12465145827e-07, 4.05786863666e-07, 1.06853086379e-07, 2.29441958766e-08], "dvar": [0.0207478664815, 1.63533973694, 13.6248559952, 39.6782264709, 83.6061553955, 86.2329864502, 372.830780029, 457.532531738, 784.013427734, 835.789001465, 969.738708496, 1022.965271, 996.604309082, 1416.77587891, 496.219329834, 1132.91918945, 2127.875, 1040.94360352, 1693.75036621, 622.267333984, 282.095275879, 272.460693359, 99.2132720947, 121.903007507, 107.814361572, 40.5045013428, 14.1005048752, 12.3770427704, 5.26441955566, 2.87755250931, 1.58404028416, 0.429454416037, 0.142557457089, 0.0299161020666, 0.00572120025754, 0.00112016149797, 0.000511161983013, 8.13644728623e-05, 2.10664688893e-06, 5.89675819285e-09], "mean": [0.0713927596807, 0.602569758892, 1.99171292782, 3.31488609314, 5.73792791367, 8.14751148224, 16.5468769073, 19.9377098083, 34.7862091064, 28.8835697174, 36.6385231018, 34.2175445557, 32.493183136, 35.2849502563, 21.7558307648, 27.0497303009, 30.9099617004, 22.5996646881, 28.7218475342, 20.8889865875, 14.7771482468, 14.5560874939, 10.1645536423, 9.72340583801, 7.98372411728, 5.46478509903, 3.68776845932, 2.8675391674, 2.13921380043, 1.61855530739, 1.06919276714, 0.588071465492, 0.320329546928, 0.153032213449, 0.0624700598419, 0.0221163742244, 0.00793446972966, 0.00193252565805, 0.000262719811872, 3.75664749299e-05]}, "spectral_contrast_valleys": {"max": [-5.02283382416, -4.32990074158, -5.13845539093, -5.77275896072, -5.78377771378, -8.0869102478], "dmean": [0.362251937389, 0.292523235083, 0.246015459299, 0.198390185833, 0.146005421877, 0.142226442695], "dvar2": [0.246270731091, 0.14833086729, 0.0984885394573, 0.0611233860254, 0.0298595447093, 0.0263605751097], "dmean2": [0.606490433216, 0.485647767782, 0.407473742962, 0.324109554291, 0.225034162402, 0.181747734547], "var": [2.99020648003, 1.55270564556, 1.93322396278, 1.94065582752, 2.02761530876, 2.26119208336], "median": [-7.49190711975, -6.40484905243, -7.20289802551, -7.7553486824, -8.03660392761, -11.148021698], "min": [-13.1936244965, -11.5295763016, -12.2826337814, -12.8108177185, -12.4302444458, -15.2618207932], "dvar": [0.0884081050754, 0.0538313798606, 0.0363419391215, 0.0243239495903, 0.0147393643856, 0.0228001698852], "mean": [-7.98459434509, -6.76867485046, -7.65092658997, -8.16157245636, -8.46750164032, -11.5380573273]}, "average_loudness": 0.556406497955, "erbbands_spread": {"max": 88.3822174072, "dmean": 4.19829511642, "dvar2": 33.6152648926, "dmean2": 6.58205080032, "var": 102.269340515, "median": 23.9778747559, "min": 1.1329061985, "dvar": 13.4908599854, "mean": 24.9216251373}, "melbands_flatness_db": {"max": 0.533651053905, "dmean": 0.0171003565192, "dvar2": 0.000590869691223, "dmean2": 0.0259561222047, "var": 0.00362970167771, "median": 0.215324297547, "min": 0.0475227348506, "dvar": 0.000244447932346, "mean": 0.219445869327}, "barkbands_spread": {"max": 68.2980117798, "dmean": 2.69526863098, "dvar2": 17.0727329254, "dmean2": 4.23465442657, "var": 57.4418449402, "median": 12.8065214157, "min": 0.37805300951, "dvar": 6.79231357574, "mean": 14.2385396957}, "spectral_decrease": {"max": -2.73238484789e-12, "dmean": 1.41795430952e-09, "dvar2": 1.50418708121e-17, "dmean2": 2.17489803944e-09, "var": 3.17036789008e-17, "median": -3.83338916166e-09, "min": -5.15178371074e-08, "dvar": 6.11788447231e-18, "mean": -5.35345279218e-09}, "melbands_crest": {"max": 32.216835022, "dmean": 2.69383430481, "dvar2": 16.2125415802, "dmean2": 4.31423330307, "var": 18.6386146545, "median": 10.9299850464, "min": 3.69769835472, "dvar": 5.91928100586, "mean": 11.7560091019}, "erbbands_flatness_db": {"max": 0.464474588633, "dmean": 0.0126987369731, "dvar2": 0.000241575544351, "dmean2": 0.0184000935405, "var": 0.00270044570789, "median": 0.193811237812, "min": 0.0601118393242, "dvar": 0.000117124218377, "mean": 0.199564382434}, "melbands_kurtosis": {"max": 151.223724365, "dmean": 2.74217987061, "dvar2": 50.3256034851, "dmean2": 4.35917901993, "var": 50.2527885437, "median": 4.02581214905, "min": -1.81426274776, "dvar": 18.8249034882, "mean": 5.86820745468}, "spectral_rms": {"max": 0.014196655713, "dmean": 0.000499634246808, "dvar2": 9.42737585774e-07, "dmean2": 0.000751813931856, "var": 5.62281366001e-06, "median": 0.00388885242864, "min": 0.00010255111556, "dvar": 4.05343911325e-07, "mean": 0.00391497276723}, "melbands_skewness": {"max": 10.1177206039, "dmean": 0.445147246122, "dvar2": 0.468329340219, "dmean2": 0.701140344143, "var": 0.786874651909, "median": 1.5751709938, "min": -1.90601933002, "dvar": 0.18082664907, "mean": 1.69061613083}, "barkbands": {"max": [0.0128810331225, 0.119721293449, 0.0601331442595, 0.0782118290663, 0.0758129507303, 0.0475578457117, 0.141462251544, 0.0590108595788, 0.0494847260416, 0.052628416568, 0.0217531826347, 0.0202472396195, 0.0299477409571, 0.0270587690175, 0.0301810633391, 0.00847249105573, 0.00953695271164, 0.00467468751594, 0.0101576475427, 0.00420234585181, 0.00343189388514, 0.00300337118097, 0.00220119510777, 0.00110049464274, 0.000736555084586, 0.000638243043795, 0.00072175177047], "dmean": [0.000163873861311, 0.00177753623575, 0.00125862483401, 0.000999504351057, 0.001344988239, 0.00122786068823, 0.00110235274769, 0.000731457665097, 0.000712496694177, 0.000664191204123, 0.000322854582919, 0.000419138668803, 0.000358057091944, 0.000331055489369, 0.000252065772656, 0.000135046590003, 0.000149318482727, 7.99959452706e-05, 8.91841336852e-05, 4.93434999953e-05, 3.1373823731e-05, 2.15235631913e-05, 1.44848218042e-05, 7.51289053369e-06, 3.63644335266e-06, 1.72749275862e-06, 8.08784704986e-07], "dvar2": [6.80558116528e-07, 7.01779354131e-05, 3.35583026754e-05, 2.22802445933e-05, 1.89075872186e-05, 1.57271188073e-05, 8.61025546328e-06, 4.11656174037e-06, 3.60547051059e-06, 3.43354236065e-06, 1.42346129905e-06, 1.95098436961e-06, 2.0724278329e-06, 2.2320627977e-06, 8.7543094196e-07, 2.04500381074e-07, 2.59521613089e-07, 7.9078866122e-08, 1.51512736579e-07, 3.99767543513e-08, 1.90977260672e-08, 8.99144936284e-09, 4.25299706563e-09, 1.00378494405e-09, 2.71247885264e-10, 1.43178829903e-10, 1.05249552129e-10], "dmean2": [0.000288854324026, 0.00293920771219, 0.00207739323378, 0.0017129634507, 0.00221266457811, 0.00197256682441, 0.00164338212926, 0.0010892272694, 0.00107014644891, 0.000970755529124, 0.000519164954312, 0.000670318142511, 0.000573962926865, 0.000541002606042, 0.000397614057874, 0.000220411835471, 0.000247094751103, 0.000132444765768, 0.000145132187754, 8.15842795419e-05, 5.04632589582e-05, 3.39003017871e-05, 2.19180801651e-05, 1.07637206384e-05, 4.905534297e-06, 2.10227221942e-06, 9.19203500871e-07], "var": [4.54140007378e-07, 3.8976308133e-05, 1.62614032888e-05, 9.20327329368e-06, 1.54950448632e-05, 1.60817580763e-05, 2.44421098614e-05, 9.64238552115e-06, 6.16040733803e-06, 7.57421412345e-06, 1.17333888738e-06, 1.59777732733e-06, 1.87607611224e-06, 1.52686595811e-06, 1.13148075798e-06, 1.94665901176e-07, 2.2563283153e-07, 7.50551265583e-08, 1.46630966924e-07, 5.39693445489e-08, 3.71917572295e-08, 2.23028404633e-08, 1.2539415728e-08, 4.23823420803e-09, 1.19022103284e-09, 4.72674621665e-10, 2.00107291848e-10], "median": [2.33186074183e-05, 0.00049505813513, 0.00044416601304, 0.00033428700408, 0.00122966640629, 0.00100520055275, 0.000966817256995, 0.000547012139577, 0.000600511673838, 0.000456308654975, 0.000201620801818, 0.000245621282374, 0.000186444071005, 0.000166491474374, 0.000158919719979, 0.000111557717901, 0.000111104673124, 7.44526623748e-05, 6.83804537402e-05, 4.12600129494e-05, 2.58105064859e-05, 1.76681423909e-05, 9.68145650404e-06, 4.85210603074e-06, 2.10372127185e-06, 5.94900370743e-07, 1.3097013607e-07], "min": [1.35470079599e-09, 4.41800729334e-09, 4.30822669206e-11, 1.11897081878e-10, 2.4043764757e-09, 1.2003386729e-08, 1.3335636595e-08, 1.4777546653e-07, 1.17702836366e-09, 1.75836518679e-08, 1.75745884512e-09, 1.17539462607e-08, 6.32312024962e-09, 1.19860610326e-08, 3.79942655115e-09, 9.80493641833e-09, 4.11528233712e-09, 2.77068457066e-09, 2.75377032288e-09, 2.97024294049e-09, 2.20065343726e-09, 1.08317110836e-09, 7.25018156622e-10, 5.38064981459e-10, 3.74135611381e-10, 4.08645117744e-10, 6.04884697886e-10], "dvar": [2.19332378038e-07, 2.60663746303e-05, 1.23308473121e-05, 7.6842825365e-06, 7.10824906491e-06, 5.93817412664e-06, 4.07582137996e-06, 2.00309023057e-06, 1.71260398929e-06, 1.78864445388e-06, 5.78546348606e-07, 8.01053488431e-07, 8.84040730398e-07, 8.27651547297e-07, 4.03977679753e-07, 7.95958072786e-08, 1.00109559753e-07, 3.01372224953e-08, 5.88268882495e-08, 1.48818140033e-08, 7.19990556064e-09, 3.6965817074e-09, 1.83615522786e-09, 4.98875829535e-10, 1.59250682086e-10, 1.02504137123e-10, 7.52358245149e-11], "mean": [0.000234647275647, 0.00260405754671, 0.00176743522752, 0.00128656148445, 0.00250354432501, 0.00243271212094, 0.00242182356305, 0.00146481103729, 0.00143614574336, 0.00129467761144, 0.000528452161234, 0.000677549280226, 0.000605091219768, 0.000554477679543, 0.000461703835754, 0.00024963368196, 0.000269578013103, 0.000163900025655, 0.000184470700333, 0.000112961628474, 8.09930279502e-05, 5.83257788094e-05, 4.05598148063e-05, 2.25061321544e-05, 1.09473394332e-05, 4.43851467935e-06, 1.50729795223e-06]}, "spectral_kurtosis": {"max": 51.9208755493, "dmean": 2.73039507866, "dvar2": 28.1448001862, "dmean2": 4.84068536758, "var": 26.0602874756, "median": 6.5510263443, "min": 0.622858524323, "dvar": 8.95987033844, "mean": 8.06466579437}, "erbbands_skewness": {"max": 6.2083363533, "dmean": 0.308513313532, "dvar2": 0.163647115231, "dmean2": 0.475890874863, "var": 0.465100586414, "median": 0.535308599472, "min": -3.379322052, "dvar": 0.0716883167624, "mean": 0.599872946739}, "melbands": {"max": [0.0271446332335, 0.0454072989523, 0.0315600112081, 0.0154964700341, 0.0242818575352, 0.0115082599223, 0.0212241131812, 0.0172409359366, 0.00948786083609, 0.00730132358149, 0.00706965802237, 0.00885437708348, 0.00262298271991, 0.0023595795501, 0.00546616828069, 0.0019675816875, 0.00257955188863, 0.00266276090406, 0.00146214908455, 0.00117508263793, 0.000697082199622, 0.000859548803419, 0.00054380641086, 0.000349370529875, 0.000281999236904, 0.000498896988574, 0.000147821279825, 0.000164018565556, 0.000120111551951, 9.73786882241e-05, 7.46794612496e-05, 7.76517117629e-05, 6.38547498966e-05, 5.20909597981e-05, 3.83477708965e-05, 2.46446943493e-05, 1.92830430024e-05, 1.47396149259e-05, 1.00906545413e-05, 6.18634385319e-06], "dmean": [0.000460625829874, 0.000615730299614, 0.000418791838456, 0.000284787558485, 0.000284031499177, 0.000227817261475, 0.000229377415963, 0.000152708351379, 0.000144807883771, 9.48004089878e-05, 8.29396667541e-05, 8.01885398687e-05, 4.22444136348e-05, 4.33701861766e-05, 5.00670466863e-05, 2.79593932646e-05, 2.49917320616e-05, 2.9904402254e-05, 1.75774057425e-05, 1.13587811938e-05, 9.00495342648e-06, 8.42153713165e-06, 6.53685719954e-06, 4.24947802458e-06, 3.92202673538e-06, 3.69042913917e-06, 2.14015358324e-06, 1.58513512361e-06, 1.12648569939e-06, 7.93500248619e-07, 7.02308227574e-07, 5.34728656021e-07, 4.29586521022e-07, 3.6946235582e-07, 2.667755723e-07, 1.86468028573e-07, 1.27239104586e-07, 9.50084384499e-08, 6.53825793506e-08, 4.37353548932e-08], "dvar2": [4.42375176135e-06, 8.22231868369e-06, 3.37186588695e-06, 9.37475533647e-07, 9.64109858614e-07, 5.62202615129e-07, 3.53006726073e-07, 1.87567437138e-07, 1.53707588879e-07, 6.48774545198e-08, 5.74834579936e-08, 5.32772119755e-08, 1.8754320763e-08, 2.45063400683e-08, 4.14495815448e-08, 1.02604378327e-08, 1.47884628987e-08, 1.5057148417e-08, 4.39444880485e-09, 1.61599922333e-09, 1.18816967376e-09, 9.19638920571e-10, 7.97020172083e-10, 3.23380294764e-10, 2.69090028038e-10, 3.24205884361e-10, 7.86680165454e-11, 5.18033949071e-11, 2.5393838074e-11, 1.6470781336e-11, 1.37052730276e-11, 6.29202766278e-12, 4.32247553722e-12, 2.86127328428e-12, 1.87936081628e-12, 7.85949051067e-13, 4.05427427741e-13, 2.71817995629e-13, 1.0184014683e-13, 3.60295696273e-14], "dmean2": [0.000768618599977, 0.00100889313035, 0.000704651116394, 0.000475219014334, 0.000463592296001, 0.000359297235264, 0.000340595637681, 0.000232444202993, 0.000214639192563, 0.000142125936691, 0.000124197016703, 0.000118935677165, 6.78459109622e-05, 6.95128619554e-05, 7.96978565631e-05, 4.47248785349e-05, 4.07403931604e-05, 4.75946617371e-05, 2.83208992187e-05, 1.85889202839e-05, 1.47093587657e-05, 1.37697325044e-05, 1.09136080937e-05, 7.08776633473e-06, 6.48503055345e-06, 6.02713180342e-06, 3.54823964699e-06, 2.62355024461e-06, 1.82369183221e-06, 1.29665909299e-06, 1.15603927497e-06, 8.59183842294e-07, 6.81783717482e-07, 5.86359931276e-07, 4.12863414567e-07, 2.8359269777e-07, 1.91740696209e-07, 1.46497626474e-07, 9.6653806736e-08, 6.35257251247e-08], "var": [2.6086811431e-06, 4.75978140457e-06, 1.78547395535e-06, 6.2478414975e-07, 8.85897406988e-07, 6.12104429365e-07, 1.00225577171e-06, 4.12602275901e-07, 2.79098713918e-07, 1.19110332264e-07, 1.18947951933e-07, 1.06552093371e-07, 1.89594473454e-08, 2.00771133052e-08, 3.21233741829e-08, 1.00430908034e-08, 8.59982751678e-09, 1.36711362231e-08, 4.3641716907e-09, 1.64513791479e-09, 1.08278708222e-09, 9.2864471668e-10, 5.57596191442e-10, 2.53637444381e-10, 2.36677705212e-10, 2.80321155177e-10, 8.217803521e-11, 5.43487026217e-11, 3.55625286164e-11, 2.20006356882e-11, 1.86913470812e-11, 1.01939134217e-11, 7.18752835027e-12, 5.36552486469e-12, 3.65847846809e-12, 1.74054770163e-12, 8.85677598969e-13, 5.08984401935e-13, 2.69450667291e-13, 1.1794443189e-13], "median": [0.000114871450933, 0.000256198458374, 0.000212134531466, 0.000230117380852, 0.000236633175518, 0.000195063301362, 0.000199186382815, 0.000141755968798, 0.000132359869895, 8.13085061964e-05, 6.7500572186e-05, 6.1271872255e-05, 3.35194563377e-05, 2.51094897976e-05, 2.49096738116e-05, 1.66162772075e-05, 1.45348758451e-05, 1.45703534145e-05, 1.1346741303e-05, 8.97794961929e-06, 6.36568029222e-06, 5.91902426095e-06, 4.77506273455e-06, 3.20523463415e-06, 2.78330344372e-06, 2.29753231906e-06, 1.56458281708e-06, 1.10172572931e-06, 7.95460380232e-07, 4.82343466501e-07, 4.29652914136e-07, 3.60320029813e-07, 2.54165286151e-07, 2.13797733295e-07, 1.41637698903e-07, 9.20597145182e-08, 6.27637604111e-08, 4.71226897503e-08, 3.35508403282e-08, 2.12434514424e-08], "min": [1.42164524597e-09, 5.04299269011e-10, 1.54126211793e-10, 3.06344477563e-10, 2.22386686843e-09, 5.98119909156e-09, 4.36313474239e-09, 3.74276574178e-08, 1.76589995959e-08, 1.83710782697e-10, 2.06585881735e-09, 4.35870406434e-09, 2.0855233096e-09, 2.6009066012e-09, 1.38420275242e-09, 4.02592181814e-10, 9.06344832519e-10, 6.36713848312e-10, 2.19062532003e-10, 8.25873147647e-10, 3.67081864905e-10, 3.09993919423e-10, 2.12683551326e-10, 1.78320705424e-10, 1.52746967852e-10, 6.78772732465e-11, 1.05584145593e-10, 6.31610805324e-11, 6.25281285083e-11, 4.25996495024e-11, 2.11512751758e-11, 1.72306439949e-11, 1.85055529928e-11, 1.2367874086e-11, 1.20931138367e-11, 1.03639917828e-11, 6.41097027895e-12, 5.81148584117e-12, 3.7976319138e-12, 3.34754598173e-12], "dvar": [1.6248875454e-06, 3.09014899358e-06, 1.18989089515e-06, 3.44061021451e-07, 3.65340241615e-07, 2.1927971261e-07, 1.66060758033e-07, 8.757501746e-08, 6.88481165412e-08, 3.17952668638e-08, 2.84717280863e-08, 2.74519571519e-08, 7.96962495997e-09, 1.00575929807e-08, 1.76785359685e-08, 4.33576330394e-09, 5.32833022149e-09, 6.24268903238e-09, 1.82106674185e-09, 6.23732954175e-10, 4.5740075616e-10, 3.83864245945e-10, 2.85127949029e-10, 1.23905136151e-10, 1.01987210344e-10, 1.28122984444e-10, 2.87543461264e-11, 1.90115111154e-11, 9.80049895405e-12, 6.04068184362e-12, 4.83998735187e-12, 2.48972934283e-12, 1.62214230763e-12, 1.12271064841e-12, 7.41242191325e-13, 3.24369464665e-13, 1.67868255646e-13, 1.05177436313e-13, 4.78553659102e-14, 1.85614869828e-14], "mean": [0.000689033360686, 0.000972444191575, 0.000653461611364, 0.000486716337036, 0.000543449015822, 0.000471518840641, 0.0005156082334, 0.000315628800308, 0.000310087169055, 0.000192857289221, 0.000164933560882, 0.000153938934091, 7.4327843322e-05, 6.98355433997e-05, 8.22450383566e-05, 4.92770159326e-05, 4.33512723248e-05, 4.99760353705e-05, 3.15280667564e-05, 2.10579328268e-05, 1.62324995472e-05, 1.51903868755e-05, 1.20226686704e-05, 7.97435131972e-06, 7.74342242948e-06, 7.14877478458e-06, 4.39410587205e-06, 3.30277384819e-06, 2.50880384556e-06, 1.77364279352e-06, 1.58954765084e-06, 1.24402231449e-06, 1.01143177744e-06, 8.74643319548e-07, 6.55610733702e-07, 4.51424028824e-07, 3.13707175792e-07, 2.34713610325e-07, 1.70685240164e-07, 1.14142572727e-07]}, "spectral_centroid": {"max": 3379.47998047, "dmean": 131.780578613, "dvar2": 43608.171875, "dmean2": 208.217285156, "var": 191961.359375, "median": 895.887268066, "min": 167.709823608, "dvar": 17736.7578125, "mean": 994.59753418}, "pitch_salience": {"max": 0.849203526974, "dmean": 0.0600947625935, "dvar2": 0.00723903765902, "dmean2": 0.0973566696048, "var": 0.00914671365172, "median": 0.587923526764, "min": 0.0837629884481, "dvar": 0.00261342851445, "mean": 0.580670595169}, "gfcc": {"icov": [[0.000201777278562, -0.000159738177899, 0.000215827385546, -0.000480152491946, 0.000371239846572, -0.000877810583916, 0.000791240658145, -0.000626677938271, 0.000576606951654, -0.000213722625631, 0.000372915441403, -0.000283846718958, 0.000575003563426], [-0.000159738177899, 0.00422919914126, -0.00249121757224, 0.00175946159288, -0.00327846687287, 0.00128948700149, -0.0022978943307, 0.00386036536656, -0.00366351706907, 0.00763377780095, -0.00680225342512, 0.00638423720375, -0.00360154407099], [0.000215827385546, -0.00249121757224, 0.0045720608905, -0.00282751023769, 0.000822953588795, -0.00116737000644, 0.00171759340446, -0.00237132003531, 0.00265501043759, -0.00373482238501, 0.00484991818666, -0.00483857095242, 0.00257927714847], [-0.000480152491946, 0.00175946159288, -0.00282751023769, 0.00731020281091, -0.00320123392157, -0.000982304220088, -0.000364818261005, 0.000957081036177, -0.000350947288098, 0.00342076062225, -0.00512100709602, 0.00529266381636, -0.00266784359701], [0.000371239846572, -0.00327846687287, 0.000822953588795, -0.00320123392157, 0.0120443766937, -0.00493259169161, -0.000742311938666, 0.00192831759341, 1.048114882e-05, -0.00512643391266, 0.00548777915537, -0.00356818037108, 0.00469037657604], [-0.000877810583916, 0.00128948700149, -0.00116737000644, -0.000982304220088, -0.00493259169161, 0.0154355894774, -0.0063128657639, -0.000240057197516, 0.00103784771636, -0.00205342448317, 0.00108877383173, -0.00113905582111, -0.000370115652913], [0.000791240658145, -0.0022978943307, 0.00171759340446, -0.000364818261005, -0.000742311938666, -0.0063128657639, 0.0226471312344, -0.0146397994831, 0.00101464556064, 0.00275153596886, -0.00277868122794, 0.00225226231851, 0.000145706348121], [-0.000626677938271, 0.00386036536656, -0.00237132003531, 0.000957081036177, 0.00192831759341, -0.000240057197516, -0.0146397994831, 0.0316201895475, -0.0161305069923, 0.00429075676948, 0.00223578512669, -0.00444584758952, 0.00110945070628], [0.000576606951654, -0.00366351706907, 0.00265501043759, -0.000350947288098, 1.048114882e-05, 0.00103784771636, 0.00101464556064, -0.0161305069923, 0.0288038402796, -0.0184739213437, 0.00161750486586, 0.00301432004198, -0.00369719811715], [-0.000213722625631, 0.00763377780095, -0.00373482238501, 0.00342076062225, -0.00512643391266, -0.00205342448317, 0.00275153596886, 0.00429075676948, -0.0184739213437, 0.0370487943292, -0.0220888443291, 0.0102174049243, -0.00115068478044], [0.000372915441403, -0.00680225342512, 0.00484991818666, -0.00512100709602, 0.00548777915537, 0.00108877383173, -0.00277868122794, 0.00223578512669, 0.00161750486586, -0.0220888443291, 0.0386307947338, -0.0224113538861, 0.00643924577162], [-0.000283846718958, 0.00638423720375, -0.00483857095242, 0.00529266381636, -0.00356818037108, -0.00113905582111, 0.00225226231851, -0.00444584758952, 0.00301432004198, 0.0102174049243, -0.0224113538861, 0.037597052753, -0.0176939126104], [0.000575003563426, -0.00360154407099, 0.00257927714847, -0.00266784359701, 0.00469037657604, -0.000370115652913, 0.000145706348121, 0.00110945070628, -0.00369719811715, -0.00115068478044, 0.00643924577162, -0.0176939126104, 0.0260813925415]], "cov": [[18469.3085938, -1105.2734375, 1050.21484375, 1831.75793457, 375.686798096, 1312.49719238, -433.119110107, -49.3403167725, -838.241271973, -237.970336914, -455.595489502, -136.238464355, -629.98638916], [-1105.2734375, 1222.83740234, 316.335632324, 49.7708015442, 237.458282471, -59.5713386536, 80.3050308228, -126.878456116, -6.55219888687, -155.933349609, 14.123216629, -110.059143066, 42.4737739563], [1050.21484375, 316.335632324, 585.621154785, 305.50793457, 167.61378479, 140.588760376, -17.8480129242, -43.9124145508, -108.302612305, -74.0852203369, -60.6637611389, -31.8074321747, -57.5377616882], [1831.75793457, 49.7708015442, 305.50793457, 444.065643311, 154.824188232, 188.702835083, -27.2691478729, -29.7150039673, -108.343803406, -47.4150619507, -51.6868896484, -44.836315155, -77.15625], [375.686798096, 237.458282471, 167.61378479, 154.824188232, 215.5987854, 97.6328582764, 22.1438179016, -28.7762870789, -25.3888092041, -22.7826766968, -23.0277824402, -43.9260597229, -41.2367019653], [1312.49719238, -59.5713386536, 140.588760376, 188.702835083, 97.6328582764, 206.71321106, 12.9911546707, 17.8420753479, -49.3234710693, -4.86853122711, -34.4564666748, -12.4256734848, -54.3486289978], [-433.119110107, 80.3050308228, -17.8480129242, -27.2691478729, 22.1438179016, 12.9911546707, 104.836608887, 51.4886436462, 51.6422080994, 8.65909862518, 16.8505802155, -2.50637960434, 14.8819084167], [-49.3403167725, -126.878456116, -43.9124145508, -29.7150039673, -28.7762870789, 17.8420753479, 51.4886436462, 99.4252624512, 66.0211791992, 40.7588272095, 12.7727966309, 21.3086280823, 8.24132347107], [-838.241271973, -6.55219888687, -108.302612305, -108.343803406, -25.3888092041, -49.3234710693, 51.6422080994, 66.0211791992, 148.761825562, 80.6476516724, 51.2454414368, 11.3314495087, 37.6538696289], [-237.970336914, -155.933349609, -74.0852203369, -47.4150619507, -22.7826766968, -4.86853122711, 8.65909862518, 40.7588272095, 80.6476516724, 110.501625061, 49.7792167664, 19.7426128387, 5.8472905159], [-455.595489502, 14.123216629, -60.6637611389, -51.6868896484, -23.0277824402, -34.4564666748, 16.8505802155, 12.7727966309, 51.2454414368, 49.7792167664, 79.67162323, 34.3043670654, 28.7844543457], [-136.238464355, -110.059143066, -31.8074321747, -44.836315155, -43.9260597229, -12.4256734848, -2.50637960434, 21.3086280823, 11.3314495087, 19.7426128387, 34.3043670654, 77.4959793091, 39.7777366638], [-629.98638916, 42.4737739563, -57.5377616882, -77.15625, -41.2367019653, -54.3486289978, 14.8819084167, 8.24132347107, 37.6538696289, 5.8472905159, 28.7844543457, 39.7777366638, 87.5791091919]], "mean": [-68.0175094604, 126.00604248, -140.192123413, 13.0530071259, -61.4475135803, -1.43638539314, -31.9665431976, 2.40017557144, -13.5052213669, -0.209616228938, -9.45562553406, -2.34055399895, -6.19428873062]}, "spectral_flux": {"max": 0.322360634804, "dmean": 0.0116918431595, "dvar2": 0.000568480812944, "dmean2": 0.0191079247743, "var": 0.00191666581668, "median": 0.0569321066141, "min": 0.000903174746782, "dvar": 0.000226598698646, "mean": 0.0618070363998}, "zerocrossingrate": {"max": 0.16455078125, "dmean": 0.00442483555526, "dvar2": 2.56340299529e-05, "dmean2": 0.00565103208646, "var": 0.00034228147706, "median": 0.0390625, "min": 0.00390625, "dvar": 1.65452511283e-05, "mean": 0.043035402894}, "spectral_energyband_middle_low": {"max": 0.148118540645, "dmean": 0.00354363396764, "dvar2": 7.659993571e-05, "dmean2": 0.00540328398347, "var": 0.000166695201187, "median": 0.00835893116891, "min": 4.58329805042e-06, "dvar": 3.08725939249e-05, "mean": 0.0118182925507}, "silence_rate_20dB": {"max": 1, "dmean": 0, "dvar2": 0, "dmean2": 0, "var": 0, "median": 1, "min": 1, "dvar": 0, "mean": 1}, "silence_rate_30dB": {"max": 1, "dmean": 0.0046038068831, "dvar2": 0.0101852891967, "dmean2": 0.00920842960477, "var": 0.00807985477149, "median": 1, "min": 0, "dvar": 0.00458402279764, "mean": 0.991855502129}, "spectral_entropy": {"max": 8.31063365936, "dmean": 0.104280725121, "dvar2": 0.0174468774348, "dmean2": 0.15394872427, "var": 0.211151182652, "median": 7.21014976501, "min": 5.10508871078, "dvar": 0.00802130345255, "mean": 7.15354442596}, "spectral_rolloff": {"max": 6029.296875, "dmean": 207.092956543, "dvar2": 174433.484375, "dmean2": 355.416656494, "var": 385921.09375, "median": 904.39453125, "min": 86.1328125, "dvar": 70914.2421875, "mean": 1087.25012207}, "spectral_complexity": {"max": 60, "dmean": 2.08579015732, "dvar2": 10.3565044403, "dmean2": 3.3