{"tonal": {"chords_key": "A", "hpcp_entropy": {"dmean": 0.655882835388, "dmean2": 1.10359489918, "max": 4.77114248276, "dvar": 0.30849891901, "mean": 2.19567036629, "dvar2": 0.853772819042, "min": 0, "var": 0.575304508209, "median": 2.15323519707}, "key_key": "D", "chords_strength": {"dmean": 0.00737275183201, "dmean2": 0.00872800778598, "max": 0.808280467987, "dvar": 0.000328024325427, "mean": 0.527425885201, "dvar2": 0.000637914345134, "min": -1, "var": 0.0239252522588, "median": 0.521511435509}, "key_scale": "minor", "chords_number_rate": 0.00170252285898, "thpcp": [1, 0.89547675848, 0.301925092936, 0.0792378112674, 0.0473445281386, 0.048530485481, 0.0903894677758, 0.117944762111, 0.0828810930252, 0.0528933443129, 0.0592893175781, 0.147244766355, 0.37920665741, 0.414621978998, 0.172467648983, 0.0367481037974, 0.0246362835169, 0.0306200496852, 0.0806372389197, 0.102276980877, 0.06052159518, 0.0899751484394, 0.126174882054, 0.146840587258, 0.171425133944, 0.0887374207377, 0.0235589426011, 0.0662711411715, 0.0811552256346, 0.0451119430363, 0.0346437431872, 0.0369101725519, 0.0329465307295, 0.0606488697231, 0.111154489219, 0.42026925087], "key_strength": 0.638523101807, "tuning_nontempered_energy_ratio": 0.890119075775, "tuning_frequency": 434.193115234, "chords_changes_rate": 0.0496827103198, "tuning_diatonic_strength": 0.547447502613, "chords_scale": "major", "chords_histogram": [7.24346065521, 3.52886557579, 0.882216393948, 0, 0, 0, 0.340504556894, 0.495279371738, 16.1275348663, 52.2829284668, 4.33369445801, 2.61569404602, 1.25367593765, 2.24423456192, 0.588144242764, 3.86936998367, 2.02754998207, 1.67156791687, 0, 0.479801893234, 0, 0.0154774803668, 0, 0], "tuning_equal_tempered_deviation": 0.216309711337, "hpcp": {"dmean": [0.213044807315, 0.253695458174, 0.210594549775, 0.0692637711763, 0.0408995300531, 0.0416234247386, 0.0485119149089, 0.0528583303094, 0.0560253746808, 0.0496496632695, 0.0562455244362, 0.105841822922, 0.150841072202, 0.160299092531, 0.104742221534, 0.0326137728989, 0.0215625278652, 0.0250955969095, 0.0358443893492, 0.0358120575547, 0.0324314050376, 0.0380135700107, 0.0423632673919, 0.0657453611493, 0.0843254476786, 0.0452731586993, 0.0157079789788, 0.027697538957, 0.0317022912204, 0.0267260223627, 0.0240735355765, 0.0256386306137, 0.0276973377913, 0.0385604053736, 0.0725746974349, 0.233451351523], "dmean2": [0.378667503595, 0.443012982607, 0.376141756773, 0.129305720329, 0.076732173562, 0.0776895731688, 0.0843068063259, 0.0908196717501, 0.101606793702, 0.09374140203, 0.10652462393, 0.192020252347, 0.250607937574, 0.264260083437, 0.182805001736, 0.0606946088374, 0.0400542020798, 0.0460799895227, 0.0622942447662, 0.0604402720928, 0.0563324317336, 0.0637343376875, 0.0707519128919, 0.110278718174, 0.14221303165, 0.0773091986775, 0.027447136119, 0.0457519814372, 0.052057530731, 0.0469539240003, 0.0441208146513, 0.0469163060188, 0.0513063147664, 0.0704485476017, 0.133529901505, 0.412511020899], "max": [1, 1, 1, 1, 1, 1, 1, 1, 1, 1, 1, 1, 1, 1, 1, 1, 1, 1, 1, 1, 1, 1, 1, 1, 1, 1, 1, 1, 1, 1, 1, 1, 1, 1, 1, 1], "dvar": [0.0714273303747, 0.0644235238433, 0.0655074939132, 0.0260912664235, 0.0181450620294, 0.0181048959494, 0.0182908400893, 0.0198524706066, 0.024808678776, 0.022769946605, 0.0235072858632, 0.0339158251882, 0.0412253476679, 0.0465973652899, 0.0256425738335, 0.00939099490643, 0.00713852280751, 0.00798520818353, 0.00970712583512, 0.00960027705878, 0.00718762306497, 0.00875859893858, 0.011442088522, 0.0160570275038, 0.0466110035777, 0.0121041825041, 0.00184438179713, 0.0049930838868, 0.00742025161162, 0.00655669765547, 0.00683749187738, 0.00868523307145, 0.00819678511471, 0.0126183964312, 0.0206119641662, 0.0609134621918], "mean": [0.605068266392, 0.541824579239, 0.182685300708, 0.0479442849755, 0.0286466721445, 0.0293642561883, 0.054691798985, 0.071364633739, 0.0501487180591, 0.0320040844381, 0.0358740836382, 0.0890931338072, 0.229445919394, 0.250874608755, 0.104354701936, 0.0222351122648, 0.0149066336453, 0.0185272209346, 0.0487910360098, 0.0618845559657, 0.0366196967661, 0.0544411092997, 0.0763444155455, 0.0888485759497, 0.103723905981, 0.0536921955645, 0.014254768379, 0.0400985628366, 0.0491044521332, 0.0272958055139, 0.0209618303925, 0.0223331749439, 0.019934900105, 0.0366967059672, 0.0672560557723, 0.254291594028], "dvar2": [0.173299401999, 0.166696414351, 0.182516485453, 0.0733805596828, 0.0526694767177, 0.0532937608659, 0.0488016754389, 0.0496622547507, 0.0709942504764, 0.0668118745089, 0.0683666914701, 0.0964390039444, 0.103417225182, 0.111888505518, 0.0694720000029, 0.0267190486193, 0.0209373366088, 0.0229242723435, 0.0258206557482, 0.0229996535927, 0.0201905742288, 0.0220954660326, 0.027181327343, 0.0378175266087, 0.102448225021, 0.0276690386236, 0.00513929547742, 0.0122224744409, 0.01782512106, 0.0186668522656, 0.0203417856246, 0.0252583120018, 0.0234659891576, 0.0351490005851, 0.0559275709093, 0.171898052096], "min": [0, 0, 0, 0, 0, 0, 0, 0, 0, 0, 0, 0, 0, 0, 0, 0, 0, 0, 0, 0, 0, 0, 0, 0, 0, 0, 0, 0, 0, 0, 0, 0, 0, 0, 0, 0], "var": [0.168618261814, 0.143727824092, 0.0604524724185, 0.0184963345528, 0.0120015880093, 0.0120962960646, 0.0244230721146, 0.0374857634306, 0.0224525984377, 0.0146894659847, 0.015737446025, 0.0314784273505, 0.0839865654707, 0.095802269876, 0.0278466809541, 0.00625120243058, 0.00445371353999, 0.00529484590515, 0.0204109810293, 0.0326727814972, 0.00903781875968, 0.018195239827, 0.0383743271232, 0.0274015665054, 0.0692979693413, 0.0172774996608, 0.00166527845431, 0.0134526351467, 0.0212367530912, 0.00649510882795, 0.00559430988505, 0.00707291066647, 0.00524014420807, 0.0131829623133, 0.0267521943897, 0.0631817653775], "median": [0.768273711205, 0.604392230511, 0.0749894455075, 0.00499684456736, 0.00192035885993, 0.0020505732391, 0.0050525306724, 0.00590713275596, 0.00356171070598, 0.00110951939132, 0.00145591015462, 0.0156838987023, 0.0893249586225, 0.104774579406, 0.031179908663, 0.00151015340816, 0.00086924288189, 0.00162021175493, 0.00375533406623, 0.00454707816243, 0.00589273171499, 0.00819937232882, 0.0100553715602, 0.00974951963872, 0.00323921651579, 0.00186892040074, 0.00248215999454, 0.0047795237042, 0.00443558581173, 0.00339591689408, 0.00270245946012, 0.00213562953286, 0.00183709221892, 0.00223063840531, 0.00746905338019, 0.199230641127]}}, "lowlevel": {"melbands_flatness_db": {"dmean": 0.054204877466, "dmean2": 0.0786232724786, "max": 0.730245172977, "dvar": 0.00300666387193, "mean": 0.35771420598, "dvar2": 0.00591231323779, "min": 0.00898486282676, "var": 0.0157448742539, "median": 0.346863478422}, "melbands_crest": {"dmean": 3.42893910408, "dmean2": 5.659927845, "max": 37.4427375793, "dvar": 9.62382411957, "mean": 19.980682373, "dvar2": 24.7484912872, "min": 3.44328212738, "var": 28.7849235535, "median": 20.249710083}, "spectral_entropy": {"dmean": 0.398017585278, "dmean2": 0.587079107761, "max": 9.7838640213, "dvar": 0.174919694662, "mean": 6.77836513519, "dvar2": 0.352574199438, "min": 3.91293644905, "var": 0.89183986187, "median": 6.92793703079}, "melbands": {"dmean": [0.00378421507776, 0.00476689822972, 0.00187974609435, 0.00046284327982, 0.000588626367971, 0.000250358891208, 6.90570377628e-05, 5.02225448145e-05, 4.89847407152e-05, 6.62331367494e-05, 3.81454956369e-05, 2.46302788582e-05, 1.95794236788e-05, 1.20301629067e-05, 1.53051314555e-05, 9.90325042949e-06, 1.02425346995e-05, 9.32780494622e-06, 8.77536422195e-06, 9.5504346973e-06, 1.09045568024e-05, 8.4118473751e-06, 7.64722517488e-06, 8.17763793748e-06, 7.2407560765e-06, 7.26685357222e-06, 7.06444461684e-06, 6.70719646223e-06, 5.69926987737e-06, 5.64310084883e-06, 4.84007205159e-06, 4.39102132077e-06, 3.8988587221e-06, 3.42082398674e-06, 2.95047311738e-06, 3.10602604259e-06, 2.69108954853e-06, 1.9902411168e-06, 1.50342896177e-06, 1.06628385765e-06], "dmean2": [0.00602106144652, 0.0080964230001, 0.00327885290608, 0.000800757261459, 0.000969160697423, 0.000434420915553, 0.000121017052152, 8.69606010383e-05, 8.06113384897e-05, 0.000109891196189, 6.44893589197e-05, 4.21280019509e-05, 3.28809292114e-05, 2.06147724384e-05, 2.60147280642e-05, 1.70010735019e-05, 1.78033496923e-05, 1.61310235853e-05, 1.52709744725e-05, 1.65312085301e-05, 1.88952944882e-05, 1.45848653119e-05, 1.30886073748e-05, 1.4264877791e-05, 1.26405057017e-05, 1.27919356601e-05, 1.25132219182e-05, 1.19977730719e-05, 1.01059968074e-05, 9.99571329885e-06, 8.50026845001e-06, 7.68118115957e-06, 6.79209188092e-06, 5.9089811657e-06, 5.20503726875e-06, 5.67946472074e-06, 4.98373492519e-06, 3.69077747564e-06, 2.78249876828e-06, 1.95442430595e-06], "max": [0.11583520472, 0.104627653956, 0.0428568609059, 0.0143444705755, 0.0164159741253, 0.0077515328303, 0.00319715193473, 0.00336254597642, 0.00361320772208, 0.00248138140887, 0.00292961043306, 0.000836072256789, 0.000772410712671, 0.000449860177469, 0.00109385070391, 0.00038063377724, 0.000436569505837, 0.000325681874529, 0.00107170536648, 0.00134555750992, 0.000578605744522, 0.000401465338655, 0.000610124901868, 0.000331928837113, 0.000424502708483, 0.000396911636926, 0.000487137032906, 0.000365404615877, 0.000368393259123, 0.000309977709549, 0.000332998606609, 0.000254524231423, 0.000203234667424, 0.000163015152793, 0.000147596045281, 0.000145556288771, 0.00012940436136, 0.000143806275446, 0.000160142706591, 9.03987383936e-05], "dvar": [0.000128775442136, 8.57217310113e-05, 8.06538810139e-06, 1.035101036e-06, 1.07734149424e-06, 2.44804795102e-07, 2.93671078566e-08, 1.61110254027e-08, 1.17393090804e-08, 2.33977477393e-08, 1.21276251264e-08, 3.38660144372e-09, 2.09086548075e-09, 7.74229402811e-10, 1.61958058076e-09, 5.27682675333e-10, 6.35466124166e-10, 4.80029072047e-10, 9.895211317e-10, 1.38558664542e-09, 1.68499636466e-09, 6.64322874488e-10, 6.93884893987e-10, 7.93282550759e-10, 7.53479001414e-10, 8.35473967786e-10, 8.7131868387e-10, 7.42145789268e-10, 5.19137455246e-10, 4.89939866455e-10, 3.63690744187e-10, 3.09052006209e-10, 2.1286457319e-10, 1.47138037865e-10, 1.11107262279e-10, 1.49084328216e-10, 1.25692109498e-10, 8.94652338324e-11, 6.46711850738e-11, 2.71598386142e-11], "mean": [0.00571087747812, 0.00799444131553, 0.00259844330139, 0.000568820396438, 0.00111669581383, 0.000393765338231, 7.90835474618e-05, 6.08042246313e-05, 7.08398947609e-05, 7.26478756405e-05, 4.15951035393e-05, 2.74810390692e-05, 2.23363058467e-05, 1.3676947674e-05, 1.84744603757e-05, 9.7225583886e-06, 9.0588346211e-06, 8.38437790662e-06, 7.74118416302e-06, 8.15829025669e-06, 9.0871590146e-06, 7.19712397768e-06, 6.2861713559e-06, 6.5403141889e-06, 5.59300042369e-06, 5.40771725355e-06, 5.3747844504e-06, 4.87926763526e-06, 4.15729664383e-06, 4.11441669712e-06, 3.60223521056e-06, 3.16601881423e-06, 2.91705964628e-06, 2.6403827178e-06, 2.18101263272e-06, 2.07706943911e-06, 1.71686485828e-06, 1.29442742036e-06, 9.59212343332e-07, 7.1390991252e-07], "dvar2": [0.000291098258458, 0.000231340629398, 2.24291361519e-05, 2.83276585833e-06, 2.90305251838e-06, 7.07614105977e-07, 8.22087997676e-08, 4.38840714878e-08, 2.75914562309e-08, 6.01124057198e-08, 3.31850600332e-08, 9.27035248566e-09, 5.46687939362e-09, 2.08650807743e-09, 4.09299527604e-09, 1.40371192447e-09, 1.70044622827e-09, 1.26276622492e-09, 2.81340795105e-09, 3.89795262734e-09, 4.58734206177e-09, 1.79152592761e-09, 1.78669501416e-09, 2.13571005325e-09, 2.01666483512e-09, 2.27988028456e-09, 2.42000131045e-09, 2.07984007794e-09, 1.43208389591e-09, 1.3458464343e-09, 9.81407843881e-10, 8.40799541102e-10, 5.75504977007e-10, 4.018805011e-10, 3.07066538863e-10, 4.25503604573e-10, 3.6145422766e-10, 2.58923521512e-10, 1.87594245693e-10, 7.83596521003e-11], "min": [2.40812760192e-23, 4.29392263059e-23, 2.73991177015e-23, 1.08993101076e-23, 5.50896674426e-24, 6.16096264901e-24, 8.29580564085e-24, 8.84894307468e-24, 5.96424440507e-24, 9.84785555085e-24, 6.1033844804e-24, 1.3683688547e-23, 3.79099966437e-24, 9.3640266473e-24, 6.99397531023e-24, 2.02120978725e-23, 2.05573538918e-23, 1.85258808664e-23, 2.02768649306e-23, 1.32870887269e-23, 1.130286137e-23, 6.40910910194e-24, 7.69124394233e-24, 9.67350072472e-24, 1.16381872082e-23, 8.47242686436e-24, 2.05301602786e-23, 1.35462342675e-23, 1.08099353225e-23, 1.21403121627e-23, 9.18857767109e-24, 8.32202027759e-24, 1.3351447155e-23, 1.12357561283e-23, 1.32437013772e-23, 1.16351855924e-23, 9.13160534765e-24, 8.66113422581e-24, 1.02778983402e-23, 8.81494790283e-24], "var": [0.000184497970622, 8.53350429679e-05, 8.87264832272e-06, 8.5564931851e-07, 1.82494670753e-06, 5.27445308762e-07, 2.65895803153e-08, 2.18799769414e-08, 3.98204598184e-08, 2.69206914538e-08, 1.14334648416e-08, 3.23695248383e-09, 2.46550757588e-09, 9.125767364e-10, 3.44490835857e-09, 4.92011376085e-10, 5.14101317073e-10, 4.08274303254e-10, 6.25921647845e-10, 9.3809127133e-10, 1.27262134164e-09, 5.68159519432e-10, 6.03786298736e-10, 6.23961382562e-10, 5.43659228747e-10, 5.67916214056e-10, 5.72495828521e-10, 4.79104533824e-10, 3.48265999373e-10, 3.35083516489e-10, 2.5399277126e-10, 2.0802821965e-10, 1.46651732424e-10, 1.04106882837e-10, 7.44689448995e-11, 8.75959443869e-11, 7.1509798083e-11, 4.99925621733e-11, 3.57906204673e-11, 1.53383729329e-11], "median": [0.00229603704065, 0.00676263589412, 0.00187489122618, 0.000284444133285, 0.00065807061037, 0.000115538059617, 2.49238364631e-05, 1.75792574737e-05, 2.03856598091e-05, 1.55148354679e-05, 1.00809038486e-05, 7.44734143154e-06, 5.73881652599e-06, 3.54596477337e-06, 3.45307307725e-06, 2.48421429205e-06, 1.82093936019e-06, 1.62671403814e-06, 1.37030428959e-06, 1.24916118693e-06, 1.13413636882e-06, 9.9042392776e-07, 7.26460143596e-07, 6.39551103632e-07, 5.18645720149e-07, 4.54219247104e-07, 3.84497610639e-07, 2.89439867629e-07, 2.26639471634e-07, 1.57718957894e-07, 1.68169535186e-07, 1.73366530021e-07, 2.01348541395e-07, 1.87951016528e-07, 1.27807680883e-07, 1.00218031207e-07, 6.01089382712e-08, 4.76732289201e-08, 3.10259586911e-08, 2.55540673066e-08]}, "silence_rate_60dB": {"dmean": 0.0117647061124, "dmean2": 0.0234538279474, "max": 1, "dvar": 0.0116252563894, "mean": 0.0619147121906, "dvar2": 0.0244511384517, "min": 0, "var": 0.0580912157893, "median": 0}, "spectral_energyband_middle_high": {"dmean": 0.00129182473756, "dmean2": 0.0021740377415, "max": 0.0457969866693, "dvar": 1.03308057078e-05, "mean": 0.00141041900497, "dvar2": 2.68661788141e-05, "min": 1.95140650867e-21, "var": 9.04388889467e-06, "median": 0.000473479361972}, "erbbands_skewness": {"dmean": 0.704968631268, "dmean2": 1.09852409363, "max": 11.3443145752, "dvar": 0.579447805882, "mean": 1.31074297428, "dvar2": 1.3446931839, "min": -3.71015024185, "var": 2.1130297184, "median": 1.13451981544}, "dynamic_complexity": 3.06088542938, "dissonance": {"dmean": 0.0288649275899, "dmean2": 0.0480456613004, "max": 0.500000238419, "dvar": 0.00086967489915, "mean": 0.438584297895, "dvar2": 0.00233684061095, "min": 0.127053976059, "var": 0.00255287182517, "median": 0.45327231288}, "spectral_skewness": {"dmean": 0.57150632143, "dmean2": 0.834039509296, "max": 11.4719734192, "dvar": 0.475762933493, "mean": 2.40227770805, "dvar2": 0.962730765343, "min": -0.00616661878303, "var": 1.98012518883, "median": 1.99249458313}, "spectral_kurtosis": {"dmean": 5.64807653427, "dmean2": 8.47567272186, "max": 187.547073364, "dvar": 97.2566986084, "mean": 11.0876913071, "dvar2": 211.916061401, "min": -1.19797194004, "var": 257.687530518, "median": 5.84285259247}, "gfcc": {"cov": [[16523.9121094, -1565.36877441, -974.234741211, 667.847290039, -577.256713867, 311.94229126, -352.778015137, 597.493347168, -383.829956055, 490.454833984, -367.858062744, 235.471206665, -345.90045166], [-1565.36877441, 2397.86401367, 178.30418396, -310.073760986, 88.9600830078, -92.3046569824, 32.4549598694, -276.940612793, 79.7510910034, -278.788757324, 200.164978027, -89.5250320435, 215.572219849], [-974.234741211, 178.30418396, 1624.40527344, 66.3528594971, 88.6075820923, 344.314697266, 165.923934937, -95.8598937988, 119.485198975, -60.9187736511, -35.7050285339, 58.5707855225, -55.3490791321], [667.847290039, -310.073760986, 66.3528594971, 468.109863281, 32.5370140076, 53.9094772339, 31.9240474701, 67.5172729492, 0.890677809715, 61.0836791992, -18.2916698456, -4.31638860703, -10.8264293671], [-577.256713867, 88.9600830078, 88.6075820923, 32.5370140076, 277.508850098, 15.2145290375, 48.4689979553, 0.946676790714, 16.5866622925, -0.452974170446, 18.0154705048, -33.7638511658, -7.25196933746], [311.94229126, -92.3046569824, 344.314697266, 53.9094772339, 15.2145290375, 324.60269165, 68.3810348511, 2.82786774635, 49.0118865967, 15.6131649017, -25.9441223145, 34.124835968, -55.1808013916], [-352.778015137, 32.4549598694, 165.923934937, 31.9240474701, 48.4689979553, 68.3810348511, 175.75390625, 46.0291175842, 20.4598064423, -3.35262513161, 7.63585472107, -12.5043678284, -5.60668706894], [597.493347168, -276.940612793, -95.8598937988, 67.5172729492, 0.946676790714, 2.82786774635, 46.0291175842, 179.364837646, -2.32046866417, 59.733379364, -28.9398097992, -18.3852062225, -28.5193939209], [-383.829956055, 79.7510910034, 119.485198975, 0.890677809715, 16.5866622925, 49.0118865967, 20.4598064423, -2.32046866417, 125.829452515, 2.2021009922, -1.21417295933, -10.8920497894, -14.1152696609], [490.454833984, -278.788757324, -60.9187736511, 61.0836791992, -0.452974170446, 15.6131649017, -3.35262513161, 59.733379364, 2.2021009922, 133.680053711, 6.97487592697, 9.95949745178, -35.6306533813], [-367.858062744, 200.164978027, -35.7050285339, -18.2916698456, 18.0154705048, -25.9441223145, 7.63585472107, -28.9398097992, -1.21417295933, 6.97487592697, 132.146942139, 11.2083244324, 64.8832550049], [235.471206665, -89.5250320435, 58.5707855225, -4.31638860703, -33.7638511658, 34.124835968, -12.5043678284, -18.3852062225, -10.8920497894, 9.95949745178, 11.2083244324, 109.603858948, 17.0802593231], [-345.90045166, 215.572219849, -55.3490791321, -10.8264293671, -7.25196933746, -55.1808013916, -5.60668706894, -28.5193939209, -14.1152696609, -35.6306533813, 64.8832550049, 17.0802593231, 149.795349121]], "mean": [-72.3056030273, 121.777000427, -61.4538879395, 41.6094284058, -43.2169113159, 17.0141448975, -28.9630584717, -1.07086873055, -16.6649513245, -6.58140707016, -13.7961931229, 1.12245059013, -6.76512050629], "icov": [[0.000125829697936, -0.000115834729513, 5.41022272955e-05, -0.000156397538376, 0.000182648247574, -0.000214317507925, 0.000313583906973, -0.00042563281022, 0.000411868240917, -0.000331024959451, 0.000291647796985, -0.000301800027955, 0.000194699387066], [-0.000115834729513, 0.000961190380622, -8.83210013853e-05, 0.000437449023593, -0.000259055610513, 0.000233072496485, -0.000469663296826, 0.00107370130718, -0.000865889829583, 0.00147607154213, -0.00122524320614, 0.00108917278703, -0.000715573842172], [5.41022272955e-05, -8.83210013853e-05, 0.000993410823867, -0.000205809759791, -8.76393751241e-05, -0.000787856290117, -0.000576569524128, 0.000447485916084, -0.000323701417074, 0.000141618729685, 0.000426389742643, -0.000629486399703, 0.000263640249614], [-0.000156397538376, 0.000437449023593, -0.000205809759791, 0.00273933028802, -0.00050949404249, -3.7565609091e-05, -0.000497178873047, 0.000162326192367, -0.000445505371317, -0.000257166742813, -0.000221379974391, 0.0008946552407, -0.00100422615651], [0.000182648247574, -0.000259055610513, -8.76393751241e-05, -0.00050949404249, 0.00432926183566, -0.000216597793042, -0.000404377671657, -0.000401593220886, 0.000529625627678, -0.000680707453284, -0.000242945869104, 0.000744987162761, 0.000671850400977], [-0.000214317507925, 0.000233072496485, -0.000787856290117, -3.7565609091e-05, -0.000216597793042, 0.00502863293514, -0.00168716104236, 0.000933301693294, -0.00167019641958, 0.000246326730121, -0.000268490955932, -0.000907416862901, 0.000953312264755], [0.000313583906973, -0.000469663296826, -0.000576569524128, -0.000497178873047, -0.000404377671657, -0.00168716104236, 0.00884020421654, -0.00423111114651, 0.00104020209983, 0.000275694968877, -0.000579659594223, -1.8066634766e-06, 0.00045015415526], [-0.00042563281022, 0.00107370130718, 0.000447485916084, 0.000162326192367, -0.000401593220886, 0.000933301693294, -0.00423111114651, 0.0105412863195, -0.00172125396784, -0.00151789642405, 0.000582747277804, 0.00253077154048, -0.00124223623425], [0.000411868240917, -0.000865889829583, -0.000323701417074, -0.000445505371317, 0.000529625627678, -0.00167019641958, 0.00104020209983, -0.00172125396784, 0.0106253204867, -0.00219551613554, 0.00111271278001, 3.73212424165e-05, 0.00115975644439], [-0.000331024959451, 0.00147607154213, 0.000141618729685, -0.000257166742813, -0.000680707453284, 0.000246326730121, 0.000275694968877, -0.00151789642405, -0.00219551613554, 0.0134821534157, -0.00515469163656, 7.04405611032e-05, 0.002148948377], [0.000291647796985, -0.00122524320614, 0.000426389742643, -0.000221379974391, -0.000242945869104, -0.000268490955932, -0.000579659594223, 0.000582747277804, 0.00111271278001, -0.00515469163656, 0.0128215691075, -0.00194863509387, -0.00389581802301], [-0.000301800027955, 0.00108917278703, -0.000629486399703, 0.0008946552407, 0.000744987162761, -0.000907416862901, -1.8066634766e-06, 0.00253077154048, 3.73212424165e-05, 7.04405611032e-05, -0.00194863509387, 0.0126060592011, -0.00282179308124], [0.000194699387066, -0.000715573842172, 0.000263640249614, -0.00100422615651, 0.000671850400977, 0.000953312264755, 0.00045015415526, -0.00124223623425, 0.00115975644439, 0.002148948377, -0.00389581802301, -0.00282179308124, 0.0109736807644]]}, "spectral_complexity": {"dmean": 4.48297214508, "dmean2": 6.88985204697, "max": 70, "dvar": 55.3927726746, "mean": 9.81611347198, "dvar2": 114.174865723, "min": 0, "var": 87.1502914429, "median": 7}, "spectral_flux": {"dmean": 0.0435185544193, "dmean2": 0.0670960694551, "max": 0.626199185848, "dvar": 0.00326853385195, "mean": 0.100076764822, "dvar2": 0.00668829120696, "min": 1.06041210535e-10, "var": 0.0070096575655, "median": 0.0807751193643}, "spectral_energyband_low": {"dmean": 0.0223540794104, "dmean2": 0.0364529564977, "max": 0.499275684357, "dvar": 0.00214296090417, "mean": 0.0415094941854, "dvar2": 0.0050817867741, "min": 2.26229303207e-22, "var": 0.00320550333709, "median": 0.0307565759867}, "spectral_decrease": {"dmean": 6.58016841015e-09, "dmean2": 1.06116209153e-08, "max": 3.77088776871e-10, "dvar": 1.5909191191e-16, "mean": -1.35096449583e-08, "dvar2": 3.70246306877e-16, "min": -1.43782671103e-07, "var": 2.52853946074e-16, "median": -1.03680735108e-08}, "barkbands_spread": {"dmean": 7.82560157776, "dmean2": 13.0627470016, "max": 166.405105591, "dvar": 304.872589111, "mean": 11.5186443329, "dvar2": 792.92779541, "min": 0.144766762853, "var": 406.860839844, "median": 4.55252552032}, "spectral_rms": {"dmean": 0.00147448794451, "dmean2": 0.00234816945158, "max": 0.0231147482991, "dvar": 3.31255273522e-06, "mean": 0.00635722512379, "dvar2": 7.33999786462e-06, "min": 3.31217085009e-12, "var": 1.093904757e-05, "median": 0.00629266444594}, "spectral_centroid": {"dmean": 250.128753662, "dmean2": 399.099121094, "max": 10926.2021484, "dvar": 206000.9375, "mean": 633.594604492, "dvar2": 455635.25, "min": 109.858985901, "var": 453636.4375, "median": 387.47845459}, "barkbands_skewness": {"dmean": 1.38475751877, "dmean2": 2.16943192482, "max": 22.6197948456, "dvar": 2.28814387321, "mean": 3.6691031456, "dvar2": 5.4871931076, "min": -2.4346203804, "var": 5.78800868988, "median": 3.14534187317}, "spectral_rolloff": {"dmean": 714.643981934, "dmean2": 1311.97009277, "max": 21317.8710938, "dvar": 5832936.5, "mean": 876.231323242, "dvar2": 16377653, "min": 64.599609375, "var": 6998065.5, "median": 258.3984375}, "erbbands_spread": {"dmean": 13.374162674, "dmean2": 21.4008769989, "max": 175.669815063, "dvar": 331.090454102, "mean": 39.821975708, "dvar2": 829.089660645, "min": 1.4061652422, "var": 776.291992188, "median": 34.1295814514}, "barkbands": {"dmean": [0.00104763824493, 0.0131488023326, 0.0118280770257, 0.00221590977162, 0.00260340515524, 0.00158246338833, 0.000313489435939, 0.000208305646083, 0.000458697439171, 0.000192919367692, 0.000145001438796, 0.000119201795314, 0.000114869922982, 0.000117097246402, 0.000107584397483, 0.000158538096002, 0.000135095018777, 0.000162577809533, 0.000182861767826, 0.000213089675526, 0.000221805268666, 0.000207722710911, 0.000181679351954, 0.000192356208572, 0.00011326798267, 0.000349207402905, 0.000157446644153], "dmean2": [0.00159768143203, 0.0209682825953, 0.0205416213721, 0.00385701237246, 0.00437140418217, 0.00274195685051, 0.000552273180801, 0.00034902014886, 0.00075654417742, 0.000327779824147, 0.000244882481638, 0.000202005743631, 0.000198226232897, 0.000203080111532, 0.000187340323464, 0.000277696846751, 0.000236129752011, 0.000283241155557, 0.000321134895785, 0.000380942772608, 0.0003914621484, 0.000360212026862, 0.000321186933434, 0.000355562369805, 0.00020868521824, 0.000673302914947, 0.000306810281472], "max": [0.0307140685618, 0.415808677673, 0.213323503733, 0.0780952125788, 0.0725228413939, 0.0553131848574, 0.0165624171495, 0.0134213659912, 0.0207463763654, 0.0130540784448, 0.00549894291908, 0.00653683161363, 0.00554542755708, 0.00554038211703, 0.0117314625531, 0.0147639559582, 0.00710984459147, 0.00690217781812, 0.0085721462965, 0.0120408684015, 0.0120043968782, 0.00949456822127, 0.00807771552354, 0.00999663956463, 0.00912714283913, 0.0325210504234, 0.0183727443218], "dvar": [6.62127831674e-06, 0.00171599874739, 0.000254961458268, 2.21090995183e-05, 2.52046338574e-05, 9.86363011179e-06, 7.19469483101e-07, 1.95896546984e-07, 1.10326209324e-06, 2.62898367964e-07, 1.22292803439e-07, 7.79014683872e-08, 7.28685591866e-08, 7.84454456948e-08, 1.2866438226e-07, 3.58291288194e-07, 1.83774005791e-07, 3.13191236501e-07, 4.99720329117e-07, 7.40026052881e-07, 7.50178514863e-07, 6.1646960603e-07, 4.12307542774e-07, 6.40514087991e-07, 3.00729624314e-07, 4.67424524686e-06, 1.27874318423e-06], "mean": [0.00231498572975, 0.0183249469846, 0.0186902750283, 0.002889045747, 0.00424173474312, 0.00254394114017, 0.000343931926182, 0.000276695325738, 0.00054220733, 0.000220459740376, 0.000157617148943, 0.00014686108625, 0.000118463052786, 0.000105589308077, 9.5662966487e-05, 0.000134251677082, 0.000117017778393, 0.000134871312184, 0.000138862902531, 0.000159530245583, 0.000167378326296, 0.000154445238877, 0.000137195223942, 0.000124429367133, 7.4789604696e-05, 0.000194157750229, 8.46598122735e-05], "dvar2": [1.30595890369e-05, 0.00406043184921, 0.000742153439205, 6.08646878391e-05, 6.83259931975e-05, 2.87986222247e-05, 2.01652665055e-06, 4.91764694743e-07, 2.7784797112e-06, 7.28183181309e-07, 3.24075301705e-07, 2.01054248805e-07, 1.93147357663e-07, 2.06430584626e-07, 3.63071251286e-07, 9.8512657587e-07, 4.95762265018e-07, 8.36634001189e-07, 1.35884204155e-06, 2.06941808756e-06, 2.04431989914e-06, 1.66153074588e-06, 1.13871612939e-06, 1.83731367542e-06, 8.6508066488e-07, 1.37282022479e-05, 3.78679646929e-06], "min": [9.05330380306e-24, 8.09830216477e-23, 1.12454633772e-22, 3.87755805828e-23, 4.8426410234e-23, 2.5584609824e-23, 3.96426112929e-23, 3.35500491952e-23, 6.88909325521e-23, 8.13039302639e-23, 3.03907559331e-23, 8.8419903702e-23, 1.50888303106e-22, 2.52907493549e-22, 2.5184304882e-22, 1.49946453672e-22, 1.14365747134e-22, 2.36092816069e-22, 2.05854944535e-22, 5.23675454325e-22, 4.95426610366e-22, 4.92991971043e-22, 7.25911773981e-22, 8.16262828112e-22, 1.2189637237e-21, 1.6063193183e-21, 2.66346704635e-21], "var": [2.9053831895e-05, 0.00200154772028, 0.000300492014503, 2.30209716392e-05, 2.81127613562e-05, 2.11989627132e-05, 6.58809483411e-07, 3.90967329622e-07, 1.75841682903e-06, 2.31621527291e-07, 1.30299895318e-07, 1.39266006727e-07, 7.92417793605e-08, 6.67770194696e-08, 8.40062313046e-08, 2.57418321326e-07, 1.53227148303e-07, 2.58152255128e-07, 3.48620574186e-07, 4.82811742586e-07, 5.22479012943e-07, 4.27724643259e-07, 2.75928186966e-07, 3.67001888435e-07, 1.70643502884e-07, 2.46922127189e-06, 6.59994498164e-07], "median": [0.000199622852961, 0.00853223539889, 0.0160231441259, 0.00112127151806, 0.00256760627963, 0.000824821647257, 9.58569726208e-05, 8.2901577116e-05, 0.000115769937111, 5.87453032495e-05, 3.48000503436e-05, 3.33080606651e-05, 2.83897534246e-05, 2.20992969844e-05, 1.82502481039e-05, 1.80394581548e-05, 1.63392342074e-05, 1.35382970257e-05, 1.19178948808e-05, 1.09160819193e-05, 7.64373089623e-06, 9.8955588328e-06, 8.72685359354e-06, 4.55304279967e-06, 2.72234160548e-06, 1.40306451613e-06, 2.36979957435e-07]}, "melbands_kurtosis": {"dmean": 32.0937080383, "dmean2": 50.7568855286, "max": 772.384033203, "dvar": 2334.72094727, "mean": 56.1330795288, "dvar2": 5508.07421875, "min": -1.72448885441, "var": 4685.14599609, "median": 30.4724655151}, "erbbands_crest": {"dmean": 2.81580424309, "dmean2": 4.4811372757, "max": 28.9169158936, "dvar": 6.72690010071, "mean": 10.8084383011, "dvar2": 15.2642030716, "min": 2.15312242508, "var": 24.7799301147, "median": 9.96161651611}, "melbands_skewness": {"dmean": 1.45400846004, "dmean2": 2.30549502373, "max": 19.6865005493, "dvar": 2.5022778511, "mean": 4.63853168488, "dvar2": 6.10452604294, "min": -0.899873495102, "var": 7.23549175262, "median": 3.93364953995}, "spectral_energyband_middle_low": {"dmean": 0.00598232913762, "dmean2": 0.0100776189938, "max": 0.147563204169, "dvar": 0.000117825591587, "mean": 0.0109062800184, "dvar2": 0.000309378112433, "min": 2.70748422269e-22, "var": 0.000145744910697, "median": 0.00733439344913}, "spectral_contrast_coeffs": {"dmean": [0.0506879650056, 0.0495013482869, 0.0412952713668, 0.0300422217697, 0.0242504775524, 0.0258469954133], "dmean2": [0.0851989388466, 0.0821616351604, 0.0675731524825, 0.0501792952418, 0.0401338078082, 0.0396378226578], "max": [-0.250516176224, -0.32376152277, -0.485096514225, -0.504167675972, -0.52321767807, -0.542739033699], "dvar": [0.001663862844, 0.0017367687542, 0.00125513016246, 0.000726133410353, 0.00053980917437, 0.000707803294063], "mean": [-0.614522278309, -0.721545755863, -0.786828517914, -0.821008086205, -0.820928275585, -0.788798749447], "dvar2": [0.00471674557775, 0.0046907318756, 0.00328926416114, 0.00193175708409, 0.00139068497811, 0.00180186808575], "min": [-0.967424809933, -0.968632102013, -0.963603079319, -0.959560990334, -0.963947892189, -0.958799421787], "var": [0.00607238616794, 0.00777204893529, 0.00361137394793, 0.00285772024654, 0.00198989408091, 0.00191369955428], "median": [-0.61807179451, -0.73293697834, -0.791407346725, -0.830589175224, -0.826592445374, -0.789031505585]}, "spectral_contrast_valleys": {"dmean": [0.371987462044, 0.522807359695, 0.53089183569, 0.58495259285, 0.534788608551, 0.536785960197], "dmean2": [0.605238199234, 0.806952536106, 0.811585128307, 0.879518687725, 0.778069674969, 0.716179728508], "max": [-4.32323408127, -4.51279354095, -5.4412112236, -5.61600875854, -5.06692028046, -6.47790575027], "dvar": [0.15185970068, 0.299454748631, 0.326621264219, 0.384313941002, 0.397015184164, 0.384982138872], "mean": [-6.89395093918, -7.38061285019, -8.17216110229, -8.68694400787, -8.81261634827, -10.9640674591], "dvar2": [0.32340323925, 0.637294530869, 0.680507600307, 0.808727383614, 0.812122821808, 0.729555010796], "min": [-26.5466136932, -27.5070552826, -27.7501010895, -27.5100040436, -27.119436264, -27.3025760651], "var": [2.08847045898, 1.64898252487, 1.66996765137, 1.84072995186, 2.31012582779, 2.19746565819], "median": [-6.529276371, -7.24671363831, -8.09009552002, -8.57842731476, -8.61673736572, -10.9627380371]}, "silence_rate_20dB": {"dmean": 0.0105263162404, "dmean2": 0.0210542604327, "max": 1, "dvar": 0.0104158828035, "mean": 0.994737267494, "dvar2": 0.0311434566975, "min": 0, "var": 0.00523534417152, "median": 1}, "silence_rate_30dB": {"dmean": 0.0427244566381, "dmean2": 0.0854555293918, "max": 1, "dvar": 0.0409026518464, "mean": 0.918891727924, "dvar2": 0.0899271070957, "min": 0, "var": 0.0745364353061, "median": 1}, "spectral_strongpeak": {"dmean": 0.332281678915, "dmean2": 0.562030076981, "max": 12.8889379501, "dvar": 0.122123025358, "mean": 0.613783538342, "dvar2": 0.324344485998, "min": 0, "var": 0.188533514738, "median": 0.548261344433}, "spectral_spread": {"dmean": 1047534.0625, "dmean2": 1597966.125, "max": 40917292, "dvar": 2380853149700.0, "mean": 4543459.5, "dvar2": 5608142012420.0, "min": 523709.5, "var": 5254329401340.0, "median": 4256034.5}, "barkbands_flatness_db": {"dmean": 0.0457733906806, "dmean2": 0.0668094232678, "max": 0.581411957741, "dvar": 0.00209796312265, "mean": 0.251426994801, "dvar2": 0.00401963666081, "min": 0.0175660587847, "var": 0.010896159336, "median": 0.238199710846}, "pitch_salience": {"dmean": 0.0892093777657, "dmean2": 0.146943718195, "max": 0.892778813839, "dvar": 0.00758102862164, "mean": 0.451621115208, "dvar2": 0.0191906020045, "min": 0.0629011839628, "var": 0.0167381633073, "median": 0.449980288744}, "erbbands_kurtosis": {"dmean": 3.76404666901, "dmean2": 6.11403942108, "max": 209.677185059, "dvar": 61.5253829956, "mean": 4.8639755249, "dvar2": 149.836959839, "min": -1.85541272163, "var": 112.091171265, "median": 1.10146379471}, "average_loudness": 0.918107450008, "barkbands_crest": {"dmean": 3.41547203064, "dmean2": 5.69943571091, "max": 26.4374084473, "dvar": 8.29879951477, "mean": 13.3893918991, "dvar2": 22.2488307953, "min": 2.55763792992, "var": 18.1281299591, "median": 13.199432373}, "hfc": {"dmean": 18.7583732605, "dmean2": 33.2418708801, "max": 583.348510742, "dvar": 3104.79345703, "mean": 18.1799945831, "dvar2": 8685.1796875, "min": 1.20044275377e-16, "var": 1982.58813477, "median": 7.39948701859}, "barkbands_kurtosis": {"dmean": 20.9359302521, "dmean2": 33.2932090759, "max": 842.47644043, "dvar": 1208.34130859, "mean": 33.416103363, "dvar2": 2969.16967773, "min": -1.97991383076, "var": 2301.65771484, "median": 17.8911781311}, "erbbands": {"dmean": [0.462291657925, 2.80280852318, 10.596777916, 12.1618108749, 4.63269424438, 9.80929851532, 17.0817260742, 10.7504482269, 4.61774539948, 4.79332542419, 5.43182134628, 10.3715219498, 7.81533336639, 6.05933141708, 5.00594902039, 4.7517991066, 5.38987112045, 5.25541734695, 5.52732372284, 6.76859378815, 8.91510105133, 7.93473339081, 8.59802913666, 9.00706195831, 9.67091178894, 10.0836038589, 9.17896080017, 8.67793369293, 7.61322689056, 6.28992319107, 5.16835451126, 4.67907714844, 2.68396830559, 1.41423690319, 0.746810376644, 0.595875203609, 1.0081590414, 0.311945050955, 0.0129124373198, 0.000884638342541], "dmean2": [0.741859734058, 4.59091091156, 18.2276649475, 21.1854019165, 8.17154216766, 16.717924118, 28.0812854767, 18.6058292389, 8.07762813568, 8.39117908478, 8.93346977234, 17.1981716156, 13.1488132477, 10.3460531235, 8.41556930542, 8.07108974457, 9.27947711945, 9.10389709473, 9.53829956055, 11.6899785995, 15.4802789688, 13.7412872314, 14.9073514938, 15.704873085, 16.9483776093, 17.9614238739, 16.2623615265, 15.1694326401, 13.2495098114, 10.8455638885, 9.20362663269, 8.63680076599, 4.96542453766, 2.59442329407, 1.38035714626, 1.13547325134, 1.9444411993, 0.607896029949, 0.0250326022506, 0.00169953645673], "max": [13.1792078018, 96.1581420898, 210.187591553, 268.378967285, 162.049697876, 280.348205566, 480.689666748, 323.958862305, 212.155563354, 373.270690918, 317.977050781, 430.844940186, 580.804077148, 211.17565918, 162.803466797, 234.163528442, 271.321563721, 195.059066772, 229.731994629, 1018.17364502, 582.655212402, 356.999938965, 424.821624756, 443.42590332, 512.401977539, 585.509521484, 501.473480225, 488.256469727, 382.2762146, 267.002502441, 223.286407471, 230.397598267, 163.321411133, 136.202606201, 76.7395172119, 126.391044617, 132.791702271, 39.5625839233, 1.10944640636, 0.125275358558], "dvar": [1.62924671173, 97.4698791504, 271.953277588, 341.608062744, 125.780502319, 393.660095215, 942.664611816, 448.833892822, 123.681015015, 165.218383789, 132.145553589, 558.199157715, 491.796020508, 203.460830688, 123.92401123, 127.399597168, 155.781265259, 161.505310059, 177.965240479, 708.206359863, 1070.09851074, 598.911376953, 847.031555176, 1106.77294922, 1491.83703613, 1664.59460449, 1303.1270752, 1131.42797852, 878.748657227, 500.191589355, 333.761138916, 376.042144775, 154.295440674, 50.1538619995, 16.6768131256, 19.230255127, 63.1934967041, 5.4125623703, 0.00638736691326, 4.83725416416e-05], "mean": [0.732511341572, 3.62728452682, 18.8601837158, 16.449546814, 5.58318710327, 13.9223794937, 32.3449478149, 17.0081100464, 5.63013219833, 5.59893131256, 7.86571455002, 11.5806703568, 8.62228012085, 6.78988838196, 5.86306619644, 5.86760425568, 5.96314096451, 4.77808523178, 5.05451774597, 5.9938454628, 7.63180208206, 6.88243055344, 7.14825534821, 7.10213041306, 7.35136032104, 7.55796527863, 6.79643535614, 6.49678134918, 5.59156131744, 4.88186693192, 3.79382824898, 3.04140520096, 1.74898135662, 0.935346841812, 0.486772716045, 0.351689934731, 0.556273519993, 0.167594656348, 0.00710118561983, 0.000529182958417], "dvar2": [3.34913063049, 248.350921631, 780.375732422, 944.677246094, 348.049468994, 1073.4552002, 2563.16455078, 1271.99963379, 345.680908203, 456.649353027, 319.563293457, 1423.78015137, 1341.38989258, 554.703491211, 325.908477783, 331.426208496, 408.982086182, 432.386322021, 473.801696777, 2012.35681152, 2922.47119141, 1619.82641602, 2251.44360352, 2984.85620117, 4084.88769531, 4650.8671875, 3582.54272461, 3064.3269043, 2379.87548828, 1357.35144043, 925.975524902, 1080.14160156, 444.489654541, 144.770782471, 48.2450561523, 56.6970367432, 185.934051514, 16.0380115509, 0.0188396200538, 0.000142458389746], "min": [3.11039256976e-21, 1.63637230861e-20, 1.00944049012e-19, 1.56988488806e-19, 1.59899492478e-19, 1.2343017202e-19, 1.57967909425e-19, 2.47220839692e-19, 5.69184737257e-19, 7.55227428091e-19, 5.96799438224e-19, 1.53911335568e-18, 1.30690876509e-18, 3.37792148513e-18, 1.33718099057e-18, 3.91247413469e-18, 6.39477449697e-18, 1.06926329062e-17, 1.0830215376e-17, 1.43097167083e-17, 1.03362537198e-17, 6.57637372865e-18, 8.69155892737e-18, 1.42140863577e-17, 1.59875979869e-17, 2.42117767071e-17, 1.93882400555e-17, 1.6951961541e-17, 1.83089182486e-17, 2.08264358255e-17, 2.16688150546e-17, 1.77728373829e-17, 1.29784927623e-17, 1.10057836338e-17, 1.0026092423e-17, 7.16481512717e-18, 2.66097716486e-18, 1.23300782878e-18, 3.70831246613e-19, 4.14156408008e-20], "var": [2.94121360779, 82.1240921021, 314.543304443, 388.827148438, 99.0031356812, 367.627807617, 1739.01953125, 956.531433105, 116.907226562, 201.800109863, 397.508850098, 671.678833008, 462.672576904, 190.330444336, 140.221221924, 208.510925293, 208.534606934, 130.85194397, 144.480133057, 447.139068604, 800.253601074, 500.504150391, 712.624267578, 805.935058594, 1014.21252441, 1086.6550293, 887.636535645, 794.172912598, 601.411499023, 351.73626709, 218.312744141, 215.019622803, 87.247428894, 28.2380065918, 9.28618049622, 10.0903244019, 33.2973327637, 2.7912504673, 0.00332974968478, 2.54134956776e-05], "median": [0.26673835516, 2.12266278267, 16.8649253845, 11.1977272034, 2.83429813385, 8.04464054108, 17.9783000946, 5.28865337372, 1.92402851582, 1.70817553997, 2.37823605537, 2.6349375248, 2.25134396553, 1.9369481802, 1.81751298904, 1.418394804, 1.46409857273, 1.09608876705, 1.05296087265, 1.12841939926, 1.06885230541, 1.01040899754, 0.823818743229, 0.717975616455, 0.617789626122, 0.532209277153, 0.366186052561, 0.304546356201, 0.329135596752, 0.357107013464, 0.226949632168, 0.124517314136, 0.0667034685612, 0.0337964519858, 0.0172594897449, 0.006325091701, 0.00218327622861, 0.000465828052256, 6.47448759992e-05, 5.39237116755e-05]}, "spectral_energy": {"dmean": 0.0258247442544, "dmean2": 0.0417213924229, "max": 0.547648906708, "dvar": 0.00232082465664, "mean": 0.0526374690235, "dvar2": 0.00540078990161, "min": 1.12447376757e-20, "var": 0.00368565204553, "median": 0.040587566793}, "zerocrossingrate": {"dmean": 0.0107779018581, "dmean2": 0.0147031657398, "max": 0.76025390625, "dvar": 0.000344356289133, "mean": 0.0337412878871, "dvar2": 0.000542992958799, "min": 0.00146484375, "var": 0.00448472611606, "m