{"tonal": {"chords_key": "G", "hpcp_entropy": {"dmean": 0.592697381973, "dmean2": 0.983578622341, "max": 4.49113559723, "dvar": 0.290778577328, "mean": 1.78635251522, "dvar2": 0.739036858082, "min": 0, "var": 0.556608319283, "median": 1.7706592083}, "key_key": "C", "chords_strength": {"dmean": 0.0077808611095, "dmean2": 0.00710687646642, "max": 0.832982540131, "dvar": 4.84937336296e-05, "mean": 0.535019934177, "dvar2": 4.41873526142e-05, "min": 0.261399328709, "var": 0.00888666883111, "median": 0.545613467693}, "key_scale": "major", "chords_number_rate": 0.00212615169585, "thpcp": [1, 0.535992980003, 0.163552358747, 0.120267152786, 0.146110355854, 0.278253883123, 0.356715917587, 0.249952584505, 0.151858821511, 0.12128072232, 0.11527902633, 0.186321645975, 0.230030447245, 0.206512629986, 0.410375237465, 0.513231277466, 0.272541314363, 0.138091221452, 0.141625463963, 0.169021323323, 0.475765883923, 0.832939624786, 0.590047955513, 0.209404110909, 0.117586567998, 0.100100010633, 0.196173459291, 0.274524271488, 0.267554074526, 0.428346663713, 0.502492189407, 0.291126430035, 0.170733839273, 0.166924104095, 0.235511720181, 0.721666455269], "key_strength": 0.757785201073, "tuning_nontempered_energy_ratio": 0.663186132908, "tuning_frequency": 441.272583008, "chords_changes_rate": 0.0506732799113, "tuning_diatonic_strength": 0.572478234768, "chords_scale": "major", "chords_histogram": [10.5244503021, 1.57689583302, 33.4337348938, 0.212615162134, 3.34868884087, 0.0708717256784, 6.07725000381, 0.141743451357, 0, 0.159461379051, 0, 0, 0, 0, 0, 3.5967400074, 0, 1.15166544914, 0, 17.0800857544, 1.16938340664, 7.81360721588, 12.5265769958, 1.11622965336], "tuning_equal_tempered_deviation": 0.0201911404729, "hpcp": {"dmean": [0.0986745208502, 0.0963395684958, 0.079203158617, 0.0648799091578, 0.0628328099847, 0.073482863605, 0.081631064415, 0.0890350565314, 0.104939378798, 0.0998451858759, 0.0849703848362, 0.0653583109379, 0.0672781690955, 0.0835312157869, 0.134351417422, 0.159936159849, 0.146747425199, 0.0985416993499, 0.0617842413485, 0.054877165705, 0.0730072036386, 0.0865246504545, 0.104351490736, 0.128845721483, 0.110294401646, 0.101736530662, 0.0839468166232, 0.0803619250655, 0.112288191915, 0.188761308789, 0.181723937392, 0.156606718898, 0.088114477694, 0.0649332478642, 0.0777883678675, 0.0977946445346], "dmean2": [0.172009989619, 0.168946236372, 0.144568622112, 0.117257103324, 0.114435993135, 0.129213526845, 0.140875443816, 0.156605571508, 0.179568588734, 0.168836265802, 0.145242765546, 0.116916269064, 0.120270259678, 0.149048343301, 0.230393990874, 0.270165592432, 0.2470125705, 0.176201879978, 0.113643892109, 0.10026666522, 0.127986207604, 0.149885863066, 0.182785600424, 0.224210515618, 0.191093787551, 0.177284553647, 0.151575818658, 0.144740402699, 0.200618743896, 0.321435689926, 0.305615603924, 0.268163025379, 0.159120067954, 0.117832444608, 0.140957087278, 0.17296770215], "max": [1, 1, 1, 1, 1, 1, 1, 1, 1, 1, 1, 1, 1, 1, 1, 1, 1, 1, 1, 1, 1, 1, 1, 1, 1, 1, 1, 1, 1, 1, 1, 1, 1, 1, 1, 1], "dvar": [0.0348454751074, 0.0313895456493, 0.0304881315678, 0.0250058081001, 0.022753117606, 0.0247118398547, 0.0277881938964, 0.0282800514251, 0.0319177433848, 0.0357943587005, 0.02439028956, 0.0226518623531, 0.0248465109617, 0.0298055559397, 0.0374448336661, 0.0501461550593, 0.0412756316364, 0.0355324968696, 0.0249004159123, 0.020105086267, 0.0252371858805, 0.0340837426484, 0.0325723737478, 0.0400454103947, 0.0391446016729, 0.0341993197799, 0.0324449911714, 0.0310483425856, 0.0344444587827, 0.0505287609994, 0.0564304254949, 0.038830511272, 0.028867367655, 0.0235924888402, 0.0304776970297, 0.0339711196721], "mean": [0.151951476932, 0.106473140419, 0.0646878108382, 0.0516623556614, 0.0491057932377, 0.0793680548668, 0.0979868397117, 0.087968878448, 0.17480891943, 0.218622848392, 0.116095334291, 0.0588231794536, 0.0603286735713, 0.0719985812902, 0.202663585544, 0.354810088873, 0.251344710588, 0.0892005711794, 0.0500887446105, 0.0426399372518, 0.0835646688938, 0.116940021515, 0.113970905542, 0.182464271784, 0.214048296213, 0.124012105167, 0.0727280676365, 0.0711052194238, 0.10032171756, 0.307410687208, 0.42597335577, 0.228318735957, 0.0696689486504, 0.0512306019664, 0.0622391179204, 0.118528738618], "dvar2": [0.0879683718085, 0.0854066386819, 0.083510234952, 0.0683207139373, 0.0628566667438, 0.0675064325333, 0.0713857710361, 0.0773975774646, 0.0807962045074, 0.0876952335238, 0.0649880468845, 0.0622116364539, 0.0666968673468, 0.0806827843189, 0.098915874958, 0.119054362178, 0.10703022033, 0.0960445553064, 0.0693849399686, 0.0565994530916, 0.0663869827986, 0.0851706638932, 0.0870074927807, 0.106482774019, 0.097040951252, 0.0926822498441, 0.0887369588017, 0.0843392089009, 0.0937341824174, 0.132454767823, 0.130085900426, 0.104269236326, 0.0794396027923, 0.0637705549598, 0.0847596377134, 0.0934742465615], "min": [0, 0, 0, 0, 0, 0, 0, 0, 0, 0, 0, 0, 0, 0, 0, 0, 0, 0, 0, 0, 0, 0, 0, 0, 0, 0, 0, 0, 0, 0, 0, 0, 0, 0, 0, 0], "var": [0.0676025375724, 0.03707607463, 0.024921907112, 0.0196649506688, 0.0171557161957, 0.0240532550961, 0.0340293236077, 0.0255444888026, 0.0729091018438, 0.109983079135, 0.033564671874, 0.0183848422021, 0.0221602637321, 0.025433761999, 0.0585948675871, 0.1314881742, 0.0756659954786, 0.0313806124032, 0.0189857613295, 0.0143780997023, 0.0313120521605, 0.0559236258268, 0.0373565256596, 0.072884477675, 0.10924231261, 0.0477597303689, 0.0284247156233, 0.0283877681941, 0.0321363210678, 0.0930693373084, 0.147367373109, 0.0611238256097, 0.0228499770164, 0.0192170143127, 0.0238646678627, 0.0459517724812], "median": [0.0436480045319, 0.0275926440954, 0.0105209611356, 0.00766455754638, 0.00838956329972, 0.0218051970005, 0.026900280267, 0.0300455875695, 0.0306339561939, 0.0289957597852, 0.0250819809735, 0.0121847614646, 0.00932124909014, 0.014107353054, 0.100657306612, 0.201149612665, 0.128633186221, 0.0225486773998, 0.00718831643462, 0.00703814532608, 0.0126233920455, 0.0151620768011, 0.0323865674436, 0.0453331768513, 0.0367936193943, 0.0172315202653, 0.0112619539723, 0.0111226346344, 0.0269560050219, 0.197926148772, 0.306311130524, 0.138599991798, 0.0147861167789, 0.00828008446842, 0.0106929438189, 0.0295788832009]}}, "lowlevel": {"melbands_flatness_db": {"dmean": 0.0250868815929, "dmean2": 0.0371732078493, "max": 0.557290315628, "dvar": 0.00084324774798, "mean": 0.224047899246, "dvar2": 0.00161111890338, "min": 0.00529590435326, "var": 0.00698646530509, "median": 0.214129254222}, "melbands_crest": {"dmean": 2.6969704628, "dmean2": 4.44398355484, "max": 33.20728302, "dvar": 6.4927315712, "mean": 13.8201904297, "dvar2": 16.911857605, "min": 2.02444887161, "var": 20.7064247131, "median": 13.4203414917}, "spectral_entropy": {"dmean": 0.185573488474, "dmean2": 0.259811788797, "max": 9.80314064026, "dvar": 0.0544679053128, "mean": 7.38750457764, "dvar2": 0.0950972214341, "min": 5.02741289139, "var": 0.367168605328, "median": 7.43130302429}, "melbands": {"dmean": [0.000664019025862, 0.0011484043207, 0.000787734112237, 0.000436468311818, 0.000163473567227, 0.000119020303828, 7.86152595538e-05, 4.39501709479e-05, 8.08414406492e-05, 5.90106938034e-05, 4.96983520861e-05, 2.83708868665e-05, 2.55975410255e-05, 3.19626487908e-05, 2.53666457866e-05, 2.22657417908e-05, 1.85946864804e-05, 1.27914508994e-05, 9.55062114372e-06, 8.90279261512e-06, 9.72813904809e-06, 8.65229503688e-06, 7.31083173378e-06, 6.18196554569e-06, 4.76799641547e-06, 4.17217734139e-06, 3.71976602764e-06, 5.06085461893e-06, 5.23236212757e-06, 3.75615672965e-06, 3.5722443954e-06, 3.99108921556e-06, 2.8958254461e-06, 1.99303713089e-06, 1.98134102902e-06, 1.83876329629e-06, 1.47306616327e-06, 1.39116730224e-06, 9.97315396489e-07, 7.55282485443e-07], "dmean2": [0.00117000530008, 0.00199661357328, 0.00131195387803, 0.000737445021514, 0.000260155182332, 0.000183115698746, 0.000121253397083, 6.75039191265e-05, 0.000124928657897, 8.85228291736e-05, 7.43903874536e-05, 4.20570104325e-05, 3.8230620703e-05, 4.87330653414e-05, 3.85628700315e-05, 3.29655413225e-05, 2.76559876511e-05, 1.95323227672e-05, 1.42541548485e-05, 1.35223281177e-05, 1.42214357766e-05, 1.36275202749e-05, 1.15196990009e-05, 9.8112041087e-06, 7.669263141e-06, 6.61894273435e-06, 5.87661043028e-06, 8.09302946436e-06, 8.3635586634e-06, 6.00703788223e-06, 5.7939259932e-06, 6.38078017801e-06, 4.52232598036e-06, 3.01147474602e-06, 2.97995120491e-06, 2.71456383416e-06, 2.19556591219e-06, 2.08898723031e-06, 1.47613832269e-06, 1.10756582217e-06], "max": [0.0311066061258, 0.0687736794353, 0.0536134094, 0.0315066203475, 0.0125442417338, 0.00501897046342, 0.00394754577428, 0.00243370840326, 0.00590961193666, 0.00526147009805, 0.00377069087699, 0.0026324277278, 0.00538520747796, 0.00366905634291, 0.00295604532585, 0.0043873549439, 0.00334481988102, 0.00171616242733, 0.00165276310872, 0.00153622298967, 0.00240190746263, 0.00164607120678, 0.000784854986705, 0.000489864731207, 0.000271942757536, 0.000228085744311, 0.000281755928881, 0.000486848468427, 0.000310699193506, 0.000258361251326, 0.000318443257129, 0.000351017108187, 0.000378842902137, 0.000386417930713, 0.00025023429771, 0.000386667030398, 0.000391544861486, 0.000247749761911, 0.000153721499373, 6.63372920826e-05], "dvar": [3.86295096177e-06, 1.06224506453e-05, 6.4627311076e-06, 1.87601438029e-06, 1.52053473812e-07, 6.4318129489e-08, 3.39583721143e-08, 8.82463879748e-09, 3.85378555734e-08, 1.90629023678e-08, 1.49142405093e-08, 7.86118459217e-09, 6.74161970693e-09, 8.72686278797e-09, 6.41612141195e-09, 5.99355898245e-09, 4.83964290865e-09, 1.76996872714e-09, 1.20482579469e-09, 1.6588116436e-09, 2.15546824833e-09, 1.13418852088e-09, 5.05731734268e-10, 2.94761159925e-10, 1.88627252706e-10, 1.2767434332e-10, 1.13671246027e-10, 2.83557621827e-10, 2.76144190847e-10, 2.01990785209e-10, 1.90506624365e-10, 2.24665619442e-10, 1.37728869976e-10, 7.67896440879e-11, 6.05232738926e-11, 6.35766370105e-11, 5.56843425537e-11, 3.55477661196e-11, 1.52954350574e-11, 5.60586299603e-12], "mean": [0.000672946916893, 0.00163156434428, 0.00136277393904, 0.000690513756126, 0.000329244532622, 0.000270080956398, 0.000177477719262, 9.36347641982e-05, 0.00019047142996, 0.000125617778394, 0.000103862119431, 5.83122382523e-05, 5.29331191501e-05, 6.43270541332e-05, 4.9544229114e-05, 4.97974870086e-05, 3.7638728827e-05, 2.29208962992e-05, 1.68762198882e-05, 1.49030056491e-05, 2.03219751711e-05, 1.95577449631e-05, 1.41206346598e-05, 1.06852776298e-05, 7.89578643889e-06, 6.88756654199e-06, 6.22122706773e-06, 8.18111493572e-06, 7.71266149968e-06, 4.83986286781e-06, 4.87110855829e-06, 5.37698815606e-06, 4.06606068282e-06, 2.93029052045e-06, 2.95418203677e-06, 2.79639129985e-06, 2.27402279052e-06, 2.2056826765e-06, 1.60620447787e-06, 1.17005538414e-06], "dvar2": [1.05089184217e-05, 2.73924906651e-05, 1.67635080288e-05, 5.17685020895e-06, 3.69259254285e-07, 1.56476630764e-07, 7.86867673241e-08, 2.01568983726e-08, 9.00837875406e-08, 4.19766479354e-08, 3.12564800709e-08, 1.54586459189e-08, 1.35201849716e-08, 1.90992714977e-08, 1.47281928875e-08, 1.17650769127e-08, 9.16114828442e-09, 3.72420583261e-09, 2.44864173382e-09, 3.45975337268e-09, 3.89570331549e-09, 2.50843901206e-09, 1.09857800634e-09, 6.93714419242e-10, 4.65798677407e-10, 2.95775265391e-10, 2.53920967586e-10, 7.13530790009e-10, 6.88628098988e-10, 5.0680759589e-10, 4.82124506984e-10, 5.65565205779e-10, 3.32172844786e-10, 1.75550726733e-10, 1.31392813296e-10, 1.39690606304e-10, 1.28716121095e-10, 7.60089699514e-11, 3.23492690968e-11, 1.13388829576e-11], "min": [5.4222634366e-24, 3.27350020522e-24, 6.54944430153e-24, 5.67212408427e-24, 8.640058229e-24, 3.93523223126e-24, 2.73321725985e-24, 2.98123690339e-24, 6.58072855288e-24, 5.59646680144e-24, 4.31530265439e-24, 3.19873847673e-24, 5.31876567469e-24, 7.94875654079e-24, 8.17014404295e-24, 1.00613418222e-23, 5.54720519892e-24, 7.48270067343e-24, 9.28187151718e-24, 8.77940104158e-24, 8.79953750504e-24, 8.57219883621e-24, 6.52271059432e-24, 8.18621077301e-24, 1.02954118411e-23, 5.63646599364e-24, 7.62338928271e-24, 9.06860139374e-24, 8.4652750514e-24, 8.41103691986e-24, 9.37468336927e-24, 1.1524249661e-23, 6.37914698147e-24, 6.99783993981e-24, 6.37495813006e-24, 8.84182676045e-24, 7.25630153793e-24, 8.00614538278e-24, 8.12071086319e-24, 9.3474321693e-24], "var": [2.76736500382e-06, 1.04437631308e-05, 6.43555449642e-06, 1.74988576873e-06, 3.96161425442e-07, 2.05308111845e-07, 1.10391923158e-07, 2.331512583e-08, 1.14017147723e-07, 6.88088945822e-08, 5.51225305401e-08, 2.73530655903e-08, 2.983000158e-08, 3.07488399187e-08, 2.20972946607e-08, 3.5612455207e-08, 2.37028174865e-08, 6.42470476819e-09, 3.23942850322e-09, 3.45378992073e-09, 9.38947142259e-09, 7.32710470075e-09, 1.94708427159e-09, 6.53639531389e-10, 3.4378322411e-10, 2.56884180594e-10, 2.53221360547e-10, 5.06413355694e-10, 4.20558088354e-10, 2.3203232391e-10, 2.30074723162e-10, 2.76758171935e-10, 1.92226207174e-10, 1.25402258022e-10, 1.28782887132e-10, 1.52777485107e-10, 1.29288607598e-10, 9.61367721541e-11, 4.08823946918e-11, 1.2832682833e-11], "median": [0.000277275568806, 0.00090730615193, 0.000860514526721, 0.000364230858395, 0.000126875558635, 9.08200090635e-05, 5.78949620831e-05, 4.02050900448e-05, 5.33047495992e-05, 3.4623175452e-05, 2.79809846688e-05, 1.23333484225e-05, 1.0328370081e-05, 1.4409153664e-05, 9.84942380455e-06, 5.82183292863e-06, 6.26469181952e-06, 5.7454153648e-06, 4.08253890782e-06, 3.27473162542e-06, 2.40573876908e-06, 2.26680481319e-06, 2.17035494643e-06, 2.08899450627e-06, 1.67075643276e-06, 1.4588393924e-06, 1.11672750336e-06, 1.03273202967e-06, 9.85070300885e-07, 5.75419960569e-07, 4.67757132583e-07, 4.80853373119e-07, 3.83335589049e-07, 2.42127327965e-07, 2.15389448499e-07, 1.71086881551e-07, 1.41221406125e-07, 1.24709686133e-07, 8.89998972298e-08, 7.16047523497e-08]}, "silence_rate_60dB": {"dmean": 0.0310118738562, "dmean2": 0.0620292425156, "max": 1, "dvar": 0.0300562866032, "mean": 0.120492599905, "dvar2": 0.065977036953, "min": 0, "var": 0.105981722474, "median": 0}, "spectral_energyband_middle_high": {"dmean": 0.00108880922198, "dmean2": 0.00158638285939, "max": 0.0533393248916, "dvar": 5.23124663232e-06, "mean": 0.00355468015186, "dvar2": 1.08395115603e-05, "min": 1.38579884369e-21, "var": 3.68882647308e-05, "median": 0.00103788264096}, "erbbands_skewness": {"dmean": 0.339734822512, "dmean2": 0.509549021721, "max": 5.23953199387, "dvar": 0.157328143716, "mean": 0.520153343678, "dvar2": 0.314076811075, "min": -4.81742286682, "var": 0.877466738224, "median": 0.50745433569}, "dynamic_complexity": 4.45300245285, "dissonance": {"dmean": 0.0183819010854, "dmean2": 0.0304860621691, "max": 0.5, "dvar": 0.000346217566403, "mean": 0.454114079475, "dvar2": 0.000917232362553, "min": 0.254085063934, "var": 0.00105524447281, "median": 0.461104243994}, "spectral_skewness": {"dmean": 0.246241003275, "dmean2": 0.387347906828, "max": 5.92075300217, "dvar": 0.0972926691175, "mean": 1.67895030975, "dvar2": 0.224168017507, "min": -0.19980019331, "var": 0.479753404856, "median": 1.56507444382}, "spectral_kurtosis": {"dmean": 1.8899320364, "dmean2": 3.06860566139, "max": 57.0562973022, "dvar": 8.4491519928, "mean": 5.32748270035, "dvar2": 21.9275608063, "min": -1.23979067802, "var": 26.3135871887, "median": 3.86841630936}, "gfcc": {"cov": [[11735.8105469, -2123.11254883, -157.69128418, 349.389160156, -510.965545654, 435.255584717, -216.371551514, 431.57522583, -300.455627441, 352.817016602, -257.697479248, 205.021560669, -175.807662964], [-2123.11254883, 1991.93286133, -251.364852905, -195.286697388, 410.342987061, -284.253875732, 254.446655273, -170.635437012, 240.465484619, -215.942718506, 190.323547363, -249.567977905, 128.845703125], [-157.69128418, -251.364852905, 850.835083008, 262.165466309, 26.1349716187, 176.676895142, -24.342168808, -15.2082681656, -33.2050895691, 11.0009889603, -69.3853912354, 57.002658844, -35.0475997925], [349.389160156, -195.286697388, 262.165466309, 525.725769043, 53.8976097107, 104.498497009, 31.6198444366, -22.2027187347, 24.5342731476, -61.9284286499, -14.7535066605, 8.05777549744, 46.2257652283], [-510.965545654, 410.342987061, 26.1349716187, 53.8976097107, 340.525085449, -25.0639953613, 80.8760604858, -1.17730808258, 35.906829834, -45.8404121399, 29.469039917, -32.9489784241, 27.874546051], [435.255584717, -284.253875732, 176.676895142, 104.498497009, -25.0639953613, 241.227584839, 37.2202072144, 5.82745265961, -47.4929542542, 14.3332195282, -17.8830890656, 23.3472881317, -38.224937439], [-216.371551514, 254.446655273, -24.342168808, 31.6198444366, 80.8760604858, 37.2202072144, 178.971740723, -1.48496699333, 29.8494148254, -35.663143158, 22.1453838348, -53.9971656799, 2.01490354538], [431.57522583, -170.635437012, -15.2082681656, -22.2027187347, -1.17730808258, 5.82745265961, -1.48496699333, 135.780212402, 7.30284833908, 36.9900550842, -42.8740501404, 15.3342552185, -17.5614776611], [-300.455627441, 240.465484619, -33.2050895691, 24.5342731476, 35.906829834, -47.4929542542, 29.8494148254, 7.30284833908, 141.987503052, -16.8190670013, 7.52577781677, -63.6156196594, 19.5208282471], [352.817016602, -215.942718506, 11.0009889603, -61.9284286499, -45.8404121399, 14.3332195282, -35.663143158, 36.9900550842, -16.8190670013, 120.350357056, -5.81139945984, 25.6284446716, -40.3680343628], [-257.697479248, 190.323547363, -69.3853912354, -14.7535066605, 29.469039917, -17.8830890656, 22.1453838348, -42.8740501404, 7.52577781677, -5.81139945984, 106.245239258, -0.872342944145, 20.765209198], [205.021560669, -249.567977905, 57.002658844, 8.05777549744, -32.9489784241, 23.3472881317, -53.9971656799, 15.3342552185, -63.6156196594, 25.6284446716, -0.872342944145, 135.552124023, 3.57898831367], [-175.807662964, 128.845703125, -35.0475997925, 46.2257652283, 27.874546051, -38.224937439, 2.01490354538, -17.5614776611, 19.5208282471, -40.3680343628, 20.765209198, 3.57898831367, 84.0102920532]], "mean": [-43.8550834656, 102.27923584, -105.131370544, 35.5757408142, -60.2799835205, 14.9730758667, -37.2005081177, 6.4237203598, -30.9048748016, -0.12382517755, -21.0077953339, -4.51238870621, -14.4058694839], "icov": [[0.00013909858535, -9.33096525841e-05, 0.000163636359503, -0.000263370136963, 0.000177718698978, -0.000251044752076, 0.00017949345056, -0.000404586375225, 0.000317620346323, -0.000365033221897, 0.000224125542445, -1.42562175824e-05, 8.13117367215e-05], [-9.33096525841e-05, 0.00288670114242, -0.00070980633609, 0.00197498849593, -0.00200136215426, 0.00204812036827, -0.00222992850468, 0.00212554261088, -0.00248258607462, 0.00285278563388, -0.00274859950878, 0.0019829988014, -0.00136908551212], [0.000163636359503, -0.00070980633609, 0.0020852915477, -0.00138565828092, 0.00020425740513, -0.00158952432685, 0.00104102469049, -0.000145814730786, 0.000598633545451, -0.00128202745691, 0.00191407511011, -0.00108594400808, 0.00103501509875], [-0.000263370136963, 0.00197498849593, -0.00138565828092, 0.0044524082914, -0.00170170131605, 0.000517921347637, -0.00173515162896, 0.00206193490885, -0.0028071263805, 0.0032615356613, -0.00179352273699, 0.00105142127723, -0.00271721137688], [0.000177718698978, -0.00200136215426, 0.00020425740513, -0.00170170131605, 0.00513774855062, -0.000809069664683, 0.000167639300344, -0.00245588109829, 0.00184739904944, -0.00142583693378, 0.000999509240501, -0.00107719260268, 0.00055714516202], [-0.000251044752076, 0.00204812036827, -0.00158952432685, 0.000517921347637, -0.000809069664683, 0.00822851248085, -0.00388266379014, 0.00169945997186, -0.000197257118998, 0.00198919838294, -0.00227726716548, 0.000915808370337, 0.00137171940878], [0.00017949345056, -0.00222992850468, 0.00104102469049, -0.00173515162896, 0.000167639300344, -0.00388266379014, 0.0100341336802, -0.00298322550952, 0.00158930942416, -0.000517408247106, 0.0004033856967, 0.00113293994218, 0.00173228152562], [-0.000404586375225, 0.00212554261088, -0.000145814730786, 0.00206193490885, -0.00245588109829, 0.00169945997186, -0.00298322550952, 0.0126263899729, -0.00413885014132, -0.00036706897663, 0.00250873691402, -0.000878042716067, -0.000800260459073], [0.000317620346323, -0.00248258607462, 0.000598633545451, -0.0028071263805, 0.00184739904944, -0.000197257118998, 0.00158930942416, -0.00413885014132, 0.0128851551563, -0.00337538844906, 0.00169997406192, 0.00315800402313, -0.000510161335114], [-0.000365033221897, 0.00285278563388, -0.00128202745691, 0.0032615356613, -0.00142583693378, 0.00198919838294, -0.000517408247106, -0.00036706897663, -0.00337538844906, 0.015790745616, -0.00526502775028, 0.000600181170739, 0.00349299004301], [0.000224125542445, -0.00274859950878, 0.00191407511011, -0.00179352273699, 0.000999509240501, -0.00227726716548, 0.0004033856967, 0.00250873691402, 0.00169997406192, -0.00526502775028, 0.0159223787487, -0.00366127560847, -0.00108769489452], [-1.42562175824e-05, 0.0019829988014, -0.00108594400808, 0.00105142127723, -0.00107719260268, 0.000915808370337, 0.00113293994218, -0.000878042716067, 0.00315800402313, 0.000600181170739, -0.00366127560847, 0.0130159584805, -0.00363425444812], [8.13117367215e-05, -0.00136908551212, 0.00103501509875, -0.00271721137688, 0.00055714516202, 0.00137171940878, 0.00173228152562, -0.000800260459073, -0.000510161335114, 0.00349299004301, -0.00108769489452, -0.00363425444812, 0.0185512118042]]}, "spectral_complexity": {"dmean": 3.10047841072, "dmean2": 4.67948627472, "max": 65, "dvar": 24.4936561584, "mean": 13.5012845993, "dvar2": 47.3354721069, "min": 0, "var": 101.744682312, "median": 11}, "spectral_flux": {"dmean": 0.0235160198063, "dmean2": 0.0364932306111, "max": 0.502918839455, "dvar": 0.00152140203863, "mean": 0.0643741562963, "dvar2": 0.00322832260281, "min": 6.85064227568e-11, "var": 0.00321318395436, "median": 0.0486210808158}, "spectral_energyband_low": {"dmean": 0.005183652509, "dmean2": 0.00876936875284, "max": 0.261760562658, "dvar": 0.000193206316908, "mean": 0.00798725988716, "dvar2": 0.000488430378027, "min": 3.76785211883e-23, "var": 0.000198202047613, "median": 0.00472441734746}, "spectral_decrease": {"dmean": 2.11367523484e-09, "dmean2": 3.46130080153e-09, "max": 1.83391503018e-28, "dvar": 2.97205795567e-17, "mean": -5.07613062695e-09, "dvar2": 7.38712256377e-17, "min": -9.95239659574e-08, "var": 3.74330990916e-17, "median": -3.67731756157e-09}, "barkbands_spread": {"dmean": 5.46449995041, "dmean2": 8.35930347443, "max": 104.799804688, "dvar": 71.8444900513, "mean": 20.0855636597, "dvar2": 156.61416626, "min": 0.852558076382, "var": 269.8671875, "median": 15.1253013611}, "spectral_rms": {"dmean": 0.000730722676963, "dmean2": 0.00113917258568, "max": 0.0193802025169, "dvar": 1.68591589045e-06, "mean": 0.00397649034858, "dvar2": 3.8877856241e-06, "min": 3.22867817551e-12, "var": 4.44755141871e-06, "median": 0.00381200644188}, "spectral_centroid": {"dmean": 235.315750122, "dmean2": 357.518035889, "max": 11103.5673828, "dvar": 123837.84375, "mean": 1110.98144531, "dvar2": 249150.84375, "min": 155.466659546, "var": 550767.125, "median": 922.710021973}, "barkbands_skewness": {"dmean": 0.527069270611, "dmean2": 0.811152994633, "max": 8.90795326233, "dvar": 0.382285684347, "mean": 1.89734816551, "dvar2": 0.872452735901, "min": -4.56180810928, "var": 1.73675262928, "median": 1.75764775276}, "spectral_rolloff": {"dmean": 487.104858398, "dmean2": 811.536193848, "max": 19121.484375, "dvar": 1205993.25, "mean": 1329.30944824, "dvar2": 2678909.75, "min": 86.1328125, "var": 2827986.5, "median": 732.12890625}, "erbbands_spread": {"dmean": 8.66070556641, "dmean2": 13.0776796341, "max": 164.359542847, "dvar": 130.323440552, "mean": 41.7575416565, "dvar2": 277.427001953, "min": 3.07655334473, "var": 556.030212402, "median": 36.5583839417}, "barkbands": {"dmean": [0.000116048518976, 0.00273224525154, 0.00230574514717, 0.00173841428477, 0.00174813473132, 0.000629204150755, 0.000323124317219, 0.000366503256373, 0.000387140637031, 0.000310052681016, 0.000184648830327, 0.000271833268926, 0.00022752424411, 0.000171075604158, 0.000149804662215, 0.000120748882182, 0.000154104607645, 0.000133930108859, 0.000107831379864, 0.000145753758261, 0.000157913003932, 0.000166064593941, 0.000110751956527, 0.000109808846901, 7.53473941586e-05, 4.87760225951e-05, 8.36763103251e-10], "dmean2": [0.000207570323255, 0.00481124641374, 0.00392572162673, 0.00290325167589, 0.00293964007869, 0.000963255064562, 0.000496054242831, 0.000566667877138, 0.00058680260554, 0.000465465622256, 0.000279198895441, 0.000419629446696, 0.000345769687556, 0.000260193104623, 0.000229180048336, 0.00018844610895, 0.000242004112806, 0.000212726547034, 0.00017014509649, 0.000229997938732, 0.000251285731792, 0.000256502360571, 0.00016194593627, 0.000158257040312, 0.000107537889562, 7.18398077879e-05, 1.54592094681e-09], "max": [0.00926979538053, 0.103295020759, 0.193873465061, 0.144246160984, 0.117612875998, 0.0303713548928, 0.0162783823907, 0.0248049516231, 0.0271843373775, 0.0205492917448, 0.0344919487834, 0.0283536426723, 0.0332129076123, 0.0250231325626, 0.0193185098469, 0.0246166400611, 0.0236810352653, 0.00836795382202, 0.0054530617781, 0.0108037656173, 0.0115617392585, 0.017342928797, 0.0162625070661, 0.0267244335264, 0.00588940922171, 0.00538592739031, 3.66539900654e-08], "dvar": [1.62029820672e-07, 5.91655698372e-05, 4.77410430904e-05, 3.94664384658e-05, 2.57275078184e-05, 1.69986822129e-06, 5.99144357238e-07, 7.55819939968e-07, 8.40569384764e-07, 6.13995325693e-07, 3.25077365915e-07, 6.51383629702e-07, 6.81930373503e-07, 3.78084365593e-07, 2.8007804076e-07, 3.05575213133e-07, 3.47895309005e-07, 1.31365041511e-07, 8.0563388849e-08, 1.96295545152e-07, 3.2913146697e-07, 4.04902010587e-07, 1.98076904212e-07, 2.41728457695e-07, 5.43505080941e-08, 2.33547776674e-08, 2.86575006819e-18], "mean": [9.60829638643e-05, 0.00299519137479, 0.00344283133745, 0.00265107513405, 0.00296774250455, 0.00142696965486, 0.000680384575389, 0.000846979382914, 0.000794471940026, 0.000649056048132, 0.000367702712538, 0.000525165523868, 0.000497404776979, 0.000329738773871, 0.000262131507043, 0.00018808367895, 0.000354018993676, 0.000258567655692, 0.000185747907381, 0.000246195384534, 0.000217990309466, 0.000240506094997, 0.00017532990023, 0.000185778044397, 0.000117607320135, 6.3779312768e-05, 7.10543457405e-10], "dvar2": [4.48684033927e-07, 0.000161041971296, 0.000117613606562, 0.000104867467599, 7.08936349838e-05, 3.97645817429e-06, 1.37440429171e-06, 1.75390164259e-06, 1.89253842109e-06, 1.28372153085e-06, 6.56528527543e-07, 1.4261022443e-06, 1.50895698425e-06, 7.11822906396e-07, 5.93669085447e-07, 6.22820834906e-07, 8.27800420211e-07, 3.10481311772e-07, 1.84770897249e-07, 4.76893376344e-07, 8.23687173579e-07, 9.84548705674e-07, 4.13736415794e-07, 5.13783561473e-07, 1.06843607739e-07, 5.10072304394e-08, 9.33482172099e-18], "min": [4.62872123355e-25, 1.36801228958e-23, 1.94846336171e-24, 8.42335103859e-24, 3.3331979642e-23, 3.08688466624e-23, 1.13996049049e-23, 3.03156153542e-23, 3.21428349363e-23, 2.6849647682e-23, 2.88365705766e-23, 6.47262707762e-23, 9.93754461816e-23, 6.97124838533e-23, 1.17319116145e-22, 1.07101310074e-22, 1.37294323821e-22, 1.80698359594e-22, 1.67742423631e-22, 3.24161777643e-22, 3.24816191406e-22, 4.57516201937e-22, 4.69552679495e-22, 7.30329697973e-22, 1.2005298745e-21, 1.50371529794e-21, 2.21686948714e-21], "var": [1.06929341825e-07, 4.52332715213e-05, 5.0871320127e-05, 3.52829410986e-05, 2.58059208136e-05, 5.37137520951e-06, 1.74580418388e-06, 2.20573315346e-06, 2.73338355328e-06, 2.22173753173e-06, 1.38492112001e-06, 2.27655300478e-06, 3.48534558725e-06, 1.62856804309e-06, 8.40874292862e-07, 6.26595408448e-07, 2.42182500187e-06, 4.57501272422e-07, 1.75144108994e-07, 3.98914863808e-07, 4.02163408353e-07, 5.59614932172e-07, 4.52718040833e-07, 7.02183911017e-07, 1.29712645958e-07, 4.56489459566e-08, 2.03409006583e-18], "median": [2.39228920691e-05, 0.00126465689391, 0.00181232858449, 0.00137118878774, 0.00159933278337, 0.000500354042742, 0.000222630071221, 0.000233248618315, 0.000202934606932, 0.000160976793268, 6.78418000462e-05, 0.000113544039777, 5.65651025681e-05, 6.40162179479e-05, 6.41958613414e-05, 3.82036159863e-05, 4.2028768803e-05, 4.47641941719e-05, 3.96306495531e-05, 3.53166396962e-05, 2.73603745882e-05, 2.3811322535e-05, 1.23486024677e-05, 1.11958406706e-05, 7.90189824329e-06, 3.88256285078e-06, 2.43914693998e-10]}, "melbands_kurtosis": {"dmean": 8.54789352417, "dmean2": 13.5195741653, "max": 299.285919189, "dvar": 223.215240479, "mean": 19.7896232605, "dvar2": 546.815490723, "min": -1.86958277225, "var": 631.485717773, "median": 11.1037425995}, "erbbands_crest": {"dmean": 2.22242498398, "dmean2": 3.51612973213, "max": 30.510471344, "dvar": 5.23416519165, "mean": 9.46318817139, "dvar2": 11.8464031219, "min": 2.19427227974, "var": 22.088804245, "median": 8.41502761841}, "melbands_skewness": {"dmean": 0.743187010288, "dmean2": 1.15357005596, "max": 15.0891904831, "dvar": 0.82347881794, "mean": 3.05908966064, "dvar2": 1.93415367603, "min": -1.36837232113, "var": 3.42217564583, "median": 2.77190971375}, "spectral_energyband_middle_low": {"dmean": 0.0037962666247, "dmean2": 0.00613173749298, "max": 0.196966022253, "dvar": 0.000119053365779, "mean": 0.00969863589853, "dvar2": 0.000308011687594, "min": 2.08330326947e-22, "var": 0.000141964570503, "median": 0.00736032845452}, "spectral_contrast_coeffs": {"dmean": [0.0446459874511, 0.0397810935974, 0.0352174192667, 0.028432264924, 0.0223541930318, 0.0193570889533], "dmean2": [0.0748686045408, 0.0636742562056, 0.055662933737, 0.0448387749493, 0.0350678265095, 0.0311163365841], "max": [-0.30398991704, -0.410342812538, -0.445847719908, -0.481113731861, -0.499922543764, -0.550586044788], "dvar": [0.00146984658204, 0.00117128423881, 0.000912648742087, 0.000637245015241, 0.000437008653535, 0.000403930636821], "mean": [-0.627457559109, -0.717723369598, -0.75599104166, -0.788399219513, -0.796334505081, -0.766555786133], "dvar2": [0.00392098072916, 0.00287669012323, 0.00216080481187, 0.00145894521847, 0.000972481444478, 0.000981958815828], "min": [-0.971607327461, -0.968820810318, -0.966144680977, -0.964947640896, -0.959280371666, -0.960806667805], "var": [0.0044231871143, 0.00649720523506, 0.00502027338371, 0.00415027793497, 0.00307109998539, 0.00147486908827], "median": [-0.629584610462, -0.725219011307, -0.765579223633, -0.801753282547, -0.806872725487, -0.767460107803]}, "spectral_contrast_valleys": {"dmean": [0.419461250305, 0.331858545542, 0.328236848116, 0.318779021502, 0.322893053293, 0.371432811022], "dmean2": [0.677861273289, 0.528997063637, 0.521114587784, 0.481531590223, 0.46996307373, 0.46827045083], "max": [-4.97706222534, -4.7787322998, -4.92921257019, -5.52653455734, -5.28014993668, -7.03571462631], "dvar": [0.189164459705, 0.107681885362, 0.112225040793, 0.13441555202, 0.197559967637, 0.255979031324], "mean": [-7.41721963882, -7.23452663422, -7.80747509003, -8.30073642731, -8.15424728394, -10.6998710632], "dvar2": [0.405999988317, 0.237293019891, 0.23587359488, 0.273371785879, 0.39116731286, 0.408401042223], "min": [-27.3250637054, -27.4361743927, -27.4015922546, -27.3478126526, -27.3391590118, -27.2815895081], "var": [1.30734121799, 1.11462759972, 1.14238286018, 1.24892711639, 1.44422972202, 2.32182621956], "median": [-7.14583921432, -7.08324241638, -7.67870187759, -8.16176319122, -8.09090423584, -10.6491699219]}, "silence_rate_20dB": {"dmean": 0, "dmean2": 0, "max": 1, "dvar": 0, "mean": 1, "dvar2": 0, "min": 1, "var": 0, "median": 1}, "silence_rate_30dB": {"dmean": 0.0159489624202, "dmean2": 0.0319007523358, "max": 1, "dvar": 0.0156951472163, "mean": 0.985469996929, "dvar2": 0.0353119708598, "min": 0, "var": 0.0143197532743, "median": 1}, "spectral_strongpeak": {"dmean": 0.402349710464, "dmean2": 0.691062629223, "max": 14.377081871, "dvar": 0.773597657681, "mean": 0.816993653774, "dvar2": 1.97878158092, "min": 0, "var": 1.95950484276, "median": 0.367556840181}, "spectral_spread": {"dmean": 570083.9375, "dmean2": 788804.75, "max": 42115624, "dvar": 707495002112, "mean": 4802691.5, "dvar2": 1260299354110.0, "min": 1238966.125, "var": 3604981743620.0, "median": 4498000}, "barkbands_flatness_db": {"dmean": 0.0200495552272, "dmean2": 0.0304266661406, "max": 0.435519963503, "dvar": 0.000489485391881, "mean": 0.163904711604, "dvar2": 0.000963832717389, "min": 0.0266205444932, "var": 0.00382113899104, "median": 0.1540710181}, "pitch_salience": {"dmean": 0.0592884495854, "dmean2": 0.0976772978902, "max": 0.873430967331, "dvar": 0.00323215662502, "mean": 0.571940302849, "dvar2": 0.0086857965216, "min": 0.0988421067595, "var": 0.00952656939626, "median": 0.577900409698}, "erbbands_kurtosis": {"dmean": 0.981964290142, "dmean2": 1.51083958149, "max": 40.5229530334, "dvar": 2.55041122437, "mean": 0.987691700459, "dvar2": 5.41861248016, "min": -1.8708435297, "var": 8.59022808075, "median": 0.152782782912}, "average_loudness": 0.699804365635, "barkbands_crest": {"dmean": 2.03780722618, "dmean2": 3.39008593559, "max": 24.5028972626, "dvar": 4.08698511124, "mean": 8.99240875244, "dvar2": 10.9610595703, "min": 2.23071026802, "var": 10.7477016449, "median": 8.50763320923}, "hfc": {"dmean": 6.96087646484, "dmean2": 9.90415287018, "max": 436.033874512, "dvar": 366.992767334, "mean": 17.7289676666, "dvar2": 789.62677002, "min": 1.17553310298e-16, "var": 925.564697266, "median": 7.11247873306}, "barkbands_kurtosis": {"dmean": 3.41240644455, "dmean2": 5.38431930542, "max": 110.043434143, "dvar": 35.7246246338, "mean": 7.21700286865, "dvar2": 84.6539611816, "min": -1.91347181797, "var": 107.584190369, "median": 3.5045235157}, "erbbands": {"dmean": [0.0647989958525, 0.682960987091, 2.47813177109, 4.08611917496, 7.06169843674, 5.11921596527, 4.5846529007, 5.30052089691, 5.51042079926, 3.79815745354, 9.62554454803, 9.53557872772, 9.92973232269, 6.75822210312, 8.18480968475, 11.9814605713, 9.99088096619, 9.35524463654, 7.21177530289, 6.80223989487, 6.81638813019, 6.8738951683, 7.06434059143, 5.58770418167, 5.29589366913, 6.88746929169, 7.44334793091, 5.92674016953, 6.37529277802, 3.87332034111, 3.3258099556, 2.50206708908, 1.83750140667, 0.916200876236, 0.507786333561, 0.270932137966, 0.0832539051771, 0.00727509893477, 0.000137197086588, 1.60876916198e-05], "dmean2": [0.115189313889, 1.20981967449, 4.27387237549, 6.70771217346, 11.9773178101, 8.59809398651, 7.2181186676, 8.20979213715, 8.47507476807, 5.79122638702, 14.8326396942, 14.2895641327, 14.8432683945, 10.0257997513, 12.115354538, 18.4060306549, 15.0772571564, 13.817782402, 11.036980629, 10.1972093582, 10.1071615219, 10.8441324234, 11.2718896866, 8.92396450043, 8.30013751984, 10.8745412827, 11.8109273911, 9.4671869278, 9.96782588959, 5.8002538681, 4.87857198715, 3.63017702103, 2.70463323593, 1.31426036358, 0.731560766697, 0.402602791786, 0.123756527901, 0.0112541401759, 0.000207189121284, 2.42398164119e-05], "max": [3.67758893967, 26.6410217285, 176.731887817, 273.061645508, 568.691467285, 316.542175293, 451.193878174, 240.126327515, 307.204376221, 223.789367676, 712.572265625, 787.026794434, 774.580078125, 597.842590332, 1165.46154785, 1424.73254395, 1788.58325195, 1691.22106934, 958.391906738, 1422.99035645, 1585.5078125, 1168.17333984, 473.889282227, 306.870056152, 314.669799805, 601.83404541, 472.083068848, 503.380889893, 647.024353027, 571.354614258, 424.390319824, 693.63671875, 303.80960083, 101.517982483, 48.9265785217, 28.2726783752, 9.08433914185, 0.625939488411, 0.0117158265784, 0.000762916461099], "dvar": [0.0430383644998, 3.60250878334, 54.2356033325, 155.60585022, 581.303955078, 224.607437134, 139.887741089, 141.071365356, 174.5, 72.5124969482, 552.532653809, 521.868225098, 586.935546875, 427.748596191, 580.553894043, 1360.77722168, 1348.98791504, 1097.37158203, 567.315063477, 830.247924805, 875.772399902, 551.117736816, 390.865936279, 250.675888062, 204.183837891, 491.943084717, 625.670715332, 519.539916992, 592.067626953, 263.346832275, 167.365158081, 147.814880371, 56.2002716064, 8.92988204956, 2.55334067345, 0.763902068138, 0.0658429861069, 0.000574949372094, 1.89662173966e-07, 1.63105073892e-09], "mean": [0.0583808235824, 0.790518403053, 3.58683013916, 7.17728090286, 10.5782375336, 8.21757984161, 9.53479576111, 11.6786766052, 12.307592392, 8.27385997772, 23.1751289368, 21.1109409332, 21.4042110443, 14.7822370529, 17.6334705353, 24.6335544586, 23.005361557, 20.7347812653, 14.2850456238, 12.8590259552, 14.7693834305, 16.2779407501, 14.4792308807, 10.1178073883, 9.25572299957, 11.7639608383, 10.9773349762, 8.31102371216, 8.93341732025, 5.89592027664, 5.17624950409, 3.99182128906, 3.01941943169, 1.49657356739, 0.749630272388, 0.362190693617, 0.104621082544, 0.00852846540511, 0.000177474386874, 3.49993570126e-05], "dvar2": [0.118144892156, 9.86380672455, 136.60949707, 395.50579834, 1602.45849609, 619.044433594, 322.294311523, 344.422119141, 403.638092041, 164.827880859, 1286.45581055, 1123.58044434, 1233.92358398, 848.57623291, 1185.19812012, 3080.41015625, 3101.30151367, 2089.44335938, 1240.86657715, 1638.40759277, 1596.5526123, 1201.89318848, 922.080566406, 612.593078613, 457.759277344, 1202.19799805, 1558.95874023, 1299.77185059, 1466.89306641, 600.816589355, 353.657806396, 335.419952393, 116.636100769, 17.1837005615, 5.21164655685, 1.68110787868, 0.14584325254, 0.00138883595355, 4.41307378196e-07, 3.69009267587e-09], "min": [3.87849307933e-22, 1.57958518825e-21, 3.41360757863e-21, 2.98258904537e-20, 5.76859344829e-20, 6.88620686744e-20, 3.09659198212e-19, 1.60565683064e-19, 1.84392555985e-19, 2.50914123578e-19, 7.94161423656e-19, 9.18908635233e-19, 8.98112797646e-19, 8.43984166312e-19, 2.02262430856e-18, 3.07342492791e-18, 4.39494666571e-18, 3.37702109903e-18, 6.66096618117e-18, 8.5742820873e-18, 7.63576544584e-18, 8.59492272513e-18, 7.03385920131e-18, 1.21719345896e-17, 8.10151362564e-18, 1.4360194578e-17, 1.39513555971e-17, 1.60447114995e-17, 1.72848090933e-17, 1.20240471038e-17, 1.29340665459e-17, 1.37797437442e-17, 1.1602522481e-17, 1.19964424324e-17, 9.45018860102e-18, 6.0719726396e-18, 2.78683972609e-18, 1.20234507065e-18, 2.87151122606e-19, 3.57835554181e-20], "var": [0.0285894572735, 2.86614608765, 55.4785995483, 168.637985229, 504.0859375, 227.434463501, 423.425354004, 422.715698242, 547.425292969, 200.276733398, 1687.5279541, 1849.46789551, 2186.72412109, 1506.40722656, 2437.05175781, 4965.16210938, 6856.29394531, 5789.65478516, 2265.56347656, 2278.17895508, 3621.78393555, 3691.43798828, 1589.99304199, 488.70022583, 428.617492676, 984.240112305, 865.409423828, 639.127624512, 762.234313965, 438.800445557, 398.143707275, 361.577392578, 163.235641479, 23.8109436035, 5.23679924011, 1.47850906849, 0.121198952198, 0.000810132769402, 3.02734463276e-07, 2.89666002296e-09], "median": [0.0191425401717, 0.355168253183, 1.89699470997, 4.197742939, 5.70602607727, 3.90557980537, 3.23416256905, 3.80945134163, 3.94846487045, 3.79980063438, 6.66011428833, 6.88900899887, 6.59877157211, 3.77068948746, 3.82530879974, 5.59696722031, 3.28916025162, 3.82023000717, 3.82987570763, 2.87425374985, 2.34701561928, 2.28653883934, 2.507802248, 2.31142616272, 1.95689833164, 1.69388365746, 1.49106657505, 0.89927816391, 0.856320559978, 0.534419417381, 0.371262431145, 0.257361918688, 0.170987099409, 0.0927658304572, 0.0513053350151, 0.0246086772531, 0.00514054950327, 0.000331268238369, 1.83110387297e-05, 1.95515185624e-05]}, "spectral_energy": {"dmean": 0.00845398101956, "dmean2": 0.0137200178578, "max": 0.384982079268, "dvar": 0.000471914856462, "mean": 0.0207665190101, "dvar2": 0.00116290315054, "min": 1.06849722767e-20, "var": 0.000622396124527, "median": 0.0148946773261}, "zerocrossingrate": {"dmean": 0.0109723536298, "dmean2": 0.0125149274245, "max": 0.51171875, "dvar": 0.000264297821559, "mean": 0.0584881082177, "dvar2": 0.000300222018268, "min": 0.00390625, "var": 0.00199756980874, "median": 0.0458984375}, "spectral_energyband_high": {"dmean": 0.000668405438773, "dmean2": 0.000954372924753, "max": 0.0473882779479, "dvar": 4.74840771858e-06, "mean": 0.0011551