{"tonal": {"hpcp": {"dvar": [0.05452394858, 0.036335054785, 0.0277799125761, 0.0322598069906, 0.0361454039812, 0.0400950238109, 0.047776773572, 0.0437840744853, 0.0488470904529, 0.0496621355414, 0.0466479957104, 0.0361627750099, 0.0313433296978, 0.0253209173679, 0.0248065274209, 0.0227775741369, 0.0220053698868, 0.0315352752805, 0.0381009243429, 0.0372147932649, 0.0375793538988, 0.0382392257452, 0.0398001559079, 0.0614827275276, 0.0907731354237, 0.0682627409697, 0.0733519569039, 0.060597460717, 0.0502268821001, 0.0530863590539, 0.0506252013147, 0.0419021211565, 0.0371870286763, 0.0466219857335, 0.0524582788348, 0.0530415177345], "var": [0.0512071438134, 0.030182801187, 0.021097201854, 0.0314708277583, 0.063874617219, 0.0646710321307, 0.0590704008937, 0.0702599063516, 0.0549694560468, 0.060769226402, 0.0595138072968, 0.0333353877068, 0.0263582263142, 0.0240248851478, 0.0248082503676, 0.0194208528847, 0.0154659189284, 0.0224330481142, 0.0358239151537, 0.0505790822208, 0.0454746596515, 0.0325948186219, 0.0307695306838, 0.066691569984, 0.146279752254, 0.112644016743, 0.082439519465, 0.0573268160224, 0.0444146953523, 0.0423548147082, 0.0353149808943, 0.0304952710867, 0.0350063890219, 0.0585229322314, 0.064114689827, 0.0630751252174], "median": [0.0208316650242, 0.0138641521335, 0.00990561582148, 0.00903171673417, 0.0103777199984, 0.0235375910997, 0.0478828214109, 0.042356017977, 0.0347496643662, 0.0292881149799, 0.0200698841363, 0.0130141014233, 0.0172178950161, 0.0270797815174, 0.0312931835651, 0.0245002657175, 0.0134836984798, 0.00905944872648, 0.0160079561174, 0.0228258725256, 0.0186376366764, 0.0129442671314, 0.0138473948464, 0.0588264614344, 0.150708198547, 0.166572511196, 0.0545589663088, 0.0259289331734, 0.0143732763827, 0.00824845954776, 0.00714183226228, 0.0107337236404, 0.0210685618222, 0.0303601324558, 0.0317008346319, 0.026057081297], "max": [1, 1, 1, 1, 1, 1, 1, 1, 1, 1, 1, 1, 1, 1, 1, 1, 1, 1, 1, 1, 1, 1, 1, 1, 1, 1, 1, 1, 1, 1, 1, 1, 1, 1, 1, 1], "dmean": [0.136160537601, 0.0997055694461, 0.0768156945705, 0.0857603251934, 0.0971842706203, 0.118679001927, 0.146670594811, 0.133402451873, 0.142791092396, 0.147633001208, 0.131879359484, 0.104188553989, 0.0886557325721, 0.0884641334414, 0.086868673563, 0.0759853869677, 0.0630982145667, 0.0744515433908, 0.0968947634101, 0.101279951632, 0.0991966426373, 0.0963805615902, 0.103584088385, 0.194269165397, 0.262900441885, 0.231340810657, 0.209581404924, 0.158412456512, 0.121921874583, 0.116572022438, 0.113957442343, 0.102168701589, 0.10849224031, 0.134202823043, 0.148815900087, 0.145820990205], "dmean2": [0.245417043567, 0.182518512011, 0.140949741006, 0.154893919826, 0.170456334949, 0.20878611505, 0.257300525904, 0.234974145889, 0.255654603243, 0.263099342585, 0.235932067037, 0.188163176179, 0.162085771561, 0.156396359205, 0.151636436582, 0.134209215641, 0.114728346467, 0.136521443725, 0.172022089362, 0.177507951856, 0.177247568965, 0.174886777997, 0.190678820014, 0.346927821636, 0.468438178301, 0.406581938267, 0.373225599527, 0.285909175873, 0.22199319303, 0.21394829452, 0.212693482637, 0.189523205161, 0.196116924286, 0.23913000524, 0.261970847845, 0.258601427078], "mean": [0.116119995713, 0.0787266567349, 0.0604879818857, 0.0778329744935, 0.124010227621, 0.143831431866, 0.158564656973, 0.163423627615, 0.139074891806, 0.144614413381, 0.131635919213, 0.0865711569786, 0.0728912577033, 0.0841301158071, 0.0885311961174, 0.0718465074897, 0.0518463365734, 0.0563522614539, 0.0893645212054, 0.116021610796, 0.102871961892, 0.0793879404664, 0.0799247324467, 0.1931129843, 0.345618873835, 0.314215153456, 0.199594184756, 0.135469198227, 0.100872814655, 0.0875665619969, 0.0780654624104, 0.0738772377372, 0.0968432798982, 0.139177650213, 0.152930155396, 0.143090248108], "dvar2": [0.147257164121, 0.100804798305, 0.0799029245973, 0.0906248614192, 0.0953181758523, 0.107035264373, 0.134455412626, 0.116027995944, 0.135213270783, 0.131943404675, 0.121910311282, 0.0995283797383, 0.0856135636568, 0.0693835020065, 0.066892363131, 0.0619028434157, 0.0616131424904, 0.0882296785712, 0.103095948696, 0.0968135073781, 0.101577289402, 0.108049459755, 0.109639950097, 0.16368354857, 0.226493701339, 0.179835900664, 0.196428596973, 0.162797182798, 0.135343268514, 0.143468946218, 0.141232296824, 0.114418700337, 0.0998146012425, 0.125020116568, 0.140941202641, 0.137204945087], "min": [0, 0, 0, 0, 0, 0, 0, 0, 0, 0, 0, 0, 0, 0, 0, 0, 0, 0, 0, 0, 0, 0, 0, 0, 0, 0, 0, 0, 0, 0, 0, 0, 0, 0, 0, 0]}, "key_key": "F", "thpcp": [1, 0.90913772583, 0.577497959137, 0.391961216927, 0.291861414909, 0.253361642361, 0.225871533155, 0.213753476739, 0.280202507973, 0.40269112587, 0.442482084036, 0.41401168704, 0.335977017879, 0.227784603834, 0.175013542175, 0.225198850036, 0.358806282282, 0.416156172752, 0.458784729242, 0.472843468189, 0.402393788099, 0.418421626091, 0.380870163441, 0.250481575727, 0.210900679231, 0.243418753147, 0.256152659655, 0.207877844572, 0.15001013875, 0.163047403097, 0.258563786745, 0.335692346096, 0.297645658255, 0.229697927833, 0.231251060963, 0.558745503426], "chords_key": "B", "tuning_equal_tempered_deviation": 0.200522243977, "tuning_frequency": 434.193115234, "tuning_diatonic_strength": 0.283670604229, "chords_histogram": [6.34887170792, 2.48892641068, 1.09681499004, 2.57329678535, 0, 8.1417427063, 12.4024467468, 2.78422284126, 0.0632777884603, 0.0843703895807, 0.358574151993, 0.210925966501, 8.16283512115, 0.105462983251, 0.337481558323, 2.93187093735, 1.77177810669, 3.75448226929, 11.242354393, 13.1406879425, 2.80531525612, 0.527314901352, 9.30183506012, 9.36511325836], "key_strength": 0.499950826168, "key_scale": "minor", "chords_strength": {"dvar": 0.000547913077753, "var": 0.0502530224621, "median": 0.443900257349, "max": 0.779914021492, "dmean": 0.0138339446858, "dmean2": 0.0160474870354, "mean": 0.424851745367, "dvar2": 0.000983880949207, "min": -1}, "chords_number_rate": 0.00337481545284, "tuning_nontempered_energy_ratio": 0.866282403469, "hpcp_entropy": {"dvar": 0.293748170137, "var": 0.676882565022, "median": 2.35171985626, "max": 4.40440607071, "dmean": 0.656496345997, "dmean2": 1.11789786816, "mean": 2.30082654953, "dvar2": 0.817312300205, "min": 0}, "chords_changes_rate": 0.103142797947, "chords_scale": "major"}, "rhythm": {"bpm_histogram_first_peak_spread": {"dvar": 0, "var": 0, "median": 0.34686344862, "max": 0.34686344862, "dmean": 0, "dmean2": 0, "mean": 0.34686344862, "dvar2": 0, "min": 0.34686344862}, "bpm_histogram_first_peak_weight": {"dvar": 0, "var": 0, "median": 0.426506012678, "max": 0.426506012678, "dmean": 0, "dmean2": 0, "mean": 0.426506012678, "dvar2": 0, "min": 0.426506012678}, "bpm_histogram_first_peak_bpm": {"dvar": 0, "var": 0, "median": 105, "max": 105, "dmean": 0, "dmean2": 0, "mean": 105, "dvar2": 0, "min": 105}, "bpm": 105.828186035, "bpm_histogram_second_peak_weight": {"dvar": 0, "var": 0, "median": 0.0626506060362, "max": 0.0626506060362, "dmean": 0, "dmean2": 0, "mean": 0.0626506060362, "dvar2": 0, "min": 0.0626506060362}, "beats_loudness": {"dvar": 0.000888980925083, "var": 0.00220486917533, "median": 0.0596050284803, "max": 0.227694287896, "dmean": 0.0270595252514, "dmean2": 0.0466723032296, "mean": 0.0600820109248, "dvar2": 0.00253719603643, "min": 0}, "beats_loudness_band_ratio": {"dvar": [0.0263914894313, 0.00609649345279, 0.00797212030739, 0.00470587424934, 0.00246130046435, 0.0137938391417], "var": [0.0503013506532, 0.00693601043895, 0.00957737024873, 0.00381463975646, 0.00170102575794, 0.00896308943629], "median": [0.771096587181, 0.0597925148904, 0.0384279116988, 0.0188512057066, 0.00444585736841, 0.0442672669888], "max": [0.985107600689, 0.602519512177, 0.644141733646, 0.605846047401, 0.482085764408, 0.988638997078], "dmean": [0.164896786213, 0.0686622783542, 0.0787600055337, 0.036871060729, 0.0168835632503, 0.0596091859043], "dmean2": [0.290865123272, 0.122792452574, 0.142414063215, 0.0666192546487, 0.0304282922298, 0.109448887408], "mean": [0.711203873158, 0.0840621516109, 0.0801495239139, 0.037585452199, 0.0148102873936, 0.066902808845], "dvar2": [0.0709332302213, 0.0168527010828, 0.0228886175901, 0.0124166468158, 0.00658791605383, 0.0393637642264], "min": [0, 0, 0, 0, 0, 0]}, "bpm_histogram_second_peak_bpm": {"dvar": 0, "var": 0, "median": 140, "max": 140, "dmean": 0, "dmean2": 0, "mean": 140, "dvar2": 0, "min": 140}, "onset_rate": 3.94775390625, "beats_count": 416, "beats_position": [0.476009070873, 0.96362811327, 1.42802715302, 1.90403628349, 2.38004541397, 2.85605430603, 3.33206343651, 3.79646253586, 4.2492518425, 4.72526073456, 5.21287965775, 5.70049858093, 6.21133756638, 6.71056699753, 7.22140598297, 7.61614513397, 8.0224943161, 8.4172334671, 8.8119726181, 9.19510173798, 9.57823085785, 9.96135997772, 10.3444900513, 10.774058342, 11.1920175552, 11.5983667374, 12.0047159195, 12.3994560242, 12.7941951752, 13.1889343262, 13.5836734772, 13.9784126282, 14.3731517792, 14.7678909302, 15.1974601746, 15.6270294189, 16.0565986633, 16.4861679077, 16.904127121, 17.3220863342, 17.7284355164, 18.1347846985, 18.5295238495, 18.9242630005, 19.4002723694, 19.8878898621, 20.3755092621, 20.8747386932, 21.3739681244, 21.8731975555, 22.3840351105, 22.8948745728, 23.405714035, 23.8933334351, 24.369342804, 24.8569602966, 25.3329696655, 25.8089790344, 26.2849884033, 26.7493877411, 27.2021770477, 27.6665763855, 28.2354640961, 28.804353714, 29.3848514557, 29.9537410736, 30.5342407227, 31.1147384644, 31.753288269, 32.391834259, 33.0419960022, 33.6805419922, 34.2610435486, 34.8299331665, 35.3988189697, 35.9677085876, 36.5482063293, 37.1403160095, 37.7324256897, 38.3129234314, 38.8818130493, 39.4507026672, 40.0195922852, 40.5884780884, 41.1573677063, 41.7262573242, 42.2835350037, 42.8524246216, 43.4213142395, 43.9902038574, 44.5590934753, 45.1163711548, 45.6852607727, 46.2541503906, 46.8114280701, 47.380317688, 47.9492073059, 48.5064849854, 49.0753746033, 49.6442604065, 50.2131500244, 50.7820396423, 51.3509292603, 51.9198188782, 52.4770965576, 53.0459861755, 53.6148757935, 54.1837615967, 54.7526512146, 55.3099327087, 55.8672103882, 56.4361000061, 57.0049858093, 57.5738754272, 58.1311569214, 58.7000427246, 59.2689323425, 59.8378219604, 60.4067115784, 60.9756011963, 61.5444869995, 62.1133766174, 62.6822662354, 63.2511558533, 63.8084335327, 64.3657150269, 64.9346008301, 65.5034942627, 66.0723800659, 66.6412658691, 67.1985473633, 67.7674331665, 68.3363265991, 68.8936004639, 69.450881958, 70.0197753906, 70.5886611938, 71.145942688, 71.7264404297, 72.2953262329, 72.8642196655, 73.4214935303, 73.9903869629, 74.5592727661, 75.1165542603, 75.673828125, 76.2427215576, 76.8116073608, 77.368888855, 77.9377746582, 78.5066680908, 79.075553894, 79.6444396973, 80.2017211914, 80.7706069946, 81.3278884888, 81.8967819214, 82.4772796631, 83.0461654663, 83.6034469604, 84.1723327637, 84.7296142578, 85.298500061, 85.8673934937, 86.4478912354, 87.0051651001, 87.5624465942, 88.1197280884, 88.6886138916, 89.2575073242, 89.8263931274, 90.3952789307, 90.9525604248, 91.521446228, 92.0903396606, 92.6592254639, 93.2281188965, 93.7853927612, 94.3542861938, 94.9231719971, 95.4804534912, 96.0493392944, 96.6182327271, 97.1755065918, 97.7444000244, 98.3132858276, 98.8821716309, 99.439453125, 100.008346558, 100.577232361, 101.146118164, 101.715011597, 102.2838974, 102.841178894, 103.410064697, 103.97895813, 104.547843933, 105.116729736, 105.67401123, 106.231292725, 106.800178528, 107.36907196, 107.937957764, 108.506843567, 109.075737, 109.644622803, 110.213516235, 110.782402039, 111.351287842, 111.920181274, 112.477455139, 113.034736633, 113.603622437, 114.172515869, 114.741401672, 115.310295105, 115.86756897, 116.436462402, 117.005348206, 117.5626297, 118.131515503, 118.700408936, 119.2576828, 119.814964294, 120.372245789, 120.95274353, 121.521629333, 122.102127075, 122.671020508, 123.228294373, 123.785575867, 124.35446167, 124.923355103, 125.480628967, 126.0495224, 126.618408203, 127.187301636, 127.756187439, 128.313461304, 128.882354736, 129.451248169, 130.008529663, 130.577407837, 131.14630127, 131.715194702, 132.284072876, 132.852966309, 133.421859741, 133.990753174, 134.559631348, 135.12852478, 135.697418213, 136.254684448, 136.811965942, 137.380859375, 137.949752808, 138.518630981, 139.075912476, 139.644805908, 140.202087402, 140.770965576, 141.339859009, 141.897140503, 142.466033936, 143.034912109, 143.592193604, 144.161087036, 144.729980469, 145.298858643, 145.867752075, 146.436645508, 147.005523682, 147.574417114, 148.143310547, 148.700592041, 149.257858276, 149.815139771, 150.372421265, 150.929702759, 151.498596191, 151.928161621, 152.357727051, 152.78729248, 153.20526123, 153.623214722, 154.041183472, 154.447525024, 154.853881836, 155.260223389, 155.67817688, 156.107757568, 156.52571106, 156.955276489, 157.384857178, 157.814422607, 158.255599976, 158.696777344, 159.14956665, 159.590744019, 160.031921387, 160.461486816, 160.891067505, 161.320632935, 161.750198364, 162.179763794, 162.620956421, 163.050521851, 163.468475342, 163.886444092, 164.304397583, 164.722351074, 165.117095947, 165.5234375, 165.929794312, 166.324539185, 166.812149048, 167.29977417, 167.787384033, 168.275009155, 168.774230957, 169.273468018, 169.784301758, 170.295150757, 170.805984497, 171.328430176, 171.850875854, 172.373336792, 172.849334717, 173.3253479, 173.801361084, 174.265762329, 174.741760254, 175.206161499, 175.670562744, 176.134963989, 176.599365234, 177.052154541, 177.504943848, 177.969345093, 178.561447144, 179.141952515, 179.734054565, 180.337768555, 180.929885864, 181.510375977, 182.090881348, 182.65977478, 183.228652954, 183.797546387, 184.366439819, 184.935317993, 185.504211426, 186.073104858, 186.630386353, 187.199264526, 187.768157959, 188.337051392, 188.905944824, 189.474822998, 190.032104492, 190.589385986, 191.158279419, 191.727157593, 192.296051025, 192.864944458, 193.422225952, 193.991104126, 194.559997559, 195.128890991, 195.697769165, 196.255050659, 196.823944092, 197.392837524, 197.95010376, 198.518997192, 199.087890625, 199.645172119, 200.202438354, 200.771331787, 201.34022522, 201.909118652, 202.477996826, 203.046890259, 203.604171753, 204.173049927, 204.730331421, 205.310836792, 205.891326904, 206.448608398, 207.005889893, 207.574783325, 208.132064819, 208.700942993, 209.258224487, 209.815505981, 210.396011353, 210.976501465, 211.394470215, 211.824035645, 212.253601074, 212.694778442, 213.124343872, 213.553924561, 213.98348999, 214.41305542, 214.84262085, 215.272201538, 215.736587524, 216.20098877, 216.665390015, 217.12979126, 217.582580566, 218.035369873, 218.48815918, 218.940948486, 219.393737793], "danceability": 0.972662627697, "bpm_histogram_second_peak_spread": {"dvar": 0, "var": 0, "median": 0.422222197056, "max": 0.422222197056, "dmean": 0, "dmean2": 0, "mean": 0.422222197056, "dvar2": 0, "min": 0.422222197056}}, "lowlevel": {"spectral_flux": {"dvar": 0.00123310345225, "var": 0.00416088569909, "median": 0.0956472530961, "max": 0.467108488083, "dmean": 0.028662327677, "dmean2": 0.0455117970705, "mean": 0.100311800838, "dvar2": 0.00283812964335, "min": 6.21911827592e-11}, "spectral_rolloff": {"dvar": 33185518, "var": 48747076, "median": 624.462890625, "max": 21985.4003906, "dmean": 2462.85180664, "dmean2": 4684.07617188, "mean": 3736.38085938, "dvar2": 90331544, "min": 43.06640625}, "barkbands_flatness_db": {"dvar": 0.00120073626749, "var": 0.00573829654604, "median": 0.167979508638, "max": 0.534110486507, "dmean": 0.036968588829, "dmean2": 0.0585898160934, "mean": 0.183451339602, "dvar2": 0.00316733168438, "min": 0.0424760393798}, "spectral_centroid": {"dvar": 118856.96875, "var": 2962977.5, "median": 591.399475098, "max": 11746.0234375, "dmean": 215.689682007, "dmean2": 321.877746582, "mean": 997.277709961, "dvar2": 220934.625, "min": 98.9536895752}, "melbands_skewness": {"dvar": 1.6647785902, "var": 7.22677898407, "median": 3.4593129158, "max": 19.8305473328, "dmean": 1.1980035305, "dmean2": 1.9087843895, "mean": 3.9745118618, "dvar2": 4.15581941605, "min": -4.95244789124}, "melbands": {"dvar": [4.65437951789e-05, 1.25224041767e-05, 1.58607531375e-06, 5.6719937902e-07, 3.53302880285e-07, 2.25930534725e-07, 6.71210386827e-07, 5.05983962285e-07, 2.9645025279e-07, 5.00751404786e-08, 5.62638433621e-08, 2.30750725194e-08, 1.86739885777e-08, 7.31423854816e-09, 3.65340113717e-09, 1.7993523338e-09, 1.44181877548e-09, 5.12627218452e-10, 1.11232156819e-09, 4.04415556599e-10, 4.51130903467e-11, 2.41529400646e-11, 5.50264486754e-11, 1.07984385322e-10, 1.7409339248e-10, 5.85179474322e-11, 3.6141062365e-11, 6.27598598091e-11, 8.13751704909e-11, 1.22510016021e-10, 1.13933161516e-10, 3.31448549162e-11, 1.27962527727e-11, 6.79758940109e-12, 7.55533049318e-12, 2.10871684697e-12, 1.24435845742e-12, 4.99540892592e-13, 2.79456074573e-14, 1.48272958598e-15], "var": [4.58804643131e-05, 1.75444292836e-05, 3.15735769618e-06, 1.26656073007e-06, 6.47796525755e-07, 4.06152651067e-07, 1.6548815438e-06, 1.20150832572e-06, 8.11754887309e-07, 1.45373377336e-07, 1.2981726627e-07, 5.41702362966e-08, 2.98977020918e-08, 1.207536382e-08, 8.30944646424e-09, 3.57022056363e-09, 2.84732215583e-09, 1.30132171705e-09, 2.04362726741e-09, 8.07049205243e-10, 8.05417191274e-11, 4.22584432724e-11, 8.18007883652e-11, 1.64689012427e-10, 3.04227421033e-10, 1.33257363477e-10, 8.47247619284e-11, 1.50707737956e-10, 2.17124401791e-10, 3.52894213851e-10, 3.66305180632e-10, 7.24919499429e-11, 3.33371455441e-11, 2.04221951849e-11, 1.05543733475e-11, 3.25393531564e-12, 1.79090217049e-12, 7.35073080963e-13, 3.48771474212e-14, 1.47805131714e-15], "median": [0.00206550490111, 0.00250451848842, 0.000918863224797, 0.000314854551107, 0.000209815611015, 0.000113481975859, 0.000121786804812, 8.69440118549e-05, 5.4548636399e-05, 3.17707963404e-05, 1.84425261978e-05, 1.7887854483e-05, 1.59156606969e-05, 2.07222274184e-05, 1.02989388324e-05, 9.30078294914e-06, 7.41144049243e-06, 3.74860564989e-06, 2.55221084444e-06, 2.49449067269e-06, 1.47074013057e-06, 8.74562488207e-07, 7.30870624466e-07, 8.25385029657e-07, 8.83786583472e-07, 8.79826359323e-07, 9.64286982708e-07, 6.97240807312e-07, 7.71643044573e-07, 9.04302567051e-07, 5.72184546854e-07, 5.5787893416e-07, 3.22698440414e-07, 2.65936620281e-07, 3.52541064785e-07, 2.03879380933e-07, 1.00219743615e-07, 4.87829332485e-08, 1.74329635172e-08, 7.44190886692e-09], "max": [0.08561848104, 0.043210208416, 0.0258040055633, 0.0180883891881, 0.0138823995367, 0.0113641405478, 0.0164056997746, 0.0221209619194, 0.0250947140157, 0.00583341391757, 0.00665142294019, 0.0058631291613, 0.00415090518072, 0.00330389733426, 0.00176728935912, 0.00140882842243, 0.000979549484327, 0.000677831296343, 0.00136119266972, 0.000522315036505, 0.000163170421729, 0.000241384957917, 0.000516394618899, 0.000597061240114, 0.00062334787799, 0.000293363438686, 0.000182689589565, 0.000283240689896, 0.000354407820851, 0.000351631781086, 0.00037221936509, 0.000301213032799, 0.000169367616763, 0.000186885139556, 6.53626630083e-05, 3.15811957989e-05, 2.6467259886e-05, 1.35856398629e-05, 3.28884448209e-06, 5.91288653595e-07], "dmean": [0.00290756952018, 0.00258631817997, 0.000816635903902, 0.000398944714107, 0.000294879719149, 0.00021076198027, 0.000338781857863, 0.000259331805864, 0.000143364319229, 8.74655888765e-05, 8.755975432e-05, 5.49010255781e-05, 4.36057598563e-05, 3.61501734005e-05, 2.52015597653e-05, 1.83421507245e-05, 1.45196345329e-05, 9.73016631178e-06, 1.0759059478e-05, 7.28138093109e-06, 2.88095793621e-06, 1.7394461338e-06, 1.65084043147e-06, 2.13101588997e-06, 2.54816700362e-06, 2.25428107115e-06, 2.19430671677e-06, 2.06115100809e-06, 2.70925465884e-06, 3.07194090965e-06, 2.30743148677e-06, 1.5443471284e-06, 1.10804717224e-06, 8.86261318556e-07, 1.16100022751e-06, 6.19900959009e-07, 3.9498888782e-07, 2.49300512678e-07, 6.61394423673e-08, 2.2670436195e-08], "dmean2": [0.00484625389799, 0.00453377421945, 0.00137029332109, 0.000656097196043, 0.000475625565741, 0.000330395414494, 0.000517588458024, 0.000404011399951, 0.000215909138205, 0.000134047862957, 0.000136385322548, 8.47777555464e-05, 6.98980948073e-05, 5.9073587181e-05, 4.12312656408e-05, 2.97730675811e-05, 2.40782883338e-05, 1.61018251674e-05, 1.76904777618e-05, 1.18617908811e-05, 4.75528440802e-06, 2.8170893529e-06, 2.57655278801e-06, 3.34139326696e-06, 3.91819730794e-06, 3.44740465152e-06, 3.38918425768e-06, 3.22875439451e-06, 4.04663478548e-06, 4.4738417273e-06, 3.24642883243e-06, 2.27837927014e-06, 1.62337812526e-06, 1.27160888042e-06, 1.74957540366e-06, 8.98322753073e-07, 5.61054037007e-07, 3.61116150316e-07, 1.0215048718e-07, 3.84434990508e-08], "mean": [0.00391285680234, 0.00382977188565, 0.00147914083209, 0.000731539388653, 0.000494399748277, 0.000352161732735, 0.000605354900472, 0.000432516302681, 0.000244724506047, 0.000151043961523, 0.000135041598696, 8.87619899004e-05, 6.5732638177e-05, 5.91013085796e-05, 4.12990011682e-05, 3.09014758386e-05, 2.56549501501e-05, 1.76055364136e-05, 1.79960170499e-05, 1.23341460494e-05, 4.78405127069e-06, 2.88674527837e-06, 2.52700328929e-06, 3.27988323079e-06, 3.90867216993e-06, 3.50396226168e-06, 3.37196297551e-06, 3.19207561006e-06, 3.99475220547e-06, 4.77707089885e-06, 3.92027823182e-06, 2.34330673266e-06, 1.60041020081e-06, 1.26376744447e-06, 1.44832040405e-06, 8.06208106496e-07, 4.85140958517e-07, 3.00738349779e-07, 7.36798924095e-08, 2.17035918126e-08], "dvar2": [0.000119322183309, 3.90538225474e-05, 4.26599081038e-06, 1.46004549606e-06, 8.54122106375e-07, 5.34520040674e-07, 1.51464962528e-06, 1.17970671454e-06, 6.12363578512e-07, 1.09457040764e-07, 1.2852871123e-07, 5.10737727666e-08, 4.71766519183e-08, 1.88305282478e-08, 9.52098577756e-09, 4.60353710707e-09, 3.84450871138e-09, 1.41295120049e-09, 3.12211700937e-09, 1.10179843027e-09, 1.14088488656e-10, 5.81993134241e-11, 1.28381374975e-10, 2.62224297831e-10, 4.11799788713e-10, 1.22758178622e-10, 8.1051554357e-11, 1.49104908975e-10, 1.63929217423e-10, 2.56186100112e-10, 2.10630277109e-10, 7.35580346634e-11, 2.79199770942e-11, 1.23215049275e-11, 1.79294426528e-11, 4.52082642155e-12, 2.56510958307e-12, 9.86928637772e-13, 6.14100987401e-14, 3.94922123636e-15], "min": [4.65076595155e-25, 6.6483215079e-25, 1.44176587355e-24, 9.15015442576e-25, 6.95181503359e-25, 1.40648140716e-24, 1.63703695216e-24, 1.15424895057e-24, 1.25593262821e-24, 9.90506177155e-25, 1.91572307035e-24, 2.24515670918e-24, 2.61185791211e-24, 2.39181443172e-24, 2.20494472175e-24, 1.73125149754e-24, 2.11981026122e-24, 2.78995982754e-24, 1.42284958069e-24, 2.95231312108e-24, 2.95119668568e-24, 2.66559630027e-24, 3.71790105188e-24, 2.99335321524e-24, 3.59038129212e-24, 4.34836105391e-24, 3.92163029711e-24, 5.18333758436e-24, 3.65743131362e-24, 3.87519715536e-24, 5.27053235237e-24, 4.31959839645e-24, 4.8845072127e-24, 5.33022664036e-24, 5.755994198e-24, 5.71990183943e-24, 5.36212383663e-24, 5.83605174696e-24, 5.96373992853e-24, 5.34282987661e-24]}, "spectral_decrease": {"dvar": 4.84021658324e-17, "var": 8.52313072715e-17, "median": -7.49449657889e-09, "max": 9.64678559257e-10, "dmean": 4.21151957752e-09, "dmean2": 6.81631195931e-09, "mean": -9.48752454377e-09, "dvar2": 1.20613693276e-16, "min": -8.60904805222e-08}, "barkbands_kurtosis": {"dvar": 750.230102539, "var": 1924.11206055, "median": 11.8018112183, "max": 630.412719727, "dmean": 15.2718553543, "dmean2": 24.8856964111, "mean": 28.6990566254, "dvar2": 1921.87487793, "min": -1.82303965092}, "silence_rate_30dB": {"dvar": 0.0568801946938, "var": 0.0578978247941, "median": 1, "max": 1, "dmean": 0.0605485215783, "dmean2": 0.121109820902, "mean": 0.938297629356, "dvar2": 0.124582111835, "min": 0}, "gfcc": {"mean": [-57.4311790466, 95.7837677002, -56.6625366211, 12.2876348495, -26.6952152252, -3.1002266407, 1.44422864914, -17.7432327271, -2.4396545887, -2.9455871582, -7.80161619186, -1.83221209049, -14.8268213272], "cov": [[41361.2226562, 1588.62072754, -2768.38037109, -350.034820557, -1269.43676758, -547.700561523, 42.2388114929, -815.749938965, 308.791564941, 76.9262771606, -202.253341675, 79.9862823486, -614.604736328], [1588.62072754, 1374.92321777, -38.2570381165, -304.034210205, 16.89311409, 69.9899215698, -66.8722076416, -6.76947498322, 21.5674552917, 1.9110558033, 11.7039871216, -90.7857894897, 83.8512954712], [-2768.38037109, -38.2570381165, 559.922180176, 237.725112915, 63.8088264465, 96.0824203491, -31.7198314667, 104.543029785, -78.9914321899, -4.22582530975, 12.8324956894, 2.02798938751, 11.4636049271], [-350.034820557, -304.034210205, 237.725112915, 522.48059082, 91.1985778809, -2.49092292786, 43.8250160217, 16.4217720032, -85.846321106, -36.7670059204, -27.1348514557, 47.3812713623, -53.2411117554], [-1269.43676758, 16.89311409, 63.8088264465, 91.1985778809, 251.383682251, 82.5813674927, 17.2348632812, 11.4009370804, 7.73154592514, -16.1880550385, 20.171957016, -13.6746406555, 40.1181640625], [-547.700561523, 69.9899215698, 96.0824203491, -2.49092292786, 82.5813674927, 178.635452271, -24.2665596008, 62.4207077026, -36.4148139954, -1.44468545914, -2.62099552155, -7.96328687668, 34.5282783508], [42.2388114929, -66.8722076416, -31.7198314667, 43.8250160217, 17.2348632812, -24.2665596008, 185.193389893, -21.2198791504, 38.6354827881, -9.30412960052, 6.18218326569, 8.57509326935, -39.9799690247], [-815.749938965, -6.76947498322, 104.543029785, 16.4217720032, 11.4009370804, 62.4207077026, -21.2198791504, 181.301803589, 11.4301576614, 19.4669971466, 1.21295762062, -19.9714279175, 33.1894302368], [308.791564941, 21.5674552917, -78.9914321899, -85.846321106, 7.73154592514, -36.4148139954, 38.6354827881, 11.4301576614, 143.773117065, 47.6785202026, 8.31227397919, -3.56361293793, -13.039937973], [76.9262771606, 1.9110558033, -4.22582530975, -36.7670059204, -16.1880550385, -1.44468545914, -9.30412960052, 19.4669971466, 47.6785202026, 73.7827301025, 28.8478050232, -8.65513038635, 3.38696146011], [-202.253341675, 11.7039871216, 12.8324956894, -27.1348514557, 20.171957016, -2.62099552155, 6.18218326569, 1.21295762062, 8.31227397919, 28.8478050232, 70.0889282227, 21.4164142609, 4.34030866623], [79.9862823486, -90.7857894897, 2.02798938751, 47.3812713623, -13.6746406555, -7.96328687668, 8.57509326935, -19.9714279175, -3.56361293793, -8.65513038635, 21.4164142609, 80.1513214111, 6.57792139053], [-614.604736328, 83.8512954712, 11.4636049271, -53.2411117554, 40.1181640625, 34.5282783508, -39.9799690247, 33.1894302368, -13.039937973, 3.38696146011, 4.34030866623, 6.57792139053, 94.3342285156]], "icov": [[7.7426135249e-05, -0.000141762662679, 0.000479773909319, -0.000421623582952, 0.00055867730407, -0.000379348348361, 0.000152535605594, 0.000208838799153, -0.000331398390699, 0.000152078006067, -0.000277299026493, 0.000153832748765, 0.000177382447873], [-0.000141762662679, 0.00126199203078, -0.000962298130617, 0.000794061808847, -0.00033645881922, -5.61740562262e-05, -6.60539008095e-05, 0.00030676802271, -0.000374737166567, 0.00113141501788, -0.000854892597999, 0.00161310215481, -0.00161810929421], [0.000479773909319, -0.000962298130617, 0.00591798173264, -0.00445030489936, 0.00430820835754, -0.00382690317929, 0.00142091745511, 0.000484483607579, -0.00218583806418, 0.0018093502149, -0.00401366548613, 0.00237340154126, 0.000402666628361], [-0.000421623582952, 0.000794061808847, -0.00445030489936, 0.00912670139223, -0.0094471052289, 0.00681883189827, -0.00222130818292, -0.00407949415967, 0.00932791549712, -0.00818386580795, 0.0110611366108, -0.00959237664938, 0.00599789293483], [0.00055867730407, -0.00033645881922, 0.00430820835754, -0.0094471052289, 0.0172189772129, -0.0110146515071, 0.00181937310845, 0.00645459396765, -0.0133806671947, 0.0141222933307, -0.016297807917, 0.013840444386, -0.00927939917892], [-0.000379348348361, -5.61740562262e-05, -0.00382690317929, 0.00681883189827, -0.0110146515071, 0.0146381091326, -0.00169067573734, -0.00625998014584, 0.0108957272023, -0.0100681213662, 0.0117057589814, -0.00953911058605, 0.00469845393673], [0.000152535605594, -6.60539008095e-05, 0.00142091745511, -0.00222130818292, 0.00181937310845, -0.00169067573734, 0.0073704784736, 0.00117886485532, -0.00451677571982, 0.00438413396478, -0.00385997211561, 0.00188317731954, 0.00144469970837], [0.000208838799153, 0.00030676802271, 0.000484483607579, -0.00407949415967, 0.00645459396765, -0.00625998014584, 0.00117886485532, 0.0104595385492, -0.0074403649196, 0.00515845650807, -0.00680397730321, 0.00806481670588, -0.00637040613219], [-0.000331398390699, -0.000374737166567, -0.00218583806418, 0.00932791549712, -0.0133806671947, 0.0108957272023, -0.00451677571982, -0.0074403649196, 0.0238981638104, -0.0210076700896, 0.0176221802831, -0.0148914102465, 0.0103953666985], [0.000152078006067, 0.00113141501788, 0.0018093502149, -0.00818386580795, 0.0141222933307, -0.0100681213662, 0.00438413396478, 0.00515845650807, -0.0210076700896, 0.0382869765162, -0.026652013883, 0.0194159280509, -0.0115373879671], [-0.000277299026493, -0.000854892597999, -0.00401366548613, 0.0110611366108, -0.016297807917, 0.0117057589814, -0.00385997211561, -0.00680397730321, 0.0176221802831, -0.026652013883, 0.0395754389465, -0.0237083733082, 0.0123133836314], [0.000153832748765, 0.00161310215481, 0.00237340154126, -0.00959237664938, 0.013840444386, -0.00953911058605, 0.00188317731954, 0.00806481670588, -0.0148914102465, 0.0194159280509, -0.0237083733082, 0.0319381840527, -0.0144594563171], [0.000177382447873, -0.00161810929421, 0.000402666628361, 0.00599789293483, -0.00927939917892, 0.00469845393673, 0.00144469970837, -0.00637040613219, 0.0103953666985, -0.0115373879671, 0.0123133836314, -0.0144594563171, 0.0239038597792]]}, "silence_rate_20dB": {"dvar": 0, "var": 0, "median": 1, "max": 1, "dmean": 0, "dmean2": 0, "mean": 1, "dvar2": 0, "min": 1}, "barkbands_skewness": {"dvar": 1.26066756248, "var": 6.33361721039, "median": 2.88599276543, "max": 20.2059803009, "dmean": 1.04472482204, "dmean2": 1.65884935856, "mean": 3.45850419998, "dvar2": 3.1468334198, "min": -3.15086960793}, "erbbands_skewness": {"dvar": 0.253409922123, "var": 1.01504206657, "median": 0.814167678356, "max": 6.67454338074, "dmean": 0.487396001816, "dmean2": 0.740471065044, "mean": 0.816350698471, "dvar2": 0.564063310623, "min": -4.19726753235}, "spectral_contrast_valleys": {"dvar": [0.121712177992, 0.144862234592, 0.142431557178, 0.172932893038, 0.216424435377, 0.302446693182], "var": [11.0822381973, 11.4501113892, 10.6634845734, 10.2285289764, 9.97486877441, 7.42365646362], "median": [-6.57984209061, -6.5116686821, -7.27193307877, -7.86752176285, -8.05672645569, -10.922621727], "max": [-4.9510602951, -4.53504419327, -5.3997836113, -5.9009604454, -5.5916428566, -8.90787982941], "dmean": [0.39529004693, 0.41103708744, 0.394089460373, 0.398268252611, 0.458915144205, 0.613443672657], "dmean2": [0.646801590919, 0.665442705154, 0.628314197063, 0.627715885639, 0.688172519207, 0.957657754421], "mean": [-7.23163843155, -7.25700807571, -7.95130729675, -8.53904151917, -8.70175457001, -11.4517354965], "dvar2": [0.266266196966, 0.332642942667, 0.323180258274, 0.417422503233, 0.524201452732, 0.799661040306], "min": [-28.6974697113, -28.0698318481, -28.2290859222, -27.798740387, -27.6782875061, -27.4154491425]}, "spectral_strongpeak": {"dvar": 29.1715126038, "var": 23.3755779266, "median": 0.317705243826, "max": 115.438278198, "dmean": 0.866910159588, "dmean2": 1.57043123245, "mean": 0.946781933308, "dvar2": 80.9779434204, "min": 0}, "erbbands_crest": {"dvar": 7.84691524506, "var": 20.8429870605, "median": 8.65744304657, "max": 32.9785423279, "dmean": 2.9986038208, "dmean2": 4.8780465126, "mean": 9.64874172211, "dvar2": 20.0462856293, "min": 2.3156080246}, "barkbands_crest": {"dvar": 5.83071374893, "var": 22.0087356567, "median": 11.078710556, "max": 25.5812530518, "dmean": 2.81269574165, "dmean2": 4.70328855515, "mean": 11.8674001694, "dvar2": 16.0910453796, "min": 2.99596238136}, "spectral_energyband_middle_low": {"dvar": 5.98597252974e-05, "var": 0.000245268718572, "median": 0.00850272644311, "max": 0.131096690893, "dmean": 0.00497881043702, "dmean2": 0.00780105404556, "mean": 0.0136415027082, "dvar2": 0.000143646379001, "min": 1.35546410004e-22}, "spectral_contrast_coeffs": {"dvar": [0.00173990579788, 0.00159457756672, 0.00103912618943, 0.000717643706594, 0.000618477351964, 0.00130001571961], "var": [0.00695063592866, 0.00724225584418, 0.00471198139712, 0.00378050492145, 0.00280152936466, 0.00705900462344], "median": [-0.674272418022, -0.767783284187, -0.813958883286, -0.825553834438, -0.840037345886, -0.736783802509], "max": [-0.336660146713, -0.454338431358, -0.523218870163, -0.555842936039, -0.59361833334, -0.353977560997], "dmean": [0.0522123426199, 0.0488765500486, 0.0397355109453, 0.0325432159007, 0.0274745635688, 0.0398393161595], "dmean2": [0.0878186002374, 0.0801800563931, 0.0646922066808, 0.0531911738217, 0.0439249873161, 0.0614620670676], "mean": [-0.677665054798, -0.763683021069, -0.81204867363, -0.829767942429, -0.846849143505, -0.744293928146], "dvar2": [0.00486119277775, 0.00416947482154, 0.00271178525873, 0.00188278406858, 0.0015289154835, 0.00307472073473], "min": [-0.978881061077, -0.982204675674, -0.980504751205, -0.986227333546, -0.974252820015, -0.965239346027]}, "hfc": {"dvar": 864.946044922, "var": 6693.91748047, "median": 64.1256484985, "max": 516.665710449, "dmean": 22.0414524078, "dmean2": 36.0390853882, "mean": 81.8219833374, "dvar2": 2426.52124023, "min": 1.07578981183e-16}, "spectral_energyband_high": {"dvar": 9.71334884525e-07, "var": 3.27052612192e-06, "median": 0.00020711000252, "max": 0.027171721682, "dmean": 0.000439025636297, "dmean2": 0.000585489149671, "mean": 0.000739000097383, "dvar2": 1.68123108324e-06, "min": 6.58076703352e-21}, "erbbands_spread": {"dvar": 152.01751709, "var": 493.013397217, "median": 33.5323257446, "max": 155.866638184, "dmean": 11.067738533, "dmean2": 16.714006424, "mean": 37.7550773621, "dvar2": 328.340393066, "min": 1.55429160595}, "dissonance": {"dvar": 0.000656136428006, "var": 0.00144318467937, "median": 0.459008604288, "max": 0.500000238419, "dmean": 0.0259362962097, "dmean2": 0.0427553169429, "mean": 0.450262725353, "dvar2": 0.0017372877337, "min": 0.217933163047}, "spectral_kurtosis": {"dvar": 43.274269104, "var": 65.4433364868, "median": 9.49614810944, "max": 113.685722351, "dmean": 4.09408807755, "dmean2": 6.32772779465, "mean": 11.334025383, "dvar2": 116.605613708, "min": -1.28693675995}, "spectral_skewness": {"dvar": 0.255610346794, "var": 0.789923548698, "median": 2.32681465149, "max": 8.46423530579, "dmean": 0.426936000586, "dmean2": 0.630400121212, "mean": 2.37629580498, "dvar2": 0.64682996273, "min": -0.113637663424}, "pitch_salience": {"dvar": 0.00646156538278, "var": 0.0197952240705, "median": 0.515104174614, "max": 0.900354504585, "dmean": 0.091719314456, "dmean2": 0.15270806849, "mean": 0.498583525419, "dvar2": 0.0184521805495, "min": 0.0650438517332}, "spectral_complexity": {"dvar": 7.98159122467, "var": 76.5307693481, "median": 12, "max": 49, "dmean": 2.40822792053, "dmean2": 3.72866344452, "mean": 12.1407022476, "dvar2": 16.753036499, "min": 0}, "spectral_spread": {"dvar": 646968967168, "var": 32806228983800.0, "median": 4658439, "max": 45941104, "dmean": 728511.4375, "dmean2": 1075058.25, "mean": 5594554.5, "dvar2": 1426141478910.0, "min": 1164297.25}, "dynamic_complexity": 4.62390375137, "melbands_crest": {"dvar": 13.3176498413, "var": 39.2582778931, "median": 17.3697948456, "max": 37.2719535828, "dmean": 4.09330129623, "dmean2": 6.91063070297, "mean": 17.4480438232, "dvar2": 37.9617500305, "min": 1.46868395805}, "zerocrossingrate": {"dvar": 0.000819938955829, "var": 0.0109409587458, "median": 0.1474609375, "max": 0.82080078125, "dmean": 0.0279279872775, "dmean2": 0.0368730910122, "mean": 0.157688423991, "dvar2": 0.0012232309673, "min": 0.00244140625}, "spectral_energyband_low": {"dvar": 0.000595360237639, "var": 0.000755145330913, "median": 0.0160937458277, "max": 0.311796277761, "dmean": 0.0141343036667, "dmean2": 0.0236257296056, "mean": 0.02336265333, "dvar2": 0.00154523190577, "min": 1.39436008604e-23}, "melbands_kurtosis": {"dvar": 1164.54296875, "var": 2870.53027344, "median": 18.7757301331, "max": 668.457397461, "dmean": 21.0096130371, "dmean2": 34.4632797241, "mean": 40.8451118469, "dvar2": 3089.5703125, "min": -1.7027490139}, "spectral_energyband_middle_high": {"dvar": 4.10908614867e-06, "var": 1.79568942258e-05, "median": 0.00127176847309, "max": 0.0675552859902, "dmean": 0.00107363413554, "dmean2": 0.00163429963868, "mean": 0.00288081984036, "dvar2": 9.80130880635e-06, "min": 1.06117225658e-21}, "barkbands_spread": {"dvar": 88.7311172485, "var": 242.650299072, "median": 11.3743915558, "max": 120.273300171, "dmean": 6.08460140228, "dmean2": 9.39159965515, "mean": 15.3748617172, "dvar2": 183.069107056, "min": 0.161463454366}, "mfcc": {"mean": [-711.924560547, 150.958908081, 23.2271499634, 33.068813324, -4.32211112976, 26.8181056976, 1.93097651005, 8.49603176117, -2.37010502815, 9.94086170197, -1.00330889225, 6.26531457901, 0.586429059505], "cov": [[15313.7773438, 1248.69519043, -994.047180176, 3.36349439621, -1008.28607178, 299.081634521, -748.120910645, -47.8173713684, -419.46005249, 476.482025146, -259.022369385, 246.491638184, -121.263954163], [1248.69519043, 1783.13525391, 98.2180023193, -240.993270874, 62.3857078552, 35.9081077576, 1.90379536152, -69.1136932373, 69.6294403076, 24.3592128754, 73.2477722168, -46.5966110229, 81.1981887817], [-994.047180176, 98.2180023193, 507.903594971, 153.851654053, 115.713821411, -1.58561229706, 105.40423584, 36.7170333862, 17.0212287903, -34.6084747314, 23.979637146, 0.775557219982, -10.2961473465], [3.36349439621, -240.993270874, 153.851654053, 475.673370361, 23.5833911896, 88.0401077271, 51.9617919922, 77.8237838745, -29.998550415, -10.5802974701, -14.6898736954, 37.0800590515, -30.6615276337], [-1008.28607178, 62.3857078552, 115.713821411, 23.5833911896, 318.594268799, 22.4840812683, 93.9346618652, 10.3610029221, 63.4232940674, -54.1105728149, 31.4613265991, -21.1762084961, 25.6238422394], [299.081634521, 35.9081077576, -1.58561229706, 88.0401077271, 22.4840812683, 173.623046875, 30.2414779663, 29.9695968628, -23.7120113373, 2.64600563049, -28.5874271393, 22.4786949158, 0.977029561996], [-748.120910645, 1.90379536152, 105.40423584, 51.9617919922, 93.9346618652, 30.2414779663, 173.04510498, 40.2374382019, 31.7988586426, -39.9157905579, 12.8667135239, -11.2710504532, 10.1673135757], [-47.8173713684, -69.1136932373, 36.7170333862, 77.8237838745, 10.3610029221, 29.9695968628, 40.2374382019, 114.403511047, 19.4307250977, 2.28043985367, -1.54006755352, 9.25005149841, -3.7192966938], [-419.46005249, 69.6294403076, 17.0212287903, -29.998550415, 63.4232940674, -23.7120113373, 31.7988586426, 19.4307250977, 123.857261658, 10.1630630493, 36.8495521545, -17.3184700012, 11.4111967087], [476.482025146, 24.3592128754, -34.6084747314, -10.5802974701, -54.1105728149, 2.64600563049, -39.9157905579, 2.28043985367, 10.1630630493, 123.644096375, 15.1939640045, 33.6955833435, -8.47040748596], [-259.022369385, 73.2477722168, 23.979637146, -14.6898736954, 31.4613265991, -28.5874271393, 12.8667135239, -1.54006755352, 36.8495521545, 15.1939640045, 94.8016891479, 12.0620117188, 20.5729846954], [246.491638184, -46.5966110229, 0.775557219982, 37.0800590515, -21.1762084961, 22.4786949158, -11.2710504532, 9.25005149841, -17.3184700012, 33.6955833435, 12.0620117188, 83.9083709717, 12.8937358856], [-121.263954163, 81.1981887817, -10.2961473465, -30.6615276337, 25.6238422394, 0.977029561996, 10.1673135757, -3.7192966938, 11.4111967087, -8.47040748596, 20.5729846954, 12.8937358856, 73.5089569092]], "icov": [[0.000151474654558, -0.000179006339749, 0.000226471078349, -0.000113656446047, 0.000195691362023, -0.000107418600237, 0.00034640985541, -0.000157983493409, 0.000256790575804, -0.00025741229183, 0.000259434484178, -0.000267960887868, 0.000214099738514], [-0.000179006339749, 0.000947941676714, -0.000613914511632, 0.000528015894815, -0.000150919149746, -0.000509417615831, -0.00