{"tonal": {"hpcp": {"dvar": [0.0450234599411, 0.0370468311012, 0.0482630468905, 0.0437203384936, 0.0303383395076, 0.026474263519, 0.0314046666026, 0.0283056348562, 0.0256241541356, 0.0251109711826, 0.0331152528524, 0.0364668406546, 0.0429877825081, 0.0357107594609, 0.0298341009766, 0.0292288400233, 0.0265032835305, 0.0197782684118, 0.0144183477387, 0.0142125980929, 0.0218227338046, 0.0355986282229, 0.024642765522, 0.0280514489859, 0.019979801029, 0.0148490741849, 0.0203148089349, 0.0256358832121, 0.0176705159247, 0.0210139304399, 0.0309772491455, 0.0329996459186, 0.0320046171546, 0.0327367149293, 0.039012953639, 0.0411102585495], "var": [0.143412709236, 0.0397398397326, 0.0345781631768, 0.0319250188768, 0.02201766707, 0.0401592366397, 0.0722997188568, 0.0361178144813, 0.0194672700018, 0.0187202785164, 0.0293034985662, 0.0584930032492, 0.0932932943106, 0.0487327426672, 0.0494168698788, 0.102047882974, 0.0523571819067, 0.0169921871275, 0.0151618886739, 0.0119008589536, 0.0411929115653, 0.106150940061, 0.0524323880672, 0.0387723632157, 0.0207397956401, 0.0116273695603, 0.0433970466256, 0.0726917609572, 0.0264421608299, 0.0189204607159, 0.0292709246278, 0.0265172421932, 0.0348782017827, 0.0444934926927, 0.0394784398377, 0.101095676422], "median": [0.369644016027, 0.142594650388, 0.0090801268816, 0.00719152763486, 0.00561162969097, 0.0435430407524, 0.075155697763, 0.047998610884, 0.0116628389806, 0.00622902344912, 0.00775818573311, 0.079730078578, 0.135400772095, 0.0799389630556, 0.0289160013199, 0.0237756092101, 0.0149372350425, 0.0164368469268, 0.0133377350867, 0.0109650725499, 0.0805451869965, 0.150846302509, 0.105487778783, 0.0270465277135, 0.0129531072453, 0.00902810506523, 0.0461737550795, 0.0653478503227, 0.0306139178574, 0.00440987478942, 0.00305325444788, 0.00646912213415, 0.0250907503068, 0.0369095727801, 0.0664507895708, 0.301805734634], "max": [1, 1, 1, 1, 1, 1, 1, 1, 1, 1, 1, 1, 1, 1, 1, 1, 1, 1, 1, 1, 1, 1, 1, 1, 1, 1, 1, 1, 1, 1, 1, 1, 1, 1, 1, 1], "dmean": [0.157513305545, 0.133705094457, 0.0994595885277, 0.0860083922744, 0.0727488100529, 0.0854866951704, 0.101473599672, 0.0905845537782, 0.0650554224849, 0.0613082610071, 0.0790237784386, 0.118454828858, 0.141337841749, 0.119981825352, 0.0906937196851, 0.0835308805108, 0.0770783051848, 0.0567781589925, 0.04516113922, 0.0450187623501, 0.0896505713463, 0.123483076692, 0.103101894259, 0.0856135264039, 0.0656456202269, 0.0478942990303, 0.0803704410791, 0.0891888439655, 0.0666745603085, 0.0582119040191, 0.0735207349062, 0.0811563655734, 0.0895249992609, 0.100390382111, 0.129083812237, 0.16944912076], "dmean2": [0.263500928879, 0.238045200706, 0.185657143593, 0.160455182195, 0.134408578277, 0.146412611008, 0.169180110097, 0.154747009277, 0.117830008268, 0.111756756902, 0.139596298337, 0.203697428107, 0.237083166838, 0.200708016753, 0.155020728707, 0.141195908189, 0.132714912295, 0.101702451706, 0.0807028338313, 0.0797436088324, 0.148324012756, 0.200366184115, 0.169115975499, 0.148064345121, 0.116079978645, 0.0872338265181, 0.134205728769, 0.146564215422, 0.114742591977, 0.105536736548, 0.134886488318, 0.148403689265, 0.160078719258, 0.175372108817, 0.228012159467, 0.290844112635], "mean": [0.470607280731, 0.200506493449, 0.0722712129354, 0.0635542273521, 0.0540703609586, 0.12696005404, 0.193336993456, 0.125143408775, 0.0553374402225, 0.0480122156441, 0.0665930211544, 0.182925850153, 0.269159317017, 0.171075180173, 0.134213328362, 0.189271464944, 0.123828276992, 0.0568583644927, 0.0519709959626, 0.043909419328, 0.164873316884, 0.294050574303, 0.201718166471, 0.10167888552, 0.0667974129319, 0.0425181426108, 0.136391341686, 0.183239847422, 0.0939664393663, 0.0508457161486, 0.0634678378701, 0.0656756684184, 0.0984484255314, 0.125264450908, 0.142695069313, 0.388256877661], "dvar2": [0.107283607125, 0.105133362114, 0.133332073689, 0.119939997792, 0.0850551277399, 0.0714813247323, 0.0774005278945, 0.0772868916392, 0.0708337798715, 0.067880384624, 0.0868432894349, 0.0977003723383, 0.108280815184, 0.0884988382459, 0.0799009874463, 0.0733740925789, 0.0687160640955, 0.0554454736412, 0.0402659066021, 0.0405016802251, 0.0564278922975, 0.0838943123817, 0.0604929067194, 0.0725540071726, 0.0551487579942, 0.0415876358747, 0.0513260923326, 0.0604191236198, 0.0485230647027, 0.0592156238854, 0.0859489142895, 0.0910378247499, 0.0873725786805, 0.0883530601859, 0.106594763696, 0.110193543136], "min": [0, 0, 0, 0, 0, 0, 0, 0, 0, 0, 0, 0, 0, 0, 0, 0, 0, 0, 0, 0, 0, 0, 0, 0, 0, 0, 0, 0, 0, 0, 0, 0, 0, 0, 0, 0]}, "key_key": "A", "thpcp": [1, 0.426059067249, 0.153570115566, 0.135047271848, 0.114894866943, 0.269779205322, 0.410824477673, 0.265918970108, 0.117587298155, 0.102021828294, 0.141504436731, 0.388701707125, 0.571940422058, 0.363520056009, 0.285191774368, 0.402185589075, 0.26312443614, 0.1208191365, 0.110433898866, 0.0933037400246, 0.350341618061, 0.62483215332, 0.428633749485, 0.216058880091, 0.141938760877, 0.0903473943472, 0.289819866419, 0.389368921518, 0.199670597911, 0.108042776585, 0.134863704443, 0.13955514133, 0.209194436669, 0.266176193953, 0.303214758635, 0.825012505054], "chords_key": "A", "tuning_equal_tempered_deviation": 0.0504119731486, "tuning_frequency": 441.017791748, "tuning_diatonic_strength": 0.571030437946, "chords_histogram": [46.7642745972, 7.77452421188, 5.82723283768, 0.263543188572, 0, 0, 0.0292825773358, 0, 0.0146412886679, 0, 0.131771594286, 0, 0, 0, 0, 0.453879952431, 0, 1.46412885189, 0, 0, 0.175695464015, 3.06002926826, 19.8975105286, 14.1434850693], "key_strength": 0.832806706429, "key_scale": "major", "chords_strength": {"dvar": 0.000333700096235, "var": 0.0256432108581, "median": 0.526078820229, "max": 0.738137423992, "dmean": 0.00740497559309, "dmean2": 0.00699606072158, "mean": 0.509054422379, "dvar2": 0.000574041099753, "min": -1}, "chords_number_rate": 0.00102489022538, "tuning_nontempered_energy_ratio": 0.63860476017, "hpcp_entropy": {"dvar": 0.208895117044, "var": 0.469625890255, "median": 1.97696256638, "max": 4.58231306076, "dmean": 0.515153229237, "dmean2": 0.857250392437, "mean": 1.91408228874, "dvar2": 0.570868492126, "min": 0}, "chords_changes_rate": 0.030014641583, "chords_scale": "major"}, "rhythm": {"bpm_histogram_first_peak_spread": {"dvar": 0, "var": 0, "median": 0.0520607233047, "max": 0.0520607233047, "dmean": 0, "dmean2": 0, "mean": 0.0520607233047, "dvar2": 0, "min": 0.0520607233047}, "bpm_histogram_first_peak_weight": {"dvar": 0, "var": 0, "median": 0.875751495361, "max": 0.875751495361, "dmean": 0, "dmean2": 0, "mean": 0.875751495361, "dvar2": 0, "min": 0.875751495361}, "bpm_histogram_first_peak_bpm": {"dvar": 0, "var": 0, "median": 92, "max": 92, "dmean": 0, "dmean2": 0, "mean": 92, "dvar2": 0, "min": 92}, "bpm": 92.0463180542, "bpm_histogram_second_peak_weight": {"dvar": 0, "var": 0, "median": 0.0260521043092, "max": 0.0260521043092, "dmean": 0, "dmean2": 0, "mean": 0.0260521043092, "dvar2": 0, "min": 0.0260521043092}, "beats_loudness": {"dvar": 0.000102923215309, "var": 0.000365980464267, "median": 0.0295217763633, "max": 0.105401962996, "dmean": 0.0103570157662, "dmean2": 0.0175048019737, "mean": 0.0320821739733, "dvar2": 0.000278264429653, "min": 3.53030049638e-10}, "beats_loudness_band_ratio": {"dvar": [0.0489861853421, 0.0348963849247, 0.011567520909, 0.00568015268072, 0.00151509116404, 0.00220796442591], "var": [0.0518218502402, 0.0460373647511, 0.0172190833837, 0.00558356288821, 0.00202946737409, 0.00254181935452], "median": [0.351341336966, 0.292554020882, 0.11685846746, 0.0382721498609, 0.0451397150755, 0.0171837285161], "max": [0.986399531364, 0.902690827847, 0.6255402565, 0.515191793442, 0.290088444948, 0.473691880703], "dmean": [0.314981043339, 0.263235151768, 0.113720729947, 0.0558415800333, 0.0421595685184, 0.0376022532582], "dmean2": [0.611504912376, 0.506341636181, 0.202662333846, 0.100105442107, 0.0789038687944, 0.0727220848203], "mean": [0.390504062176, 0.335470229387, 0.159818157554, 0.0612407587469, 0.0554918535054, 0.0299499295652], "dvar2": [0.180503830314, 0.119535498321, 0.0326129943132, 0.0158403795213, 0.00457885861397, 0.00660741934553], "min": [0.0258895680308, 0.00244337506592, 0.000590252690017, 3.85819366784e-05, 6.58817662043e-05, 2.67207669822e-05]}, "bpm_histogram_second_peak_bpm": {"dvar": 0, "var": 0, "median": 178, "max": 178, "dmean": 0, "dmean2": 0, "mean": 178, "dvar2": 0, "min": 178}, "onset_rate": 2.79373502731, "beats_count": 500, "beats_position": [0.708208620548, 1.39319729805, 2.06657600403, 2.72834467888, 3.3785033226, 4.04027223587, 4.69043064117, 5.34058952332, 5.99074840546, 6.64090681076, 7.2910656929, 7.94122457504, 8.59138298035, 9.24154186249, 9.89170074463, 10.5418596268, 11.1920175552, 11.8305664062, 12.4923353195, 13.1424942017, 13.7926530838, 14.4428119659, 15.0929698944, 15.7431287766, 16.4048976898, 17.0666656494, 17.7168254852, 18.3669834137, 19.0171432495, 19.667301178, 20.3174591064, 20.9676189423, 21.6177768707, 22.2679367065, 22.918094635, 23.5682544708, 24.2184123993, 24.8569602966, 25.5187301636, 26.168888092, 26.8190479279, 27.4692058563, 28.1309738159, 28.7927436829, 29.4429016113, 30.0930614471, 30.7432193756, 31.3933773041, 32.0435371399, 32.6936950684, 33.3438529968, 33.99401474, 34.6441726685, 35.2943305969, 35.9561004639, 36.6178665161, 37.2680282593, 37.9181861877, 38.5683441162, 39.2068939209, 39.8454399109, 40.4956016541, 41.1457595825, 41.8075294495, 42.4692955017, 43.1194534302, 43.7696151733, 44.4197731018, 45.0699310303, 45.7317008972, 46.3818588257, 47.0436286926, 47.6937866211, 48.3439445496, 48.994102478, 49.6442604065, 50.2944221497, 50.9445800781, 51.5947380066, 52.2448959351, 52.8950538635, 53.5452156067, 54.1953735352, 54.8339233398, 55.4956893921, 56.1458511353, 56.8076171875, 57.4693870544, 58.1195449829, 58.7697029114, 59.4198646545, 60.0584106445, 60.6969604492, 61.3587303162, 62.0204963684, 62.6706581116, 63.32081604, 63.9709739685, 64.621131897, 65.2712936401, 65.9214477539, 66.5716094971, 67.2333755493, 67.895149231, 68.5453033447, 69.1954650879, 69.8456192017, 70.4957809448, 71.145942688, 71.7960968018, 72.4462585449, 73.0964126587, 73.7465744019, 74.396736145, 75.0468902588, 75.697052002, 76.3472061157, 76.9973678589, 77.6475296021, 78.2976837158, 78.947845459, 79.5979995728, 80.2597732544, 80.9215393066, 81.5717010498, 82.2218551636, 82.8720169067, 83.5221786499, 84.1723327637, 84.8224945068, 85.4726486206, 86.1228103638, 86.7729721069, 87.4231262207, 88.0848999023, 88.7466659546, 89.3968200684, 90.0469818115, 90.6971435547, 91.3472976685, 91.9974594116, 92.6476211548, 93.2977752686, 93.9479370117, 94.5980911255, 95.2482528687, 95.8984146118, 96.5485687256, 97.1987304688, 97.8488845825, 98.4990463257, 99.1608123779, 99.8225860596, 100.472740173, 101.122901917, 101.77305603, 102.423217773, 103.061767578, 103.700317383, 104.362083435, 105.023849487, 105.67401123, 106.324172974, 106.985939026, 107.647705078, 108.297866821, 108.948028564, 109.58657074, 110.236732483, 110.886894226, 111.548660278, 112.198822021, 112.848976135, 113.499137878, 114.149291992, 114.799453735, 115.449615479, 116.099769592, 116.749931335, 117.400085449, 118.061859131, 118.723625183, 119.373786926, 120.012336731, 120.674102783, 121.324264526, 121.97441864, 122.624580383, 123.274734497, 123.92489624, 124.575057983, 125.236824036, 125.898590088, 126.548751831, 127.198905945, 127.849067688, 128.499221802, 129.149383545, 129.799545288, 130.449707031, 131.099868774, 131.73840332, 132.400177002, 133.050338745, 133.700500488, 134.350662231, 135.012420654, 135.662582397, 136.324356079, 136.974502563, 137.624664307, 138.27482605, 138.924987793, 139.575149536, 140.225296021, 140.875457764, 141.525619507, 142.17578125, 142.825942993, 143.476104736, 144.126251221, 144.776412964, 145.438186646, 146.088348389, 146.750106812, 147.400268555, 148.050430298, 148.688980103, 149.339141846, 149.97769165, 150.627838135, 151.277999878, 151.93977356, 152.589935303, 153.251693726, 153.901855469, 154.552017212, 155.202178955, 155.852325439, 156.502487183, 157.152648926, 157.802810669, 158.464584351, 159.126342773, 159.776504517, 160.42666626, 161.076828003, 161.726974487, 162.37713623, 163.027297974, 163.677459717, 164.32762146, 164.977767944, 165.627929688, 166.289703369, 166.939865112, 167.601623535, 168.251785278, 168.901947021, 169.552108765, 170.202270508, 170.852416992, 171.502578735, 172.152740479, 172.802902222, 173.453063965, 174.103210449, 174.753372192, 175.403533936, 176.053695679, 176.703857422, 177.365615845, 178.027389526, 178.67755127, 179.327713013, 179.977859497, 180.62802124, 181.278182983, 181.928344727, 182.57850647, 183.240264893, 183.902038574, 184.552200317, 185.202362061, 185.852508545, 186.502670288, 187.152832031, 187.802993774, 188.453155518, 189.103302002, 189.753463745, 190.403625488, 191.053787231, 191.703948975, 192.354095459, 193.004257202, 193.654418945, 194.304580688, 194.954742432, 195.604888916, 196.266662598, 196.928436279, 197.578598022, 198.228744507, 198.87890625, 199.529067993, 200.179229736, 200.829391479, 201.479537964, 202.129699707, 202.77986145, 203.430023193, 204.091781616, 204.753555298, 205.403717041, 206.053878784, 206.704025269, 207.354187012, 208.004348755, 208.654510498, 209.304672241, 209.954818726, 210.604980469, 211.255142212, 211.905303955, 212.555465698, 213.217224121, 213.867385864, 214.529159546, 215.179321289, 215.829467773, 216.479629517, 217.12979126, 217.779953003, 218.430114746, 219.08026123, 219.730422974, 220.380584717, 221.03074646, 221.680908203, 222.331054688, 222.981216431, 223.631378174, 224.281539917, 224.943313599, 225.593460083, 226.232009888, 226.893783569, 227.555557251, 228.205703735, 228.855865479, 229.506027222, 230.156188965, 230.806350708, 231.456497192, 232.106658936, 232.756820679, 233.406982422, 234.057144165, 234.718902588, 235.38067627, 236.030838013, 236.680999756, 237.319549561, 237.958084106, 238.619857788, 239.28163147, 239.931793213, 240.593551636, 241.23210144, 241.882263184, 242.532424927, 243.18258667, 243.832733154, 244.482894897, 245.133056641, 245.806442261, 246.456588745, 247.106750488, 247.756912231, 248.407073975, 249.057235718, 249.707382202, 250.357543945, 251.007705688, 251.657867432, 252.308029175, 252.958175659, 253.608337402, 254.258499146, 254.920272827, 255.570419312, 256.220581055, 256.882354736, 257.532501221, 258.182678223, 258.832824707, 259.483001709, 260.133148193, 260.783294678, 261.43347168, 262.083618164, 262.733795166, 263.38394165, 264.034088135, 264.684265137, 265.334411621, 265.961364746, 266.634735107, 267.296508789, 267.958282471, 268.608428955, 269.258575439, 269.908752441, 270.558898926, 271.209075928, 271.859222412, 272.509368896, 273.159545898, 273.809692383, 274.459869385, 275.110015869, 275.760162354, 276.421936035, 277.083709717, 277.733886719, 278.384033203, 279.045806885, 279.695953369, 280.346130371, 281.007873535, 281.658050537, 282.319824219, 282.969970703, 283.620117188, 284.270294189, 284.920440674, 285.558990479, 286.20916748, 286.859313965, 287.509460449, 288.159637451, 288.809783936, 289.459960938, 290.121704102, 290.771881104, 291.433654785, 292.08380127, 292.733947754, 293.384124756, 294.03427124, 294.684448242, 295.334594727, 295.984771729, 296.634918213, 297.285064697, 297.935241699, 298.585388184, 299.247161865, 299.908935547, 300.570709229, 301.232452393, 301.778137207, 302.323791504, 302.857849121, 303.287445068, 303.717010498, 304.146575928, 304.576141357, 304.98248291, 305.377227783, 305.783569336, 306.131866455, 306.480163574, 306.828460693, 307.17678833, 307.525085449, 307.861755371, 308.198455811, 308.53515625, 308.871826172, 309.208526611, 309.545196533, 309.881896973, 310.218597412, 310.555267334, 310.891967773, 311.228668213, 311.565338135, 311.902038574, 312.308380127, 312.71472168, 313.12109375, 313.585479736, 314.049865723, 314.514282227, 314.978668213, 315.443084717, 315.907470703, 316.371887207], "danceability": 0.962133586407, "bpm_histogram_second_peak_spread": {"dvar": 0, "var": 0, "median": 0, "max": 0, "dmean": 0, "dmean2": 0, "mean": 0, "dvar2": 0, "min": 0}}, "lowlevel": {"spectral_flux": {"dvar": 0.000706577207893, "var": 0.00196465826593, "median": 0.0563908442855, "max": 0.302006959915, "dmean": 0.0199423562735, "dmean2": 0.0317009985447, "mean": 0.0657202377915, "dvar2": 0.00147032295354, "min": 6.71000498187e-06}, "spectral_rolloff": {"dvar": 553995.875, "var": 3253095.75, "median": 667.529296875, "max": 16989.6972656, "dmean": 316.6484375, "dmean2": 523.645080566, "mean": 1198.28088379, "dvar2": 1166578.125, "min": 64.599609375}, "barkbands_flatness_db": {"dvar": 0.000264616828645, "var": 0.00324295694008, "median": 0.152608573437, "max": 0.448370993137, "dmean": 0.0153805725276, "dmean2": 0.023245640099, "mean": 0.157179504633, "dvar2": 0.000563488341868, "min": 0.0280701853335}, "spectral_centroid": {"dvar": 54180.9804688, "var": 435237.03125, "median": 850.733093262, "max": 11009.7167969, "dmean": 158.181121826, "dmean2": 238.603561401, "mean": 1025.73217773, "dvar2": 99330.015625, "min": 195.457260132}, "melbands_skewness": {"dvar": 0.431184202433, "var": 2.35047221184, "median": 2.32962846756, "max": 18.5942020416, "dmean": 0.502419173717, "dmean2": 0.78878390789, "mean": 2.47781348228, "dvar2": 0.929702281952, "min": -1.0771458149}, "melbands": {"dvar": [8.17031832412e-07, 4.02718069381e-06, 8.95145490176e-07, 2.68731605502e-06, 4.60495300558e-07, 1.87754821468e-07, 6.96657025401e-08, 1.8309263794e-07, 2.0085779795e-07, 4.33698126301e-08, 2.45007925059e-08, 1.83953119404e-08, 4.68649119512e-09, 2.94679436408e-09, 8.84824713498e-10, 1.23880739e-09, 8.29420532256e-10, 1.42388967284e-09, 7.34677985115e-10, 7.51460393911e-10, 5.85422710309e-10, 2.18473725222e-10, 4.4844866709e-10, 2.00924596405e-10, 2.28664136237e-11, 3.38013818324e-11, 5.18901380198e-11, 2.80761473098e-11, 6.67581753766e-11, 1.80278986184e-10, 3.60475017891e-11, 7.3212590504e-12, 3.05827563794e-12, 7.78849380823e-12, 1.16908626877e-11, 8.61336869884e-12, 4.43550795051e-12, 3.20819195862e-12, 3.12693707732e-12, 1.75798199782e-12], "var": [1.32609250159e-06, 3.91977755498e-06, 9.13201574804e-07, 2.49802155849e-06, 1.33978574013e-06, 5.09011670147e-07, 2.38442254386e-07, 7.81833932706e-07, 6.40168195787e-07, 2.35132318949e-07, 1.26142779777e-07, 7.08916090275e-08, 2.62914809923e-08, 1.54409001141e-08, 2.46589171304e-09, 3.9244056893e-09, 2.14983275626e-09, 4.44619052686e-09, 2.0953887514e-09, 1.98293514941e-09, 1.73516756519e-09, 5.40531952531e-10, 1.20244925128e-09, 4.97752228323e-10, 5.05803871009e-11, 7.90489132485e-11, 1.26085752949e-10, 8.10825850905e-11, 1.34964803222e-10, 3.28954835593e-10, 7.74575889539e-11, 1.85106339978e-11, 9.26595519063e-12, 2.47770016309e-11, 3.93202970184e-11, 3.0188442024e-11, 1.75720323708e-11, 1.08618955844e-11, 1.02718658232e-11, 6.19685726344e-12], "median": [0.000369358080206, 0.00150214834139, 0.000472412561066, 0.000389542750781, 0.000478970207041, 0.0003598491312, 0.000160419382155, 0.000187414698303, 0.000133280293085, 3.53107643605e-05, 3.96045579691e-05, 4.16723778471e-05, 2.24615250772e-05, 1.35577820402e-05, 1.12716606964e-05, 7.83799259807e-06, 1.10654855234e-05, 1.55679954332e-05, 1.07658652269e-05, 1.47593318616e-05, 1.15278016892e-05, 9.18938530958e-06, 9.14576230571e-06, 5.63652702112e-06, 2.38447842094e-06, 1.65672202002e-06, 1.32055629365e-06, 8.49145010307e-07, 6.48583977636e-07, 3.70111507664e-07, 2.53443971587e-07, 1.28968281388e-07, 1.32429789801e-07, 2.32376251574e-07, 1.08960257705e-07, 5.99375837851e-08, 1.01342038761e-07, 9.53980787699e-08, 6.4110032838e-08, 4.75563481928e-08], "max": [0.0105981286615, 0.0276819821447, 0.0139903202653, 0.0255487151444, 0.0138052478433, 0.0114622591063, 0.00698681734502, 0.0144740836695, 0.0127345751971, 0.00880932528526, 0.00518618803471, 0.00421797530726, 0.00403566146269, 0.00293686310761, 0.00130292552058, 0.00133191642817, 0.000989533960819, 0.00111470953561, 0.00102386833169, 0.000764607568271, 0.000819911365397, 0.000304656481603, 0.000549213786144, 0.000421059405198, 0.000157170594321, 0.000282768829493, 0.000341564795235, 0.000206585697015, 0.000240132227191, 0.000743007287383, 0.000318297446938, 9.99688636512e-05, 8.69781069923e-05, 0.000132735745865, 0.000133029898279, 0.000119731026643, 0.000100281737105, 8.7185188022e-05, 8.15952735138e-05, 6.74815237289e-05], "dmean": [0.000402055244194, 0.00089906854555, 0.000455129396869, 0.000607306952588, 0.000388236076105, 0.000216207976337, 0.00014083647693, 0.000199345246074, 0.000197442190256, 6.15875396761e-05, 5.92935684836e-05, 5.71634991502e-05, 2.57228493865e-05, 2.17933575186e-05, 1.23462305055e-05, 1.17020308608e-05, 1.26817967612e-05, 1.90147748071e-05, 1.17428799058e-05, 1.36483331517e-05, 1.17645768114e-05, 8.08741697256e-06, 1.00296347227e-05, 6.34230582364e-06, 2.10533335121e-06, 1.9961325961e-06, 2.17438855543e-06, 1.67745452018e-06, 1.99692681235e-06, 1.97669919544e-06, 1.02252215584e-06, 5.45474620139e-07, 4.40307985627e-07, 6.86949533701e-07, 7.0277303621e-07, 5.59234024422e-07, 4.70238944672e-07, 4.07282499282e-07, 3.41783731983e-07, 2.66824486062e-07], "dmean2": [0.000644173182081, 0.00156013120431, 0.000809551682323, 0.00102371710818, 0.000611406576354, 0.000321952131344, 0.000206724827876, 0.000294904428301, 0.000296132493531, 8.50001451909e-05, 8.61663575051e-05, 8.4209634224e-05, 3.66720414604e-05, 3.26058361679e-05, 1.89022921404e-05, 1.77934689418e-05, 2.01351213036e-05, 3.07477057504e-05, 1.79257986019e-05, 2.17276538024e-05, 1.90142400243e-05, 1.27847679323e-05, 1.58315997396e-05, 1.01588811958e-05, 3.31530350195e-06, 3.12265115099e-06, 3.28487431034e-06, 2.52637892117e-06, 3.04807599605e-06, 2.95182735499e-06, 1.51657627612e-06, 7.87234000654e-07, 6.31666068784e-07, 1.00253248547e-06, 1.00522584034e-06, 7.91641014075e-07, 6.73491683756e-07, 5.87122940487e-07, 4.89214016852e-07, 3.87341032138e-07], "mean": [0.000860424304847, 0.00183585751802, 0.000746313249692, 0.000874985475093, 0.000870500225574, 0.000566993025132, 0.000337129429681, 0.000487137818709, 0.000419316318585, 0.000152053282363, 0.000151592554175, 0.000125906983158, 5.88978691667e-05, 4.67401077913e-05, 2.39273431362e-05, 2.33893406403e-05, 2.35728784901e-05, 3.54666372004e-05, 2.39743239945e-05, 2.83343561023e-05, 2.33095761359e-05, 1.75487821252e-05, 2.09500085475e-05, 1.28222436615e-05, 4.63965534436e-06, 4.24960080636e-06, 4.62843900095e-06, 3.45677358382e-06, 3.59021169061e-06, 3.13673717756e-06, 1.70222347151e-06, 9.83596919468e-07, 8.52767698234e-07, 1.33224023102e-06, 1.28850422243e-06, 1.0360631677e-06, 9.01147757304e-07, 8.17711168111e-07, 6.38326184799e-07, 4.99452482927e-07], "dvar2": [2.27079635806e-06, 1.1722765521e-05, 2.61632135334e-06, 7.23758785171e-06, 1.12518580409e-06, 4.71107881594e-07, 1.64682475656e-07, 4.13495484963e-07, 4.70560166832e-07, 7.88027136878e-08, 5.301301087e-08, 4.12345322331e-08, 8.00886645891e-09, 6.14215478478e-09, 1.86692306059e-09, 2.55785104208e-09, 1.85034931821e-09, 3.43277695158e-09, 1.54898183169e-09, 1.7758888804e-09, 1.36177846777e-09, 5.59074231354e-10, 1.12374265449e-09, 5.16509168769e-10, 5.51838470753e-11, 7.89108361987e-11, 1.17210227635e-10, 5.84642542711e-11, 1.54098803162e-10, 3.48782031034e-10, 8.07389849422e-11, 1.50122501236e-11, 6.33782479623e-12, 1.61285568234e-11, 2.35212908178e-11, 1.71082627232e-11, 8.45010172945e-12, 6.63856816741e-12, 6.69116888632e-12, 3.50730729182e-12], "min": [7.653111238e-15, 4.40567289207e-15, 1.60797833619e-15, 8.35128269758e-16, 6.75809419192e-16, 3.59509211358e-16, 5.49297266404e-16, 6.75602478455e-16, 3.99689145653e-16, 2.86610167786e-16, 7.95242705881e-17, 2.190835895e-16, 3.3947518809e-16, 3.26490967102e-16, 1.2470377715e-16, 8.23621022767e-17, 1.82545526301e-16, 9.64974476574e-17, 9.44429957137e-17, 5.90844655984e-17, 7.15099757134e-17, 1.29561100821e-16, 4.76654622352e-17, 1.39962979742e-17, 1.24424681448e-17, 1.54605218093e-17, 1.53061566721e-17, 2.81587798421e-17, 1.44283492974e-17, 5.34932110397e-17, 2.28164537083e-17, 2.85607201367e-17, 4.16072046638e-17, 4.55463049152e-17, 3.02705520936e-17, 7.42353703957e-17, 4.69443625731e-17, 6.07338438875e-17, 1.78190347584e-16, 4.48635103329e-17]}, "spectral_decrease": {"dvar": 8.3735782922e-18, "var": 2.31446690492e-17, "median": -5.60833957053e-09, "max": -1.49343129823e-20, "dmean": 1.7853167833e-09, "dmean2": 2.98361335638e-09, "mean": -6.53610099377e-09, "dvar2": 2.28789405861e-17, "min": -3.74418114291e-08}, "barkbands_kurtosis": {"dvar": 18.3641853333, "var": 70.3748245239, "median": 2.88006687164, "max": 115.62612915, "dmean": 2.32263708115, "dmean2": 3.7239253521, "mean": 5.32298946381, "dvar2": 43.1069946289, "min": -1.87740468979}, "silence_rate_30dB": {"dvar": 0.000439089810243, "var": 0.000219576671952, "median": 1, "max": 1, "dmean": 0.000439302966697, "dmean2": 0.00087867025286, "mean": 0.999780356884, "dvar2": 0.00131715252064, "min": 0}, "gfcc": {"mean": [-35.4572563171, 113.218826294, -105.791572571, 23.4272098541, -46.7185249329, -2.30507588387, -42.7123641968, 10.3336391449, -16.9999866486, 0.0242498628795, -15.6113710403, 0.17062972486, -7.67492294312], "cov": [[20310.9628906, 1182.4309082, -1412.49951172, -656.826049805, -656.18347168, 147.252532959, -191.512893677, 455.757141113, -119.690933228, 30.729265213, -291.024597168, -162.361572266, -108.518760681], [1182.4309082, 1910.47473145, -420.820068359, -127.806755066, 234.325622559, -258.133361816, -36.1626358032, -91.9270858765, 42.013168335, -166.988372803, 70.6217193604, -36.5685958862, 68.2938308716], [-1412.49951172, -420.820068359, 944.095703125, 78.8880996704, 35.5210494995, 63.1244697571, -85.5437316895, -90.7633056641, -55.5011711121, 22.6546669006, -39.8037910461, 15.3815040588, -20.7452011108], [-656.826049805, -127.806755066, 78.8880996704, 325.042236328, 60.8226356506, 3.13612699509, -14.7350645065, -32.5244674683, 48.9749603271, 20.4037761688, 37.7837295532, 14.285736084, 17.2163524628], [-656.18347168, 234.325622559, 35.5210494995, 60.8226356506, 229.468170166, -6.80061197281, 24.970954895, 16.968290329, 34.5400009155, -8.72406578064, 41.6975440979, 11.9606151581, 17.4331703186], [147.252532959, -258.133361816, 63.1244697571, 3.13612699509, -6.80061197281, 181.600845337, 72.9899978638, 67.8815994263, 15.2205104828, 33.2884597778, -10.0847635269, 6.41260957718, -12.8359251022], [-191.512893677, -36.1626358032, -85.5437316895, -14.7350645065, 24.970954895, 72.9899978638, 158.963699341, 75.4605331421, 29.3944950104, 22.8806705475, 15.9598360062, 6.38560009003, 3.76951313019], [455.757141113, -91.9270858765, -90.7633056641, -32.5244674683, 16.968290329, 67.8815994263, 75.4605331421, 168.057846069, 47.5352249146, 39.5427627563, 2.86639690399, 8.52071475983, -10.2094545364], [-119.690933228, 42.013168335, -55.5011711121, 48.9749603271, 34.5400009155, 15.2205104828, 29.3944950104, 47.5352249146, 105.966651917, 28.8450489044, 22.4881572723, 8.58859539032, 13.7222585678], [30.729265213, -166.988372803, 22.6546669006, 20.4037761688, -8.72406578064, 33.2884597778, 22.8806705475, 39.5427627563, 28.8450489044, 89.1286849976, 16.5285835266, 3.96691608429, -4.6201839447], [-291.024597168, 70.6217193604, -39.8037910461, 37.7837295532, 41.6975440979, -10.0847635269, 15.9598360062, 2.86639690399, 22.4881572723, 16.5285835266, 73.7616577148, 23.275976181, 11.1322145462], [-162.361572266, -36.5685958862, 15.3815040588, 14.285736084, 11.9606151581, 6.41260957718, 6.38560009003, 8.52071475983, 8.58859539032, 3.96691608429, 23.275976181, 73.658164978, 21.7971401215], [-108.518760681, 68.2938308716, -20.7452011108, 17.2163524628, 17.4331703186, -12.8359251022, 3.76951313019, -10.2094545364, 13.7222585678, -4.6201839447, 11.1322145462, 21.7971401215, 62.936706543]], "icov": [[9.82867277344e-05, -0.000180169794476, 0.000115685041237, -4.37222406617e-05, 0.000318353675539, -0.00030755973421, 0.000372072012397, -0.000393566617277, 0.000287627801299, -0.000319211103488, 0.000347479071934, -3.93042100768e-05, 4.40366056864e-05], [-0.000180169794476, 0.00149460858665, 0.000111813336844, 0.000829290191177, -0.00167348212563, 0.00152281939518, -0.000670897075906, 0.00119546498172, -0.00141088373493, 0.0022115081083, -0.00151262700092, 0.000952197413426, -0.000706510152668], [0.000115685041237, 0.000111813336844, 0.00169249996543, -8.8652355771e-05, -0.000618677295279, -0.00103560776915, 0.00122634088621, 0.000624973094091, 0.000710724620149, -0.00093965389533, 0.0013469151454, -0.000586849113461, 0.000389425695175], [-4.37222406617e-05, 0.000829290191177, -8.8652355771e-05, 0.00441481964663, -0.00149940815754, 0.000214951927774, 0.000344433268765, 0.00185773603152, -0.00263965316117, 0.000594576413278, -0.00194322550669, 0.000555055506993, -0.000701606215443], [0.000318353675539, -0.00167348212563, -0.000618677295279, -0.00149940815754, 0.00776223652065, -0.00122001126874, 0.000327904388541, -0.00294239190407, 0.000654511386529, -0.000287675502477, -0.00127581018023, -0.000146203368786, -0.000212310027564], [-0.00030755973421, 0.00152281939518, -0.00103560776915, 0.000214951927774, -0.00122001126874, 0.0102739119902, -0.00470253545791, -0.000610842427704, -0.00145886885002, 0.00120874936692, -0.000111725792522, 4.34351895819e-05, 0.000444487814093], [0.000372072012397, -0.000670897075906, 0.00122634088621, 0.000344433268765, 0.000327904388541, -0.00470253545791, 0.011308115907, -0.00385102350265, 0.00092725007562, -0.00146988767665, -0.000454599561635, 0.000409029045841, -0.00104366918094], [-0.000393566617277, 0.00119546498172, 0.000624973094091, 0.00185773603152, -0.00294239190407, -0.000610842427704, -0.00385102350265, 0.0124877942726, -0.00487761292607, -0.00116479105782, 0.00052205909742, -0.0014908920275, 0.00207080878317], [0.000287627801299, -0.00141088373493, 0.000710724620149, -0.00263965316117, 0.000654511386529, -0.00145886885002, 0.00092725007562, -0.00487761292607, 0.0153750395402, -0.00493800267577, 0.000451374129625, -0.000262276967987, -0.00204610079527], [-0.000319211103488, 0.0022115081083, -0.00093965389533, 0.000594576413278, -0.000287675502477, 0.00120874936692, -0.00146988767665, -0.00116479105782, -0.00493800267577, 0.0187402684242, -0.00693705724552, 0.00255684135482, -0.00040335895028], [0.000347479071934, -0.00151262700092, 0.0013469151454, -0.00194322550669, -0.00127581018023, -0.000111725792522, -0.000454599561635, 0.00052205909742, 0.000451374129625, -0.00693705724552, 0.0222329124808, -0.00683806044981, 0.00148662854917], [-3.93042100768e-05, 0.000952197413426, -0.000586849113461, 0.000555055506993, -0.000146203368786, 4.34351895819e-05, 0.000409029045841, -0.0014908920275, -0.000262276967987, 0.00255684135482, -0.00683806044981, 0.0181052852422, -0.00647936761379], [4.40366056864e-05, -0.000706510152668, 0.000389425695175, -0.000701606215443, -0.000212310027564, 0.000444487814093, -0.00104366918094, 0.00207080878317, -0.00204610079527, -0.00040335895028, 0.00148662854917, -0.00647936761379, 0.019997317344]]}, "silence_rate_20dB": {"dvar": 0, "var": 0, "median": 1, "max": 1, "dmean": 0, "dmean2": 0, "mean": 1, "dvar2": 0, "min": 1}, "barkbands_skewness": {"dvar": 0.241364732385, "var": 1.18810617924, "median": 1.54863154888, "max": 9.79991340637, "dmean": 0.388078868389, "dmean2": 0.610481798649, "mean": 1.68166613579, "dvar2": 0.53754389286, "min": -2.01761770248}, "erbbands_skewness": {"dvar": 0.0752779766917, "var": 0.84778213501, "median": 0.527031719685, "max": 6.56546449661, "dmean": 0.295264780521, "dmean2": 0.451054394245, "mean": 0.569052875042, "dvar2": 0.173249691725, "min": -2.51452946663}, "spectral_contrast_valleys": {"dvar": [0.138851553202, 0.0814697220922, 0.0792516320944, 0.0810128450394, 0.0605253428221, 0.162092596292], "var": [2.35961389542, 2.49362945557, 2.25434398651, 1.92107534409, 1.71701431274, 1.90264356136], "median": [-7.13305902481, -6.50411367416, -7.61708927155, -8.10606098175, -8.04790782928, -10.7922954559], "max": [-5.17692089081, -4.78473901749, -5.2812204361, -6.24445056915, -5.78728103638, -7.32094144821], "dmean": [0.373452067375, 0.285886436701, 0.275288194418, 0.259810358286, 0.194386735559, 0.280482620001], "dmean2": [0.610080063343, 0.460275739431, 0.445205956697, 0.411177515984, 0.293634772301, 0.378672927618], "mean": [-7.44780683517, -6.80971431732, -7.95636844635, -8.36195373535, -8.20663070679, -10.9049310684], "dvar2": [0.304318934679, 0.177413508296, 0.16551463306, 0.156549721956, 0.0985523685813, 0.310573399067], "min": [-26.8739910126, -27.244304657, -26.8400287628, -27.2924880981, -27.3018093109, -27.2525501251]}, "spectral_strongpeak": {"dvar": 0.402740985155, "var": 0.994074463844, "median": 0.446535557508, "max": 10.0090169907, "dmean": 0.39800336957, "dmean2": 0.681173980236, "mean": 0.875362217426, "dvar2": 1.04599964619, "min": 0}, "erbbands_crest": {"dvar": 4.0507774353, "var": 18.1717910767, "median": 8.2926864624, "max": 29.1735095978, "dmean": 2.08008599281, "dmean2": 3.29910063744, "mean": 9.38182163239, "dvar2": 9.76554489136, "min": 2.3922829628}, "barkbands_crest": {"dvar": 4.32874727249, "var": 13.8635511398, "median": 9.41345787048, "max": 23.9644908905, "dmean": 2.04906845093, "dmean2": 3.36149024963, "mean": 10.13651371, "dvar2": 11.5636816025, "min": 2.04555988312}, "spectral_energyband_middle_low": {"dvar": 6.61315571051e-05, "var": 0.000167768026586, "median": 0.0108978468925, "max": 0.126437619328, "dmean": 0.00466995872557, "dmean2": 0.00753056770191, "mean": 0.0144804529846, "dvar2": 0.000172828091308, "min": 1.66451291498e-14}, "spectral_contrast_coeffs": {"dvar": [0.00181137060281, 0.00108283723239, 0.000723184843082, 0.000594330951571, 0.000287243747152, 0.000219949070015], "var": [0.00867382436991, 0.0060543785803, 0.0054740854539, 0.00328642362729, 0.00250223116018, 0.0012699412182], "median": [-0.620795547962, -0.690342366695, -0.736430764198, -0.742281079292, -0.762510538101, -0.779567539692], "max": [-0.291075319052, -0.412042707205, -0.441816836596, -0.510984182358, -0.57604688406, -0.616247296333], "dmean": [0.0467948466539, 0.0387749187648, 0.0319072380662, 0.0289404261857, 0.0199985392392, 0.0152389118448], "dmean2": [0.0763367936015, 0.062954582274, 0.0510006994009, 0.0472161620855, 0.0322730876505, 0.0248311627656], "mean": [-0.619369864464, -0.691737353802, -0.735558092594, -0.747684240341, -0.765097022057, -0.783069014549], "dvar2": [0.0045228805393, 0.00281847384758, 0.00171271769796, 0.00148986431304, 0.000684618600644, 0.00054371583974], "min": [-0.972398936749, -0.962443351746, -0.972929060459, -0.969584465027, -0.958896398544, -0.957152485847]}, "hfc": {"dvar": 43.0725593567, "var": 309.942047119, "median": 11.3185787201, "max": 233.918334961, "dmean": 3.44046139717, "dmean2": 5.02844715118, "mean": 15.944442749, "dvar2": 78.019744873, "min": 8.55370052566e-10}, "spectral_energyband_high": {"dvar": 5.5998799553e-07, "var": 2.79814139503e-06, "median": 7.59180038585e-05, "max": 0.034629765898, "dmean": 0.000191239916603, "dmean2": 0.000248700089287, "mean": 0.000476700806757, "dvar2": 8.66537220645e-07, "min": 4.76225877038e-14}, "erbbands_spread": {"dvar": 44.569519043, "var": 275.364044189, "median": 33.6368217468, "max": 140.537384033, "dmean": 5.27307748795, "dmean2": 7.83465623856, "mean": 34.6644325256, "dvar2": 85.8259887695, "min": 1.57738184929}, "dissonance": {"dvar": 0.000399716693209, "var": 0.0012545051286, "median": 0.463878244162, "max": 0.5, "dmean": 0.0194644257426, "dmean2": 0.0326071083546, "mean": 0.455842107534, "dvar2": 0.00111676042434, "min": 0.189544767141}, "spectral_kurtosis": {"dvar": 7.17363929749, "var": 63.2606163025, "median": 6.89484119415, "max": 112.061401367, "dmean": 2.10432910919, "dmean2": 3.57023859024, "mean": 7.93621826172, "dvar2": 20.6754360199, "min": -1.21157026291}, "spectral_skewness": {"dvar": 0.0454780124128, "var": 0.588010013103, "median": 1.96639299393, "max": 8.86195850372, "dmean": 0.218487948179, "dmean2": 0.353598594666, "mean": 2.00932002068, "dvar2": 0.117859221995, "min": 0.00770559627563}, "pitch_salience": {"dvar": 0.00237125810236, "var": 0.00929799955338, "median": 0.551082789898, "max": 0.811158239841, "dmean": 0.0518135018647, "dmean2": 0.0846358314157, "mean": 0.546185553074, "dvar2": 0.00622196681798, "min": 0.104253299534}, "spectral_complexity": {"dvar": 4.78256654739, "var": 63.340713501, "median": 17, "max": 51, "dmean": 2.09401082993, "dmean2": 3.3509554863, "mean": 16.4336338043, "dvar2": 10.6231956482, "min": 0}, "spectral_spread": {"dvar": 420177281024, "var": 2929639030780.0, "median": 3580146.5, "max": 41275700, "dmean": 413738.0625, "dmean2": 587213.75, "mean": 3961130.75, "dvar2": 664293801984, "min": 874762.25}, "dynamic_complexity": 3.69503974915, "melbands_crest": {"dvar": 6.54821920395, "var": 26.9713516235, "median": 12.8123607635, "max": 35.4373855591, "dmean": 2.55460143089, "dmean2": 4.2218708992, "mean": 13.9643011093, "dvar2": 17.4506263733, "min": 3.69689655304}, "zerocrossingrate": {"dvar": 0.000116264331155, "var": 0.00229176133871, "median": 0.037109375, "max": 0.51123046875, "dmean": 0.00703210104257, "dmean2": 0.00819166284055, "mean": 0.048742223531, "dvar2": 0.00011586688197, "min": 0.0048828125}, "spectral_energyband_low": {"dvar": 6.27440895187e-05, "var": 6.88112631906e-05, "median": 0.00660018902272, "max": 0.116234026849, "dmean": 0.00365648977458, "dmean2": 0.0063303662464, "mean": 0.00803979672492, "dvar2": 0.000180584131158, "min": 3.80049622686e-14}, "melbands_kurtosis": {"dvar": 135.106246948, "var": 503.787506104, "median": 7.76212787628, "max": 410.939910889, "dmean": 4.81566667557, "dmean2": 7.68630504608, "mean": 12.6279706955, "dvar2": 258.068328857, "min": -1.68710649014}, "spectral_energyband_middle_high": {"dvar": 1.97622580345e-06, "var": 1.98794386961e-05, "median": 0.00253480207175, "max": 0.0433942936361, "dmean": 0.000901359424461, "dmean2": 0.00135097454768, "mean": 0.0038820784539, "dvar2": 4.49782419309e-06, "min": 1.29238482912e-14}, "barkbands_spread": {"dvar": 33, "var": 280.446228027, "median": 13.8306627274, "max": 130.177886963, "dmean": 3.69341206551, "dmean2": 5.48005962372, "mean": 18.0341701508, "dvar2": 59.8470458984, "min": 0.663148343563}, "mfcc": {"mean": [-677.321838379, 148.728790283, -1.61596822739, 27.6583251953, 12.0270814896, -5.95934009552, -8.9521522522, 0.753016829491, 1.27348148823, 0.398832857609, -4.07544374466, 0.549529910088, 0.164819449186], "cov": [[10409.7783203, 1081.66809082, -601.411682129, -425.869659424, -226.579727173, -290.174713135, 2.20089221001, 85.5313186646, 159.952392578, 240.002212524, -35.5033988953, 83.6751174927, -53.4012832642], [1081.66809082, 1680.8515625, -427.978607178, 48.9634284973, 78.8955917358, -130.29901123, -41.3884124756, 51.1543235779, -5.92181539536, -54.8374595642, -24.6914806366, -43.8677711487, 23.0441932678], [-601.411682129, -427.978607178, 692.664245605, 4.54691076279, 77.6640396118, 105.16242981, -7.45314979553, -68.5297470093, -30.2142658234, -16.0919017792, -54.9276428223, -19.0917568207, -25.2279434204], [-425.869659424, 48.9634284973, 4.54691076279, 251.372924805, 88.9071807861, 25.3129425049, -26.4195137024, -12.70221138, -11.4473991394, -19.9715976715, -0.503505647182, 18.3441257477, 19.2527179718], [-226.579727173, 78.8955917358, 77.6640396118, 88.9071807861, 189.297775269, 28.4552097321, -8.23981380463, 1.65158712864, -1.90861737728, -5.45027065277, -9.46085262299, 6.94399118423, 4.77917575836], [-290.174713135, -130.29901123, 105.16242981, 25.3129425049, 28.4552097321, 120.848770142, 23.2381496429, 0.975257098675, 4.08568906784, 2.04516863823, 7.21963596344, -0.297139793634, -3.15500450134], [2.20089221001, -41.3884124756, -7.45314979553, -26.4195137024, -8.23981380463, 23.2381496429, 117.655265808, 38.5863761902, 14.7358922958, 30.8433628082, 21.4647674561, 10.5249128342, -0.830495238304], [85.5313186646, 51.1543235779, -68.5297470093, -12.70221138, 1.65158712864, 0.975257098675, 38.5863761902, 111.376251221, 45.482383728, 14.5208406448, 28.1618938446, 19.7049827576, 16.2828731537], [159.952