{"lowlevel": {"erbbands": {"mean": [0.201849445701, 1.2725507021, 2.69774770737, 4.73587799072, 13.8527679443, 15.5892381668, 10.0965242386, 17.7898235321, 22.2882061005, 24.0575752258, 26.6981658936, 22.9930534363, 36.4622612, 39.8674926758, 27.5299892426, 16.1373596191, 14.5766458511, 17.0181331635, 19.2115077972, 19.3030586243, 11.8221359253, 11.4636535645, 8.41353607178, 5.96283149719, 7.17125511169, 4.53374624252, 4.14036369324, 4.09311008453, 4.97278213501, 5.408618927, 7.89101934433, 4.14729833603, 3.29197478294, 2.21482539177, 1.29140365124, 0.501278817654, 0.266042083502, 0.0783643648028, 0.00627113459632, 0.000178656497155], "dvar": [0.162813380361, 3.07899165154, 11.9149827957, 47.3118515015, 632.039733887, 2504.48535156, 292.191253662, 612.576965332, 824.65020752, 1012.90484619, 787.055969238, 808.92388916, 1213.61560059, 1433.61022949, 480.542785645, 408.939483643, 419.598266602, 566.488037109, 784.25579834, 499.628387451, 227.034408569, 179.61907959, 106.255828857, 71.4431304932, 118.697944641, 48.8452262878, 51.7340049744, 47.8296546936, 56.0191116333, 49.5686302185, 192.569580078, 48.1452865601, 45.1639175415, 23.0888442993, 7.71950626373, 1.16657602787, 0.448510348797, 0.0955733433366, 0.000489453377668, 2.16819358911e-07], "min": [1.6155112013e-21, 3.40192001741e-21, 6.46160617328e-21, 6.282805914e-21, 5.26178311816e-20, 7.81920068244e-20, 8.86168219127e-20, 2.78308303364e-19, 4.60663086985e-19, 5.49888061132e-19, 8.40219563946e-19, 3.8155798521e-18, 2.34040228449e-18, 2.26691100937e-18, 3.35893603571e-18, 2.46632936581e-18, 2.41876813495e-18, 1.03813689776e-17, 1.65880649372e-17, 5.59490614747e-18, 8.54704302973e-18, 1.15267734165e-17, 1.08433989806e-17, 1.4554586985e-17, 1.38743864411e-17, 1.91072716169e-17, 1.8862474132e-17, 1.47078867136e-17, 1.58400670159e-17, 2.08636754967e-17, 2.28720237018e-17, 2.32767118904e-17, 1.43760830632e-17, 1.29377152396e-17, 6.81679708241e-18, 4.27150319417e-18, 3.32257689829e-18, 1.23571901664e-18, 3.57326075547e-19, 4.49791478044e-20], "dmean": [0.161074116826, 0.819157481194, 1.44880914688, 2.80601096153, 9.56033325195, 14.6130342484, 6.47649431229, 9.5633354187, 12.4897861481, 12.6394281387, 13.4432821274, 12.4071493149, 16.7846031189, 16.3926334381, 10.7565660477, 8.46521854401, 8.6105928421, 9.24091053009, 10.767115593, 10.0663080215, 6.50963163376, 6.51228523254, 5.15614843369, 4.12049245834, 5.00343322754, 3.28435254097, 3.24363565445, 3.24962162971, 3.84468984604, 4.00269126892, 8.27191829681, 3.25979423523, 2.36832427979, 1.63462805748, 1.02983033657, 0.440079897642, 0.258399099112, 0.0910788550973, 0.00721605308354, 0.00017121770361], "dmean2": [0.23653177917, 1.41981971264, 2.63720965385, 5.03475046158, 16.3936233521, 25.5705013275, 10.7331352234, 14.8992490768, 18.5799503326, 18.7566661835, 19.9198741913, 18.8528289795, 26.1531143188, 25.3166542053, 16.7145595551, 13.0941066742, 13.700876236, 14.2495651245, 15.7743854523, 15.5055894852, 9.51485919952, 9.33882236481, 7.72133922577, 6.47298526764, 7.57724380493, 4.93381261826, 4.97898864746, 5.03276348114, 5.93691587448, 6.31767082214, 14.4918966293, 5.29901599884, 3.73418307304, 2.59769368172, 1.64045369625, 0.712570846081, 0.410477012396, 0.149234831333, 0.0117835812271, 0.000272870529443], "dvar2": [0.309079885483, 8.28666687012, 35.0942306519, 137.129562378, 1738.46350098, 6918.90478516, 793.666687012, 1526.86120605, 1824.32324219, 2401.99536133, 1735.42785645, 1819.76708984, 2961.31323242, 3280.41674805, 1131.34814453, 1000.17547607, 1061.96911621, 1286.53857422, 1585.40283203, 1169.8885498, 499.823272705, 358.642608643, 223.668106079, 168.770950317, 265.409637451, 105.293380737, 112.828956604, 108.419303894, 131.074005127, 116.365280151, 513.217163086, 117.152114868, 105.68863678, 51.0235595703, 18.7164554596, 3.03471541405, 1.15249311924, 0.257292091846, 0.00129980419297, 5.56639918159e-07], "max": [3.72164607048, 18.7036018372, 49.5463562012, 95.0358047485, 360.93762207, 466.366424561, 278.704406738, 424.865447998, 666.26763916, 804.374816895, 683.338867188, 656.446533203, 728.858947754, 1367.99072266, 424.069702148, 569.614562988, 475.747924805, 640.97277832, 808.589538574, 539.390197754, 437.156616211, 380.548706055, 205.559799194, 139.415130615, 281.770050049, 113.748382568, 88.4231491089, 90.5488510132, 143.426635742, 227.950592041, 163.658798218, 202.474777222, 171.609375, 83.8255157471, 49.964012146, 16.4323730469, 8.85480880737, 4.04272031784, 0.287424981594, 0.00593172479421], "median": [0.0556753054261, 0.667459726334, 2.05077719688, 3.15346813202, 7.77057552338, 5.30458784103, 3.62139463425, 3.72526407242, 6.66793632507, 8.28732204437, 8.79419994354, 6.45094633102, 13.5004673004, 13.1002111435, 10.0790653229, 5.86894989014, 3.31797885895, 4.82050180435, 5.47348117828, 6.51423740387, 3.53310966492, 2.73000788689, 2.19722127914, 1.66374325752, 1.95001065731, 1.35745096207, 1.25102710724, 1.01954865456, 1.45993542671, 1.54683470726, 1.38523542881, 0.829941034317, 0.52781689167, 0.313664972782, 0.217853590846, 0.0941846072674, 0.0414455980062, 0.00690140994266, 0.000526402960531, 4.17260525865e-05], "var": [0.235052570701, 3.64894795418, 12.0925111771, 41.0421524048, 540.847473145, 1779.63208008, 368.007781982, 1171.09729004, 1521.70825195, 2038.0916748, 2192.92871094, 1905.90112305, 3540.83374023, 5817.53613281, 1655.65075684, 934.579101562, 862.619506836, 1520.5222168, 2187.17114258, 1194.66711426, 538.110900879, 566.0625, 244.706680298, 118.411804199, 213.660766602, 78.5361328125, 71.3785705566, 68.9238967896, 88.9519348145, 100.287979126, 194.891525269, 91.0179977417, 92.126991272, 49.6797065735, 12.6611318588, 1.48555135727, 0.447844237089, 0.0729974284768, 0.000404805497965, 2.03161363288e-07]}, "gfcc": {"icov": [[7.27386577637e-05, -8.55711114127e-05, 4.0981638449e-05, -5.29913595528e-05, 7.86078016972e-05, -8.56028054841e-05, 0.000156604743097, -0.000204820898944, 0.000162438867847, -0.000127501465613, 0.000281589454971, -0.000280728796497, 0.000262211251538], [-8.55711114127e-05, 0.000709505751729, 4.23462333856e-05, 0.000417087547248, -0.000492367253173, 0.00047805023496, -0.000734857574571, 0.000313957891194, -0.000516960397363, 0.000627750298008, -0.000780304486398, 0.00109630997758, -0.00087309529772], [4.0981638449e-05, 4.23462333856e-05, 0.00134634098504, -0.000530830177013, 0.000173838081537, -0.000516716856509, -0.000406491773902, -0.000367920991266, 0.000300224375678, -0.000828822376207, 0.00102189439349, -0.000789263052866, 0.00103274406865], [-5.29913595528e-05, 0.000417087547248, -0.000530830177013, 0.00209756591357, -0.000486982724397, 6.22235747869e-05, -0.000543413800187, 0.00114840758033, -0.000813043385278, 0.00112887728028, -0.00147780333646, 0.000919911719393, -0.00082270236453], [7.86078016972e-05, -0.000492367253173, 0.000173838081537, -0.000486982724397, 0.00380067387596, -0.000931617047172, -0.000918448728044, -0.00017942445993, -0.000552865269128, -0.000248938624281, 0.000686769140884, -0.00134764332324, -1.72029140231e-05], [-8.56028054841e-05, 0.00047805023496, -0.000516716856509, 6.22235747869e-05, -0.000931617047172, 0.0044804145582, -0.00103346339893, -0.000959599972703, -0.00114181160461, 0.0010164224077, -0.00100463721901, 0.000670173787512, -0.000833710539155], [0.000156604743097, -0.000734857574571, -0.000406491773902, -0.000543413800187, -0.000918448728044, -0.00103346339893, 0.00632045883685, -0.00217384309508, 0.00061070593074, -0.000897846010048, 0.000953222333919, -0.000236516207224, -0.000336134195095], [-0.000204820898944, 0.000313957891194, -0.000367920991266, 0.00114840758033, -0.00017942445993, -0.000959599972703, -0.00217384309508, 0.00794691592455, -0.00359366112389, 0.00233265268616, -0.00176788459066, 0.000449361919891, 0.00161232822575], [0.000162438867847, -0.000516960397363, 0.000300224375678, -0.000813043385278, -0.000552865269128, -0.00114181160461, 0.00061070593074, -0.00359366112389, 0.0100174760446, -0.00524478545412, 0.0017658037832, -0.000348368368577, 0.000669451896101], [-0.000127501465613, 0.000627750298008, -0.000828822376207, 0.00112887728028, -0.000248938624281, 0.0010164224077, -0.000897846010048, 0.00233265268616, -0.00524478545412, 0.0129202539101, -0.00577852595598, 0.00215683993883, -0.00184199435171], [0.000281589454971, -0.000780304486398, 0.00102189439349, -0.00147780333646, 0.000686769140884, -0.00100463721901, 0.000953222333919, -0.00176788459066, 0.0017658037832, -0.00577852595598, 0.0130825247616, -0.00611726054922, 0.00144508073572], [-0.000280728796497, 0.00109630997758, -0.000789263052866, 0.000919911719393, -0.00134764332324, 0.000670173787512, -0.000236516207224, 0.000449361919891, -0.000348368368577, 0.00215683993883, -0.00611726054922, 0.013400580734, -0.00482537643984], [0.000262211251538, -0.00087309529772, 0.00103274406865, -0.00082270236453, -1.72029140231e-05, -0.000833710539155, -0.000336134195095, 0.00161232822575, 0.000669451896101, -0.00184199435171, 0.00144508073572, -0.00482537643984, 0.0118078906089]], "mean": [-26.4832553864, 76.3263931274, -86.4696731567, 17.3266677856, -56.2635345459, 17.2619018555, -36.6879196167, 5.66755390167, -22.186876297, 0.941395759583, -21.4413013458, 4.13320207596, -12.4109458923], "cov": [[19988.5351562, 1149.75622559, -288.044891357, -542.074523926, -331.928710938, 49.9958000183, -299.105102539, 455.214294434, -157.396743774, -208.113693237, -307.394592285, 28.785615921, -413.219207764], [1149.75622559, 2767.39770508, -464.598754883, -363.998138428, 321.143005371, -114.052436829, 265.543579102, 43.664024353, 89.0233459473, -16.2752685547, 14.018529892, -102.777153015, 137.077453613], [-288.044891357, -464.598754883, 1139.18762207, 288.220947266, 43.7631187439, 215.075866699, 130.927185059, 111.383270264, 58.9934768677, 34.2212486267, -31.3375778198, 21.0683498383, -89.3049316406], [-542.074523926, -363.998138428, 288.220947266, 703.028930664, 77.5053024292, 87.3666381836, 53.0867538452, -47.2687492371, 27.6030673981, 8.51238441467, 47.4103164673, 23.7252807617, 26.8006706238], [-331.928710938, 321.143005371, 43.7631187439, 77.5053024292, 404.985076904, 119.36681366, 148.637985229, 58.3511199951, 78.924911499, 18.8249549866, 20.4288234711, 23.4761886597, 43.5265045166], [49.9958000183, -114.052436829, 215.075866699, 87.3666381836, 119.36681366, 353.687164307, 113.76361084, 117.156471252, 78.81275177, 8.01112651825, 13.6699256897, 13.0435276031, -9.44093036652], [-299.105102539, 265.543579102, 130.927185059, 53.0867538452, 148.637985229, 113.76361084, 278.499237061, 95.357093811, 63.0619163513, 15.4411878586, 5.67996740341, -4.76439857483, 17.8720016479], [455.214294434, 43.664024353, 111.383270264, -47.2687492371, 58.3511199951, 117.156471252, 95.357093811, 239.321060181, 86.3516235352, -1.82748365402, 0.498829573393, -5.43635511398, -48.9857749939], [-157.396743774, 89.0233459473, 58.9934768677, 27.6030673981, 78.924911499, 78.81275177, 63.0619163513, 86.3516235352, 175.794418335, 58.7754554749, 16.3092880249, -5.07624053955, -2.34326243401], [-208.113693237, -16.2752685547, 34.2212486267, 8.51238441467, 18.8249549866, 8.01112651825, 15.4411878586, -1.82748365402, 58.7754554749, 125.958061218, 50.9427146912, 10.7848320007, 16.7897987366], [-307.394592285, 14.018529892, -31.3375778198, 47.4103164673, 20.4288234711, 13.6699256897, 5.67996740341, 0.498829573393, 16.3092880249, 50.9427146912, 132.581802368, 51.1232833862, 26.6837539673], [28.785615921, -102.777153015, 21.0683498383, 23.7252807617, 23.4761886597, 13.0435276031, -4.76439857483, -5.43635511398, -5.07624053955, 10.7848320007, 51.1232833862, 120.194328308, 37.965297699], [-413.219207764, 137.077453613, -89.3049316406, 26.8006706238, 43.5265045166, -9.44093036652, 17.8720016479, -48.9857749939, -2.34326243401, 16.7897987366, 26.6837539673, 37.965297699, 135.274703979]]}, "spectral_skewness": {"mean": 1.80743587017, "dvar": 0.165488123894, "min": -0.332277059555, "dmean": 0.359785139561, "dmean2": 0.504266262054, "dvar2": 0.33952459693, "max": 6.22613716125, "median": 1.71377372742, "var": 0.569253027439}, "spectral_energyband_low": {"mean": 0.00957732833922, "dvar": 0.000116685463581, "min": 5.35014932252e-23, "dmean": 0.00512876966968, "dmean2": 0.00845531467348, "dvar2": 0.000271204015007, "max": 0.0979184880853, "median": 0.0060686650686, "var": 0.000185462922673}, "spectral_energyband_middle_low": {"mean": 0.0129539771006, "dvar": 0.000246595533099, "min": 2.73049775654e-22, "dmean": 0.00640013581142, "dmean2": 0.0104051725939, "dvar2": 0.000650862639304, "max": 0.174233287573, "median": 0.00899378955364, "var": 0.000268199510174}, "mfcc": {"icov": [[9.95559894363e-05, -6.51284790365e-05, -6.41072183498e-05, -2.45134106081e-05, -2.44607508648e-05, 6.39123682049e-05, 0.000157261660206, -0.000222616072278, 7.4415205745e-05, 9.94629517663e-05, 8.38609082621e-07, -3.41293780366e-05, 0.000209116304177], [-6.51284790365e-05, 0.000565196503885, 0.000303665176034, 1.09571865323e-05, 3.20745057252e-05, 0.000173162916326, -0.000399014999857, 0.000154875961016, -0.000358496967237, -0.00048001887626, 0.000117067349493, 0.000395418610424, -0.0006447097403], [-6.41072183498e-05, 0.000303665176034, 0.00145608955063, -0.000238455890212, 2.74090361927e-05, -0.000255854218267, -4.07659135817e-05, -0.000300142972264, 4.9875019613e-05, -0.000734601984732, 0.000127093182527, -2.19269659283e-05, -0.000338981451932], [-2.45134106081e-05, 1.09571865323e-05, -0.000238455890212, 0.00253889616579, -0.000415794813307, -0.000541636836715, -0.000265112234047, 0.000684783211909, -0.000258192623733, -1.67033249454e-05, 0.000911461014766, -0.000706351187546, -0.000349519599695], [-2.44607508648e-05, 3.20745057252e-05, 2.74090361927e-05, -0.000415794813307, 0.0053224246949, -0.00198628660291, 0.000567411188968, -0.00112820416689, -8.56768456288e-05, 0.000224925519433, -0.00118746131193, 0.00032857642509, -0.000562864297535], [6.39123682049e-05, 0.000173162916326, -0.000255854218267, -0.000541636836715, -0.00198628660291, 0.00625620549545, -0.00216966751032, 0.00073005084414, -0.000503173854668, -0.0018528373912, 0.0019992403686, -0.00100741744973, -0.00058214191813], [0.000157261660206, -0.000399014999857, -4.07659135817e-05, -0.000265112234047, 0.000567411188968, -0.00216966751032, 0.00807752273977, -0.00324455043301, 0.000187566125533, 4.24953504989e-05, -2.30889127124e-05, -0.000579841958825, -7.54590973884e-06], [-0.000222616072278, 0.000154875961016, -0.000300142972264, 0.000684783211909, -0.00112820416689, 0.00073005084414, -0.00324455043301, 0.00711050350219, -0.00273069529794, 0.00038196213427, -0.00126292405184, -0.000199491158128, -0.000500928377733], [7.4415205745e-05, -0.000358496967237, 4.9875019613e-05, -0.000258192623733, -8.56768456288e-05, -0.000503173854668, 0.000187566125533, -0.00273069529794, 0.00886975508183, -0.00390090164728, 0.000826014904305, -4.78536348965e-05, -0.000266463466687], [9.94629517663e-05, -0.00048001887626, -0.000734601984732, -1.67033249454e-05, 0.000224925519433, -0.0018528373912, 4.24953504989e-05, 0.00038196213427, -0.00390090164728, 0.0120985191315, -0.00609087524936, 0.00271548540331, 0.000413917732658], [8.38609082621e-07, 0.000117067349493, 0.000127093182527, 0.000911461014766, -0.00118746131193, 0.0019992403686, -2.30889127124e-05, -0.00126292405184, 0.000826014904305, -0.00609087524936, 0.0121152661741, -0.00719244265929, 0.00319846509956], [-3.41293780366e-05, 0.000395418610424, -2.19269659283e-05, -0.000706351187546, 0.00032857642509, -0.00100741744973, -0.000579841958825, -0.000199491158128, -4.78536348965e-05, 0.00271548540331, -0.00719244265929, 0.0148879000917, -0.00531596597284], [0.000209116304177, -0.0006447097403, -0.000338981451932, -0.000349519599695, -0.000562864297535, -0.00058214191813, -7.54590973884e-06, -0.000500928377733, -0.000266463466687, 0.000413917732658, 0.00319846509956, -0.00531596597284, 0.0112056555226]], "mean": [-678.529602051, 119.739006042, 20.7003517151, 11.1871147156, 4.89138555527, 8.2595949173, -4.52573204041, 5.68796682358, -0.146103963256, 3.82457709312, -6.07686042786, -6.02672147751, 2.32327318192], "cov": [[12538.6914062, 899.973327637, 275.859832764, -112.754119873, 19.56914711, -311.906921387, -144.892944336, 361.190002441, -13.9558267593, -48.4043464661, 93.9430160522, -48.6058540344, -224.974609375], [899.973327637, 2522.39282227, -394.801818848, -27.2177143097, -4.25762176514, -9.13831424713, 124.679336548, 78.3072433472, 174.043838501, 120.168060303, -20.1386756897, -58.1225242615, 96.307762146], [275.859832764, -394.801818848, 864.076904297, 103.511878967, 59.7659835815, 94.330909729, 36.9372291565, 78.2526626587, 35.0318946838, 63.7047920227, 30.8787460327, 35.1444168091, 19.2693805695], [-112.754119873, -27.2177143097, 103.511878967, 483.087921143, 57.5784301758, 105.820632935, 28.9155979156, -34.8152275085, 11.3520956039, -10.140004158, -59.2330589294, 22.5870094299, 53.8573532104], [19.56914711, -4.25762176514, 59.7659835815, 57.5784301758, 248.164855957, 102.02935791, 39.5319862366, 67.6260604858, 42.822555542, 35.9737205505, 33.2935638428, 25.894947052, 26.2803783417], [-311.906921387, -9.13831424713, 94.330909729, 105.820632935, 102.02935791, 267.414001465, 87.0941619873, 31.2792320251, 52.4871025085, 46.6319732666, -17.7835197449, 24.627155304, 48.2082214355], [-144.892944336, 124.679336548, 36.9372291565, 28.9155979156, 39.5319862366, 87.0941619873, 196.875717163, 104.499717712, 56.3158874512, 38.4267845154, 19.5701007843, 24.9971504211, 29.403383255], [361.190002441, 78.3072433472, 78.2526626587, -34.8152275085, 67.6260604858, 31.2792320251, 104.499717712, 260.993591309, 99.1865310669, 58.6977729797, 68.7973022461, 32.4483413696, 11.752571106], [-13.9558267593, 174.043838501, 35.0318946838, 11.3520956039, 42.822555542, 52.4871025085, 56.3158874512, 99.1865310669, 189.438522339, 89.9827041626, 37.0071372986, 9.99405193329, 16.3964214325], [-48.4043464661, 120.168060303, 63.7047920227, -10.140004158, 35.9737205505, 46.6319732666, 38.4267845154, 58.6977729797, 89.9827041626, 166.818908691, 86.6095962524, 9.89410400391, -7.74241924286], [93.9430160522, -20.1386756897, 30.8787460327, -59.2330589294, 33.2935638428, -17.7835197449, 19.5701007843, 68.7973022461, 37.0071372986, 86.6095962524, 185.029373169, 62.3160629272, -25.5580863953], [-48.6058540344, -58.1225242615, 35.1444168091, 22.5870094299, 25.894947052, 24.627155304, 24.9971504211, 32.4483413696, 9.99405193329, 9.89410400391, 62.3160629272, 114.819366455, 39.9336395264], [-224.974609375, 96.307762146, 19.2693805695, 53.8573532104, 26.2803783417, 48.2082214355, 29.403383255, 11.752571106, 16.3964214325, -7.74241924286, -25.5580863953, 39.9336395264, 132.528106689]]}, "silence_rate_20dB": {"mean": 1, "dvar": 0, "min": 1, "dmean": 0, "dmean2": 0, "dvar2": 0, "max": 1, "median": 1, "var": 0}, "dynamic_complexity": 3.9235560894, "silence_rate_60dB": {"mean": 0.132282719016, "dvar": 0.0345363952219, "min": 0, "dmean": 0.0358208939433, "dmean2": 0.0716503486037, "dvar2": 0.0710485205054, "max": 1, "median": 0, "var": 0.114798098803}, "dissonance": {"mean": 0.436412632465, "dvar": 0.00060663651675, "min": 0.181667134166, "dmean": 0.0255432315171, "dmean2": 0.041045371443, "dvar2": 0.00149686634541, "max": 0.500000119209, "median": 0.444757699966, "var": 0.00181994703598}, "barkbands": {"mean": [0.000309092720272, 0.0061730099842, 0.00224552303553, 0.0019265076844, 0.00479733664542, 0.00209449371323, 0.00144713709597, 0.00118333264254, 0.000933083123527, 0.00143745716196, 0.000687621650286, 0.000347671099007, 0.00028182688402, 0.000314271514071, 0.000413760688389, 0.00024544558255, 0.000216003492824, 0.000128750645672, 0.000138620001962, 0.000100875229691, 0.000100355537143, 0.000143397439388, 0.000238844295382, 0.000191792234546, 0.000190205246327, 0.000138003219035, 3.54684088961e-05], "dvar": [5.32518413365e-07, 8.25272727525e-05, 1.0014831787e-05, 7.43235705158e-06, 0.000148949635332, 6.70834606353e-06, 3.41475629284e-06, 1.54993301749e-06, 1.18935952287e-06, 1.48903905028e-06, 3.71631955431e-07, 2.41053129457e-07, 1.85851178003e-07, 2.11933581795e-07, 2.8588897294e-07, 1.34991694267e-07, 6.37458512642e-08, 3.53297799904e-08, 4.04940898591e-08, 2.30177121807e-08, 3.08058361043e-08, 4.01797350946e-08, 1.33877321673e-07, 1.24813624325e-07, 1.55222906528e-07, 1.25910005977e-07, 1.90925959487e-08], "min": [2.68618150726e-23, 2.96284607077e-23, 2.90432217627e-24, 1.78036163876e-24, 2.32998745827e-23, 2.53263825176e-23, 3.66418412074e-23, 3.30091903814e-23, 1.3448791013e-22, 6.96732175129e-23, 8.09765025012e-23, 5.81202422708e-23, 4.86902494969e-23, 3.03463051988e-22, 1.65932877689e-22, 1.10723506915e-22, 2.39537979902e-22, 2.4606969771e-22, 2.66991399633e-22, 3.36057219492e-22, 4.18749456597e-22, 4.72314980084e-22, 8.36249912878e-22, 9.16352136615e-22, 1.11138117061e-21, 1.56653528318e-21, 2.68527101031e-21], "dmean": [0.000275901169516, 0.00403698952869, 0.0012611070415, 0.0012283900287, 0.00385931134224, 0.00105326389894, 0.000826730916742, 0.000617395853624, 0.00049913226394, 0.000625580607448, 0.00029707068461, 0.000201203583856, 0.00017964898143, 0.000183196025318, 0.000225883297389, 0.000144903024193, 0.000125096878037, 8.86514462763e-05, 9.59401513683e-05, 7.27570877643e-05, 8.12843936728e-05, 0.000108342079329, 0.000226289295824, 0.00013848207891, 0.000142169141327, 0.000134374087793, 4.2232353735e-05], "dmean2": [0.000418763956986, 0.00654044747353, 0.00230336817913, 0.00216615945101, 0.00667438516393, 0.00163026538212, 0.00124531821348, 0.000912298215553, 0.000763924210332, 0.000960910925642, 0.000470545666758, 0.000309923430905, 0.000288864132017, 0.000283896079054, 0.000340636615874, 0.000218856162974, 0.000185036129551, 0.000135587528348, 0.000147074999404, 0.000109226166387, 0.000124464160763, 0.00016755850811, 0.000386718078516, 0.000218636647332, 0.000225651616347, 0.00021472798835, 6.95960115991e-05], "dvar2": [1.01329601421e-06, 0.000183405762073, 2.91624619422e-05, 2.14494884858e-05, 0.000412825320382, 1.66555473697e-05, 8.07361175248e-06, 3.49817264578e-06, 2.64140544459e-06, 3.4215447613e-06, 9.00045904473e-07, 5.56170448363e-07, 4.63656220973e-07, 4.77779394714e-07, 6.13260908722e-07, 3.12207845354e-07, 1.36821768137e-07, 7.68679555563e-08, 9.26030381265e-08, 4.92646421435e-08, 6.78564262557e-08, 9.45267828456e-08, 3.44923734019e-07, 2.93613993563e-07, 3.51576773028e-07, 3.31166091883e-07, 5.12688913545e-08], "max": [0.00671893311664, 0.0890701189637, 0.0420545078814, 0.0418031588197, 0.117406718433, 0.0440810024738, 0.0313012897968, 0.0295977443457, 0.0211684312671, 0.0390024110675, 0.0115102175623, 0.0121251894161, 0.00940446648747, 0.0116448365152, 0.0127158425748, 0.0106193674728, 0.00497825816274, 0.00387829332612, 0.00461305491626, 0.00291021098383, 0.0017553458456, 0.00311230588704, 0.00480637978762, 0.0079563818872, 0.00691272970289, 0.00471487967297, 0.00196660752408], "median": [2.25928652071e-05, 0.00265585165471, 0.00140449567698, 0.000932130322326, 0.00222143670544, 0.000539111264516, 0.000463566422695, 0.000385541701689, 0.000179732509423, 0.000484098447487, 0.000180383780389, 9.29063244257e-05, 4.91827922815e-05, 7.95769883553e-05, 0.000122126861243, 6.24062377028e-05, 5.32893573109e-05, 3.11601397698e-05, 3.77828582714e-05, 3.27439411194e-05, 2.38818993239e-05, 4.36031696154e-05, 4.78641159134e-05, 3.42689891113e-05, 3.15155193675e-05, 2.23484239541e-05, 2.65301582658e-06], "var": [7.70003737216e-07, 0.000118679679872, 1.0040581401e-05, 7.60490684115e-06, 0.000109315806185, 1.3682941244e-05, 6.31979537502e-06, 3.81826021112e-06, 3.6885096506e-06, 5.53571362616e-06, 1.14059889711e-06, 5.66913911371e-07, 3.66193972923e-07, 5.18585068221e-07, 7.51090112772e-07, 2.95683832974e-07, 1.94357966166e-07, 6.49708624678e-08, 7.53712185997e-08, 3.79610973766e-08, 4.44367209695e-08, 6.87663828103e-08, 1.71197513055e-07, 2.60002536834e-07, 3.10337327392e-07, 1.20633373513e-07, 1.4848270169e-08]}, "spectral_complexity": {"mean": 13.6198663712, "dvar": 24.035320282, "min": 0, "dmean": 3.37982082367, "dmean2": 4.80200624466, "dvar2": 41.8496932983, "max": 54, "median": 12, "var": 89.762260437}, "spectral_energyband_high": {"mean": 0.00108820188325, "dvar": 2.02733690458e-06, "min": 8.05399832269e-21, "dmean": 0.000822728441563, "dmean2": 0.0012837263057, "dvar2": 4.71908015243e-06, "max": 0.0155428452417, "median": 0.00026844535023, "var": 3.9199544517e-06}, "hfc": {"mean": 20.1611709595, "dvar": 290.349700928, "min": 1.21725212261e-16, "dmean": 10.1119194031, "dmean2": 15.290813446, "dvar2": 688.706054688, "max": 202.043319702, "median": 12.2213134766, "var": 576.778198242}, "melbands_kurtosis": {"mean": 18.3369960785, "dvar": 3932.34350586, "min": -1.95970320702, "dmean": 12.6764154434, "dmean2": 19.4680175781, "dvar2": 8001.24609375, "max": 1658.8729248, "median": 8.14166259766, "var": 5374.69482422}, "spectral_strongpeak": {"mean": 0.73848336935, "dvar": 0.396536260843, "min": 0, "dmean": 0.386166453362, "dmean2": 0.673078656197, "dvar2": 0.982697784901, "max": 8.53561782837, "median": 0.427958846092, "var": 0.726765990257}, "silence_rate_30dB": {"mean": 0.995940804482, "dvar": 0.00687756109983, "min": 0, "dmean": 0.00692537333816, "dmean2": 0.0138524007052, "dvar2": 0.0193927772343, "max": 1, "median": 1, "var": 0.00404282845557}, "melbands_spread": {"mean": 23.5309677124, "dvar": 348.177368164, "min": 0.171851411462, "dmean": 8.73229408264, "dmean2": 13.8387746811, "dvar2": 773.230651855, "max": 286.398864746, "median": 16.8575496674, "var": 779.69909668}, "melbands_crest": {"mean": 13.305560112, "dvar": 11.9328069687, "min": 3.08608150482, "dmean": 3.15051722527, "dmean2": 4.97354269028, "dvar2": 28.398141861, "max": 39.1590690613, "median": 12.1845722198, "var": 27.08527565}, "average_loudness": 0.870581746101, "spectral_flux": {"mean": 0.074198871851, "dvar": 0.00170196627732, "min": 1.04837985515e-10, "dmean": 0.0324406474829, "dmean2": 0.0500423461199, "dvar2": 0.00343616493046, "max": 0.367991000414, "median": 0.0596242025495, "var": 0.00348645471968}, "spectral_rolloff": {"mean": 1765.43566895, "dvar": 2702200.75, "min": 21.533203125, "dmean": 749.44720459, "dmean2": 1292.18676758, "dvar2": 6070634.5, "max": 19056.8847656, "median": 882.861328125, "var": 6672985}, "melbands": {"mean": [0.00174021965358, 0.00153069768567, 0.00106466910802, 0.00118452275638, 0.00038555325591, 0.00041751289973, 0.000337392702932, 0.000252007972449, 0.000211136793951, 0.000137894094223, 0.000180479648407, 0.000163006989169, 9.99172989395e-05, 4.77559187857e-05, 3.54481526301e-05, 2.36480391322e-05, 3.35371332767e-05, 2.90142725135e-05, 2.44820203079e-05, 2.52020090556e-05, 1.14954027595e-05, 1.11159688458e-05, 1.22796154756e-05, 4.87806164529e-06, 4.61514127892e-06, 5.72553426537e-06, 4.02682599088e-06, 2.76366995422e-06, 2.57713008978e-06, 2.66275810645e-06, 2.20303377318e-06, 2.70276814263e-06, 3.0792969028e-06, 2.84865905087e-06, 4.83569783682e-06, 3.27763927999e-06, 2.29911051974e-06, 2.25903613682e-06, 2.15441014007e-06, 1.78824063823e-06], "dvar": [8.5064320956e-06, 3.3647067994e-06, 1.66566553617e-06, 9.74854447122e-06, 6.54820212276e-07, 3.05132175527e-07, 1.69876997802e-07, 1.02940248325e-07, 4.72224535031e-08, 2.93180963951e-08, 2.99888114341e-08, 2.72747424646e-08, 7.17342363288e-09, 3.77456776945e-09, 2.02742644895e-09, 1.22021748261e-09, 2.64962940477e-09, 2.04873096266e-09, 1.16681431184e-09, 1.16926257565e-09, 2.52877579987e-10, 2.13937201288e-10, 2.86001861083e-10, 4.89906969159e-11, 5.36090408176e-11, 8.9236874834e-11, 3.8351322118e-11, 2.20077150948e-11, 2.31351552499e-11, 2.74485104784e-11, 1.37044854631e-11, 2.20887214769e-11, 1.71089548778e-11, 1.55578588207e-11, 8.08201908176e-11, 2.62636214859e-11, 1.9734620188e-11, 2.35801170256e-11, 2.41113032318e-11, 1.60321721177e-11], "min": [1.21185593232e-23, 4.11629986927e-24, 1.68245729511e-24, 5.89910145481e-24, 2.92020391844e-24, 6.11519333372e-24, 7.06794206415e-24, 5.8765112395e-24, 6.78909077821e-24, 2.50546562233e-23, 1.1303462482e-23, 8.94135418542e-24, 1.15962584622e-23, 6.53087096595e-24, 4.94808545736e-24, 6.20987123627e-24, 2.10874210884e-23, 3.23086503431e-23, 7.53695615991e-24, 8.72158542583e-24, 1.08457330415e-23, 1.34518091948e-23, 8.27750170127e-24, 1.16596308142e-23, 1.16914566185e-23, 1.04303504433e-23, 7.92283220486e-24, 1.44930708799e-23, 1.1863450384e-23, 1.02574518544e-23, 7.49502820279e-24, 8.94025056901e-24, 9.45828053711e-24, 1.25373442786e-23, 1.25765719648e-23, 1.22284121486e-23, 1.67064962508e-23, 1.09489373472e-23, 8.00329601719e-24, 1.21535382046e-23], "dmean": [0.00123248633463, 0.000832945166621, 0.000610695686191, 0.000981963123195, 0.000281901506241, 0.000218993562157, 0.000184903692571, 0.000133418812766, 0.000108301559521, 7.44871140341e-05, 8.39932836243e-05, 6.91783570801e-05, 4.13803572883e-05, 2.49367931247e-05, 2.07101911656e-05, 1.50128944369e-05, 1.92387979041e-05, 1.71446408785e-05, 1.40084966915e-05, 1.34899773911e-05, 6.94224945619e-06, 6.51897335047e-06, 7.99914414529e-06, 3.35459526468e-06, 3.46840488419e-06, 4.08666164731e-06, 2.98011082123e-06, 2.09146355701e-06, 2.09264726436e-06, 2.25794929065e-06, 1.78094626335e-06, 2.22870949074e-06, 2.32746674556e-06, 2.0908080387e-06, 5.2905152188e-06, 2.96415782941e-06, 1.78207767476e-06, 1.66332847584e-06, 1.59057992732e-06, 1.38301766128e-06], "dmean2": [0.00191906106193, 0.00149906380102, 0.00107418640982, 0.00170288246591, 0.000476044224342, 0.000336198980222, 0.000274138030363, 0.000196861336008, 0.000159877192345, 0.000113877664262, 0.000130912536406, 0.000106894796772, 6.51764930808e-05, 3.81531135645e-05, 3.30176808347e-05, 2.40062308876e-05, 3.01643776766e-05, 2.53781399806e-05, 2.17020515265e-05, 2.06811473618e-05, 1.03543943624e-05, 9.49656532612e-06, 1.20914246509e-05, 5.17528314958e-06, 5.58382271265e-06, 6.25927577858e-06, 4.5380515985e-06, 3.20986077895e-06, 3.28262785843e-06, 3.58077068086e-06, 2.75654110737e-06, 3.46954902852e-06, 3.71677947442e-06, 3.29458293891e-06, 9.34142008191e-06, 4.98125018566e-06, 2.87430520984e-06, 2.6292811981e-06, 2.52634754361e-06, 2.22109156311e-06], "dvar2": [1.74287069967e-05, 9.81475659501e-06, 4.69816950499e-06, 2.70462751359e-05, 1.79364428732e-06, 7.40578173009e-07, 3.77336988322e-07, 2.43803953026e-07, 1.03770048554e-07, 6.64394548267e-08, 7.28968032604e-08, 6.18315922907e-08, 1.74380261342e-08, 8.65186233767e-09, 4.94912333338e-09, 3.04661984529e-09, 6.08528472057e-09, 4.1168020104e-09, 2.66766408963e-09, 2.73964695374e-09, 5.56422574682e-10, 4.28699103994e-10, 6.45242581587e-10, 1.10615287763e-10, 1.30221944339e-10, 2.07236727778e-10, 8.40951752679e-11, 4.75568612268e-11, 5.32959128219e-11, 6.43114866916e-11, 3.13346883163e-11, 5.28604694738e-11, 4.14650015712e-11, 3.65616668885e-11, 2.17374757083e-10, 6.47197226367e-11, 4.91368751243e-11, 5.70417463264e-11, 5.43161453315e-11, 3.63262996073e-11], "max": [0.0283586662263, 0.0223875772208, 0.0166711695492, 0.0301082804799, 0.00979539006948, 0.00994032993913, 0.00894207507372, 0.00894468277693, 0.00549122784287, 0.00375745003112, 0.0035443790257, 0.00611668918282, 0.00173806108069, 0.00159454706591, 0.000857956707478, 0.000671046727803, 0.00146451196633, 0.00139688781928, 0.000721877964679, 0.00101440062281, 0.000403406447731, 0.000422336976044, 0.000410584179917, 0.000161477059009, 0.000122133569675, 0.000250218523433, 0.000147704224219, 6.54828181723e-05, 6.24669555691e-05, 5.60984735785e-05, 5.86687237956e-05, 9.80663680821e-05, 8.50907454151e-05, 0.000118313102575, 0.000105769373477, 9.94018701022e-05, 0.000149966668687, 0.00014459869999, 8.89860384632e-05, 7.44933568058e-05], "median": [0.000679821765516, 0.00123851350509, 0.000812374288216, 0.000532000907697, 0.000139181269333, 8.88177310117e-05, 0.000112245528726, 9.24050982576e-05, 6.90340457368e-05, 3.28244605043e-05, 6.43787352601e-05, 4.34942121501e-05, 3.0269879062e-05, 1.28267602122e-05, 1.0478130207e-05, 4.98362351209e-06, 7.88712532085e-06, 7.69935013523e-06, 7.42833935874e-06, 7.18587307347e-06, 2.9541092772e-06, 2.40891858994e-06, 2.74592116511e-06, 1.36322296385e-06, 1.17695185509e-06, 1.45299338783e-06, 9.98604718916e-07, 7.83064876941e-07, 8.16862893771e-07, 6.26587905117e-07, 5.33290972271e-07, 6.71925477036e-07, 9.60361603575e-07, 7.81536130035e-07, 8.19864681034e-07, 5.87339059166e-07, 4.23872279498e-07, 3.55800011675e-07, 2.77534553561e-07, 2.39140149461e-07], "var": [1.23915388031e-05, 3.5095797557e-06, 1.60800482263e-06, 7.09354162609e-06, 6.04286981343e-07, 6.03413013778e-07, 3.21925682556e-07, 2.03199888915e-07, 1.32582187007e-07, 7.46932897755e-08, 8.84261055489e-08, 1.12102533478e-07, 2.27358913918e-08, 9.50731315896e-09, 4.24341539684e-09, 2.24268248417e-09, 6.81405420977e-09, 5.52593482084e-09, 2.32196706307e-09, 2.7356155119e-09, 5.52988266289e-10, 6.15373918489e-10, 6.23526730248e-10, 8.31196500517e-11, 8.00666616341e-11, 1.54589771539e-10, 6.77998629461e-11, 3.2655562282e-11, 2.83046711069e-11, 3.46656210681e-11, 2.00084913915e-11, 3.07284510337e-11, 3.08319168807e-11, 3.24850944755e-11, 7.47346906582e-11, 4.30371988047e-11, 3.41598971332e-11, 4.36092377487e-11, 5.03316451017e-11, 3.27876580053e-11]}, "spectral_energy": {"mean": 0.026459839195, "dvar": 0.000372609356418, "min": 1.0991003254e-20, "dmean": 0.0109864575788, "dmean2": 0.0174997150898, "dvar2": 0.000916108197998, "max": 0.193513736129, "median": 0.0200059637427, "var": 0.000636799144559}, "spectral_decrease": {"mean": -6.5261440696e-09, "dvar": 2.36729843433e-17, "min": -4.84050666216e-08, "dmean": 2.73647904336e-09, "dmean2": 4.37956559907e-09, "dvar2": 5.84322899337e-17, "max": 9.79113574047e-17, "median": -4.92413931852e-09, "var": 3.98772192783e-17}, "erbbands_spread": {"mean": 41.044757843, "dvar": 325.996276855, "min": 1.61158168316, "dmean": 13.9274082184, "dmean2": 21.1136722565, "dvar2": 732.902160645, "max": 209.493057251, "median": 34.3763122559, "var": 720.542175293}, "spectral_contrast_coeffs": {"mean": [-0.624355792999, -0.69009321928, -0.709782123566, -0.757102668285, -0.790142297745, -0.794762253761], "dvar": [0.00263440702111, 0.00202127732337, 0.00170719076414, 0.00118412449956, 0.000663293059915, 0.000336219905876], "min": [-0.993944525719, -0.98109036684, -0.975408554077, -0.983830928802, -0.958043813705, -0.959141612053], "dmean": [0.0508567616343, 0.0475117750466, 0.0446119457483, 0.0372546613216, 0.0280167609453, 0.0206060875207], "dmean2": [0.0809172987938, 0.0751997381449, 0.069613404572, 0.0573750510812, 0.0422026105225, 0.0309402253479], "dvar2": [0.00604899879545, 0.00486984616145, 0.00384550145827, 0.00257427617908, 0.00132721103728, 0.000759891117923], "max": [-0.287594676018, -0.404118359089, -0.481689780951, -0.512827992439, -0.602214932442, -0.666380643845], "median": [-0.632721304893, -0.685982346535, -0.704628646374, -0.755191802979, -0.797166585922, -0.795576334], "var": [0.00984096713364, 0.00815188884735, 0.00756196351722, 0.00511745270342, 0.00280246674083, 0.001420536777]}, "spectral_energyband_middle_high": {"mean": 0.00394498091191, "dvar": 3.08583003061e-06, "min": 1.6834813754e-21, "dmean": 0.00122660864145, "dmean2": 0.00175822468009, "dvar2": 6.30621798337e-06, "max": 0.0463605523109, "median": 0.0026161535643, "var": 1.80884671863e-05}, "erbbands_crest": {"mean": 10.5001296997, "dvar": 7.26760149002, "min": 2.45221924782, "dmean": 2.66063785553, "dmean2": 4.21909332275, "dvar2": 17.7764415741, "max": 30.7572689056, "median": 9.27917575836, "var": 26.0391788483}, "barkbands_crest": {"mean": 9.74007415771, "dvar": 7.97089624405, "min": 2.21949148178, "dmean": 2.62383985519, "dmean2": 4.30052900314, "dvar2": 19.8230285645, "max": 26.8607177734, "median": 8.79858779907, "var": 16.5167884827}, "pitch_salience": {"mean": 0.54399728775, "dvar": 0.00643427995965, "min": 0.00523303123191, "dmean": 0.0712524503469, "dmean2": 0.11419544369, "dvar2": 0.0154406279325, "max": 0.867902874947, "median": 0.5463103652, "var": 0.013971876353}, "melbands_skewness": {"mean": 2.7009510994, "dvar": 2.17471313477, "min": -5.14337015152, "dmean": 0.942647278309, "dmean2": 1.42719995975, "dvar2": 4.69404220581, "max": 31.955198288, "median": 2.38653802872, "var": 4.81689071655}, "spectral_spread": {"mean": 6019279, "dvar": 2148502601730.0, "min": 1057912.75, "dmean": 1306311.625, "dmean2": 1726695.25, "dvar2": 3956856324100.0, "max": 39157756, "median": 5608228.5, "var": 6900717453310.0}, "spectral_entropy": {"mean": 7.42145395279, "dvar": 0.129423245788, "min": 3.64275121689, "dmean": 0.322496861219, "dmean2": 0.421128928661, "dvar2": 0.227961927652, "max": 9.79072856903, "median": 7.4769744873, "var": 0.454421967268}, "erbbands_flatness_db": {"mean": 0.149615004659, "dvar": 0.000685795035679, "min": 0.0306488052011, "dmean": 0.0271561760455, "dmean2": 0.0339692831039, "dvar2": 0.001235101372, "max": 0.513371288776, "median": 0.141650795937, "var": 0.00334294140339}, "spectral_kurtosis": {"mean": 5.33725452423, "dvar": 11.3421115875, "min": -1.44890129566, "dmean": 2.38855981827, "dmean2": 3.39846777916, "dvar2": 24.5290718079, "max": 70.7051925659, "median": 3.88863420486, "var": 28.6415157318}, "erbbands_skewness": {"mean": 0.493640571833, "dvar": 0.711779594421, "min": -8.30281734467, "dmean": 0.478896170855, "dmean2": 0.730042874813, "dvar2": 1.40118932724, "max": 17.3555202484, "median": 0.457200318575, "var": 1.31994092464}, "erbbands_kurtosis": {"mean": 2.20722556114, "dvar": 153.072860718, "min": -1.97782754898, "dmean": 2.23344779015, "dmean2": 3.42349267006, "dvar2": 341.684692383, "max": 370.420410156, "median": 0.48333132267, "var": 176.066223145}, "barkbands_spread": {"mean": 23.5622940063, "dvar": 140.668914795, "min": 0.0154600618407, "dmean": 8.55090332031, "dmean2": 13.3788414001, "dvar2": 324.331176758, "max": 133.43208313, "median": 18.4893436432, "var": 344.8878479}, "zerocrossingrate": {"mean": 0.0715894550085, "dvar": 0.00048307038378, "min": 0.00244140625, "dmean": 0.0177432373166, "dmean2": 0.0203795321286, "dvar2": 0.000518706976436, "max": 0.61669921875, "median": 0.05322265625, "var": 0.00394173897803}, "spectral_centroid": {"mean": 1131.88537598, "dvar": 187302.8125, "min": 59.6121368408, "dmean": 267.866516113, "dmean2": 412.398651123, "dvar2": 379012.0625, "max": 10823.3349609, "median": 928.836669922, "var": 687520.875}, "barkbands_skewness": {"mean": 1.76723408699, "dvar": 4.63154029846, "min": -7.67916822433, "dmean": 0.744995594025, "dmean2": 1.13228833675, "dvar2": 9.58888816833, "max": 67.5091552734, "median": 1.52167320251, "var": 9.7963924408}, "melbands_flatness_db": {"mean": 0.22288903594, "dvar": 0.0014647213975, "min": 0.00942077301443, "dmean": 0.035390265286, "dmean2": 0.0490819104016, "dvar2": 0.0026645315811, "max": 0.899718225002, "median": 0.217421621084, "var": 0.00696898857132}, "spectral_contrast_valleys": {"mean": [-7.63150024414, -7.37048387527, -8.05867958069, -8.49984455109, -8.44908809662, -10.2055215836], "dvar": [0.416792720556, 0.403055250645, 0.376716256142, 0.353898018599, 0.352469146252, 0.440199047327], "min": [-27.3125019073, -27.3090553284, -27.5499076843, -27.5208034515, -27.3590488434, -27.2029933929], "dmean": [0.480279892683, 0.480505377054, 0.480679571629, 0.483430355787, 0.52728420496, 0.666630864143], "dmean2": [0.750373959541, 0.750288069248, 0.731004714966, 0.688700258732, 0.677562236786, 0.768772244453], "dvar2": [0.803873538971, 0.859389305115, 0.767901480198, 0.671773731709, 0.648861765862, 0.810050785542], "max": [-5.22722911835, -4.26360607147, -5.23791599274, -5.98656368256, -5.72582817078, -7.39716434479], "median": [-6.98746967316, -7.06646680832, -7.66300010681, -8.27346038818, -8.28035831451, -9.97005844116], "var": [3.14966964722, 2.59568405151, 2.73367094994, 2.36789512634, 2.19411420822, 2.275806427]}, "barkbands_flatness_db": {"mean": 0.145009100437, "dvar": 0.00103808869608, "min": 0.0202179159969, "dmean": 0.0298305954784, "dmean2": 0.0410883687437, "dvar2": 0.00194462505169, "max": 0.767726182938, "median": 0.134114027023, "var": 0.00511937355623}, "barkbands_ku