{"tonal": {"chords_number_rate": 0.00161313975696, "thpcp": [1, 0.594881892204, 0.219013690948, 0.225104928017, 0.218097865582, 0.226526394486, 0.260254263878, 0.28555598855, 0.310143113136, 0.358233898878, 0.393130242825, 0.412034571171, 0.529425740242, 0.576657533646, 0.449144184589, 0.483262449503, 0.536399900913, 0.381841659546, 0.302964270115, 0.356866121292, 0.385045349598, 0.401722937822, 0.369082301855, 0.275957673788, 0.222722902894, 0.216429039836, 0.207795485854, 0.216588065028, 0.255593448877, 0.289832562208, 0.354167282581, 0.382720828056, 0.314263522625, 0.257447808981, 0.246893376112, 0.632472991943], "hpcp": {"dvar": [0.0705012157559, 0.079882979393, 0.0566375888884, 0.0602554753423, 0.0684880018234, 0.0544431842864, 0.0489378198981, 0.0585112161934, 0.0582175441086, 0.0577195361257, 0.0491970926523, 0.0397951230407, 0.0348481498659, 0.0329790376127, 0.0289019215852, 0.0298425275832, 0.0390274822712, 0.0393792539835, 0.0433059930801, 0.0564823299646, 0.0438104085624, 0.0394120886922, 0.0340827740729, 0.0463738106191, 0.0831902995706, 0.0428306721151, 0.0353207588196, 0.0383110195398, 0.0328707769513, 0.0341575704515, 0.0426728762686, 0.047170817852, 0.0540235750377, 0.0669895485044, 0.0657381787896, 0.0643839985132], "mean": [0.177592843771, 0.193436488509, 0.150662854314, 0.162107631564, 0.179932296276, 0.128086611629, 0.101627640426, 0.119708701968, 0.129161268473, 0.134755671024, 0.123806551099, 0.0925684273243, 0.0747111290693, 0.0725998878479, 0.069703809917, 0.072653234005, 0.0857373699546, 0.0972226858139, 0.118803396821, 0.12838152051, 0.105417907238, 0.0863594040275, 0.0828189775348, 0.212159469724, 0.335444301367, 0.199549749494, 0.0734668970108, 0.0755101665854, 0.0731596872211, 0.0759869888425, 0.0873008146882, 0.095788128674, 0.104035742581, 0.120167516172, 0.131873294711, 0.13821464777], "min": [0, 0, 0, 0, 0, 0, 0, 0, 0, 0, 0, 0, 0, 0, 0, 0, 0, 0, 0, 0, 0, 0, 0, 0, 0, 0, 0, 0, 0, 0, 0, 0, 0, 0, 0, 0], "median": [0.031425062567, 0.0370092391968, 0.0335744433105, 0.0298606660217, 0.0295306313783, 0.0210960041732, 0.012563557364, 0.0123034305871, 0.0167603138834, 0.0189536046237, 0.0177362393588, 0.0141148176044, 0.00994930136949, 0.0081659546122, 0.00767286913469, 0.00728234509006, 0.00740492762998, 0.00898784585297, 0.0124725205824, 0.0129100317135, 0.0123177543283, 0.0097692059353, 0.00985689926893, 0.0575665831566, 0.0674720108509, 0.0523131899536, 0.00731428945437, 0.00657573714852, 0.00731590297073, 0.00918053928763, 0.012162797153, 0.0120695950463, 0.0113736297935, 0.0114316409454, 0.0148723460734, 0.0208344608545], "dvar2": [0.181962683797, 0.199675098062, 0.156823351979, 0.155796989799, 0.171760499477, 0.152774080634, 0.136994555593, 0.155213713646, 0.15531514585, 0.154770746827, 0.130417391658, 0.108746707439, 0.0965139865875, 0.0902466326952, 0.0784586817026, 0.0786957293749, 0.101094178855, 0.101997412741, 0.105933763087, 0.136029154062, 0.114235088229, 0.10578751564, 0.0914829447865, 0.119719550014, 0.197021842003, 0.109606072307, 0.0962025076151, 0.105909876525, 0.0896760448813, 0.0946934595704, 0.116509273648, 0.126429796219, 0.142920315266, 0.169572979212, 0.169630602002, 0.171325176954], "var": [0.0786152333021, 0.0937505960464, 0.0567489340901, 0.0688022822142, 0.0861464217305, 0.0492643080652, 0.0408746264875, 0.0552116632462, 0.0568570122123, 0.0598376207054, 0.0524829886854, 0.0342882275581, 0.0273622199893, 0.0263914447278, 0.0244290530682, 0.0263790693134, 0.035078458488, 0.041398614645, 0.0512350201607, 0.0602021180093, 0.0431084819138, 0.0373446270823, 0.0316234119236, 0.0654361322522, 0.173207521439, 0.0597072988749, 0.0292325913906, 0.0314549505711, 0.0274852905422, 0.0272659771144, 0.0333531312644, 0.0398550443351, 0.0457710511982, 0.059090770781, 0.0599839054048, 0.0603316016495], "dmean2": [0.329908043146, 0.347511827946, 0.28922611475, 0.291539281607, 0.30630710721, 0.26459133625, 0.23341666162, 0.257242321968, 0.265842348337, 0.270849734545, 0.242526188493, 0.19479162991, 0.172230213881, 0.166434183717, 0.152337551117, 0.15421615541, 0.181756332517, 0.185162320733, 0.213437125087, 0.249576985836, 0.212784558535, 0.176253348589, 0.172477737069, 0.256595820189, 0.333780050278, 0.2371109128, 0.168274432421, 0.17589238286, 0.163598313928, 0.175066709518, 0.20363779366, 0.215037971735, 0.235281854868, 0.266114383936, 0.291787266731, 0.300651460886], "max": [1, 1, 1, 1, 1, 1, 1, 1, 1, 1, 1, 1, 1, 1, 1, 1, 1, 1, 1, 1, 1, 1, 1, 1, 1, 1, 1, 1, 1, 1, 1, 1, 1, 1, 1, 1], "dmean": [0.187057480216, 0.195374339819, 0.163073301315, 0.16663429141, 0.175999388099, 0.148518621922, 0.130290031433, 0.144513815641, 0.150440201163, 0.152384191751, 0.135329857469, 0.108426764607, 0.094762288034, 0.0922943800688, 0.085839599371, 0.0875139832497, 0.104385301471, 0.107072383165, 0.12402985245, 0.143719121814, 0.122454501688, 0.0994889959693, 0.0969008952379, 0.141995087266, 0.183156833053, 0.131615623832, 0.0933023244143, 0.0972952097654, 0.0913551822305, 0.0974544808269, 0.113104216754, 0.121177844703, 0.132462352514, 0.148664221168, 0.162554994226, 0.167425364256]}, "key_strength": 0.720309376717, "chords_strength": {"dvar": 0.000110961722385, "mean": 0.434053421021, "min": 0.21501468122, "median": 0.429219067097, "dvar2": 0.000179941751412, "var": 0.00744171394035, "dmean2": 0.0167343877256, "max": 0.742215037346, "dmean": 0.0134590780362}, "tuning_equal_tempered_deviation": 0.203640118241, "chords_key": "F", "tuning_frequency": 434.193115234, "chords_scale": "major", "chords_changes_rate": 0.108666956425, "key_scale": "major", "tuning_diatonic_strength": 0.561009824276, "hpcp_entropy": {"dvar": 0.387132197618, "mean": 2.05882692337, "min": 0, "median": 1.99130105972, "dvar2": 1.06453311443, "var": 0.693649590015, "dmean2": 1.31221330166, "max": 4.6661400795, "dmean": 0.776121556759}, "chords_histogram": [14.1956300735, 7.18580436707, 35.635723114, 5.35269117355, 0.146649062634, 0, 0.0586596280336, 0, 0.439947217703, 0.381287574768, 2.33172011375, 0.278633236885, 0.263968318701, 1.77445375919, 0.0293298140168, 0.938554048538, 0.630590975285, 20.3988857269, 0.278633236885, 1.62780463696, 1.15852761269, 1.23185217381, 4.92740869522, 0.733245372772], "tuning_nontempered_energy_ratio": 0.85287040472, "key_key": "A#"}, "metadata": {"version": {"extractor": "music 1.0", "essentia_build_sha": "70f2e5ece6736b2c40cc944ad0e695b16b925413", "essentia": "2.1-beta2", "essentia_git_sha": "v2.1_beta2"}, "audio_properties": {"sample_rate": 44100, "length": 316.604095459, "lossless": false, "analysis_sample_rate": 44100, "downmix": "mix", "bit_rate": 128000, "equal_loudness": 0, "md5_encoded": "714a92064f1d66455dd6a43067b02620", "codec": "mp3", "replay_gain": -15.1243534088}, "tags": {"musicbrainz_recordingid": ["098e7d6f-ce31-450e-8d0a-603825ca55da"], "file_name": "2254999.mp3", "genre": ["Other"]}}, "lowlevel": {"melbands": {"dvar": [7.06752107362e-05, 3.03534507111e-05, 1.05192821138e-05, 9.64010837379e-07, 1.2828513718e-07, 7.4767484648e-08, 1.72907803631e-07, 9.09474309196e-08, 2.15621227539e-08, 1.94317752999e-08, 1.11521396562e-08, 1.23434787724e-07, 2.71895910231e-08, 1.47476786339e-08, 2.29185701528e-08, 6.15703132922e-09, 3.66186347911e-09, 3.38562466951e-09, 1.48447842907e-09, 1.46610901197e-09, 1.59855473303e-09, 3.56791751699e-09, 2.13842832331e-09, 7.94994625686e-10, 5.45783473971e-10, 3.41593781039e-10, 2.65525462728e-10, 3.28203547673e-10, 2.67093541728e-10, 2.03105518515e-10, 2.21252793864e-10, 1.95989474649e-10, 2.07440717381e-10, 9.56912465933e-11, 7.52830089934e-11, 2.73659411104e-11, 3.05757641428e-11, 1.33957862164e-11, 9.75943544729e-12, 9.84291467776e-12], "mean": [0.00657003512606, 0.00227420125157, 0.000731168722268, 0.000462566764327, 0.00016321145813, 0.000123479636386, 0.00018927086785, 0.000122988669318, 5.87972099311e-05, 6.06356588833e-05, 5.6028515246e-05, 0.000139744952321, 6.46770349704e-05, 4.54841829196e-05, 6.0715003201e-05, 2.58511827269e-05, 1.92970983335e-05, 1.77006841113e-05, 1.32659488372e-05, 1.42668532135e-05, 1.1265376088e-05, 1.41665295814e-05, 1.13561118269e-05, 9.15984583116e-06, 7.0697656156e-06, 6.74561579217e-06, 6.84684118823e-06, 6.21050276095e-06, 6.32164665149e-06, 5.88095190324e-06, 6.34610796624e-06, 6.37286575511e-06, 6.1676732912e-06, 3.9265300984e-06, 2.97340352517e-06, 2.10013331525e-06, 1.86669365121e-06, 1.18530408599e-06, 1.06036338821e-06, 1.12141356112e-06], "min": [4.86165588443e-24, 3.94920019688e-24, 2.1843110787e-24, 5.22927808247e-24, 4.04711597902e-24, 3.90590987699e-24, 4.52002546993e-24, 6.98507301492e-24, 5.14055844633e-24, 3.65643024913e-24, 5.10958421732e-24, 3.08444771714e-24, 6.84207304319e-24, 3.78498814984e-24, 4.72818811344e-24, 8.25886722896e-24, 5.18381681736e-24, 4.60657258313e-24, 4.87619459091e-24, 6.99665664845e-24, 6.99339628633e-24, 7.70663382973e-24, 6.99897905496e-24, 1.02380214214e-23, 9.22353761983e-24, 4.90109616868e-24, 7.79474880399e-24, 9.39935262749e-24, 7.13658479582e-24, 8.18478293477e-24, 6.92668074185e-24, 5.28907768339e-24, 7.3191895293e-24, 7.83226545092e-24, 6.07687283753e-24, 6.11859095764e-24, 8.14892131802e-24, 9.06032229854e-24, 7.34643284066e-24, 8.70392598561e-24], "median": [0.000362754333764, 0.000114576541819, 9.45836654864e-05, 0.00010093318997, 3.2899530197e-05, 1.92924089788e-05, 2.59586413449e-05, 1.7339221813e-05, 1.04151258711e-05, 8.17628097138e-06, 7.19505260349e-06, 1.31450369736e-05, 4.27947270509e-06, 2.3256429813e-06, 2.40514100369e-06, 1.36446215038e-06, 9.70786800281e-07, 8.30549879538e-07, 7.36656716072e-07, 6.97524455973e-07, 6.22158438546e-07, 5.86634655519e-07, 5.0812087693e-07, 3.30181364916e-07, 2.46041878427e-07, 3.62189496173e-07, 4.37652715846e-07, 3.13875659685e-07, 2.9692958492e-07, 2.58182893731e-07, 1.58091609137e-07, 1.0527433858e-07, 9.27445569232e-08, 5.71913645331e-08, 2.97632549717e-08, 1.60738693467e-08, 1.15019069824e-08, 7.3257693245e-09, 1.59266448918e-08, 3.16545225587e-08], "dvar2": [0.000128039202536, 6.90516972099e-05, 3.06439469568e-05, 2.54370934272e-06, 2.99808533555e-07, 1.75069118313e-07, 4.03090524514e-07, 2.11804689343e-07, 5.15866140915e-08, 4.66070702032e-08, 2.40645992022e-08, 2.26446786655e-07, 5.63209248128e-08, 2.83301027082e-08, 4.06019005084e-08, 1.6218308474e-08, 9.68242463983e-09, 8.85531736827e-09, 3.71862163284e-09, 2.79127432279e-09, 4.3671759542e-09, 1.06334674399e-08, 6.29959906462e-09, 1.57325741323e-09, 1.21803844788e-09, 7.6067646626e-10, 5.0230636317e-10, 6.54499510144e-10, 4.89282669935e-10, 4.15011358612e-10, 4.43373587844e-10, 3.92026799911e-10, 4.81793549501e-10, 2.02608027577e-10, 1.5810446008e-10, 4.51999583595e-11, 5.23105378458e-11, 2.72037913029e-11, 2.24758683887e-11, 2.23837892666e-11], "var": [0.000168026628671, 3.60842168448e-05, 6.13020165474e-06, 9.92616492113e-07, 1.83772101536e-07, 1.04640974996e-07, 2.60672777586e-07, 1.21652519169e-07, 2.71205440328e-08, 2.69928559504e-08, 1.81198256399e-08, 1.87850190514e-07, 3.8396084534e-08, 2.14108037966e-08, 3.44822268517e-08, 6.7037730922e-09, 4.00712929505e-09, 3.80223763585e-09, 1.78563286379e-09, 2.19316476091e-09, 1.4905980894e-09, 3.02947267272e-09, 1.86324866647e-09, 1.15566778369e-09, 7.0349748249e-10, 4.73699246495e-10, 4.08032191368e-10, 4.20805251755e-10, 3.93405003019e-10, 3.01286440241e-10, 3.69515668064e-10, 3.46925516093e-10, 2.90512003343e-10, 1.32574284883e-10, 9.16103998216e-11, 4.60729232543e-11, 4.71613303965e-11, 1.91794635729e-11, 1.29676148292e-11, 1.30022529202e-11], "dmean2": [0.00485238665715, 0.00267083919607, 0.00170490401797, 0.000702120712958, 0.000238507360336, 0.000190263832337, 0.000270747201284, 0.000172246771399, 8.29001073726e-05, 8.26396353659e-05, 7.08302759449e-05, 0.000162422875292, 8.07750184322e-05, 5.75314443267e-05, 7.41602561902e-05, 3.90033419535e-05, 3.06321162498e-05, 2.77851358987e-05, 1.86965789908e-05, 1.66303125297e-05, 1.76134199137e-05, 2.96552716463e-05, 2.26868196478e-05, 1.15831353469e-05, 1.00196657513e-05, 9.05055003386e-06, 8.0825166151e-06, 8.16652027424e-06, 7.78119010647e-06, 6.94983737048e-06, 7.39080223866e-06, 7.6661899584e-06, 9.37532149692e-06, 5.84000281378e-06, 4.84368729303e-06, 2.79443270301e-06, 2.43496538133e-06, 1.66622794495e-06, 1.63284028076e-06, 1.64409971148e-06], "max": [0.0651659145951, 0.0428365953267, 0.0286081749946, 0.0142231322825, 0.0115503622219, 0.00861729215831, 0.00841172412038, 0.00580889405683, 0.00358999916352, 0.00375552731566, 0.0018723186804, 0.00574735179543, 0.00257123820484, 0.00206540036015, 0.00176098453812, 0.00103338086046, 0.000734027766157, 0.000767730991356, 0.000422199518653, 0.000535609840881, 0.000607125461102, 0.000568929710425, 0.000438790040789, 0.000327714747982, 0.00045342152589, 0.000259672931861, 0.000238276174059, 0.000280133011984, 0.000268244592007, 0.00034899849561, 0.000322093605064, 0.000262172165094, 0.00020859799406, 0.000132161978399, 0.000110650231363, 6.02683830948e-05, 7.21557080396e-05, 4.44843171863e-05, 3.2458367059e-05, 3.82458456443e-05], "dmean": [0.00342885241844, 0.00185072142631, 0.000924970663618, 0.000422863289714, 0.000146322679939, 0.000115983326396, 0.000166827143403, 0.000109126267489, 5.19030400028e-05, 5.15958818141e-05, 4.67613535875e-05, 0.00011892587645, 5.42567504453e-05, 3.9267950342e-05, 5.25846808159e-05, 2.3309918106e-05, 1.84051823453e-05, 1.65088385984e-05, 1.13311934911e-05, 1.17371628221e-05, 1.06187180791e-05, 1.65496967384e-05, 1.26176028061e-05, 7.80370464781e-06, 6.4891933107e-06, 5.77232140131e-06, 5.49525657334e-06, 5.85804809816e-06, 5.64211995879e-06, 4.97389055454e-06, 5.01651993545e-06, 5.11942971571e-06, 5.83799692322e-06, 3.75123408958e-06, 3.18745310324e-06, 1.96638006855e-06, 1.76718958755e-06, 1.11707026917e-06, 1.00047350315e-06, 1.05136973616e-06]}, "spectral_decrease": {"dvar": 6.08238742253e-17, "mean": -8.51088799436e-09, "min": -5.76006513597e-08, "median": -2.91296453625e-09, "dvar2": 9.77362995173e-17, "var": 1.59652396258e-16, "dmean2": 5.5124287357e-09, "max": 9.68766255291e-25, "dmean": 3.94126864478e-09}, "spectral_rolloff": {"dvar": 1964240.875, "mean": 1398.36169434, "min": 21.533203125, "median": 516.796875, "dvar2": 3908602.25, "var": 3948070, "dmean2": 1147.22155762, "max": 19035.3515625, "dmean": 705.262573242}, "melbands_crest": {"dvar": 17.2005023956, "mean": 20.6670780182, "min": 1.8744379282, "median": 19.4944896698, "dvar2": 36.0265464783, "var": 79.8945999146, "dmean2": 6.55638647079, "max": 38.0355987549, "dmean": 4.34704017639}, "barkbands_skewness": {"dvar": 2.73798012733, "mean": 2.97066998482, "min": -7.40574216843, "median": 2.13887023926, "dvar2": 5.5830321312, "var": 10.0932760239, "dmean2": 1.98038625717, "max": 23.3912296295, "dmean": 1.3704457283}, "spectral_centroid": {"dvar": 379249.96875, "mean": 1241.93713379, "min": 61.3509292603, "median": 848.866455078, "dvar2": 723414.3125, "var": 1153242.25, "dmean2": 612.617553711, "max": 11399.3027344, "dmean": 420.177856445}, "spectral_energyband_middle_low": {"dvar": 0.000121274235426, "mean": 0.0057006883435, "min": 2.30999273733e-22, "median": 0.0026284493506, "dvar2": 0.000344799889717, "var": 9.58487435128e-05, "dmean2": 0.00788204185665, "max": 0.106919884682, "dmean": 0.00464324746281}, "erbbands_crest": {"dvar": 12.7157039642, "mean": 12.004357338, "min": 2.65331602097, "median": 10.5924253464, "dvar2": 27.7338867188, "var": 38.8852539062, "dmean2": 6.0514087677, "max": 34.3061943054, "dmean": 3.83282995224}, "dynamic_complexity": 4.84442806244, "spectral_energyband_low": {"dvar": 0.000812513928395, "mean": 0.0240555368364, "min": 2.6601399466e-23, "median": 0.00218831468374, "dvar2": 0.00129611545708, "var": 0.00207236246206, "dmean2": 0.0164433699101, "max": 0.211763143539, "dmean": 0.0117707997561}, "silence_rate_60dB": {"dvar": 0.0793054103851, "mean": 0.203065410256, "min": 0, "median": 0, "dvar2": 0.161702871323, "var": 0.161847099662, "dmean2": 0.173683434725, "max": 1, "dmean": 0.086835347116}, "erbbands_kurtosis": {"dvar": 56.9136734009, "mean": 4.70514392853, "min": -1.88469588757, "median": 0.82902443409, "dvar2": 112.386878967, "var": 215.58140564, "dmean2": 5.67342948914, "max": 134.90927124, "dmean": 3.66139769554}, "spectral_complexity": {"dvar": 39.3661155701, "mean": 9.18348503113, "min": 0, "median": 6, "dvar2": 52.7996749878, "var": 135.907928467, "dmean2": 4.70030784607, "max": 64, "dmean": 3.45947933197}, "barkbands_crest": {"dvar": 12.4006471634, "mean": 14.1820993423, "min": 2.13485264778, "median": 13.2789459229, "dvar2": 25.2729091644, "var": 41.5557861328, "dmean2": 5.47681474686, "max": 26.4811439514, "dmean": 3.46889543533}, "spectral_energy": {"dvar": 0.000897009682376, "mean": 0.0335988141596, "min": 1.03640520484e-20, "median": 0.0118939066306, "dvar2": 0.00144126545638, "var": 0.00233511417173, "dmean2": 0.0219783261418, "max": 0.21878990531, "dmean": 0.0157077331096}, "spectral_spread": {"dvar": 1139587940350.0, "mean": 4251905, "min": 458429, "median": 3895948.25, "dvar2": 2066521915390.0, "var": 3603137298430.0, "dmean2": 1097520.75, "max": 41646328, "dmean": 770668.1875}, "spectral_contrast_valleys": {"dvar": [0.420423001051, 0.261715888977, 0.296917676926, 0.314418673515, 0.283445984125, 0.698843240738], "mean": [-8.26157855988, -7.93110799789, -8.30855941772, -8.888463974, -8.76175689697, -12.0328636169], "min": [-27.5205612183, -27.1669521332, -27.5685482025, -27.528087616, -27.2288970947, -27.4274616241], "median": [-8.12375736237, -7.73338508606, -8.22309303284, -8.81639862061, -8.6531457901, -12.0812864304], "dvar2": [0.766429185867, 0.573181629181, 0.544903635979, 0.512824594975, 0.453868120909, 1.19100260735], "var": [2.9771425724, 1.7553331852, 2.05650234222, 2.39787220955, 2.54838776588, 4.2606678009], "dmean2": [0.864715456963, 0.822941064835, 0.715425491333, 0.627518057823, 0.542925417423, 0.864143192768], "max": [-4.81100320816, -5.03552484512, -4.99757146835, -5.19059085846, -5.19560003281, -7.4763045311], "dmean": [0.573338866234, 0.525413930416, 0.476357579231, 0.430877685547, 0.407363712788, 0.673314511776]}, "spectral_rms": {"dvar": 3.23211452269e-06, "mean": 0.00451112864539, "min": 3.17982229089e-12, "median": 0.00340643664822, "dvar2": 4.9548852985e-06, "var": 1.24290163512e-05, "dmean2": 0.0016647108132, "max": 0.0146100502461, "dmean": 0.00122820818797}, "barkbands_spread": {"dvar": 132.794845581, "mean": 16.4224681854, "min": 0.0738018453121, "median": 9.80317115784, "dvar2": 290.273132324, "var": 304.719207764, "dmean2": 11.9851169586, "max": 104.424690247, "dmean": 7.75060558319}, "pitch_salience": {"dvar": 0.010595514439, "mean": 0.445289194584, "min": 0.0116826705635, "median": 0.464798718691, "dvar2": 0.0210188198835, "var": 0.0414856411517, "dmean2": 0.155218914151, "max": 0.921498954296, "dmean": 0.1006706357}, "erbbands_skewness": {"dvar": 0.776346325874, "mean": 0.757488369942, "min": -8.81470108032, "median": 0.60351896286, "dvar2": 1.56283116341, "var": 3.06803774834, "dmean2": 1.16193675995, "max": 11.3246450424, "dmean": 0.778620243073}, "spectral_energyband_middle_high": {"dvar": 3.84570521419e-05, "mean": 0.00333785638213, "min": 1.50837333856e-21, "median": 0.000519837485626, "dvar2": 6.7488886998e-05, "var": 7.18721057638e-05, "dmean2": 0.00331062078476, "max": 0.0712792649865, "dmean": 0.00234648445621}, "erbbands": {"dvar": [1.03012013435, 39.0213508606, 127.642280579, 345.627929688, 299.313232422, 172.575973511, 72.8221206665, 158.025650024, 751.646911621, 928.451660156, 308.686218262, 505.250152588, 402.011291504, 6868.33496094, 1983.07666016, 3212.00634766, 1446.05371094, 1077.4786377, 1123.51000977, 626.096313477, 1041.30847168, 3323.44970703, 1305.82055664, 795.615112305, 503.618255615, 614.81842041, 554.542114258, 597.104125977, 558.777648926, 381.07913208, 165.456878662, 71.8318023682, 23.2089824677, 14.1369981766, 2.57058858871, 0.781265318394, 0.0733725577593, 0.00140042125713, 6.24107315161e-07, 3.46057849043e-09], "mean": [0.88084512949, 3.24666976929, 2.51824760437, 3.74015617371, 6.10243320465, 6.21358346939, 3.88854646683, 5.52748298645, 12.0317440033, 12.2853727341, 7.40400695801, 9.72289562225, 11.2929286957, 34.2995872498, 17.3263645172, 21.5171928406, 16.3107872009, 10.9401273727, 10.6781864166, 10.3719396591, 10.1099319458, 13.7545719147, 10.9725093842, 9.15287590027, 9.6057062149, 9.55209541321, 9.83285045624, 10.9415092468, 11.2365455627, 8.39407539368, 4.8665766716, 3.15736532211, 1.67645645142, 1.33704006672, 0.599804520607, 0.348488718271, 0.0947508662939, 0.012104745023, 0.000268223549938, 5.1648090448e-05], "min": [3.63608382244e-22, 1.21958521987e-21, 6.33929209086e-21, 1.18565144791e-20, 3.28430446627e-20, 9.5608986093e-20, 9.51542306265e-20, 1.50283362761e-19, 3.28486552737e-19, 4.14568318104e-19, 5.71116772674e-19, 6.68344667548e-19, 9.86835776558e-19, 7.87812760756e-19, 1.91875089634e-18, 1.64918752057e-18, 3.73648401474e-18, 2.99694070655e-18, 3.28070956518e-18, 3.6814086752e-18, 6.72538369856e-18, 7.52848756502e-18, 1.00465957488e-17, 1.21013429961e-17, 7.08824219068e-18, 1.52886088626e-17, 1.1808217484e-17, 1.28524668329e-17, 1.05637838094e-17, 1.43268244577e-17, 1.0844696827e-17, 1.3481200199e-17, 1.31996775494e-17, 9.78591556906e-18, 8.47331476737e-18, 5.08313157044e-18, 2.80404901194e-18, 1.06050396492e-18, 2.87073962165e-19, 3.31053449274e-20], "median": [0.0463740229607, 0.1176584512, 0.119293436408, 0.397711127996, 1.13787651062, 1.06576561928, 0.814446926117, 0.97161257267, 1.74347281456, 1.85509943962, 1.49998211861, 1.48047804832, 1.68584871292, 3.31341505051, 1.37503242493, 1.06823754311, 0.856334924698, 0.661823749542, 0.609295487404, 0.563486337662, 0.592555642128, 0.613344192505, 0.475192785263, 0.372570514679, 0.597859740257, 0.574984908104, 0.513902783394, 0.355975627899, 0.203050196171, 0.129924207926, 0.0552507936954, 0.0244944579899, 0.0193197764456, 0.0344440601766, 0.0125355329365, 0.006995071657, 0.000615051831119, 4.98988993058e-05, 1.30564603751e-05, 1.62251017173e-05], "dvar2": [2.02936816216, 74.191078186, 354.515197754, 1010.02911377, 841.549133301, 422.007751465, 169.452926636, 364.469970703, 1743.11657715, 2154.46704102, 744.314880371, 1210.72570801, 868.996582031, 12640.5175781, 4177.45947266, 6240.48632812, 3138.54199219, 2829.60180664, 2877.74291992, 1136.30639648, 2676.28613281, 9905.11035156, 3232.265625, 1699.99841309, 971.786804199, 1122.42346191, 1014.74108887, 1156.91564941, 1090.64807129, 830.543518066, 326.318572998, 112.741188049, 45.1239509583, 32.3480529785, 4.7336025238, 1.40043449402, 0.134560972452, 0.00249906536192, 1.13069961571e-06, 5.98686522579e-09], "var": [2.85345458984, 61.5562667847, 85.0366897583, 194.379837036, 230.410583496, 229.867721558, 103.24571228, 222.857055664, 1115.62976074, 1245.01953125, 395.752838135, 700.303222656, 672.313720703, 10503.5917969, 2753.60400391, 4424.94873047, 2115.36645508, 1219.45080566, 1304.28259277, 1063.73217773, 1115.28930664, 2824.81420898, 1578.67089844, 1109.61193848, 830.059814453, 894.558898926, 859.121154785, 1012.02960205, 1011.49212646, 542.824157715, 227.673370361, 121.055641174, 35.6092681885, 18.7481479645, 3.9694108963, 1.18462491035, 0.106947511435, 0.00198810873553, 8.74082843438e-07, 6.28988772178e-09], "dmean2": [0.61142873764, 3.1452498436, 5.39737176895, 9.4259929657, 10.8925361633, 9.00472640991, 5.66750526428, 8.43493461609, 17.4872455597, 17.0585041046, 10.1320409775, 13.0244808197, 13.6593046188, 39.477394104, 21.7114448547, 27.256319046, 20.4022045135, 16.5477752686, 15.626449585, 11.1337156296, 13.9707717896, 28.6351146698, 16.6687984467, 12.1808567047, 11.2744932175, 11.3242273331, 11.4638652802, 12.4299201965, 13.626947403, 12.4468231201, 7.23256492615, 3.99865150452, 2.27381014824, 1.99046123028, 0.794585227966, 0.476848483086, 0.138655185699, 0.0170321855694, 0.000363054452464, 4.29021420132e-05], "max": [8.95208835602, 44.4024963379, 91.303565979, 163.302734375, 206.233169556, 245.141220093, 316.368041992, 435.508300781, 646.035766602, 667.097900391, 361.973022461, 567.407775879, 343.618774414, 1322.7677002, 582.422241211, 946.336364746, 437.661499023, 402.194671631, 413.705871582, 280.956085205, 484.936309814, 531.893432617, 349.587005615, 522.129516602, 262.141296387, 391.520965576, 466.664520264, 457.309173584, 434.236480713, 252.304489136, 175.345428467, 95.4773483276, 51.9100570679, 40.7741279602, 17.769159317, 10.6806373596, 2.92892313004, 0.547769069672, 0.00991295091808, 0.000739562383387], "dmean": [0.43297418952, 2.24470686913, 3.07335209846, 5.03960514069, 6.30790805817, 5.52387142181, 3.48500275612, 5.15327739716, 10.7687234879, 10.8436555862, 6.36892080307, 8.11811256409, 9.08092498779, 29.0094432831, 14.1816167831, 19.45403862, 13.2768573761, 10.0070867538, 9.50323390961, 7.78265047073, 8.84508037567, 15.9604520798, 10.0348873138, 8.0090637207, 7.58053541183, 8.33479785919, 8.42582416534, 8.56518936157, 9.04770565033, 7.86006736755, 4.88587808609, 2.9121901989, 1.51249539852, 1.25779235363, 0.541386783123, 0.328177928925, 0.0900290086865, 0.0116544794291, 0.000250887620496, 3.02262415062e-05]}, "dissonance": {"dvar": 0.00193188723642, "mean": 0.437933743, "min": 0.0194835402071, "median": 0.459659516811, "dvar2": 0.00502565735951, "var": 0.00419381260872, "dmean2": 0.0590568110347, "max": 0.500000059605, "dmean": 0.0363714210689}, "erbbands_flatness_db": {"dvar": 0.00075069948798, "mean": 0.204507127404, "min": 0.0505881197751, "median": 0.192313089967, "dvar2": 0.00146091694478, "var": 0.00562484376132, "dmean2": 0.0404772423208, "max": 0.673006892204, "dmean": 0.0277722608298}, "melbands_kurtosis": {"dvar": 8397.78320312, "mean": 65.0019683838, "min": -1.96482717991, "median": 13.7400083542, "dvar2": 19213.671875, "var": 23166.5703125, "dmean2": 56.9146652222, "max": 2149.640625, "dmean": 37.0482139587}, "melbands_spread": {"dvar": 502.184295654, "mean": 21.0537014008, "min": 0.0686831027269, "median": 9.64317512512, "dvar2": 1128.05749512, "var": 900.670288086, "dmean2": 18.2312850952, "max": 240.368041992, "dmean": 11.6612415314}, "melbands_skewness": {"dvar": 4.59920024872, "mean": 4.33965539932, "min": -4.28769159317, "median": 2.99656748772, "dvar2": 9.68607521057, "var": 20.1682510376, "dmean2": 2.49446988106, "max": 40.4970779419, "dmean": 1.69679105282}, "spectral_entropy": {"dvar": 0.121156521142, "mean": 7.1169257164, "min": 2.52843260765, "median": 7.20206546783, "dvar2": 0.217408552766, "var": 0.741456925869, "dmean2": 0.432126790285, "max": 9.81195259094, "dmean": 0.306717664003}, "zerocrossingrate": {"dvar": 0.000465990859084, "mean": 0.0512840338051, "min": 0.00146484375, "median": 0.03515625, "dvar2": 0.000543531379662, "var": 0.00255831656978, "dmean2": 0.0176215674728, "max": 0.5205078125, "dmean": 0.0165060907602}, "average_loudness": 0.957955062389, "spectral_contrast_coeffs": {"dvar": [0.0024714062456, 0.00255313655362, 0.00168952217791, 0.00110550166573, 0.000635646865703, 0.00169046816882], "mean": [-0.648748397827, -0.724756360054, -0.762856245041, -0.800271689892, -0.81204855442, -0.711137890816], "min": [-0.994588732719, -0.990503549576, -0.974588871002, -0.967461943626, -0.964678704739, -0.961581289768], "median": [-0.66431504488, -0.741031885147, -0.778763532639, -0.815683066845, -0.820156693459, -0.744347691536], "dvar2": [0.005637163762, 0.00560614466667, 0.00364587502554, 0.00237486767583, 0.0013782766182, 0.00317509868182], "var": [0.0148721653968, 0.0112367449328, 0.00702703883871, 0.0040634656325, 0.00240844557993, 0.0110013186932], "dmean2": [0.0909365564585, 0.093409307301, 0.07421990484, 0.0566495992243, 0.0420241765678, 0.0539738051593], "max": [-0.211351081729, -0.317887306213, -0.284099042416, -0.392401576042, -0.501455187798, -0.259270966053], "dmean": [0.0587620288134, 0.0608498379588, 0.0485159158707, 0.0369622930884, 0.0271420460194, 0.0366828106344]}, "barkbands_flatness_db": {"dvar": 0.00188640865963, "mean": 0.2465313375, "min": 0.0262537039816, "median": 0.229085162282, "dvar2": 0.00314230448566, "var": 0.0144011257216, "dmean2": 0.0560514777899, "max": 0.818267464638, "dmean": 0.0395057499409}, "silence_rate_30dB": {"dvar": 0.0560013800859, "mean": 0.903564095497, "min": 0, "median": 1, "dvar2": 0.108138926327, "var": 0.0871243625879, "dmean2": 0.119113981724, "max": 1, "dmean": 0.0595526210964}, "spectral_energyband_high": {"dvar": 5.61389560971e-06, "mean": 0.00114847777877, "min": 7.0109817314e-21, "median": 6.08711961831e-05, "dvar2": 9.01604107639e-06, "var": 1.01973701021e-05, "dmean2": 0.00132372102235, "max": 0.0286276638508, "dmean": 0.000930301903281}, "melbands_flatness_db": {"dvar": 0.00300537492149, "mean": 0.314353048801, "min": 0.00410061143339, "median": 0.299804031849, "dvar2": 0.00464596226811, "var": 0.0233854036778, "dmean2": 0.0654942691326, "max": 0.859851777554, "dmean": 0.0480579324067}, "barkbands": {"dvar": [5.12059432367e-06, 0.000796994951088, 0.000118760195619, 4.02935656894e-05, 1.45813428389e-05, 1.49371419411e-06, 4.42310829385e-06, 1.00089800981e-06, 8.14982115571e-07, 3.79496668756e-06, 2.13674843508e-06, 1.4840361473e-06, 6.69254575314e-07, 4.70699205835e-07, 3.16384756616e-07, 3.69066071926e-07, 9.09254936232e-07, 3.56498759402e-07, 2.71144756425e-07, 3.12519716772e-07, 3.23289214066e-07, 4.35263558529e-07, 1.93694745576e-07, 1.12705066613e-07, 7.19331083587e-08, 3.06664738048e-08, 1.93376347921e-12], "mean": [0.00165684183594, 0.0199606083333, 0.00183846568689, 0.00145721901208, 0.00185949669685, 0.000577314756811, 0.000947767868638, 0.000358696386684, 0.000415484275436, 0.000707599625457, 0.000578298524488, 0.000490386795718, 0.000314835488098, 0.000214328159927, 0.000175983732333, 0.000201844115509, 0.000227168668061, 0.000196979410248, 0.000175603214302, 0.000208772486076, 0.000254705984844, 0.000315075158142, 0.000178673755727, 0.000120193588373, 0.000101746110886, 6.44424508209e-05, 2.21097110398e-07], "min": [4.34824666908e-25, 8.96043751958e-24, 3.90583809064e-24, 3.6735410859e-25, 2.61478028678e-23, 1.74548160164e-23, 1.61548016435e-23, 3.07843533486e-23, 2.95692204092e-23, 2.97014334969e-23, 2.83591488014e-23, 3.73178192725e-23, 7.52866570511e-23, 5.92398252219e-23, 6.58644960883e-23, 1.05406066921e-22, 1.20890207422e-22, 2.11708380804e-22, 1.60472950483e-22, 3.03332643814e-22, 3.30836020528e-22, 3.62589981748e-22, 3.78937577842e-22, 6.85170251048e-22, 9.95380196856e-22, 1.42104721891e-21, 2.30774464783e-21], "median": [0.000207632925594, 0.000998911913484, 5.85755988141e-05, 0.000132459157612, 0.000401127501391, 9.02560568647e-05, 0.000114234622743, 5.01686190546e-05, 5.66690141568e-05, 7.28964296286e-05, 3.45623957401e-05, 2.32083239098e-05, 1.63266377058e-05, 9.81108951237e-06, 9.9857661553e-06, 1.01873902167e-05, 1.02873864307e-05, 7.91742240835e-06, 9.04166427063e-06, 1.20167005662e-05, 1.16105620691e-05, 5.33505499334e-06, 2.232333145e-06, 8.64312482918e-07, 2.74677086054e-06, 5.21311221746e-07, 3.68908292803e-10], "dvar2": [1.54273457156e-05, 0.00140586623456, 0.000345171167282, 0.000117805291666, 3.79110315407e-05, 3.50946174876e-06, 1.02955536931e-05, 2.43196268457e-06, 1.94347012439e-06, 6.91449804435e-06, 4.29704005001e-06, 2.78348852589e-06, 1.62996582276e-06, 1.24639996102e-06, 8.17172804091e-07, 8.33621697893e-07, 2.75682214124e-06, 7.49768048536e-07, 6.45975376301e-07, 5.7101664197e-07, 6.25260440756e-07, 8.80863524344e-07, 3.40635665452e-07, 1.88317841321e-07, 1.47071091305e-07, 5.45301013233e-08, 4.79613918025e-12], "var": [9.12500581762e-06, 0.00169136771001, 6.56671181787e-05, 2.39682012761e-05, 1.63021377375e-05, 2.18563764065e-06, 6.65959169055e-06, 1.20183267427e-06, 1.15801481115e-06, 5.87002978136e-06, 3.14103067467e-06, 2.16727585212e-06, 8.61359978899e-07, 5.23703590716e-07, 3.38711316772e-07, 4.55081391237e-07, 7.60618831919e-07, 5.08037203417e-07, 3.44870471736e-07, 4.40766513066e-07, 5.29188923792e-07, 7.58990609029e-07, 2.97637228641e-07, 1.86848950534e-07, 1.06085110474e-07, 4.57169981871e-08, 1.65311156691e-12], "dmean2": [0.00142565311398, 0.0155928358436, 0.00516009889543, 0.00342840747908, 0.00276046781801, 0.000868446019012, 0.00132969708648, 0.000540989625733, 0.000558469851967, 0.000849941978231, 0.000715234316885, 0.000608694506809, 0.000443275639554, 0.000347083725501, 0.000261815614067, 0.000262672430836, 0.000482134346385, 0.000255733699305, 0.000255101069342, 0.000261368550127, 0.000288365379674, 0.000404376973165, 0.000249416509178, 0.000149037528899, 0.000138922769111, 9.17008655961e-05, 4.44108962938e-07], "max": [0.0300653316081, 0.203839287162, 0.0910474210978, 0.0661021843553, 0.0543933957815, 0.0361244380474, 0.0382920764387, 0.0196270048618, 0.01907026954, 0.034323502332, 0.0252129826695, 0.0189975053072, 0.00978455785662, 0.00782773271203, 0.00622538290918, 0.00795707479119, 0.00812135636806, 0.00629632500932, 0.00870295055211, 0.00702468538657, 0.012826802209, 0.0110764550045, 0.00567748164758, 0.00379599374719, 0.0027468923945, 0.00189764378592, 3.3125790651e-05], "dmean": [0.000876537407748, 0.0109814861789, 0.002735754475, 0.0018607720267, 0.00167460204102, 0.000531277910341, 0.000826434930786, 0.00033616492874, 0.000349035020918, 0.000599873543251, 0.000495291897096, 0.000438045070041, 0.000271918223007, 0.000205775373615, 0.000157560134539, 0.000176294910489, 0.000267183902906, 0.000166665544384, 0.000158371825819, 0.000185965021956, 0.000202936600544, 0.000263505702605, 0.000167576028616, 0.000108343636384, 9.0741123131e-05, 6.1423626903e-05, 2.72101630117e-07]}, "erbbands_spread": {"dvar": 258.318267822, "mean": 36.0487594604, "min": 0.91331911087, "median": 30.9534263611, "dvar2": 594.807922363, "var": 587.43371582, "dmean2": 20.7931728363, "max": 175.45123291, "dmean": 13.2396373749}, "barkbands_kurtosis": {"dvar": 1875.33935547, "mean": 29.9213504791, "min": -1.94983303547, "median": 6.65983104706, "dvar2": 4197.62060547, "var": 4424.69580078, "dmean2": 28.342748642, "max": 909.579040527, "dmean": 18.8135299683}, "spectral_flux": {"dvar": 0.00372337456793, "mean": 0.0845958888531, "min": 6.71444011502e-11, "median": 0.0579033233225, "dvar2": 0.00726147787645, "var": 0.00701251113787, "dmean2": 0.0621740482748, "max": 0.452824860811, "dmean": 0.0390323959291}, "silence_rate_20dB": {"dvar": 0, "mean": 1, "min": 1, "median": 1, "dvar2": 0, "var": 0, "dmean2": 0, "max": 1, "dmean": 0}, "gfcc": {"cov": [[15101.0439453, -1951.18908691, -797.207824707, 1530.11218262, -490.459075928, 241.948532104, -1.09215629101, -378.481872559, 592.308044434, 355.811676025, -197.351745605, 479.214935303, -728.227844238], [-1951.18908691, 3517.00244141, 1041.01269531, 136.695175171, 675.116455078, -784.63067627, 89.4461517334, 1.29545545578, 161.337020874, -2.87093138695, 256.619720459, -458.622039795, 299.540435791], [-797.207824707, 1041.01269531, 1895.62451172, 59.2525978088, 398.872283936, 285.448974609, 213.905044556, 235.432556152, 75.4338912964, -3.63760352135, 156.713287354, 45.4833564758, 127.174919128], [1530.11218262, 136.695175171, 59.2525978088, 1711.39990234, 145.47088623, -337.530303955, 281.703552246, -369.894500732, 493.15838623, 10.2976150513, -6.66019105911, 78.2664337158, -31.5661735535], [-490.459075928, 675.116455078, 398.872283936, 145.47088623, 1013.29406738, 184.794006348, 108.028068542, 321.179138184, 92.3656768799, 60.6933441162, 195.904266357, -71.7008132935, 216.62789917], [241.948532104, -784.63067627, 285.448974609, -337.530303955, 184.794006348, 880.694091797, 215.590545654, 290.366790771, -33.4105300903, 79.4995727539, 55.5416107178, 180.184906006, -50.3608322144], [-1.09215629101, 89.4461517334, 213.905044556, 281.703552246, 108.028068542, 215.590545654, 558.991271973, 99.8970184326, 195.082061768, 75.5441741943, 120.344360352, 40.5827636719, 71.4605255127], [-378.481872559, 1.29545545578, 235.432556152, -369.894500732, 321.179138184, 290.366790771, 99.8970184326, 451.274078369, -65.0097351074, 62.2213935852, 96.3031845093, 37.4888420105, 127.462677002], [592.308044434, 161.337020874, 75.4338912964, 493.15838623, 92.3656768799, -33.4105300903, 195.082061768, -65.0097351074, 465.052307129, 101.937530518, 80.7161102295, 45.9428520203, -25.5676708221], [355.811676025, -2.87093138695, -3.63760352135, 10.2976150513, 60.6933441162, 79.4995727539, 75.5441741943, 62.2213935852, 101.937530518, 224.958633423, 114.416320801, 18.4523162842, -19.7084522247], [-197.351745605, 256.619720459, 156.713287354, -6.66019105911, 195.904266357, 55.5416107178, 120.344360352, 96.3031845093, 80.7161102295, 114.416320801, 249.800109863, 25.5325641632, 25.0107955933], [479.214935303, -458.622039795, 45.4833564758, 78.2664337158, -71.7008132935, 180.184906006, 40.5827636719, 37.4888420105, 45.9428520203, 18.4523162842, 25.5325641632, 212.958908081, 12.0573158264], [-728.227844238, 299.540435791, 127.174919128, -31.5661735535, 216.62789917, -50.3608322144, 71.4605255127, 127.462677002, -25.5676708221, -19.7084522247, 25.0107955933, 12.0573158264, 276.832824707]], "mean": [-110.355285645, 99.46434021, -99.41355896, 27.7418365479, -57.5859870911, 15.7015571594, -24.0138187408, 12.891204834, -27.6277179718, 6.04892587662, -16.2043495178, 2.67921876907, 0.987232208252], "icov": [[0.000102011435956, -1.75536661118e-05, 3.51713679265e-05, -6.7458160629e-05, -5.63658431929e-05, 4.14511632698e-05, -1.46094525917e-05, -5.5864744354e-05, 8.79446724866e-06, -0.000202458395506, 0.000228613032959, -0.000321637577144, 0.000324386724969], [-1.75536661118e-05, 0.00104008882772, -0.000599519291427, 0.000328338064719, -0.000421897973865, 0.000956965435762, -0.000254143495113, 0.000396048504626, -0.000358535064152, 8.68434653967e-05, -0.000635067466646, 0.00148834451102, -0.000505621079355], [3.51713679265e-05, -0.000599519291427, 0.000991676351987, -0.000317927333526, 0.000226251722779, -0.000795624917373, 0.000172420346644, -0.000431021704571, 0.000127701787278, 0.000267610448645, -8.02115664555e-06, -0.000730816740543, 0.000144959776662], [-6.7458160629e-05, 0.000328338064719, -0.000317927333526, 0.00205882242881, -0.00158997660037, 0.00167513138149, -0.00157813169062, 0.00174494844396, -0.000770926766563, -0.000162610667758, 0.00124562624842, -0.00180796242785, 0.000884389970452], [-5.63658431929e-05, -0.000421897973865, 0.000226251722779, -0.00158997660037, 0.0035464069806, -0.00239067804068, 0.00205408269539, -0.0020689975936, -0.000390852364944, 0.000928622728679, -0.00261985813268, 0.00341165647842, -0.00264654285274], [4.14511632698e-05, 0.000956965435762, -0.000795624917373, 0.00167513138149, -0.00239067804068, 0.00470671104267, -0.00260893628001, 0.000292059819913, 0.000257184903603, -0.000979976844974, 0.00197616941296, -0.00318622356281, 0.00281029287726], [-1.46094525917e-05, -0.000254143495113, 0.000172420346644, -0.00157813169062, 0.00205408269539, -0.00260893628001, 0.00431706849486, -0.00135415908881, -0.000978952972218, 0.000646475760732, -0.00251558073796, 0.00294407457113, -0.00254081282765], [-5.5864744354e-05, 0.000396048504626, -0.000431021704571, 0.00174494844396, -0.0020689975936, 0.000292059819913, -0.00135415908881, 0.00582578638569, 0.000179785929504, -0.000970944471192, 0.000431012857007, -0.00123853457626, -0.000876682053786], [8.79446724866e-06, -0.000358535064152, 0.000127701787278, -0.000770926766563, -0.000390852364944, 0.000257184903603, -0.000978952972218, 0.000179785929504, 0.00407447293401, -0.0014808975393, 0.000340114464052, -0.00158369459677, 0.00109619833529], [-0.000202458395506, 8.68434653967e-05, 0.000267610448645, -0.000162610667758, 0.000928622728679, -0.000979976844974, 0.000646475760732, -0.000970944471192, -0.0014808975393, 0.00734154367819, -0.0038856274914, 0.00202611135319, -0.000744099379517], [0.000228613032959, -0.000635067466646, -8.02115664555e-06, 0.00124562624842, -0.00261985813268, 0.00197616941296, -0.00251558073796, 0.000431012857007, 0.000340114464052, -0.0038856274914, 0.00942823477089, -0.00555061362684, 0.00343950232491], [-0.000321637577144, 0.00148834451102, -0.000730816740543, -0.00180796242785, 0.00341165647842, -0.00318622356281, 0.00294407457113, -0.00123853457626, -0.00158369