{"tonal": {"chords_key": "A", "hpcp_entropy": {"dmean": 0.696061134338, "dmean2": 1.16078710556, "max": 4.66645383835, "dvar": 0.319454848766, "mean": 2.39667725563, "dvar2": 0.872202813625, "min": 0, "var": 0.679322004318, "median": 2.41344380379}, "key_key": "A", "chords_strength": {"dmean": 0.011867810972, "dmean2": 0.0131371663883, "max": 0.864814221859, "dvar": 0.00044311050442, "mean": 0.512985229492, "dvar2": 0.000817130901851, "min": -1, "var": 0.0297985225916, "median": 0.515824258327}, "key_scale": "major", "chords_number_rate": 0.00186598813161, "thpcp": [1, 0.610383033752, 0.306408852339, 0.24771168828, 0.251176029444, 0.342270582914, 0.385898947716, 0.349085867405, 0.402925640345, 0.50463193655, 0.438546985388, 0.300317883492, 0.246452242136, 0.306701362133, 0.648602068424, 0.92234826088, 0.675755441189, 0.349541425705, 0.226331666112, 0.185681581497, 0.255779355764, 0.312861829996, 0.287397116423, 0.362440943718, 0.458681732416, 0.382068485022, 0.315116226673, 0.3648827672, 0.502530515194, 0.763904452324, 0.873908758163, 0.66629076004, 0.436454504728, 0.379263132811, 0.458165943623, 0.819746077061], "key_strength": 0.742055237293, "tuning_nontempered_energy_ratio": 0.774005353451, "tuning_frequency": 441.527557373, "chords_changes_rate": 0.0715860873461, "tuning_diatonic_strength": 0.689596176147, "chords_scale": "major", "chords_histogram": [30.0424079895, 0.610687017441, 21.1874465942, 2.15436816216, 4.91942310333, 0.288379997015, 0.169635280967, 0.15267175436, 0.0169635284692, 0, 1.59457170963, 0, 0.288379997015, 0.593723475933, 0.10178116709, 1.62849867344, 0, 0.458015263081, 0.050890583545, 6.51399469376, 10.8736219406, 8.15945720673, 8.19338417053, 2.00169634819], "tuning_equal_tempered_deviation": 0.0244978908449, "hpcp": {"dmean": [0.21139152348, 0.207889050245, 0.167016506195, 0.154418349266, 0.176644235849, 0.193226203322, 0.186117485166, 0.162154853344, 0.122881375253, 0.103228241205, 0.0935723036528, 0.105708189309, 0.117572806776, 0.114194326103, 0.114566020668, 0.116440050304, 0.110114373267, 0.0933217257261, 0.080749116838, 0.106841981411, 0.161771640182, 0.174613073468, 0.153548926115, 0.121776022017, 0.0812844187021, 0.0639967098832, 0.0749672502279, 0.0863133966923, 0.0939075499773, 0.102399669588, 0.10456058383, 0.107959903777, 0.109554365277, 0.129498839378, 0.175219520926, 0.203423589468], "dmean2": [0.368827968836, 0.368323177099, 0.30217602849, 0.281703054905, 0.317521989346, 0.337131619453, 0.321373671293, 0.285082876682, 0.22466404736, 0.19105899334, 0.168812915683, 0.18612228334, 0.207267910242, 0.203006133437, 0.201235473156, 0.198528766632, 0.190343722701, 0.162615433335, 0.142174899578, 0.190665960312, 0.277982741594, 0.296952813864, 0.261529862881, 0.21607388556, 0.145981654525, 0.112698435783, 0.131169587374, 0.149178117514, 0.165085539222, 0.180137753487, 0.18538454175, 0.191126316786, 0.19626276195, 0.232543572783, 0.314336657524, 0.353745549917], "max": [1, 1, 1, 1, 1, 1, 1, 1, 1, 1, 1, 1, 1, 1, 1, 1, 1, 1, 1, 1, 1, 1, 1, 1, 1, 1, 1, 1, 1, 1, 1, 1, 1, 1, 1, 1], "dvar": [0.067990295589, 0.0645076557994, 0.0584186017513, 0.056732762605, 0.0636707693338, 0.0563488639891, 0.0589044876397, 0.0468679927289, 0.0457075349987, 0.0390241406858, 0.0324146188796, 0.0347910374403, 0.0375960022211, 0.0357299186289, 0.032867886126, 0.0334640182555, 0.0320367999375, 0.0263667088002, 0.0222942903638, 0.0323477052152, 0.0463570356369, 0.05421416834, 0.0404461063445, 0.0370346531272, 0.0215688236058, 0.0175551585853, 0.0213571935892, 0.0249233935028, 0.0292294211686, 0.0320967063308, 0.0370065197349, 0.0335503816605, 0.0322284549475, 0.0396195501089, 0.0590695850551, 0.0642212480307], "mean": [0.285795331001, 0.21789778769, 0.142734184861, 0.124030828476, 0.149834498763, 0.268082439899, 0.327031075954, 0.199614226818, 0.100205220282, 0.0810094177723, 0.082142367959, 0.111933112144, 0.126200944185, 0.114161923528, 0.1317692101, 0.16503033042, 0.143418490887, 0.0982132777572, 0.0805975422263, 0.100300878286, 0.212113037705, 0.30163654685, 0.220993027091, 0.114310905337, 0.0740174874663, 0.0607236474752, 0.0836477950215, 0.102315545082, 0.0939877852798, 0.118529453874, 0.150003179908, 0.124948270619, 0.103052802384, 0.119327999651, 0.164343103766, 0.249820485711], "dvar2": [0.175766214728, 0.175479874015, 0.159579634666, 0.155003637075, 0.170049145818, 0.145018950105, 0.146098151803, 0.130941614509, 0.127449333668, 0.110117934644, 0.0916391760111, 0.0941752567887, 0.102258235216, 0.0998228490353, 0.0911993980408, 0.0852184146643, 0.0837357565761, 0.0723939314485, 0.061176288873, 0.0891637131572, 0.119169197977, 0.126808419824, 0.102603368461, 0.101566299796, 0.0579524300992, 0.0479890853167, 0.0561155565083, 0.0646538883448, 0.080061852932, 0.0864431411028, 0.0945745632052, 0.0914882421494, 0.0884224101901, 0.109211437404, 0.165802717209, 0.165728539228], "min": [0, 0, 0, 0, 0, 0, 0, 0, 0, 0, 0, 0, 0, 0, 0, 0, 0, 0, 0, 0, 0, 0, 0, 0, 0, 0, 0, 0, 0, 0, 0, 0, 0, 0, 0, 0], "var": [0.112997084856, 0.0750351324677, 0.0518788471818, 0.0472578331828, 0.0580312311649, 0.0910395383835, 0.127309858799, 0.0558068156242, 0.0349996574223, 0.0279921852052, 0.0252041723579, 0.0380222089589, 0.0432521626353, 0.0346161387861, 0.0382678098977, 0.0635024383664, 0.0524584576488, 0.0257464274764, 0.0194915272295, 0.0281705036759, 0.0691331997514, 0.120676793158, 0.0747429654002, 0.0337192378938, 0.0188147164881, 0.0146778365597, 0.0246023014188, 0.0327566713095, 0.0273133069277, 0.0408629402518, 0.0747229382396, 0.045047853142, 0.0276559069753, 0.0347371771932, 0.0571199767292, 0.09572891891], "median": [0.117828942835, 0.0881784856319, 0.0430087670684, 0.0307802669704, 0.0411249138415, 0.127388268709, 0.159186571836, 0.0964055880904, 0.0280733704567, 0.0214694924653, 0.0241791699082, 0.0346041433513, 0.040378279984, 0.0408643893898, 0.0478486530483, 0.0526422150433, 0.0434718765318, 0.0379290543497, 0.0318160913885, 0.0376230664551, 0.0917203277349, 0.131051778793, 0.0937775596976, 0.0405327267945, 0.0243745967746, 0.0215025395155, 0.0287275444716, 0.0357212238014, 0.0342060960829, 0.0288044027984, 0.0285097304732, 0.0310755055398, 0.0390750020742, 0.0446810908616, 0.0565009228885, 0.09178250283]}}, "lowlevel": {"melbands_flatness_db": {"dmean": 0.0276981610805, "dmean2": 0.0420892052352, "max": 0.485685914755, "dvar": 0.000865042791702, "mean": 0.171255066991, "dvar2": 0.00179508130532, "min": -1.03543797536e-07, "var": 0.00410639634356, "median": 0.164882019162}, "melbands_crest": {"dmean": 3.29360389709, "dmean2": 5.42581987381, "max": 35.0973739624, "dvar": 8.54960441589, "mean": 13.511806488, "dvar2": 22.1991920471, "min": 1.00448215008, "var": 23.3003883362, "median": 13.0641431808}, "spectral_entropy": {"dmean": 0.144446089864, "dmean2": 0.215545669198, "max": 9.82336330414, "dvar": 0.0288651585579, "mean": 7.84228801727, "dvar2": 0.0584517940879, "min": 5.86983251572, "var": 0.153531238437, "median": 7.85524702072}, "melbands": {"dmean": [0.000604545813985, 0.000921200902667, 0.00080614577746, 0.000484363030409, 0.000223922732403, 0.000139828873216, 0.000154751702212, 0.000110730543383, 9.82073761406e-05, 8.71812662808e-05, 6.03027292527e-05, 5.32672529516e-05, 3.46548040397e-05, 3.35675249516e-05, 2.74054054898e-05, 2.24209888984e-05, 2.07664816116e-05, 2.00561898964e-05, 1.42833150676e-05, 1.2756576325e-05, 1.79894104804e-05, 1.90943683265e-05, 1.66912632267e-05, 9.98535870167e-06, 8.6450827439e-06, 1.02884323496e-05, 6.58047611068e-06, 5.30720490133e-06, 3.48341632161e-06, 2.95347081192e-06, 3.1377473988e-06, 3.20650656249e-06, 3.15973829856e-06, 2.1120558813e-06, 1.47884838952e-06, 9.90464513961e-07, 8.08901745586e-07, 8.44471458095e-07, 6.88905970492e-07, 4.94861922107e-07], "dmean2": [0.000979065196589, 0.00159953976981, 0.00135641766246, 0.000797541171778, 0.000355359836249, 0.000218479341129, 0.000248485855991, 0.000175212466274, 0.000152907246957, 0.000137467752211, 9.51750771492e-05, 8.63212917466e-05, 5.54482685402e-05, 5.45172551938e-05, 4.40449657617e-05, 3.58388242603e-05, 3.37876408594e-05, 3.21257357427e-05, 2.28272892855e-05, 2.06167078431e-05, 2.9089886084e-05, 3.12549709633e-05, 2.75439706456e-05, 1.61149091582e-05, 1.40867377922e-05, 1.64297780429e-05, 1.03868087535e-05, 8.6228701548e-06, 5.63609091841e-06, 4.63517017124e-06, 4.99970838064e-06, 5.06326159666e-06, 4.85904683956e-06, 3.28325563714e-06, 2.26264251069e-06, 1.52134020937e-06, 1.24931295886e-06, 1.28519138798e-06, 1.03864363155e-06, 7.33293518351e-07], "max": [0.0180984977633, 0.0171522349119, 0.0143280718476, 0.0118611538783, 0.0117772342637, 0.00693878624588, 0.00760847097263, 0.00463422387838, 0.00578157231212, 0.0046449364163, 0.00564872566611, 0.00388958165422, 0.00267659826204, 0.00316294003278, 0.00253100902773, 0.00184705108404, 0.00118298118468, 0.00152098492254, 0.00128123408649, 0.000927970511839, 0.000620998092927, 0.000653198454529, 0.000595747260377, 0.000519094930496, 0.000429520878242, 0.000471255916636, 0.000303671957226, 0.00030802882975, 0.000138766597956, 0.000105903163785, 0.000143099619891, 0.000179299051524, 0.000128852945636, 0.000111408713565, 9.30309906835e-05, 6.05884597462e-05, 4.13365632994e-05, 4.74207517982e-05, 3.64040279237e-05, 2.33437567658e-05], "dvar": [1.55575457939e-06, 3.01940940517e-06, 1.85101123407e-06, 6.34063212601e-07, 1.42706298334e-07, 8.92372540306e-08, 1.19762020745e-07, 5.62942155113e-08, 6.66667645532e-08, 5.52163506029e-08, 3.41727997011e-08, 2.21769358433e-08, 8.08903966032e-09, 9.78178782418e-09, 5.91169779796e-09, 3.48554451968e-09, 2.3514874492e-09, 2.97374391778e-09, 1.45541068086e-09, 7.81422759832e-10, 8.81160477917e-10, 9.69942015594e-10, 9.45539757602e-10, 3.24119203698e-10, 2.45795911402e-10, 3.25171833904e-10, 1.30459559822e-10, 1.077145248e-10, 3.79651241e-11, 2.43061751282e-11, 3.50919952818e-11, 4.55592057136e-11, 3.49335040062e-11, 2.13478696526e-11, 1.12017305154e-11, 4.3714003771e-12, 2.97731327439e-12, 3.4768349224e-12, 2.43096363352e-12, 1.01083301885e-12], "mean": [0.000942199898418, 0.00137970305514, 0.00125833821949, 0.000824477290735, 0.000408521591453, 0.000227044205531, 0.000230188816204, 0.000172916828888, 0.000150257430505, 0.000129763604491, 9.80896365945e-05, 8.63228051458e-05, 5.49348405912e-05, 5.22476802871e-05, 4.55346416857e-05, 3.59009427484e-05, 3.25452747347e-05, 3.18841739499e-05, 2.46034305746e-05, 2.41781490331e-05, 3.47666136804e-05, 4.00343960791e-05, 3.43784922734e-05, 1.99247933779e-05, 1.82496532943e-05, 2.08547171496e-05, 1.31269498524e-05, 9.49287550611e-06, 6.58504313833e-06, 5.84864392295e-06, 6.12884969087e-06, 6.17748264631e-06, 6.31041348242e-06, 3.93815207644e-06, 2.75058573607e-06, 1.91772232938e-06, 1.54119027229e-06, 1.58951297635e-06, 1.32900959215e-06, 9.74929776021e-07], "dvar2": [4.10100892623e-06, 8.30561020848e-06, 4.91004493597e-06, 1.70011162481e-06, 3.49101924257e-07, 2.09486486824e-07, 2.92202543051e-07, 1.3428712009e-07, 1.56540536977e-07, 1.40820006322e-07, 8.80508750356e-08, 5.99690466174e-08, 1.92667499732e-08, 2.58866634795e-08, 1.5215016802e-08, 8.49187653529e-09, 6.14881257022e-09, 7.45005390712e-09, 3.62914276408e-09, 1.91591564835e-09, 2.21072715689e-09, 2.61411048363e-09, 2.53321497112e-09, 8.35749303096e-10, 6.25637486262e-10, 7.93662857657e-10, 3.07447040049e-10, 2.73896960667e-10, 9.47550718444e-11, 5.89177109878e-11, 8.4702488079e-11, 1.08733654025e-10, 7.77786654527e-11, 4.66461660964e-11, 2.35638990959e-11, 9.98359468013e-12, 6.60789131746e-12, 7.34672652575e-12, 4.94775357837e-12, 2.1258413866e-12], "min": [1.27154832705e-24, 8.15415738228e-25, 1.85512888928e-24, 7.26263806316e-25, 1.47021308527e-24, 1.37030730289e-24, 1.35087401031e-24, 1.81925484797e-24, 1.17052482737e-24, 1.81082527755e-24, 2.16260083773e-24, 2.18701371616e-24, 2.25101380419e-24, 2.96610418464e-24, 2.99559535515e-24, 2.20643507722e-24, 2.67945836131e-24, 1.66286139858e-24, 2.63472698975e-24, 3.3532599592e-24, 3.63748930436e-24, 3.72844891104e-24, 2.8608587014e-24, 3.05801456592e-24, 4.23753911293e-24, 4.9715931179e-24, 4.96660475597e-24, 3.73052124864e-24, 4.53575377866e-24, 4.83160935584e-24, 5.4007717101e-24, 3.78995126822e-24, 4.01946955974e-24, 4.88491071505e-24, 3.5354919559e-24, 4.59327830473e-24, 5.63512769111e-24, 5.54971850976e-24, 6.4830194523e-24, 6.06820522833e-24], "var": [2.37825952354e-06, 3.23133303937e-06, 2.50238122135e-06, 8.62870422225e-07, 2.49121285378e-07, 1.58238037784e-07, 2.30224699749e-07, 1.20409140436e-07, 1.37360927965e-07, 9.8470543719e-08, 1.02912359523e-07, 4.62345752794e-08, 1.60940540894e-08, 1.93328215659e-08, 1.11004645476e-08, 6.28283602921e-09, 3.80408016198e-09, 4.94766672077e-09, 2.58839616407e-09, 1.68707969816e-09, 2.0249650845e-09, 2.56110710417e-09, 2.27759766602e-09, 6.52147280622e-10, 5.29855326281e-10, 7.0860289858e-10, 2.93066321211e-10, 1.66456320949e-10, 7.27083254715e-11, 5.13373545064e-11, 7.03784946987e-11, 8.64450386273e-11, 7.98964713833e-11, 4.09576955684e-11, 2.26477222393e-11, 9.50066414429e-12, 6.12932534588e-12, 7.28301793873e-12, 5.35036208046e-12, 2.46535344223e-12], "median": [0.000440421135863, 0.000814455212094, 0.000730545027182, 0.000551170553081, 0.000246250652708, 8.73669196153e-05, 7.12003311492e-05, 6.22138541075e-05, 3.38635873049e-05, 2.5920855478e-05, 1.63916974998e-05, 1.74408578459e-05, 1.35792988658e-05, 1.09974262159e-05, 1.29277459564e-05, 1.00797824416e-05, 1.09910006358e-05, 1.05564022306e-05, 8.72409600561e-06, 1.07222840597e-05, 1.79419585038e-05, 1.83665379154e-05, 1.45376607179e-05, 1.1076368537e-05, 9.37453114602e-06, 1.1484667084e-05, 7.60100510888e-06, 5.46937917534e-06, 3.73889861294e-06, 3.58102533937e-06, 3.62029936696e-06, 3.43942201653e-06, 3.30707962348e-06, 1.87123339401e-06, 1.20702247841e-06, 9.12471307402e-07, 7.15668306839e-07, 7.52685650696e-07, 6.06576634254e-07, 4.09859950423e-07]}, "silence_rate_60dB": {"dmean": 0.0237529687583, "dmean2": 0.0475099682808, "max": 1, "dvar": 0.0231884121895, "mean": 0.0649758279324, "dvar2": 0.0498348809779, "min": 0, "var": 0.0607479140162, "median": 0}, "spectral_energyband_middle_high": {"dmean": 0.00143078074325, "dmean2": 0.00212044152431, "max": 0.0407880991697, "dvar": 4.65931225335e-06, "mean": 0.00478973612189, "dvar2": 1.03423762994e-05, "min": 1.22049610809e-21, "var": 3.01084710372e-05, "median": 0.00264108786359}, "erbbands_skewness": {"dmean": 0.377248227596, "dmean2": 0.569406092167, "max": 4.17677974701, "dvar": 0.161091387272, "mean": -0.186678916216, "dvar2": 0.329821318388, "min": -4.76641798019, "var": 0.645042538643, "median": -0.214525073767}, "dynamic_complexity": 3.38164567947, "dissonance": {"dmean": 0.0127382744104, "dmean2": 0.0206762272865, "max": 0.500000119209, "dvar": 0.000227024924243, "mean": 0.473855257034, "dvar2": 0.000540372333489, "min": 0.164721906185, "var": 0.000577876984607, "median": 0.480978876352}, "spectral_skewness": {"dmean": 0.160915911198, "dmean2": 0.249265238643, "max": 3.15304756165, "dvar": 0.0274346601218, "mean": 1.27260959148, "dvar2": 0.0615708120167, "min": -0.0997114777565, "var": 0.132496401668, "median": 1.28904235363}, "spectral_kurtosis": {"dmean": 0.875749707222, "dmean2": 1.43442595005, "max": 17.8662624359, "dvar": 0.904197454453, "mean": 3.33171987534, "dvar2": 2.46388149261, "min": -1.27240729332, "var": 3.05870604515, "median": 3.2069246769}, "gfcc": {"cov": [[22844.53125, 362.213867188, -1452.12268066, 147.744934082, -585.627075195, 158.000564575, -348.99331665, 311.44140625, -384.734802246, 39.7327194214, -369.605773926, 134.697906494, -234.381515503], [362.213867188, 1689.99536133, -392.607025146, 130.153945923, 134.964492798, -7.86747264862, 32.8199081421, 71.9268569946, 58.482837677, -95.8525085449, 103.273872375, -89.0396499634, 28.1224575043], [-1452.12268066, -392.607025146, 909.384887695, 137.684265137, 195.124389648, 114.183181763, 86.508644104, -0.00667495699599, 24.900434494, 78.8146133423, -10.2396116257, 30.163192749, -51.0316581726], [147.744934082, 130.153945923, 137.684265137, 567.074401855, 109.599235535, 78.6370849609, -24.3829135895, -12.836400032, 40.9537887573, 14.9738082886, 16.446805954, -40.5897293091, -7.52975893021], [-585.627075195, 134.964492798, 195.124389648, 109.599235535, 371.688568115, 68.0064163208, 105.546813965, 54.2084960938, 44.8122367859, 26.4441413879, 16.987657547, -5.99778318405, 14.5309448242], [158.000564575, -7.86747264862, 114.183181763, 78.6370849609, 68.0064163208, 271.616210938, 142.746749878, 69.3712997437, 36.3667449951, 15.9856128693, -10.414232254, -13.6381835938, -22.3583965302], [-348.99331665, 32.8199081421, 86.508644104, -24.3829135895, 105.546813965, 142.746749878, 263.663726807, 98.7715988159, 22.4291229248, 4.61310911179, -9.18950271606, 6.67232656479, -9.07265758514], [311.44140625, 71.9268569946, -0.00667495699599, -12.836400032, 54.2084960938, 69.3712997437, 98.7715988159, 131.706283569, 41.4287528992, 13.0904769897, 7.34529972076, 6.94951820374, -3.72076845169], [-384.734802246, 58.482837677, 24.900434494, 40.9537887573, 44.8122367859, 36.3667449951, 22.4291229248, 41.4287528992, 108.667755127, 41.8447723389, 23.3192234039, -15.3428115845, 2.96827554703], [39.7327194214, -95.8525085449, 78.8146133423, 14.9738082886, 26.4441413879, 15.9856128693, 4.61310911179, 13.0904769897, 41.8447723389, 97.2742538452, 22.1119403839, 7.00998210907, -15.474896431], [-369.605773926, 103.273872375, -10.2396116257, 16.446805954, 16.987657547, -10.414232254, -9.18950271606, 7.34529972076, 23.3192234039, 22.1119403839, 85.7518615723, 15.6093416214, 13.0886201859], [134.697906494, -89.0396499634, 30.163192749, -40.5897293091, -5.99778318405, -13.6381835938, 6.67232656479, 6.94951820374, -15.3428115845, 7.00998210907, 15.6093416214, 76.7768173218, 18.5674800873], [-234.381515503, 28.1224575043, -51.0316581726, -7.52975893021, 14.5309448242, -22.3583965302, -9.07265758514, -3.72076845169, 2.96827554703, -15.474896431, 13.0886201859, 18.5674800873, 73.5028076172]], "mean": [-2.44501256943, 59.3780021667, -102.288352966, 43.3830871582, -49.3863868713, 4.12691068649, -37.6101837158, 5.2068066597, -24.4958457947, -2.360070467, -18.8654403687, 0.668952047825, -14.3031797409], "icov": [[9.60818288149e-05, -6.70685330988e-05, 0.00018393775099, -0.000103209211375, 4.3776613893e-05, -0.000185959142982, 0.000339936843375, -0.000493591884151, 0.000509795034304, -0.000446581048891, 0.000595732883085, -0.00043636461487, 0.00029046551208], [-6.70685330988e-05, 0.00100556074176, 0.000264520844212, -8.89658840606e-05, -0.000467299309094, 0.000271983444691, -0.000327994726831, -1.33674711833e-05, -0.000655862153508, 0.00153176370077, -0.00181513361167, 0.0012568931561, 6.45879772492e-05], [0.00018393775099, 0.000264520844212, 0.00206744577736, -0.000493270694278, -0.000848334631883, -0.000674931623507, 0.0003856853873, -0.000251183344517, 0.000761010684073, -0.00122623506468, 0.00110450130887, -0.00168344320264, 0.00180715648457], [-0.000103209211375, -8.89658840606e-05, -0.000493270694278, 0.00233961571939, -0.000564344052691, -0.000681534118485, 0.000479665846797, 0.000960150558967, -0.000922138802707, 0.000558965431992, -0.000910530216061, 0.00125811842736, -0.000386552565033], [4.3776613893e-05, -0.000467299309094, -0.000848334631883, -0.000564344052691, 0.00406684400514, 0.000228498363867, -0.00113090826198, -0.000843890593387, 4.45106925326e-05, -0.00107196241152, 0.000377214717446, 0.000374499912141, -0.00163445621729], [-0.000185959142982, 0.000271983444691, -0.000674931623507, -0.000681534118485, 0.000228498363867, 0.00637170486152, -0.00353838340379, -0.000140112999361, -0.00179023866076, 0.000937846372835, -0.000810766941868, 0.00168920936994, 0.000201114671654], [0.000339936843375, -0.000327994726831, 0.0003856853873, 0.000479665846797, -0.00113090826198, -0.00353838340379, 0.00858090259135, -0.00538183702156, 0.00250652106479, -0.00100972817745, 0.00277048023418, -0.00210704468191, 0.00118547480088], [-0.000493591884151, -1.33674711833e-05, -0.000251183344517, 0.000960150558967, -0.000843890593387, -0.000140112999361, -0.00538183702156, 0.0154049685225, -0.00677370140329, 0.00224073766731, -0.00269957305863, -0.000561084132642, -3.73850016331e-05], [0.000509795034304, -0.000655862153508, 0.000761010684073, -0.000922138802707, 4.45106925326e-05, -0.00179023866076, 0.00250652106479, -0.00677370140329, 0.0175048485398, -0.00842563994229, 0.00114531768486, 0.00203029857948, -0.00147404382005], [-0.000446581048891, 0.00153176370077, -0.00122623506468, 0.000558965431992, -0.00107196241152, 0.000937846372835, -0.00100972817745, 0.00224073766731, -0.00842563994229, 0.0184136722237, -0.00702756457031, 0.000646379485261, 0.00298689631745], [0.000595732883085, -0.00181513361167, 0.00110450130887, -0.000910530216061, 0.000377214717446, -0.000810766941868, 0.00277048023418, -0.00269957305863, 0.00114531768486, -0.00702756457031, 0.0199238993227, -0.00734028732404, -6.76234121784e-05], [-0.00043636461487, 0.0012568931561, -0.00168344320264, 0.00125811842736, 0.000374499912141, 0.00168920936994, -0.00210704468191, -0.000561084132642, 0.00203029857948, 0.000646379485261, -0.00734028732404, 0.0205720048398, -0.00659643020481], [0.00029046551208, 6.45879772492e-05, 0.00180715648457, -0.000386552565033, -0.00163445621729, 0.000201114671654, 0.00118547480088, -3.73850016331e-05, -0.00147404382005, 0.00298689631745, -6.76234121784e-05, -0.00659643020481, 0.0186169687659]]}, "spectral_complexity": {"dmean": 3.85290122032, "dmean2": 5.78043603897, "max": 62, "dvar": 17.8521327972, "mean": 20.7250823975, "dvar2": 35.5741653442, "min": 0, "var": 188.454238892, "median": 18}, "spectral_flux": {"dmean": 0.022277764976, "dmean2": 0.0345465652645, "max": 0.25701135397, "dvar": 0.000637809804175, "mean": 0.0798400193453, "dvar2": 0.00135996192694, "min": 6.31941513007e-11, "var": 0.00175234128255, "median": 0.0751916691661}, "spectral_energyband_low": {"dmean": 0.00448975386098, "dmean2": 0.00745416199788, "max": 0.0756454765797, "dvar": 5.96174359089e-05, "mean": 0.00801033712924, "dvar2": 0.000153017608682, "min": 1.25867593145e-23, "var": 9.07505236682e-05, "median": 0.00506093818694}, "spectral_decrease": {"dmean": 1.78958781127e-09, "dmean2": 2.84915646631e-09, "max": 1.40865880468e-17, "dvar": 5.33655820343e-18, "mean": -5.48822720603e-09, "dvar2": 1.30406562125e-17, "min": -2.49342502201e-08, "var": 1.76848716878e-17, "median": -4.33074420769e-09}, "barkbands_spread": {"dmean": 8.04115009308, "dmean2": 12.4089756012, "max": 140.10786438, "dvar": 92.726852417, "mean": 31.9064331055, "dvar2": 201.542251587, "min": 0.871170401573, "var": 294.595581055, "median": 29.3727588654}, "spectral_rms": {"dmean": 0.000719213392586, "dmean2": 0.00110702333041, "max": 0.00979106873274, "dvar": 6.57117425362e-07, "mean": 0.00432710815221, "dvar2": 1.53166899963e-06, "min": 3.13721422972e-12, "var": 3.44261411556e-06, "median": 0.00418898509815}, "spectral_centroid": {"dmean": 343.945587158, "dmean2": 523.139221191, "max": 11807.8251953, "dvar": 162974.171875, "mean": 1819.64001465, "dvar2": 327626.4375, "min": 170.045181274, "var": 1426075.25, "median": 1673.17272949}, "barkbands_skewness": {"dmean": 0.592110931873, "dmean2": 0.904117763042, "max": 10.5004491806, "dvar": 0.498120158911, "mean": 1.43722891808, "dvar2": 1.10290050507, "min": -4.04190540314, "var": 1.68681097031, "median": 1.26224541664}, "spectral_rolloff": {"dmean": 791.74017334, "dmean2": 1282.3885498, "max": 19681.3476563, "dvar": 1538074.25, "mean": 2423.01977539, "dvar2": 3112990.5, "min": 64.599609375, "var": 7463213.5, "median": 1787.25585938}, "erbbands_spread": {"dmean": 10.258430481, "dmean2": 15.8703804016, "max": 163.747848511, "dvar": 137.451202393, "mean": 50.7361412048, "dvar2": 310.248748779, "min": 2.97443175316, "var": 413.990570068, "median": 47.7345046997}, "barkbands": {"dmean": [8.65288966452e-05, 0.00215587671846, 0.0025466280058, 0.00173328234814, 0.00195876625367, 0.000718631548807, 0.000756760244258, 0.000526148884092, 0.000599654624239, 0.000430814077845, 0.000252400204772, 0.000294609490084, 0.000233445505728, 0.000231004407397, 0.000208006269531, 0.00022274874209, 0.000316814286634, 0.000216326283407, 0.000231881582295, 0.000154708293849, 0.000115122966236, 0.000144625053508, 8.55938269524e-05, 6.1602659116e-05, 5.64861147723e-05, 4.53752290923e-05, 1.79804410436e-05], "dmean2": [0.000141517259181, 0.00354872876778, 0.00449492037296, 0.00288075138815, 0.0032135816291, 0.00112276372965, 0.00121886888519, 0.000833942671306, 0.000940665777307, 0.000694844522513, 0.000406384147936, 0.000480032613268, 0.000373775197659, 0.000375836709281, 0.000332352763508, 0.000359799101716, 0.000515141116921, 0.000349474983523, 0.000367787084542, 0.00024691678118, 0.000178806891199, 0.000220564266783, 0.000129636566271, 9.2143753136e-05, 8.16590181785e-05, 6.54628893244e-05, 2.55748855125e-05], "max": [0.00381492637098, 0.0610168874264, 0.0528413802385, 0.036377966404, 0.0509124174714, 0.0314554199576, 0.0318699367344, 0.0369078442454, 0.0252182148397, 0.0319280549884, 0.0221918448806, 0.0250574555248, 0.0146006094292, 0.0157332271338, 0.0221127029508, 0.0096837496385, 0.0102317277342, 0.010085074231, 0.012145976536, 0.0067273080349, 0.00489782262594, 0.00557218631729, 0.00464621046558, 0.00264300103299, 0.00236784620211, 0.00228169071488, 0.000496716005728], "dvar": [5.23420524701e-08, 1.70403745869e-05, 3.00885258184e-05, 8.1372254499e-06, 1.03544389276e-05, 2.04425214179e-06, 2.66656638814e-06, 2.09280437957e-06, 2.41150769398e-06, 1.4738277514e-06, 5.01567001265e-07, 7.23430275684e-07, 3.37818931939e-07, 2.97943614669e-07, 3.27978568748e-07, 1.60753614864e-07, 2.67902549922e-07, 1.45319944522e-07, 1.62078492849e-07, 7.88461989032e-08, 3.72241437674e-08, 7.89368073129e-08, 3.49897995022e-08, 1.75337895314e-08, 1.08575548552e-08, 8.65694094188e-09, 1.51152290684e-09], "mean": [0.000105686784082, 0.00351203768514, 0.00291613209993, 0.00267958594486, 0.00339062185958, 0.00120516552124, 0.00112064939458, 0.000760376045946, 0.000898622325622, 0.000700618606061, 0.000380843644962, 0.000465674587758, 0.000374683295377, 0.000361473270459, 0.000351252296241, 0.000428055645898, 0.000692967092618, 0.000452969281469, 0.000523274706211, 0.000305000372464, 0.00025668690796, 0.000311604439048, 0.000174392480403, 0.000128465966554, 0.000115456110507, 7.92900027591e-05, 2.9039416404e-05], "dvar2": [1.3409557198e-07, 4.67120808025e-05, 8.43142333906e-05, 2.10297839658e-05, 2.70004875347e-05, 4.81765664517e-06, 6.5862932388e-06, 4.88832847623e-06, 6.04199567533e-06, 3.91880575989e-06, 1.25443352772e-06, 1.90647335785e-06, 8.28560871469e-07, 7.75435523792e-07, 8.2564429249e-07, 3.94455412334e-07, 7.15687008324e-07, 3.79394720085e-07, 3.89620709029e-07, 1.91076779288e-07, 8.79663559772e-08, 1.73040220375e-07, 7.08331597821e-08, 3.54273268499e-08, 2.20435651954e-08, 1.87371309579e-08, 3.17998694044e-09], "min": [5.68958581623e-25, 2.88656531172e-24, 1.06528999375e-24, 1.28044026856e-24, 3.32072339116e-24, 7.85385972934e-24, 6.13031895272e-24, 5.73112811897e-24, 1.1948311307e-23, 1.06059461476e-23, 1.41386609187e-23, 2.47164526206e-23, 2.26333502267e-23, 2.78869934615e-23, 2.77725265887e-23, 3.71885218147e-23, 7.12978544591e-23, 6.25225909929e-23, 1.40974366255e-22, 1.78577093688e-22, 2.21100798556e-22, 2.87898510784e-22, 4.04399079611e-22, 4.58276083248e-22, 8.91959093299e-22, 1.40070798663e-21, 1.81604777183e-21], "var": [6.46066879995e-08, 2.6971600164e-05, 2.39699002123e-05, 1.46427501022e-05, 1.45001258716e-05, 3.79516905014e-06, 4.89909098178e-06, 4.36842037743e-06, 4.44849274572e-06, 4.05306764151e-06, 8.96416565865e-07, 1.44518367051e-06, 6.86936857619e-07, 4.57394321529e-07, 5.77960349801e-07, 3.60963014145e-07, 7.77587843004e-07, 3.2380020798e-07, 4.00263701295e-07, 1.52476260951e-07, 9.19872107374e-08, 1.85886818826e-07, 7.85474298937e-08, 4.1390393335e-08, 2.93267046203e-08, 1.71729617193e-08, 2.74189893013e-09], "median": [1.95427564904e-05, 0.00174486637115, 0.00120250205509, 0.00122472539078, 0.00225866399705, 0.000501157075632, 0.000388394459151, 0.000172941523488, 0.000182823365321, 0.000118744232168, 8.6887346697e-05, 0.000107041065348, 9.78413809207e-05, 0.000129883250338, 0.0001201066043, 0.000215489635593, 0.000316684570862, 0.000245456059929, 0.00029535262729, 0.000183783282409, 0.000160079376656, 0.00017458536604, 8.23975569801e-05, 6.36179174762e-05, 4.65556950076e-05, 2.18144468818e-05, 5.94684479438e-06]}, "melbands_kurtosis": {"dmean": 9.56247615814, "dmean2": 15.3088493347, "max": 471.634307861, "dvar": 372.208648682, "mean": 16.4139156342, "dvar2": 914.92401123, "min": -1.89534068108, "var": 657.344360352, "median": 8.37936782837}, "erbbands_crest": {"dmean": 2.19750952721, "dmean2": 3.61148166656, "max": 28.5196113586, "dvar": 4.67356491089, "mean": 7.40038967133, "dvar2": 12.1833744049, "min": 2.35690283775, "var": 10.651684761, "median": 6.60912322998}, "melbands_skewness": {"dmean": 0.875036895275, "dmean2": 1.35534751415, "max": 17.1924495697, "dvar": 1.17301940918, "mean": 3.09010982513, "dvar2": 2.68583703041, "min": -1.73067414761, "var": 3.60731840134, "median": 2.73369979858}, "spectral_energyband_middle_low": {"dmean": 0.00399805232882, "dmean2": 0.00634505413473, "max": 0.0627584680915, "dvar": 2.49807926593e-05, "mean": 0.0102753620595, "dvar2": 6.14503587713e-05, "min": 1.56111534175e-22, "var": 7.88752295193e-05, "median": 0.00803755223751}, "spectral_contrast_coeffs": {"dmean": [0.0545821748674, 0.0497354827821, 0.0394981279969, 0.0303097069263, 0.0218566078693, 0.0183514095843], "dmean2": [0.0888118520379, 0.0803863331676, 0.0627929419279, 0.0493669658899, 0.0355229973793, 0.0287291649729], "max": [-0.262527734041, -0.427685201168, -0.408681064844, -0.518589198589, -0.623033583164, -0.590555250645], "dvar": [0.00224480614997, 0.00172468146775, 0.00113899901044, 0.000642321072519, 0.00033026971505, 0.000294444151223], "mean": [-0.622217357159, -0.726443052292, -0.785404026508, -0.794409036636, -0.787320554256, -0.753574132919], "dvar2": [0.00566537119448, 0.00421651173383, 0.00262152752839, 0.00158235884737, 0.000829264172353, 0.000661613536067], "min": [-0.976907491684, -0.996554255486, -0.997831583023, -0.988936364651, -0.989634037018, -0.96459633112], "var": [0.00963862985373, 0.00697169732302, 0.00496397167444, 0.00243380572647, 0.00150347384624, 0.00179651775397], "median": [-0.628447830677, -0.73133790493, -0.796381115913, -0.797645747662, -0.785646557808, -0.752822518349]}, "spectral_contrast_valleys": {"dmean": [0.419196456671, 0.410375624895, 0.366300165653, 0.302431970835, 0.257586747408, 0.295889765024], "dmean2": [0.66388964653, 0.651697397232, 0.567386627197, 0.466011941433, 0.378123193979, 0.394895792007], "max": [-5.33420324326, -4.91696071625, -5.10156869888, -5.6794257164, -5.43880271912, -7.79450178146], "dvar": [0.172653079033, 0.1526889503, 0.131610363722, 0.102206073701, 0.0998699069023, 0.144783586264], "mean": [-7.55464792252, -7.36085128784, -7.8894109726, -7.9628276825, -7.41788434982, -9.94271850586], "dvar2": [0.359214216471, 0.33860579133, 0.270194500685, 0.200459510088, 0.176597356796, 0.243170186877], "min": [-28.6808338165, -28.0968284607, -28.0450229645, -27.8108520508, -27.4979114532, -27.439239502], "var": [5.59070014954, 5.25528717041, 5.09580659866, 4.87379074097, 4.99915552139, 4.17010879517], "median": [-7.01477050781, -7.03663396835, -7.56403827667, -7.62253475189, -7.04290056229, -9.5872335434]}, "silence_rate_20dB": {"dmean": 0, "dmean2": 0, "max": 1, "dvar": 0, "mean": 1, "dvar2": 0, "min": 1, "var": 0, "median": 1}, "silence_rate_30dB": {"dmean": 0, "dmean2": 0, "max": 1, "dvar": 0, "mean": 1, "dvar2": 0, "min": 1, "var": 0, "median": 1}, "spectral_strongpeak": {"dmean": 0.350770384073, "dmean2": 0.598342418671, "max": 7.01418113708, "dvar": 0.305779904127, "mean": 0.592406451702, "dvar2": 0.789894342422, "min": 0, "var": 0.476086139679, "median": 0.370041310787}, "spectral_spread": {"dmean": 555955.3125, "dmean2": 801411.8125, "max": 42647984, "dvar": 523909300224, "mean": 5518264.5, "dvar2": 1002500849660.0, "min": 1949639.5, "var": 14469812977700.0, "median": 4901339.5}, "barkbands_flatness_db": {"dmean": 0.0209906380624, "dmean2": 0.0325171165168, "max": 0.362409710884, "dvar": 0.000470151368063, "mean": 0.108405180275, "dvar2": 0.0010251874337, "min": 0.0187592338771, "var": 0.00208599679172, "median": 0.100055254996}, "pitch_salience": {"dmean": 0.0704967752099, "dmean2": 0.116021201015, "max": 0.99600404501, "dvar": 0.00422780169174, "mean": 0.586306929588, "dvar2": 0.0113798938692, "min": 0.103827923536, "var": 0.0113314082846, "median": 0.595893383026}, "erbbands_kurtosis": {"dmean": 0.836873233318, "dmean2": 1.32820367813, "max": 29.7014255524, "dvar": 1.96643579006, "mean": -0.0284449979663, "dvar2": 4.54865455627, "min": -1.83745443821, "var": 3.51373267174, "median": -0.500225186348}, "average_loudness": 0.76420211792, "barkbands_crest": {"dmean": 2.67594456673, "dmean2": 4.41554784775, "max": 25.3525867462, "dvar": 6.04941511154, "mean": 9.23641967773, "dvar2": 16.1285324097, "min": 2.37409639359, "var": 14.5400867462, "median": 8.54817867279}, "hfc": {"dmean": 5.93961286545, "dmean2": 8.34889888763, "max": 141.295608521, "dvar": 62.164276123, "mean": 22.1242542267, "dvar2": 122.724014282, "min": 1.09669266591e-16, "var": 324.758026123, "median": 17.6255474091}, "barkbands_kurtosis": {"dmean": 2.96890068054, "dmean2": 4.75912237167, "max": 143.577606201, "dvar": 39.4589347839, "mean": 3.30440211296, "dvar2": 94.225944519, "min": -1.92703473568, "var": 65.6181106567, "median": 0.761171996593}, "erbbands": {"dmean": [0.0699593648314, 0.489429742098, 2.20643997192, 5.02453756332, 4.58849954605, 9.13842201233, 5.32232475281, 6.14818096161, 10.1879873276, 10.0878629684, 11.9134435654, 14.0844612122, 11.8028755188, 12.3951911926, 9.62038040161, 11.3744287491, 10.6844902039, 10.5112276077, 11.4097414017, 9.5411272049, 13.3624267578, 16.9098949432, 12.2052097321, 9.90096664429, 11.7207193375, 7.80099773407, 4.94209957123, 4.77116203308, 5.30236387253, 3.99233794212, 2.23994803429, 1.31264877319, 1.10325396061, 0.60453158617, 0.436892181635, 0.241227656603, 0.0762297585607, 0.0177985951304, 0.00338014494628, 0.000164532117196], "dmean2": [0.11023042351, 0.825055718422, 3.86920499802, 8.54066848755, 7.55566596985, 15.1197595596, 8.47005462646, 9.63015174866, 16.3370456696, 15.9492340088, 18.7204113007, 22.1447734833, 18.5532665253, 19.9770774841, 15.2903966904, 18.4422206879, 16.950012207, 16.9244098663, 18.0270633698, 15.1447439194, 21.384305954, 27.5060977936, 19.6732978821, 15.8481969833, 18.4676761627, 12.4551210403, 7.81358957291, 7.43144130707, 8.16463184357, 6.04672050476, 3.37384915352, 1.993283391, 1.65204679966, 0.878726601601, 0.646296620369, 0.356561511755, 0.110922604799, 0.0252632964402, 0.00491370027885, 0.000233788639889], "max": [2.30484008789, 12.2331972122, 44.7449951172, 98.2015228271, 122.204780579, 222.7109375, 310.723571777, 341.169464111, 578.133850098, 390.938079834, 768.06628418, 714.369750977, 1123.41503906, 1025.95922852, 575.943969727, 1189.67358398, 622.867919922, 549.173583984, 1141.04150391, 557.36114502, 448.799133301, 564.455688477, 550.760742188, 502.163696289, 508.366546631, 413.88394165, 199.318664551, 229.98223877, 261.898040771, 176.482284546, 120.703651428, 69.8170700073, 64.799697876, 29.5250930786, 20.158613205, 14.579744339, 3.27328395844, 0.519686639309, 0.111479766667, 0.00458938162774], "dvar": [0.0243906714022, 0.734345674515, 20.5454521179, 81.30493927, 42.270565033, 284.177307129, 99.7125167847, 190.201278687, 563.739074707, 446.270477295, 1070.07556152, 1483.40527344, 1337.92797852, 1160.44641113, 560.21862793, 1221.6541748, 701.612182617, 587.682434082, 1014.49584961, 463.235839844, 485.937408447, 771.961975098, 440.215087891, 313.894775391, 397.023254395, 217.070999146, 76.9131088257, 71.4723358154, 108.675445557, 66.982749939, 24.846157074, 7.67167139053, 6.12540102005, 1.53849065304, 0.668672382832, 0.246462404728, 0.0246955621988, 0.00128549011424, 5.68872383155e-05, 1.2936652638e-07], "mean": [0.103112354875, 0.798312902451, 2.91330742836, 6.99496173859, 8.74977779388, 13.8637371063, 9.82863616943, 9.92478179932, 15.0743675232, 15.9052610397, 18.0612678528, 21.5806045532, 19.9302845001, 20.9308261871, 16.2546157837, 19.3157215118, 18.3702774048, 17.7855186462, 19.4727096558, 18.401802063, 28.035533905, 38.6239509583, 28.3025722504, 23.2591190338, 24.9873924255, 15.4359893799, 10.4285650253, 10.4263315201, 11.2665777206, 8.22578620911, 4.54798698425, 2.72605156898, 2.20866537094, 1.26391172409, 0.835084438324, 0.419767260551, 0.129734769464, 0.0302761010826, 0.00531791616231, 0.000281817483483], "dvar2": [0.061178162694, 2.12268471718, 57.1196670532, 217.585159302, 110.504135132, 735.128112793, 246.141021729, 443.844543457, 1358.99072266, 1088.94116211, 2520.64990234, 3780.7902832, 3466.74780273, 3135.0559082, 1316.46081543, 3222.5625, 1726.83703613, 1514.55383301, 2547.6328125, 1142.5020752, 1198.70178223, 2056.50927734, 1150.92016602, 775.254150391, 934.174926758, 535.904846191, 187.211837769, 164.720443726, 242.648849487, 140.657562256, 50.7379684448, 16.5583362579, 12.4589700699, 3.06094241142, 1.42173612118, 0.545349776745, 0.0532492212951, 0.00271167652681, 0.000123233476188, 2.70344827413e-07], "min": [6.13308051809e-23, 5.67737261254e-22, 1.32288606316e-21, 7.81978180913e-21, 1.02939945358e-20, 1.22882421743e-20, 4.612203353e-20, 5.43384896403e-20, 7.52623657393e-20, 1.99923001233e-19, 1.37385368114e-19, 3.22108343979e-19, 5.66730182186e-19, 6.11575830795e-19, 7.90740618233e-19, 1.29629210872e-18, 1.1415488466e-18, 2.13533242331e-18, 1.35143662125e-18, 2.81645093086e-18, 2.98218731994e-18, 4.1757768906e-18, 3.73963102338e-18, 5.95724517018e-18, 7.18478409434e-18, 6.84968661075e-18, 8.48031188818e-18, 9.28586751797e-18, 9.22968871949e-18, 9.91493589228e-18, 1.0133046049e-17, 1.05506159212e-17, 9.78464584682e-18, 8.4696189244e-18, 6.46292094455e-18, 4.05497171163e-18, 2.3923086951e-18, 9.66038594802e-19, 2.42774226911e-19, 2.83740560005e-20], "var": [0.0367559045553, 1.14752972126, 18.5106239319, 92.8884658813, 92.0737533569, 341.720367432, 180.079879761, 322.281951904, 1067.90344238, 832.514953613, 2075.97119141, 2763.90478516, 4126.49560547, 2473.72338867, 1201.73620605, 2437.25854492, 1517.54504395, 1055.47412109, 1754.06469727, 1091.18896484, 1242.8939209, 2300.57275391, 1235.00708008, 771.464233398, 955.241638184, 385.838104248, 158.738952637, 171.743469238, 248.134674072, 148.780792236, 55.4522895813, 17.6754951477, 13.6104688644, 3.97712540627, 1.61556506157, 0.478683501482, 0.0473200827837, 0.00260828365572, 9.54599745455e-05, 2.3182201403e-07], "median": [0.0405803881586, 0.416054129601, 1.51470506191, 3.62604546547, 5.62194871902, 7.74096870422, 5.47938013077, 3.78489542007, 4.32446813583, 6.40360069275, 4.45916604996, 4.63507604599, 3.70392632484, 4.48641061783, 4.07510471344, 4.96149635315, 5.24872303009, 6.29571437836, 7.15075063705, 7.41245222092, 15.1671380997, 17.7238922119, 14.7997207642, 12.8490428925, 14.6866950989, 9.41124153137, 6.41743516922, 6.45726251602, 6.29780864716, 4.29031324387, 2.10858154297, 1.30880367756, 1.06953799725, 0.561743915081, 0.296574831009, 0.120299093425, 0.0344497710466, 0.00728554558009, 0.0010663359426, 8.18298140075e-05]}, "spectral_energy": {"dmean": 0.0070853671059, "dmean2": 0.0112080741674, "max": 0.098261654377, "dvar": 8.04210649221e-05, "mean": 0.0227206703275, "dvar2": 0.000194570719032, "min": 1.00881655037e-20, "var": 0.000288211973384, "median": 0.0179862845689}, "zerocrossingrate": {"dmean": 0.0152005916461, "dmean2": 0.0171381868422, "max": 0.6201171875, "dvar": 0.000323730171658, "mean": 0.0892110019922, "dvar2": 0.000376593758119, "min": 0.005859375, "var": 0.00456125056371, "median": 0.07275390625}, "spectral_energyband_high": {"dmean": 0.000465106393676, "dmean2": 0.000661285826936, "max": 0.0139959286898, "dvar": 5.95485175836e-07, "mean": 0.001242953701