{"tonal": {"chords_key": "D", "hpcp_entropy": {"dmean": 0.51096779108, "dmean2": 0.853525221348, "max": 4.07478713989, "dvar": 0.189716458321, "mean": 1.76575827599, "dvar2": 0.50278031826, "min": 0, "var": 0.472251683474, "median": 1.83808660507}, "key_key": "D", "chords_strength": {"dmean": 0.00835930835456, "dmean2": 0.00792203843594, "max": 0.713101029396, "dvar": 0.000325334491208, "mean": 0.460219234228, "dvar2": 0.000603202090133, "min": -1, "var": 0.0144603187218, "median": 0.456255763769}, "key_scale": "major", "chords_number_rate": 0.00117181777023, "thpcp": [1, 0.524109899998, 0.132208019495, 0.119056642056, 0.128217577934, 0.263664603233, 0.401638001204, 0.304827570915, 0.188878327608, 0.156350359321, 0.109688103199, 0.126958474517, 0.173377990723, 0.179084777832, 0.476674288511, 0.720781207085, 0.384833693504, 0.0991696789861, 0.0916956439614, 0.0980643853545, 0.250001847744, 0.435420304537, 0.369944393635, 0.311212956905, 0.233389809728, 0.128156140447, 0.318185925484, 0.47190874815, 0.372440695763, 0.473464429379, 0.546709418297, 0.293182313442, 0.163526549935, 0.185676664114, 0.277121603489, 0.727442920208], "key_strength": 0.813405156136, "tuning_nontempered_energy_ratio": 0.617303669453, "tuning_frequency": 440.508636475, "chords_changes_rate": 0.0490698702633, "tuning_diatonic_strength": 0.633814513683, "chords_scale": "major", "chords_histogram": [53.4055938721, 1.80166983604, 11.3373374939, 0.703090667725, 0.981397390366, 0, 0.131829500198, 0.0878863334656, 0.175772666931, 0, 0, 0, 0, 0, 0, 0.336897611618, 0, 9.47707653046, 0, 2.4168741703, 0.30760216713, 1.97744250298, 13.1536550522, 3.7058737278], "tuning_equal_tempered_deviation": 0.0264586154372, "hpcp": {"dmean": [0.18744328618, 0.14380659163, 0.0764527544379, 0.0696052834392, 0.0711943432689, 0.0915737301111, 0.113461121917, 0.0985555127263, 0.0825647115707, 0.0689145326614, 0.0610024780035, 0.0630381181836, 0.0720045492053, 0.0804754272103, 0.124374262989, 0.15663062036, 0.109122179449, 0.0538151748478, 0.0509634874761, 0.0511613078415, 0.0830634087324, 0.115892581642, 0.116580083966, 0.138039782643, 0.107481524348, 0.067699201405, 0.0964462608099, 0.112278901041, 0.128367453814, 0.15526124835, 0.151810184121, 0.122574470937, 0.0897291824222, 0.0955497324467, 0.128514736891, 0.181961849332], "dmean2": [0.318669885397, 0.244947522879, 0.14275123179, 0.129532977939, 0.130693346262, 0.159057319164, 0.190256521106, 0.169946104288, 0.14841273427, 0.124732293189, 0.112866640091, 0.115951485932, 0.129002392292, 0.144770488143, 0.208489775658, 0.259203523397, 0.18423999846, 0.100346744061, 0.095701277256, 0.0936641842127, 0.141999304295, 0.192710205913, 0.199758306146, 0.247977569699, 0.193981006742, 0.123200550675, 0.166826844215, 0.189897313714, 0.228531613946, 0.268543452024, 0.258179634809, 0.219474822283, 0.165327191353, 0.174246490002, 0.230585038662, 0.316279768944], "max": [1, 1, 1, 1, 1, 1, 1, 1, 1, 1, 1, 1, 1, 1, 1, 1, 1, 1, 1, 1, 1, 1, 1, 1, 1, 1, 1, 1, 1, 1, 1, 1, 1, 1, 1, 1], "dvar": [0.0548444055021, 0.035019159317, 0.0286480300128, 0.0292270034552, 0.0295698158443, 0.0285346526653, 0.0357105657458, 0.0346958525479, 0.0355614088476, 0.0325259044766, 0.0302894003689, 0.0253193601966, 0.0281109642237, 0.0289306547493, 0.0327745378017, 0.0479275211692, 0.0273769553751, 0.0214133560658, 0.0231447219849, 0.020857475698, 0.0247293058783, 0.0359052866697, 0.0310625936836, 0.0542294718325, 0.0381678119302, 0.0266788564622, 0.0320888124406, 0.0368176400661, 0.0386319458485, 0.0487138144672, 0.0513386949897, 0.0406197868288, 0.0349511243403, 0.036839902401, 0.0407085567713, 0.0521135367453], "mean": [0.40918931365, 0.21446017921, 0.054098110646, 0.0487167052925, 0.0524652637541, 0.107888735831, 0.164345979691, 0.12473218888, 0.0772869959474, 0.0639768987894, 0.0448831990361, 0.0519500486553, 0.0709444209933, 0.0732795745134, 0.195050030947, 0.294935971498, 0.157469838858, 0.0405791737139, 0.0375208780169, 0.0401268973947, 0.102298080921, 0.178169339895, 0.151377290487, 0.127345010638, 0.0955006182194, 0.0524401254952, 0.130198284984, 0.193100020289, 0.152398750186, 0.193736582994, 0.223707646132, 0.119967065752, 0.0669133141637, 0.0759769082069, 0.11339519918, 0.297661870718], "dvar2": [0.12779058516, 0.0952600464225, 0.0822374299169, 0.0827412307262, 0.0834227204323, 0.0763021036983, 0.0872524529696, 0.089786849916, 0.09653455019, 0.0864257216454, 0.0849760770798, 0.0722445994616, 0.077647075057, 0.082364462316, 0.0829116478562, 0.113663561642, 0.0722750127316, 0.0612566284835, 0.066610366106, 0.0592098757625, 0.0660284385085, 0.0879743248224, 0.0825930833817, 0.146207839251, 0.102848030627, 0.0762126520276, 0.0858929976821, 0.0902207270265, 0.10605828464, 0.129357263446, 0.122844807804, 0.111954830587, 0.0966422110796, 0.100914716721, 0.111898176372, 0.13601051271], "min": [0, 0, 0, 0, 0, 0, 0, 0, 0, 0, 0, 0, 0, 0, 0, 0, 0, 0, 0, 0, 0, 0, 0, 0, 0, 0, 0, 0, 0, 0, 0, 0, 0, 0, 0, 0], "var": [0.141166657209, 0.0522232428193, 0.0190951470286, 0.0203887969255, 0.0216422583908, 0.0348115600646, 0.0665118917823, 0.0499280765653, 0.0359636284411, 0.0353663787246, 0.0221615061164, 0.0185721963644, 0.0278301462531, 0.0253629498184, 0.0609398745, 0.114012554288, 0.0414318963885, 0.0143330320716, 0.0158303789794, 0.0164936706424, 0.0316084399819, 0.0700894296169, 0.0472871847451, 0.0582215934992, 0.038679279387, 0.0203193929046, 0.0489137135446, 0.0890220701694, 0.0524407327175, 0.0792320221663, 0.101658768952, 0.0425945483148, 0.0266578011215, 0.031596750021, 0.0401892997324, 0.0976045951247], "median": [0.25889608264, 0.120079226792, 0.00884508527815, 0.00410752324387, 0.00546173611656, 0.030823783949, 0.0500714965165, 0.0323414504528, 0.00940243620425, 0.00558401690796, 0.00298128277063, 0.00906912796199, 0.0133544681594, 0.0158564299345, 0.0823343470693, 0.13281661272, 0.069855555892, 0.00740462960675, 0.00450614048168, 0.00442488025874, 0.0317652262747, 0.0614628978074, 0.055612783879, 0.0142832463607, 0.00876167975366, 0.00599072268233, 0.0252794716507, 0.0429224893451, 0.0449834950268, 0.0510504581034, 0.0526635572314, 0.0252272579819, 0.008355663158, 0.00824902951717, 0.0192239712924, 0.160190403461]}}, "lowlevel": {"melbands_flatness_db": {"dmean": 0.0288995802402, "dmean2": 0.044691350311, "max": 0.504750430584, "dvar": 0.000808120355941, "mean": 0.221737369895, "dvar2": 0.00190193485469, "min": 0.00352579215541, "var": 0.00355282821693, "median": 0.21812145412}, "melbands_crest": {"dmean": 3.2452917099, "dmean2": 5.31450843811, "max": 36.1510047913, "dvar": 8.48628902435, "mean": 14.2666959763, "dvar2": 21.9728679657, "min": 1.48609244823, "var": 23.8350410461, "median": 13.6614284515}, "spectral_entropy": {"dmean": 0.216489583254, "dmean2": 0.319305866957, "max": 9.82424449921, "dvar": 0.0434646271169, "mean": 7.4876074791, "dvar2": 0.0935159996152, "min": 5.55660009384, "var": 0.256652921438, "median": 7.52375936508}, "melbands": {"dmean": [0.00159388210159, 0.00184954528231, 0.000556756858714, 0.000617126119323, 0.000161504052812, 0.000196447115741, 0.000293026387226, 0.000137910494232, 0.000154786699568, 7.78197645559e-05, 5.76050952077e-05, 8.13428123365e-05, 2.82531054836e-05, 5.19056520716e-05, 3.47990026057e-05, 1.92473817151e-05, 1.49927936945e-05, 1.96006476472e-05, 1.21453467727e-05, 7.10223548595e-06, 6.04551723882e-06, 4.74969920106e-06, 5.26476469531e-06, 3.16952377943e-06, 1.96255700757e-06, 2.09661470763e-06, 1.78041580057e-06, 1.8839303948e-06, 1.80105200798e-06, 1.4496492895e-06, 1.01112004813e-06, 1.09095697098e-06, 1.18431705687e-06, 9.65751610238e-07, 9.27837902509e-07, 7.67621486375e-07, 6.48462957997e-07, 8.16757221855e-07, 8.20407308311e-07, 7.90683884588e-07], "dmean2": [0.00268909754232, 0.00315250712447, 0.000931497779675, 0.00105995684862, 0.000252996193012, 0.000304052548017, 0.000420281372499, 0.000204189011129, 0.000212130180444, 0.000109252490802, 7.99697663751e-05, 0.000106090163172, 4.07644256484e-05, 7.59358226787e-05, 5.0677186664e-05, 2.85649239231e-05, 2.31996109505e-05, 2.9090046155e-05, 1.81603845704e-05, 1.12806274046e-05, 9.64053742791e-06, 7.47637750464e-06, 8.40726625029e-06, 4.99211773786e-06, 3.03004844682e-06, 3.2743284919e-06, 2.75858042187e-06, 2.92986874229e-06, 2.74728472505e-06, 2.21018467528e-06, 1.56228213655e-06, 1.71860665432e-06, 1.92744096239e-06, 1.53154064719e-06, 1.4937971855e-06, 1.23670110952e-06, 9.97584606921e-07, 1.28160877466e-06, 1.27766486457e-06, 1.21197751923e-06], "max": [0.0534192919731, 0.056313380599, 0.0148511286825, 0.0264583900571, 0.00958783738315, 0.0135781411082, 0.0189415607601, 0.0127970138565, 0.0127047048882, 0.00566372880712, 0.00655749067664, 0.020088929683, 0.00685106823221, 0.00743641331792, 0.00424225907773, 0.00455916160718, 0.00601902510971, 0.00598395802081, 0.00329627492465, 0.000390124012483, 0.000736994727049, 0.00067589856917, 0.000533250451554, 0.000147419283167, 0.000132193934405, 0.000257623672951, 0.000179980168468, 0.000605135632213, 0.000370715162717, 0.000184854434337, 6.11206560279e-05, 6.36544064037e-05, 7.87419339758e-05, 8.39553467813e-05, 6.13382508163e-05, 9.86782470136e-05, 0.00011906871805, 0.000122523939353, 0.00017692851543, 0.000191734376131], "dvar": [1.14829217637e-05, 1.35653508551e-05, 7.00764928752e-07, 2.31519106819e-06, 1.11912179079e-07, 2.17012470216e-07, 4.4773770469e-07, 1.26651542587e-07, 1.63851495927e-07, 3.60301122271e-08, 1.94124716302e-08, 4.16568717299e-08, 1.19166454482e-08, 5.68226461439e-08, 1.66649396505e-08, 4.16911616341e-09, 6.62742749569e-09, 7.74257369329e-09, 2.26965490846e-09, 2.0421937752e-10, 2.54079923767e-10, 1.6624528143e-10, 1.91333948685e-10, 3.78053283123e-11, 2.04255883041e-11, 3.46358532133e-11, 2.52289300562e-11, 7.28522173143e-11, 5.37411191937e-11, 1.89114973681e-11, 5.34222449264e-12, 5.31463675152e-12, 9.579051094e-12, 6.85490553209e-12, 5.69698368341e-12, 4.86510918357e-12, 2.8578101257e-12, 4.16279901175e-12, 4.78252160097e-12, 6.21940953599e-12], "mean": [0.00222098175436, 0.00288653490134, 0.000983128440566, 0.0007939072093, 0.000354306102963, 0.000412469700677, 0.000751317478716, 0.000307423324557, 0.00037621561205, 0.000211347869481, 0.000168952203239, 0.000237685060711, 5.65225891478e-05, 9.12545947358e-05, 6.92872636137e-05, 4.03870544687e-05, 2.72133383987e-05, 3.24227366946e-05, 2.13768817048e-05, 1.48244571392e-05, 1.15355933303e-05, 9.88883493847e-06, 1.01754285424e-05, 6.11495988778e-06, 3.68173914467e-06, 3.57713156518e-06, 3.21137031278e-06, 3.02839316646e-06, 2.87028910861e-06, 2.37196695707e-06, 1.68450856108e-06, 1.80618883405e-06, 1.78375398718e-06, 1.5785708456e-06, 1.50279527134e-06, 1.25035853671e-06, 1.26703105252e-06, 1.43079773807e-06, 1.53709061124e-06, 1.53853352458e-06], "dvar2": [3.06406836899e-05, 3.70173693227e-05, 1.90757236851e-06, 6.50087395115e-06, 2.83127405964e-07, 5.09370636337e-07, 9.50848573211e-07, 2.70204395747e-07, 3.05353296426e-07, 7.16425319069e-08, 3.87251475331e-08, 5.68445273075e-08, 2.08414494551e-08, 1.28924156684e-07, 3.62667407217e-08, 8.89458373621e-09, 1.43071723357e-08, 1.59443978021e-08, 4.61522553508e-09, 5.14166209609e-10, 5.70705205316e-10, 3.80004944178e-10, 4.80105899481e-10, 9.18699075148e-11, 4.68357713723e-11, 8.16153325478e-11, 5.73262826098e-11, 1.76838169108e-10, 1.23691404341e-10, 4.3254868437e-11, 1.2028386967e-11, 1.26335227002e-11, 2.47177729673e-11, 1.54344505926e-11, 1.45837595472e-11, 1.27541822589e-11, 5.41095683884e-12, 8.28997547692e-12, 8.85897605274e-12, 1.1017435228e-11], "min": [1.20819392167e-24, 5.83326253202e-25, 1.1066056962e-24, 9.88236131292e-25, 2.43254450354e-24, 2.40422163603e-24, 1.65447284892e-24, 1.41299394697e-24, 1.30951107482e-24, 2.75748045192e-24, 1.46988107343e-24, 2.00848976014e-24, 1.69976510058e-24, 2.00550017453e-24, 4.09536626186e-24, 3.14946819674e-24, 3.41739158978e-24, 3.03229671434e-24, 3.01776629089e-24, 3.18347875138e-24, 3.9464506222e-24, 2.63365630829e-24, 2.88474126809e-24, 4.75879433885e-24, 4.54222993226e-24, 3.47453036287e-24, 4.23854569945e-24, 3.86833051561e-24, 3.94255443819e-24, 5.23641569594e-24, 6.74679047875e-24, 5.00410049809e-24, 4.67096532667e-24, 4.90120029832e-24, 5.0973142748e-24, 5.85488856209e-24, 5.33954387651e-24, 4.86771630833e-24, 6.44207244372e-24, 5.68515369985e-24], "var": [1.15975262815e-05, 1.65199980984e-05, 1.02877106656e-06, 1.8618464992e-06, 2.34808808841e-07, 5.85778366258e-07, 2.27960140364e-06, 3.38122902122e-07, 7.3858319638e-07, 1.74763073346e-07, 1.18133037574e-07, 4.61568760102e-07, 3.37303411868e-08, 1.08488926287e-07, 3.34262324486e-08, 7.96754839882e-09, 1.07523883131e-08, 1.3610383931e-08, 3.92174603903e-09, 5.23448728806e-10, 5.19410014999e-10, 3.87503140686e-10, 4.4956544043e-10, 8.50813725028e-11, 4.05701722217e-11, 5.85917425688e-11, 4.87027848606e-11, 8.26696974765e-11, 8.08014141707e-11, 3.26483874658e-11, 1.02704737076e-11, 1.18495699364e-11, 1.29257672274e-11, 1.24701351675e-11, 8.83030541049e-12, 6.43064551262e-12, 8.19351184123e-12, 1.04315523233e-11, 1.30693234013e-11, 1.73006140664e-11], "median": [0.00109044404235, 0.00157336017583, 0.000693666166626, 0.000433983979747, 0.000197068773559, 0.000168091937667, 0.00026158124092, 0.0001291049266, 0.000117217292427, 5.90360286878e-05, 5.00332935189e-05, 5.92415854044e-05, 2.20938127313e-05, 2.08095971175e-05, 2.55415052379e-05, 2.02714836632e-05, 1.1192502825e-05, 7.85308293416e-06, 6.85517761667e-06, 6.64167964715e-06, 4.71501243737e-06, 3.4813460843e-06, 3.1366521398e-06, 3.02713533529e-06, 1.73547937266e-06, 1.39955682243e-06, 1.03912645955e-06, 8.96139397355e-07, 8.62629804033e-07, 8.33644207887e-07, 6.64643323489e-07, 6.90700062478e-07, 6.79216952904e-07, 6.48721481866e-07, 6.5586391429e-07, 5.52713117941e-07, 6.20279195118e-07, 6.4773792019e-07, 7.07479784978e-07, 6.84697852193e-07]}, "silence_rate_60dB": {"dmean": 0.0114268967882, "dmean2": 0.0228554680943, "max": 1, "dvar": 0.0112959165126, "mean": 0.0687028467655, "dvar2": 0.0262853931636, "min": 0, "var": 0.0639780834317, "median": 0}, "spectral_energyband_middle_high": {"dmean": 0.00134834286291, "dmean2": 0.00184747204185, "max": 0.148036539555, "dvar": 9.77398394753e-06, "mean": 0.00440170615911, "dvar2": 1.95823868125e-05, "min": 1.21458901666e-21, "var": 4.77245012007e-05, "median": 0.00224460079335}, "erbbands_skewness": {"dmean": 0.324023932219, "dmean2": 0.489964216948, "max": 4.41082572937, "dvar": 0.0996780619025, "mean": 0.862440526485, "dvar2": 0.208051517606, "min": -3.39552092552, "var": 0.420374602079, "median": 0.872474312782}, "dynamic_complexity": 4.2012181282, "dissonance": {"dmean": 0.0219942070544, "dmean2": 0.0364640913904, "max": 0.499928444624, "dvar": 0.000386710686143, "mean": 0.446347862482, "dvar2": 0.00101981195621, "min": 0.228682339191, "var": 0.00106370635331, "median": 0.45162910223}, "spectral_skewness": {"dmean": 0.234473019838, "dmean2": 0.353795617819, "max": 6.33390045166, "dvar": 0.0677035972476, "mean": 1.89958977699, "dvar2": 0.152042672038, "min": -0.0814673677087, "var": 0.282981902361, "median": 1.86365056038}, "spectral_kurtosis": {"dmean": 1.59334445, "dmean2": 2.50415062904, "max": 69.9213562012, "dvar": 6.91035938263, "mean": 4.96451568604, "dvar2": 17.2859516144, "min": -1.25684726238, "var": 16.7388591766, "median": 4.12688446045}, "gfcc": {"cov": [[20893.4023438, 132.840072632, -515.475463867, 62.660823822, -537.528076172, 292.249847412, -203.989212036, 425.419525146, -129.023605347, 302.15637207, -165.180831909, 76.123550415, -113.866279602], [132.840072632, 1171.70629883, -428.515533447, 4.31631994247, 58.8389663696, -129.363067627, -39.7223968506, -82.4877243042, 27.2155799866, -134.452148438, 23.6270275116, -73.4788970947, -23.129945755], [-515.475463867, -428.515533447, 743.231750488, -11.8897285461, 95.0747070313, 122.793273926, 42.4862289429, 46.078289032, 3.88397884369, 74.9580078125, 19.0880832672, 40.0822181702, 4.07942390442], [62.660823822, 4.31631994247, -11.8897285461, 260.15625, 7.0318198204, 35.0935592651, 24.2975826263, -2.57927513123, 15.0544910431, 20.4289016724, 13.8376913071, -17.1937522888, 30.8722286224], [-537.528076172, 58.8389663696, 95.0747070313, 7.0318198204, 231.706542969, 20.6460514069, 41.286491394, -4.4362783432, 42.4493637085, -0.417696475983, 8.8142080307, -0.363655030727, 2.25468754768], [292.249847412, -129.363067627, 122.793273926, 35.0935592651, 20.6460514069, 212.496688843, 38.7373886108, 74.6686096191, 13.3565778732, 53.565776825, 19.1137886047, 4.78949975967, 21.4072570801], [-203.989212036, -39.7223968506, 42.4862289429, 24.2975826263, 41.286491394, 38.7373886108, 151.234207153, 29.1185035706, 30.3547306061, 5.29424953461, 4.02096366882, -1.47322940826, -5.99186944962], [425.419525146, -82.4877243042, 46.078289032, -2.57927513123, -4.4362783432, 74.6686096191, 29.1185035706, 138.871704102, 35.8091850281, 44.0406990051, 2.87867975235, 6.13111209869, 22.1495361328], [-129.023605347, 27.2155799866, 3.88397884369, 15.0544910431, 42.4493637085, 13.3565778732, 30.3547306061, 35.8091850281, 90.0029754639, 31.2620754242, 7.16850042343, -4.70675706863, 10.3817873001], [302.15637207, -134.452148438, 74.9580078125, 20.4289016724, -0.417696475983, 53.565776825, 5.29424953461, 44.0406990051, 31.2620754242, 104.645446777, 30.1229972839, 9.15592765808, 10.2429361343], [-165.180831909, 23.6270275116, 19.0880832672, 13.8376913071, 8.8142080307, 19.1137886047, 4.02096366882, 2.87867975235, 7.16850042343, 30.1229972839, 72.5859298706, 20.3689632416, 3.67939186096], [76.123550415, -73.4788970947, 40.0822181702, -17.1937522888, -0.363655030727, 4.78949975967, -1.47322940826, 6.13111209869, -4.70675706863, 9.15592765808, 20.3689632416, 74.7507019043, 24.0326099396], [-113.866279602, -23.129945755, 4.07942390442, 30.8722286224, 2.25468754768, 21.4072570801, -5.99186944962, 22.1495361328, 10.3817873001, 10.2429361343, 3.67939186096, 24.0326099396, 80.7102279663]], "mean": [-5.81874513626, 83.7782821655, -79.0707702637, 10.4425592422, -51.6666107178, 18.4489593506, -36.6390724182, 13.01496315, -22.7538356781, 6.03023099899, -17.1827297211, 2.06369829178, -14.6065406799], "icov": [[7.30007668608e-05, -9.40528771025e-05, 5.25959185325e-05, -7.55513610784e-05, 0.000100475845102, -9.0217901743e-05, 7.63343050494e-05, -0.000234293358517, 0.000232293517911, -0.000408768042689, 0.00043979275506, -0.000335433898726, 0.000295191362966], [-9.40528771025e-05, 0.0016640246613, 0.00059966329718, 0.000143668235978, -0.000641134916805, 0.000284000649117, 0.000373509334167, 0.000380099518225, -0.00126148248091, 0.00258175609633, -0.00240390351973, 0.00180811691098, -0.000469266436994], [5.25959185325e-05, 0.00059966329718, 0.00205565057695, 0.000106365820102, -0.000920171616599, -0.000696637027431, 2.82163964584e-05, -0.000138277246151, 0.000494160631206, -0.00061552360421, -2.20789047489e-06, -0.000553607475013, 0.000531485944521], [-7.55513610784e-05, 0.000143668235978, 0.000106365820102, 0.00463377870619, 9.16799217521e-06, -0.000522487447597, -0.000921603525057, 0.00140130962245, -0.000468115671538, -0.000261380104348, -0.0013725097524, 0.00237491354346, -0.00270911189727], [0.000100475845102, -0.000641134916805, -0.000920171616599, 9.16799217521e-06, 0.00575087312609, -0.000654999690596, -0.000877479382325, 0.000900155922864, -0.00246033584699, 0.000200035996386, 0.000491104379762, -0.000621504557785, 0.000155678062583], [-9.0217901743e-05, 0.000284000649117, -0.000696637027431, -0.000522487447597, -0.000654999690596, 0.00720981881022, -0.00113976211287, -0.00279043917544, 0.0014197838027, -0.00117145455442, -0.00166619499214, 0.00151304178871, -0.00143218704034], [7.63343050494e-05, 0.000373509334167, 2.82163964584e-05, -0.000921603525057, -0.000877479382325, -0.00113976211287, 0.00826465245336, -0.0014667653013, -0.00236275605857, 0.00181115418673, -0.000235350307776, -0.0005896006478, 0.00216909567825], [-0.000234293358517, 0.000380099518225, -0.000138277246151, 0.00140130962245, 0.000900155922864, -0.00279043917544, -0.0014667653013, 0.0119089633226, -0.00415750266984, -0.00108647474553, 7.7642594988e-05, 0.00101563241333, -0.00304605090059], [0.000232293517911, -0.00126148248091, 0.000494160631206, -0.000468115671538, -0.00246033584699, 0.0014197838027, -0.00236275605857, -0.00415750266984, 0.0177080705762, -0.00735429581255, 0.00248647038825, -0.00011158194684, -0.000646604981739], [-0.000408768042689, 0.00258175609633, -0.00061552360421, -0.000261380104348, 0.000200035996386, -0.00117145455442, 0.00181115418673, -0.00108647474553, -0.00735429581255, 0.0203971900046, -0.0100145498291, 0.00358504895121, -0.00122155447025], [0.00043979275506, -0.00240390351973, -2.20789047489e-06, -0.0013725097524, 0.000491104379762, -0.00166619499214, -0.000235350307776, 7.7642594988e-05, 0.00248647038825, -0.0100145498291, 0.0224334131926, -0.00885354261845, 0.00341078313068], [-0.000335433898726, 0.00180811691098, -0.000553607475013, 0.00237491354346, -0.000621504557785, 0.00151304178871, -0.0005896006478, 0.00101563241333, -0.00011158194684, 0.00358504895121, -0.00885354261845, 0.0205901265144, -0.00770995998755], [0.000295191362966, -0.000469266436994, 0.000531485944521, -0.00270911189727, 0.000155678062583, -0.00143218704034, 0.00216909567825, -0.00304605090059, -0.000646604981739, -0.00122155447025, 0.00341078313068, -0.00770995998755, 0.0174323171377]]}, "spectral_complexity": {"dmean": 2.31848812103, "dmean2": 3.55651593208, "max": 55, "dvar": 6.28160095215, "mean": 15.1281032562, "dvar2": 12.5319833755, "min": 0, "var": 51.2291374207, "median": 15}, "spectral_flux": {"dmean": 0.0279006827623, "dmean2": 0.0443156845868, "max": 0.464194625616, "dvar": 0.00127569132019, "mean": 0.0773647427559, "dvar2": 0.00267227971926, "min": 6.35086636058e-11, "var": 0.00275500770658, "median": 0.0661140680313}, "spectral_energyband_low": {"dmean": 0.00856207869947, "dmean2": 0.0143369687721, "max": 0.206583440304, "dvar": 0.000281878456008, "mean": 0.0142435282469, "dvar2": 0.000746110803448, "min": 1.94596728748e-23, "var": 0.000337862060405, "median": 0.00856987200677}, "spectral_decrease": {"dmean": 2.97995783605e-09, "dmean2": 4.77304329394e-09, "max": 1.88225791808e-28, "dvar": 2.38652244264e-17, "mean": -8.08822075982e-09, "dvar2": 6.09274570904e-17, "min": -7.15457773026e-08, "var": 4.86185132672e-17, "median": -6.42399822226e-09}, "barkbands_spread": {"dmean": 6.10927438736, "dmean2": 9.57942390442, "max": 124.526672363, "dvar": 63.2388267517, "mean": 19.5289344788, "dvar2": 146.187652588, "min": 0.960898041725, "var": 162.824493408, "median": 16.449180603}, "spectral_rms": {"dmean": 0.000910679693334, "dmean2": 0.00140510045458, "max": 0.0165576376021, "dvar": 1.3522444533e-06, "mean": 0.00509405881166, "dvar2": 3.28675287165e-06, "min": 3.1628749099e-12, "var": 5.61666865906e-06, "median": 0.00501176808029}, "spectral_centroid": {"dmean": 178.195098877, "dmean2": 274.216705322, "max": 11523.2695313, "dvar": 61896.3632813, "mean": 956.055725098, "dvar2": 121054.109375, "min": 179.087615967, "var": 864785.6875, "median": 806.974914551}, "barkbands_skewness": {"dmean": 0.593132436275, "dmean2": 0.932510375977, "max": 10.5464897156, "dvar": 0.462176471949, "mean": 2.02883601189, "dvar2": 1.1496219635, "min": -2.4773068428, "var": 1.3169208765, "median": 1.88354921341}, "spectral_rolloff": {"dmean": 354.308258057, "dmean2": 607.389099121, "max": 19810.546875, "dvar": 881879.875, "mean": 1050.69897461, "dvar2": 2134590.25, "min": 21.533203125, "var": 3335323, "median": 732.12890625}, "erbbands_spread": {"dmean": 9.00612068176, "dmean2": 13.4655809402, "max": 165.258575439, "dvar": 118.90914917, "mean": 38.06640625, "dvar2": 259.711181641, "min": 3.95071601868, "var": 383.603302002, "median": 33.6182441711}, "barkbands": {"dmean": [0.000322404433973, 0.00613320851699, 0.0029853770975, 0.000913060386665, 0.00237572798505, 0.000962059770245, 0.00128485530149, 0.000799480767455, 0.000554858474061, 0.000573276192881, 0.000187445693882, 0.000457204907434, 0.000203389543458, 0.000142575168866, 0.000237073836615, 8.46233524499e-05, 0.000106740393676, 5.6273991504e-05, 5.02870134369e-05, 5.61838205613e-05, 5.33534621354e-05, 5.44486319995e-05, 5.2309493185e-05, 5.77552164032e-05, 8.88422073331e-05, 0.000176345769432, 4.72893734695e-05], "dmean2": [0.000537327083293, 0.0104416981339, 0.00496734771878, 0.00156661588699, 0.00405738456175, 0.00147612229921, 0.00183170323726, 0.0011185730109, 0.000779659952968, 0.000761711155064, 0.00027149062953, 0.000667209445965, 0.000299482693663, 0.000217506210902, 0.000352383474819, 0.000133847541292, 0.000167353937286, 8.85232584551e-05, 7.75642911321e-05, 8.58059138409e-05, 7.96738022473e-05, 8.49923017086e-05, 8.29110504128e-05, 8.8670552941e-05, 0.000128860076074, 0.000288721814286, 7.8625344031e-05], "max": [0.0145995020866, 0.175680100918, 0.115571960807, 0.0320253968239, 0.100218400359, 0.0559704042971, 0.0804658308625, 0.0615905486047, 0.0360890701413, 0.119844675064, 0.0464978516102, 0.0672021582723, 0.0150441806763, 0.0591385029256, 0.0727091357112, 0.00686400849372, 0.0137325236574, 0.00182827364188, 0.0047394563444, 0.0146226249635, 0.00503974081948, 0.00246185832657, 0.00306912139058, 0.0098440926522, 0.0132072698325, 0.0160898845643, 0.00246082968079], "dvar": [5.83074040605e-07, 0.000162672266015, 3.57546632586e-05, 2.21685991164e-06, 3.27284869854e-05, 4.26971382694e-06, 9.30137866817e-06, 4.61864783574e-06, 1.67788869021e-06, 1.81762527518e-06, 5.28919827048e-07, 4.4791208893e-06, 2.05293915201e-07, 6.20285845798e-07, 1.10563576072e-06, 3.51773650209e-08, 7.99016603992e-08, 1.07799236204e-08, 1.64531357427e-08, 5.1543143087e-08, 2.09249293448e-08, 1.4325731712e-08, 1.67720273225e-08, 1.99932532752e-08, 4.69089833643e-08, 2.89487076088e-07, 1.58949440277e-08], "mean": [0.000392204907257, 0.00845376774669, 0.00484261568636, 0.00126978009939, 0.00337421521544, 0.00209994381294, 0.00326004368253, 0.00180709420238, 0.00152537517715, 0.00161146209575, 0.000347986584529, 0.000808249576949, 0.000423094519647, 0.000263760302914, 0.000398973323172, 0.000177019537659, 0.000222721355385, 0.000113563764899, 9.24347696127e-05, 9.75972434389e-05, 9.32159891818e-05, 9.17488941923e-05, 8.94571276149e-05, 0.000112128785986, 0.000181418450666, 0.00016598343791, 3.93228328903e-05], "dvar2": [1.56857777256e-06, 0.000438750721514, 9.41248290474e-05, 6.41239603283e-06, 9.1896057711e-05, 1.01475634438e-05, 1.98125108e-05, 9.19653666642e-06, 3.36006587531e-06, 2.72699480774e-06, 9.27279018015e-07, 1.00595061667e-05, 4.19845576971e-07, 1.33074695441e-06, 2.25784060603e-06, 8.88637501362e-08, 1.85808389119e-07, 2.60911949823e-08, 3.73408006737e-08, 1.20811137094e-07, 4.49765735766e-08, 3.44682682396e-08, 4.04457836112e-08, 3.84923062313e-08, 8.10516596061e-08, 7.55352971282e-07, 4.01391133664e-08], "min": [5.34723398843e-25, 3.72514476714e-24, 1.21596676539e-24, 6.08877852352e-25, 6.39349044488e-24, 1.01685054207e-23, 1.02885858277e-23, 8.37067800709e-24, 2.02284746249e-23, 1.58058600662e-23, 8.55458278334e-24, 1.57654088567e-23, 2.91256029014e-23, 3.32419169702e-23, 4.3551514897e-23, 6.7770175776e-23, 5.04905689221e-23, 1.04149752287e-22, 1.36829552219e-22, 1.76291631116e-22, 2.67731313296e-22, 2.96867796167e-22, 4.06944285679e-22, 5.42726962679e-22, 8.47660198959e-22, 1.35044010368e-21, 1.86913333972e-21], "var": [6.45760280804e-07, 0.000158217255375, 6.47569977446e-05, 2.76275318356e-06, 2.72316192422e-05, 1.15985312732e-05, 4.50459519925e-05, 1.88093872566e-05, 9.4766892289e-06, 1.77237689059e-05, 1.48226058627e-06, 8.5444889919e-06, 5.4354779877e-07, 1.02902163235e-06, 1.88306307791e-06, 7.57976295063e-08, 2.14840440549e-07, 2.54317953363e-08, 3.21019335559e-08, 6.77202223187e-08, 4.45175594166e-08, 2.76158722556e-08, 2.96057294236e-08, 5.60226602886e-08, 1.43025559396e-07, 2.33906291669e-07, 1.29314727815e-08], "median": [7.22617842257e-05, 0.00455928407609, 0.00190663710237, 0.000721564108972, 0.00203786464408, 0.000989947002381, 0.00105064804666, 0.00049451488303, 0.000392622605432, 0.000429921696195, 0.000120348522614, 0.00019530337886, 0.000202086375793, 0.000101639161585, 0.000104314742202, 8.49887510412e-05, 7.22517870599e-05, 5.86053429288e-05, 3.91218345612e-05, 3.06815854856e-05, 3.41144732374e-05, 3.68651053577e-05, 4.0261362301e-05, 5.42147063243e-05, 8.35391620058e-05, 3.42785460816e-05, 5.63052935831e-06]}, "melbands_kurtosis": {"dmean": 9.22459602356, "dmean2": 14.978600502, "max": 406.408813477, "dvar": 352.71307373, "mean": 16.4729290009, "dvar2": 900.216308594, "min": -1.69871246815, "var": 520.634643555, "median": 9.77770233154}, "erbbands_crest": {"dmean": 2.39656352997, "dmean2": 3.62850022316, "max": 31.8621120453, "dvar": 5.93639039993, "mean": 10.1288671494, "dvar2": 12.5832796097, "min": 2.24820327759, "var": 23.5876464844, "median": 8.88717365265}, "melbands_skewness": {"dmean": 0.799103021622, "dmean2": 1.2493005991, "max": 15.3015213013, "dvar": 0.961637318134, "mean": 2.75785636902, "dvar2": 2.29811549187, "min": -1.04044413567, "var": 2.6918656826, "median": 2.435795784}, "spectral_energyband_middle_low": {"dmean": 0.00465908506885, "dmean2": 0.00727399298921, "max": 0.166194587946, "dvar": 6.48636269034e-05, "mean": 0.0135204214603, "dvar2": 0.000167856851476, "min": 1.44544712847e-22, "var": 0.000161634277902, "median": 0.0102100260556}, "spectral_contrast_coeffs": {"dmean": [0.0505857057869, 0.0419784709811, 0.034976195544, 0.0317073203623, 0.0233014002442, 0.0179305393249], "dmean2": [0.0841760262847, 0.0672138556838, 0.0544692464173, 0.0500535406172, 0.0363537557423, 0.0279877390712], "max": [-0.321338266134, -0.364450365305, -0.453374922276, -0.511068582535, -0.542991042137, -0.585816085339], "dvar": [0.00171731563751, 0.00126471475232, 0.000865942565724, 0.000697643263265, 0.000441863754531, 0.000303787732264], "mean": [-0.652745068073, -0.702534973621, -0.720454394817, -0.751061975956, -0.789410710335, -0.812798082829], "dvar2": [0.00457063037902, 0.00314019410871, 0.00203224970028, 0.00164100108668, 0.000942434940953, 0.000651428417768], "min": [-0.98217445612, -0.99384444952, -0.977340936661, -0.971002817154, -0.969550609589, -0.964793384075], "var": [0.00720553938299, 0.00645704381168, 0.00531665235758, 0.00322488462552, 0.00238702795468, 0.00152767449617], "median": [-0.656508862972, -0.704509079456, -0.722887694836, -0.750049471855, -0.791685760021, -0.816787421703]}, "spectral_contrast_valleys": {"dmean": [0.411725252867, 0.318625122309, 0.316154569387, 0.326534986496, 0.31194716692, 0.361846238375], "dmean2": [0.657947421074, 0.51097458601, 0.495762318373, 0.505989849567, 0.449373155832, 0.516999185085], "max": [-4.91895866394, -4.41869068146, -5.51995372772, -5.86366844177, -5.78470993042, -7.34676504135], "dvar": [0.139158993959, 0.0872173011303, 0.0888830497861, 0.0961203798652, 0.0998762324452, 0.152473896742], "mean": [-7.23295354843, -6.90543842316, -7.78063583374, -8.39794445038, -8.38480377197, -10.0772762299], "dvar2": [0.313487261534, 0.196739137173, 0.192431643605, 0.205107927322, 0.196454614401, 0.310486018658], "min": [-28.0465126038, -28.166343689, -27.7539558411, -27.7248210907, -27.5630931854, -27.4283428192], "var": [4.07325220108, 4.01360702515, 3.66026520729, 3.54380083084, 3.63425040245, 3.51638126373], "median": [-6.82449436188, -6.55079174042, -7.46041440964, -8.07291889191, -8.04491329193, -9.65529632568]}, "silence_rate_20dB": {"dmean": 0, "dmean2": 0, "max": 1, "dvar": 0, "mean": 1, "dvar2": 0, "min": 1, "var": 0, "median": 1}, "silence_rate_30dB": {"dmean": 0.0172868445516, "dmean2": 0.0345762223005, "max": 1, "dvar": 0.0169896166772, "mean": 0.982860922813, "dvar2": 0.0420260243118, "min": 0, "var": 0.0168444830924, "median": 1}, "spectral_strongpeak": {"dmean": 0.465233027935, "dmean2": 0.784756481647, "max": 18.8780784607, "dvar": 0.731700956821, "mean": 0.892663002014, "dvar2": 1.68265986443, "min": 0, "var": 1.53922426701, "median": 0.40873670578}, "spectral_spread": {"dmean": 1073749.625, "dmean2": 1623560.5, "max": 42775724, "dvar": 1441637597180.0, "mean": 6683878, "dvar2": 3150719221760.0, "min": 1123522.125, "var": 12371443580900.0, "median": 6319104}, "barkbands_flatness_db": {"dmean": 0.0241679344326, "dmean2": 0.0372922569513, "max": 0.375574678183, "dvar": 0.000520423869602, "mean": 0.131400167942, "dvar2": 0.00124456547201, "min": 0.0195062421262, "var": 0.00217799679376, "median": 0.126001611352}, "pitch_salience": {"dmean": 0.0706707090139, "dmean2": 0.115487404168, "max": 0.971278607845, "dvar": 0.00425170594826, "mean": 0.516568243504, "dvar2": 0.0112211378291, "min": 0.0933283492923, "var": 0.0107237547636, "median": 0.515794098377}, "erbbands_kurtosis": {"dmean": 1.09372413158, "dmean2": 1.66276204586, "max": 28.7697238922, "dvar": 1.9789172411, "mean": 1.59751689434, "dvar2": 4.42347621918, "min": -1.72531187534, "var": 5.42872047424, "median": 1.04232656956}, "average_loudness": 0.574304699898, "barkbands_crest": {"dmean": 2.62932634354, "dmean2": 4.30624294281, "max": 25.1952800751, "dvar": 6.09251260757, "mean": 10.3401870728, "dvar2": 15.8840122223, "min": 2.85434317589, "var": 14.7378292084, "median": 9.67988586426}, "hfc": {"dmean": 7.39456939697, "dmean2": 10.7253170013, "max": 345.67086792, "dvar": 200.931549072, "mean": 20.1572418213, "dvar2": 465.238769531, "min": 1.09405998163e-16, "var": 474.913696289, "median": 14.0053091049}, "barkbands_kurtosis": {"dmean": 3.96821784973, "dmean2": 6.48567008972, "max": 158.564666748, "dvar": 49.9005622864, "mean": 6.96563196182, "dvar2": 133.0912323, "min": -1.94741225243, "var": 72.4507217407, "median": 4.63971805573}, "erbbands": {"dmean": [0.168267190456, 1.45711481571, 3.56864976883, 2.7388792038, 7.2431511879, 7.64238977432, 4.55215167999, 8.80649375916, 19.2464923859, 13.2891588211, 19.7903594971, 12.9768371582, 11.1344480515, 18.5183639526, 8.23863220215, 21.2110157013, 10.38651371, 8.30740070343, 13.1141147614, 5.96451950073, 4.73645067215, 4.42713356018, 3.62285423279, 2.44389104843, 2.66869902611, 2.60256743431, 2.65041518211, 1.80791318417, 1.91459310055, 1.73658764362, 1.49926626682, 1.05163037777, 1.13567280769, 0.897210299969, 0.723328948021, 0.708452224731, 0.330652952194, 0.0774104073644, 0.00850881263614, 0.000286150840111], "dmean2": [0.283093929291, 2.52009272575, 6.01305007935, 4.60784912109, 12.3064527512, 13.2341241837, 6.83277273178, 13.6132411957, 27.6198215485, 19.5021648407, 27.1451854706, 18.2067623138, 15.4056739807, 24.0972118378, 11.836596489, 30.7217102051, 14.9997186661, 12.7621822357, 19.3334159851, 9.27133560181, 7.52940273285, 6.92366170883, 5.63638973236, 3.71000242233, 4.14261388779, 3.97717857361, 3.96014428139, 2.70952296257, 3.01653575897, 2.74036359787, 2.39404225349, 1.61177766323, 1.76128971577, 1.35003328323, 1.06102406979, 1.11698162556, 0.554421246052, 0.129172325134, 0.0141338752583, 0.000472033512779], "max": [6.14986801147, 40.5471229553, 131.162078857, 73.2891159058, 233.347854614, 447.233184814, 215.356140137, 688.55682373, 1274.70690918, 1407.4119873, 1677.42565918, 1029.63220215, 1334.63342285, 4550.36865234, 1434.20935059, 3422.21557617, 728.967041016, 3521.59423828, 4240.61376953, 611.724121094, 441.28918457, 427.205596924, 204.328659058, 141.39515686, 355.51751709, 667.931762695, 384.647674561, 161.723266602, 96.7512359619, 108.094329834, 92.7404556274, 173.257858276, 181.420547485, 224.215332031, 47.8787689209, 83.2851257324, 24.9883308411, 8.19723987579, 0.412136852741, 0.013510229066], "dvar": [0.136475935578, 9.19119548798, 51.0931930542, 20.3576698303, 180.889022827, 532.598571777, 72.7587738037, 463.367736816, 2036.50817871, 1278.00964355, 2940.06835938, 1039.08764648, 764.039916992, 2133.27758789, 708.411743164, 10870.4121094, 552.745727539, 2176.16992188, 3782.41137695, 172.433944702, 135.8331604, 115.971511841, 51.0481376648, 27.2044048309, 55.1171150208, 103.491752625, 82.3949203491, 18.3036212921, 16.5016269684, 20.1808757782, 14.5485954285, 7.35513305664, 7.77885150909, 7.51612186432, 2.49521422386, 4.62221240997, 1.07807731628, 0.0526114366949, 0.000496953958645, 5.13388783929e-07], "mean": [0.229932874441, 1.95916116238, 5.66191625595, 4.68056774139, 10.0213079453, 9.69766521454, 11.0075025558, 18.7568397522, 49.0504570007, 30.1987457275, 47.9215126038, 35.0880661011, 33.3321990967, 54.9704360962, 18.353849411, 38.427772522, 22.8438110352, 16.1761894226, 21.9767227173, 12.4812145233, 10.0529098511, 9.7619638443, 7.95645999908, 5.02212953568, 4.86318445206, 4.58969068527, 4.47815275192, 3.20247793198, 3.24164128304, 2.9129357338, 2.51595926285, 2.0774064064, 2.10567569733, 1.82411277294, 1.3565415144, 0.789974987507, 0.286463409662, 0.0649285465479, 0.00714706256986, 0.000271549564786], "dvar2": [0.361819505692, 25.2646121979, 137.314285278, 55.6817169189, 499.921508789, 1503.47180176, 160.798309326, 1085.16333008, 4339.74462891, 2648.94213867, 5482.13037109, 2084.02978516, 1538.31762695, 2921.24169922, 1342.04528809, 24181.5917969, 1099.34313965, 4718.78759766, 7765.50683594, 385.455841064, 318.193725586, 278.710144043, 122.230461121, 60.9553108215, 130.08493042, 242.757202148, 182.295639038, 39.1036338806, 39.0047073364, 46.9766960144, 36.7723274231, 15.4356613159, 15.2847614288, 12.7698631287, 4.98461484909, 11.8082618713, 2.8716468811, 0.136700630188, 0.00125346612185, 1.28841588776e-06], "min": [1.10359835727e-22, 5.41616801882e-22, 1.55265799554e-21, 3.41270527322e-21, 1.2007361042e-20, 1.36255209984e-20, 4.40621211602e-20, 1.02131660652e-19, 1.04164754276e-19, 1.44398799883e-19, 1.93660533137e-19, 4.33720573664e-19, 3.63608925889e-19, 5.9304672658e-19, 6.16079105447e-19, 1.18281388883e-18, 1.96887266479e-18, 2.2325724674e-18, 2.16390737757e-18, 3.21436699171e-18, 4.25176501039e-18, 3.93753398494e-18, 5.2591936551e-18, 6.65648741175e-18, 6.72513637155e-18, 8.17966564992e-18, 9.07112729505e-18, 1.22209342875e-17, 1.18135544533e-17, 1.09093517452e-17, 1.18699731341e-17, 1.05766803823e-17, 8.25056660894e-18, 7.6906397805e-18, 5.67482048004e-18, 4.33769749551e-18, 2.35409005567e-18, 9.72971609106e-19, 2.24947579982e-19, 2.86117314862e-20], "var": [0.140320315957, 8.48568153381, 78.9437942505, 29.8561916351, 192.342025757, 389.779022217, 240.621826172, 1273.1463623, 9997.16210938, 3618.53149414, 13035.7402344, 4346.64257813, 4495.34570313, 23379.34375, 1937.88635254, 20871.40625, 1543.78405762, 3502.0300293, 6485.00146484, 423.814697266, 296.08291626, 322.399688721, 143.081253052, 60.7200393677, 97.7604904175, 137.769485474, 147.627807617, 38.8857078552, 35.9361076355, 35.7787742615, 22.9770107269, 18.5486984253, 20.6422348022, 22.291847229, 6.1706700325, 4.30358409882, 0.797882318497, 0.0403508730233, 0.000407798332162, 4.32368864267e-07], "median": [0.0898436978459, 1.04880225658, 2.57101297379, 2.95525574684, 5.6892414093, 5.07698392868, 5.70458173752, 7.42569732666, 16.7368507385, 12.3436889648, 14.8470449448, 11.6600799561, 10.6488037109, 14.9260196686, 7.91537427902, 9.90031909943, 10.8631896973, 7.46086883545, 5.6126294136, 5.75732088089, 4.75392198563, 3.67095994949, 3.72736144066, 2.5873093605, 1.89514148235, 1.51652920246, 1.47542226315, 1.26811897755, 1.26236784458, 1.20938563347, 1.1244661808, 1.01084923744, 0.985345363617, 0.846126556396, 0.600348293781, 0.211898505688, 0.0519785732031, 0.00968171376735, 0.0010814970592, 7.87368262536e-05]}, "spectral_energy": {"dmean": 0.0116787049919, "dmean2": 0.018584376201, "max": 0.28100925684, "dvar": 0.000361854763469, "mean": 0.0323552079499, "dvar2": 0.00091584213078, "min": 1.02538722371e-20, "var": 0.000766995013691, "median": 0.0257457662374}, "zerocrossingrate": {"dmean": 0.0130358431488, "dmean2": 0.0165566727519, "max": 0.525390625, "dvar": 0.000213421473745, "mean": 0.0620904713869, "dvar2": 0.000296660786262, "min": 0.00537109375, "var": 0.00239622616209, "median": 0.05224609375}, "spectral_energyband_high": {"dmean": 0.000492047867738, "dmean2": 0.000729149556719, "max": 0.0291406642646, "dvar": 1.17260401566e-06, "mean": 0.000827566836961, "dvar2": 2.64460686594e-06, "min": 7.088260110