{"tonal": {"chords_key": "E", "hpcp_entropy": {"dmean": 0.613661050797, "dmean2": 1.04051208496, "max": 4.50276899338, "dvar": 0.265377938747, "mean": 2.18518924713, "dvar2": 0.731961905956, "min": 0, "var": 0.578348219395, "median": 2.16388726234}, "key_key": "F", "chords_strength": {"dmean": 0.00894957780838, "dmean2": 0.01070484519, "max": 0.731460750103, "dvar": 0.000194995096535, "mean": 0.408456534147, "dvar2": 0.000367730681319, "min": -1, "var": 0.0118605196476, "median": 0.41185566783}, "key_scale": "minor", "chords_number_rate": 0.00127064797562, "thpcp": [1, 0.533007442951, 0.101105041802, 0.136924684048, 0.111668124795, 0.0762950107455, 0.175231903791, 0.279337227345, 0.312182247639, 0.312712043524, 0.215194910765, 0.140178486705, 0.155316978693, 0.145997211337, 0.113040097058, 0.0914417505264, 0.104771256447, 0.279311090708, 0.476578474045, 0.370137304068, 0.177369177341, 0.139805197716, 0.135089859366, 0.111826069653, 0.100496195257, 0.103957384825, 0.137181952596, 0.209552392364, 0.232178643346, 0.184063076973, 0.154151931405, 0.152243718505, 0.226372644305, 0.353231072426, 0.307723790407, 0.615632295609], "key_strength": 0.402996987104, "tuning_nontempered_energy_ratio": 0.714028000832, "tuning_frequency": 434.193115234, "chords_changes_rate": 0.0735021010041, "tuning_diatonic_strength": 0.255688160658, "chords_scale": "major", "chords_histogram": [5.03372097015, 0.0879679396749, 0, 0.0879679396749, 0.0390968620777, 1.33906757832, 4.99462413788, 1.89619779587, 0.381194412708, 11.5433483124, 17.3199100494, 2.28716635704, 11.2598962784, 0, 0, 0.224806964397, 1.9841657877, 28.179063797, 1.20222854614, 4.65252685547, 0, 0, 0.459388136864, 7.02766084671], "tuning_equal_tempered_deviation": 0.0816403329372, "hpcp": {"dmean": [0.0995004400611, 0.0875286236405, 0.0694481432438, 0.0596168600023, 0.0686061158776, 0.108310997486, 0.145170763135, 0.147406235337, 0.0958677008748, 0.0836016833782, 0.0777743756771, 0.0686234533787, 0.0625690072775, 0.0631881207228, 0.0749920159578, 0.101760618389, 0.120171502233, 0.106489606202, 0.0925379395485, 0.0914579927921, 0.109391219914, 0.146010249853, 0.13718496263, 0.167485415936, 0.249787151814, 0.142896622419, 0.0524578802288, 0.0626319646835, 0.0534167215228, 0.0459335744381, 0.108409114182, 0.150894388556, 0.16273611784, 0.164096742868, 0.124851889908, 0.0970645397902], "dmean2": [0.179212883115, 0.155656084418, 0.123515896499, 0.107570499182, 0.12377397716, 0.186044231057, 0.24207881093, 0.249928325415, 0.168345183134, 0.149473905563, 0.138561934233, 0.123207040131, 0.112144656479, 0.112403616309, 0.131087377667, 0.175669178367, 0.208413794637, 0.188459634781, 0.166317328811, 0.164016157389, 0.190802022815, 0.24326120317, 0.227561920881, 0.294631779194, 0.454602301121, 0.255696177483, 0.0911057889462, 0.104844257236, 0.0899632796645, 0.0819468125701, 0.194117873907, 0.269104391336, 0.29023629427, 0.296087831259, 0.226367101073, 0.178411856294], "max": [1, 1, 1, 1, 1, 1, 1, 1, 1, 1, 1, 1, 1, 1, 1, 1, 1, 1, 1, 1, 1, 1, 1, 1, 1, 1, 1, 1, 1, 1, 1, 1, 1, 1, 1, 1], "dvar": [0.0417370051146, 0.0334155000746, 0.0241178534925, 0.0195403657854, 0.0227094721049, 0.0298545658588, 0.0452632717788, 0.0466765873134, 0.0298334471881, 0.0281579270959, 0.0252237860113, 0.0218212399632, 0.0210803188384, 0.0201003216207, 0.0234836209565, 0.0335473008454, 0.0436900146306, 0.0380391217768, 0.0337373539805, 0.0331780835986, 0.0331687107682, 0.0466044358909, 0.0443253815174, 0.0442605540156, 0.122721880674, 0.0362188257277, 0.010917276144, 0.0151414051652, 0.0112436003983, 0.00959908589721, 0.0424490869045, 0.0697143226862, 0.0645276159048, 0.0666842088103, 0.0493180714548, 0.0407807305455], "mean": [0.080710940063, 0.0758678913116, 0.0587416291237, 0.0475179813802, 0.0544447004795, 0.145144850016, 0.247655451298, 0.192342966795, 0.09217043221, 0.0726501941681, 0.070199854672, 0.0581107549369, 0.0522231496871, 0.0540217682719, 0.0712870135903, 0.108894534409, 0.120652332902, 0.0956489369273, 0.0801055133343, 0.079113908112, 0.11763522774, 0.183557599783, 0.159909591079, 0.319915175438, 0.519653022289, 0.276978939772, 0.0525395423174, 0.0711533278227, 0.0580286793411, 0.0396469347179, 0.0910597890615, 0.145158439875, 0.162226453424, 0.162501752377, 0.111826688051, 0.0728441774845], "dvar2": [0.115208849311, 0.0878508165479, 0.0662933811545, 0.0546085685492, 0.0634048879147, 0.0789199993014, 0.105370879173, 0.112735770643, 0.0816175192595, 0.0774140134454, 0.0676979273558, 0.0599043741822, 0.0587204135954, 0.0556315369904, 0.0644681751728, 0.0867437422276, 0.110624164343, 0.101489558816, 0.0927980840206, 0.0909151434898, 0.0891030728817, 0.111602455378, 0.102997750044, 0.11289498955, 0.302666515112, 0.0904643833637, 0.0299068205059, 0.0384950116277, 0.0288921929896, 0.026351781562, 0.117525681853, 0.174563646317, 0.178768500686, 0.18927384913, 0.140288963914, 0.115625336766], "min": [0, 0, 0, 0, 0, 0, 0, 0, 0, 0, 0, 0, 0, 0, 0, 0, 0, 0, 0, 0, 0, 0, 0, 0, 0, 0, 0, 0, 0, 0, 0, 0, 0, 0, 0, 0], "var": [0.0329560600221, 0.0293881651014, 0.0190243311226, 0.014376943931, 0.0167541634291, 0.0470348969102, 0.105518803, 0.0672575980425, 0.0292934440076, 0.0241924952716, 0.0232183579355, 0.0175065994263, 0.0162774417549, 0.0161904133856, 0.0216657985002, 0.0410772487521, 0.0494444705546, 0.035602401942, 0.0283150542527, 0.0288396980613, 0.0390959270298, 0.0737754553556, 0.0622079670429, 0.0642385855317, 0.199101820588, 0.0551921501756, 0.0105051323771, 0.0201509725302, 0.012998660095, 0.00801000278443, 0.0363568142056, 0.0764869526029, 0.0677118897438, 0.0739605724812, 0.0425038039684, 0.0289425030351], "median": [0.0104126511142, 0.010556416586, 0.00829106103629, 0.00629084743559, 0.0100453021005, 0.0430067107081, 0.0825833305717, 0.0667668730021, 0.018564241007, 0.011953920126, 0.0117765860632, 0.00980657618493, 0.00788905937225, 0.00865427684039, 0.0147785013542, 0.0227490253747, 0.0237093176693, 0.0173974819481, 0.0136478086933, 0.0130779305473, 0.030591789633, 0.0544838644564, 0.0422765910625, 0.382092118263, 0.481302022934, 0.283502548933, 0.0139705035836, 0.0175556149334, 0.0144704561681, 0.00748412543908, 0.0125051960349, 0.0179038383067, 0.0369783751667, 0.0317300818861, 0.019449731335, 0.00923556182534]}}, "lowlevel": {"melbands_flatness_db": {"dmean": 0.043747279793, "dmean2": 0.0608410723507, "max": 1, "dvar": 0.00208999589086, "mean": 0.346269279718, "dvar2": 0.00394311686978, "min": 0.00365418661386, "var": 0.0219867695123, "median": 0.32425609231}, "melbands_crest": {"dmean": 4.29499721527, "dmean2": 6.69561481476, "max": 39.4573249817, "dvar": 20.8691101074, "mean": 22.2345714569, "dvar2": 49.1808776855, "min": 1.55916416645, "var": 93.8061676025, "median": 21.837600708}, "spectral_entropy": {"dmean": 0.226268038154, "dmean2": 0.316708445549, "max": 9.82497882843, "dvar": 0.0703673362732, "mean": 7.04763793945, "dvar2": 0.133447811007, "min": 2.78261065483, "var": 0.76935338974, "median": 7.24556303024}, "melbands": {"dmean": [0.0056382752955, 0.00188174156938, 0.000869382929523, 0.000578587059863, 0.000334614655003, 0.000275849859463, 0.00022463221103, 0.000155081041157, 9.65197032201e-05, 6.41356600681e-05, 6.18678241153e-05, 6.2332561356e-05, 0.000101354213257, 8.76808335306e-05, 0.000118188872875, 4.77727517136e-05, 3.04061613861e-05, 2.25651092478e-05, 1.24722046166e-05, 9.32088187255e-06, 7.31886257199e-06, 5.87884005654e-06, 3.57511407856e-06, 3.20594494951e-06, 3.04570085063e-06, 4.80883545606e-06, 3.41041459251e-06, 3.11586131829e-06, 2.35212655753e-06, 1.96799965124e-06, 1.75566219696e-06, 1.45578655975e-06, 1.01880743841e-06, 9.11569202344e-07, 1.10150585897e-06, 8.67737981025e-07, 8.53663323142e-07, 7.58275632506e-07, 4.91285163662e-07, 4.10952281982e-07], "dmean2": [0.00785949546844, 0.00305641815066, 0.00156698643696, 0.0010244154837, 0.000570279313251, 0.000463894451968, 0.00036092029768, 0.000253417616477, 0.000157531161676, 0.000102957550553, 0.000102676982351, 0.000106361374492, 0.000171883963048, 0.000143296347233, 0.000195400221855, 7.90190388216e-05, 5.03816881974e-05, 3.75113086193e-05, 2.1286892661e-05, 1.5992382032e-05, 1.24200942082e-05, 9.84114376479e-06, 6.04461320108e-06, 5.36960078534e-06, 5.17078706253e-06, 8.44500937092e-06, 5.78157641939e-06, 5.49817514184e-06, 4.22376342613e-06, 3.47599984707e-06, 3.10429732053e-06, 2.57756755673e-06, 1.77889808128e-06, 1.57060469519e-06, 1.91182789422e-06, 1.53305620643e-06, 1.51912672663e-06, 1.31796389269e-06, 8.45426370688e-07, 7.02515137618e-07], "max": [0.143698558211, 0.0670362040401, 0.0335057787597, 0.0293834470212, 0.0134227201343, 0.0102485539392, 0.0116345090792, 0.0121631026268, 0.00503429444507, 0.00258881878108, 0.00504336226732, 0.00450477004051, 0.00756708718836, 0.0133070591837, 0.0141508933157, 0.00302208703943, 0.00143887137529, 0.00167412916198, 0.000519776833244, 0.00038619589759, 0.000275591359241, 0.000320794439176, 0.000273367069894, 0.000279288273305, 0.000202259107027, 0.000282910827082, 0.000231919257203, 0.000191100596567, 0.00013500075147, 0.000113079164294, 6.95052367519e-05, 7.14136112947e-05, 4.83148360217e-05, 3.2872409065e-05, 5.71095224586e-05, 4.34030225733e-05, 4.19686111854e-05, 5.54184189241e-05, 2.18184559344e-05, 1.87604528037e-05], "dvar": [0.000106516046799, 2.04024072445e-05, 9.24308278627e-06, 3.20920412378e-06, 5.76011700559e-07, 3.66216085013e-07, 2.62745459167e-07, 1.63569509937e-07, 4.19038208577e-08, 1.64331748209e-08, 2.5845492857e-08, 3.31885878779e-08, 1.08823009271e-07, 6.92103014899e-08, 1.85601635394e-07, 1.69278404627e-08, 4.5636383561e-09, 3.48513862214e-09, 7.69687424906e-10, 4.21754020596e-10, 2.92689456005e-10, 1.70316774573e-10, 1.11697442962e-10, 8.89745915833e-11, 6.66205493549e-11, 1.89300325415e-10, 1.09785465441e-10, 9.19022496992e-11, 5.32852581503e-11, 3.64425538357e-11, 2.64362455538e-11, 1.96501738492e-11, 8.38686151777e-12, 6.88287491238e-12, 1.30646214333e-11, 1.00907043138e-11, 1.13976042146e-11, 8.64957497987e-12, 2.86497409997e-12, 2.13512822873e-12], "mean": [0.0118264220655, 0.00262764282525, 0.000769588630646, 0.000742714444641, 0.000511619262397, 0.000366490276065, 0.00033281132346, 0.000213715917198, 0.000126382816234, 9.51980255195e-05, 8.20736458991e-05, 8.24245944386e-05, 0.000126888640807, 0.000107473766548, 0.000129129039124, 6.23023370281e-05, 4.71927305625e-05, 3.41305603797e-05, 1.66597146745e-05, 1.27335815705e-05, 8.9861878223e-06, 7.81238122727e-06, 4.62886418973e-06, 3.98723841499e-06, 3.4179429349e-06, 4.5862875595e-06, 3.40925339515e-06, 2.78088532468e-06, 2.02640671887e-06, 1.71077510913e-06, 1.47930279581e-06, 1.18368518542e-06, 8.71281201853e-07, 7.56974372962e-07, 8.5656029114e-07, 6.52206153973e-07, 6.11660823324e-07, 5.54018129151e-07, 3.66510903405e-07, 3.16355453833e-07], "dvar2": [0.000195632994291, 5.15900792379e-05, 2.65980143013e-05, 9.23901552596e-06, 1.58087038926e-06, 9.94139440991e-07, 6.57975988361e-07, 4.16736384068e-07, 1.03923930794e-07, 4.17900203331e-08, 6.98950088918e-08, 8.99063010706e-08, 3.02312486156e-07, 1.61958311651e-07, 4.7690792826e-07, 4.3765137292e-08, 1.2034932162e-08, 9.10967568046e-09, 2.07695238785e-09, 1.1628237262e-09, 7.78041908678e-10, 4.53092285913e-10, 3.05122260791e-10, 2.30950675251e-10, 1.7311080347e-10, 5.22857424023e-10, 2.85503926056e-10, 2.56338006377e-10, 1.49250140025e-10, 1.01553321308e-10, 7.33910918149e-11, 5.47101079718e-11, 2.2934822444e-11, 1.87219840325e-11, 3.51405363141e-11, 2.81672081492e-11, 3.19322103481e-11, 2.36564205724e-11, 7.8318601604e-12, 5.86660234281e-12], "min": [4.96907822934e-25, 1.45531623593e-24, 6.15428405398e-25, 6.07996793329e-25, 1.55004413254e-24, 1.13944922973e-24, 7.75705367727e-25, 1.66109691395e-24, 1.76879614903e-24, 1.79782682199e-24, 1.79540935774e-24, 1.9183336083e-24, 2.70488492601e-24, 2.31822278116e-24, 2.4460194311e-24, 2.51205675241e-24, 3.07982282286e-24, 3.79333114277e-24, 3.1122454005e-24, 3.106643502e-24, 4.40036118706e-24, 3.74100244906e-24, 4.22797614661e-24, 3.45253060994e-24, 3.93908660565e-24, 3.93799994975e-24, 3.7565548418e-24, 4.68222039964e-24, 4.81654132369e-24, 4.5275373979e-24, 5.67770448632e-24, 5.55865235952e-24, 5.29704360081e-24, 4.73369633472e-24, 5.79431666634e-24, 5.19203832571e-24, 6.23202402821e-24, 5.75462710205e-24, 5.25057772134e-24, 6.07592068241e-24], "var": [0.000365136598703, 2.53636844718e-05, 5.74949490328e-06, 3.18158981827e-06, 8.63714944899e-07, 4.84361919462e-07, 4.85535849748e-07, 2.2800908539e-07, 6.05873538007e-08, 2.35617818589e-08, 2.44609790201e-08, 3.16601678207e-08, 9.59094137443e-08, 8.20534680201e-08, 1.72599797565e-07, 2.18462865575e-08, 9.03495234184e-09, 6.46258380144e-09, 1.04995401262e-09, 5.44616129972e-10, 3.16389997534e-10, 2.25126986497e-10, 1.27241259196e-10, 1.28384594622e-10, 8.52967696474e-11, 1.63418986676e-10, 1.09226482026e-10, 7.17220033364e-11, 3.89088240793e-11, 2.67347706473e-11, 1.90046207937e-11, 1.35345233285e-11, 6.44475098288e-12, 5.05857335187e-12, 9.3385056632e-12, 6.5395297684e-12, 7.14762016935e-12, 5.85825745553e-12, 1.95158841344e-12, 1.45024736577e-12], "median": [0.00361221609637, 0.000854797544889, 0.000120610908198, 0.000127034116304, 0.000125462480355, 9.12920368137e-05, 6.67551794322e-05, 6.07044421486e-05, 3.64727457054e-05, 4.1872895963e-05, 3.73310103896e-05, 3.31176415784e-05, 4.21981712861e-05, 2.47120588028e-05, 2.22658163693e-05, 8.8144424808e-06, 6.83197959006e-06, 4.26098267781e-06, 3.11608482662e-06, 2.57684087046e-06, 2.13465727938e-06, 1.49530001181e-06, 9.02792862689e-07, 7.95533878772e-07, 4.59365338656e-07, 4.95562971992e-07, 3.94131120629e-07, 2.95114915616e-07, 2.1102269443e-07, 1.74884192461e-07, 1.28504296981e-07, 8.27659363267e-08, 6.47936388987e-08, 4.71029117932e-08, 4.03634921042e-08, 2.92299393578e-08, 2.39320474549e-08, 1.72616054783e-08, 1.17684475498e-08, 1.01834132238e-08]}, "silence_rate_60dB": {"dmean": 0.0258077122271, "dmean2": 0.051617950201, "max": 1, "dvar": 0.025145124644, "mean": 0.0890518054366, "dvar2": 0.0563982315361, "min": 0, "var": 0.0811261236668, "median": 0}, "spectral_energyband_middle_high": {"dmean": 0.0027032259386, "dmean2": 0.00437581399456, "max": 0.205960169435, "dvar": 4.36100563093e-05, "mean": 0.00443570036441, "dvar2": 0.000108898610051, "min": 1.21654357417e-21, "var": 6.10808565398e-05, "median": 0.00148804148193}, "erbbands_skewness": {"dmean": 0.472196787596, "dmean2": 0.72149425745, "max": 14.2870616913, "dvar": 0.251762539148, "mean": 0.379826933146, "dvar2": 0.557444930077, "min": -6.22850465775, "var": 1.53209233284, "median": 0.306186616421}, "dynamic_complexity": 4.34095001221, "dissonance": {"dmean": 0.0242605786771, "dmean2": 0.0413882434368, "max": 0.500000119209, "dvar": 0.00068584800465, "mean": 0.455321729183, "dvar2": 0.00189758103807, "min": 0.128597810864, "var": 0.00169481092598, "median": 0.468172311783}, "spectral_skewness": {"dmean": 0.616746425629, "dmean2": 0.984644412994, "max": 14.5903625488, "dvar": 0.59872585535, "mean": 3.13868904114, "dvar2": 1.54539620876, "min": -0.0960960462689, "var": 5.48542451859, "median": 2.28294539452}, "spectral_kurtosis": {"dmean": 8.53423786163, "dmean2": 14.0540542603, "max": 336.140197754, "dvar": 230.42086792, "mean": 25.8492126465, "dvar2": 617.571899414, "min": -1.25570547581, "var": 1796.98046875, "median": 8.78202819824}, "gfcc": {"cov": [[21195.0527344, -3588.91796875, -2259.89697266, 2268.68237305, -1036.42456055, 491.052490234, -1037.79833984, 362.847564697, -505.969451904, 535.716186523, -543.868652344, 380.246826172, -589.229736328], [-3588.91796875, 3202.41699219, 321.963623047, -1076.29138184, 393.254730225, -469.907958984, 308.229766846, -410.079559326, 163.665924072, -360.222259521, 319.430725098, -279.427886963, 346.900421143], [-2259.89697266, 321.963623047, 1452.59106445, -91.6094665527, 74.4988021851, 10.4825639725, 159.684265137, 19.8377304077, 9.99792289734, -53.6231498718, 75.5552597046, 0.21506370604, 46.9529151917], [2268.68237305, -1076.29138184, -91.6094665527, 1054.11975098, -24.8646221161, 146.011169434, -48.2347564697, 121.190307617, 10.8420228958, 89.9802932739, -73.0655975342, 87.5065307617, -72.6377563477], [-1036.42456055, 393.254730225, 74.4988021851, -24.8646221161, 460.116394043, 77.6883773804, 161.431777954, -25.3475532532, 108.004310608, -33.409072876, 52.6017036438, -38.6216392517, 84.5012435913], [491.052490234, -469.907958984, 10.4825639725, 146.011169434, 77.6883773804, 383.393554688, 86.1555023193, 96.5387496948, 23.4226646423, 56.4582328796, -33.5086021423, 57.5005073547, -42.9745368958], [-1037.79833984, 308.229766846, 159.684265137, -48.2347564697, 161.431777954, 86.1555023193, 319.328155518, 23.4154186249, 113.104255676, -26.4482021332, 90.4833908081, -14.3942232132, 87.891746521], [362.847564697, -410.079559326, 19.8377304077, 121.190307617, -25.3475532532, 96.5387496948, 23.4154186249, 214.762695312, 66.4544906616, 97.2359237671, -32.0718193054, 43.0233764648, -47.5697937012], [-505.969451904, 163.665924072, 9.99792289734, 10.8420228958, 108.004310608, 23.4226646423, 113.104255676, 66.4544906616, 236.7762146, 52.144618988, 69.6823577881, -11.6542711258, 43.2007141113], [535.716186523, -360.222259521, -53.6231498718, 89.9802932739, -33.409072876, 56.4582328796, -26.4482021332, 97.2359237671, 52.144618988, 163.799316406, 8.81612491608, 46.6374168396, -52.1363220215], [-543.868652344, 319.430725098, 75.5552597046, -73.0655975342, 52.6017036438, -33.5086021423, 90.4833908081, -32.0718193054, 69.6823577881, 8.81612491608, 152.411529541, 7.30811309814, 65.6395874023], [380.246826172, -279.427886963, 0.21506370604, 87.5065307617, -38.6216392517, 57.5005073547, -14.3942232132, 43.0233764648, -11.6542711258, 46.6374168396, 7.30811309814, 95.7990570068, 3.87414240837], [-589.229736328, 346.900421143, 46.9529151917, -72.6377563477, 84.5012435913, -42.9745368958, 87.891746521, -47.5697937012, 43.2007141113, -52.1363220215, 65.6395874023, 3.87414240837, 136.021194458]], "mean": [-86.2582626343, 143.195068359, -97.9536056519, 6.52378034592, -38.0986785889, 20.3237895966, -15.1873025894, 6.7638463974, -14.6157522202, 8.51740932465, -1.03369688988, 5.31590557098, -0.933464705944], "icov": [[0.000114924150694, -0.000156737296493, 0.000142818782479, -0.000281029526377, 0.000185876924661, -0.000197412125999, 0.000182695875992, -8.46268521855e-05, 0.000215725085582, -0.000312464981107, 0.000186521632713, -0.00023802673968, 0.000101196543255], [-0.000156737296493, 0.00178636761848, -0.000282642780803, 0.00128680421039, -0.000749562110286, 0.00103371462319, -0.00037540262565, 0.000847029266879, -0.000930988928303, 0.00186623993795, -0.00192115374375, 0.00247376295738, -0.00125139357988], [0.000142818782479, -0.000282642780803, 0.000944124651141, -0.000359735073289, 0.000196857581614, -0.000214477360714, -0.000103386504634, -0.000472084939247, 0.000533475016709, -9.10966482479e-05, -6.53252136544e-05, -0.000561229069717, 0.000376312935259], [-0.000281029526377, 0.00128680421039, -0.000359735073289, 0.00233974726871, -0.000846838054713, 0.000790098041762, -0.000470744242193, 0.000450330466265, -0.0011016438948, 0.00156408327166, -0.000974703871179, 0.000842627778184, -0.000492405495606], [0.000185876924661, -0.000749562110286, 0.000196857581614, -0.000846838054713, 0.00365604879335, -0.00150728505105, -0.000302711996483, 0.000276034610579, -0.000338612357154, -0.00112339202315, 0.00104366266169, 0.000528759905137, -0.00110043061431], [-0.000197412125999, 0.00103371462319, -0.000214477360714, 0.000790098041762, -0.00150728505105, 0.00490180123597, -0.00222167489119, 8.67714115884e-05, -0.000565236317925, 0.00109542359132, 0.000162811338669, -0.00152102729771, 0.00151957641356], [0.000182695875992, -0.00037540262565, -0.000103386504634, -0.000470744242193, -0.000302711996483, -0.00222167489119, 0.00657982518896, -0.00181136408355, -0.000635875738226, 0.000833151803818, -0.00223983009346, 0.0014047488803, -0.00230368296616], [-8.46268521855e-05, 0.000847029266879, -0.000472084939247, 0.000450330466265, 0.000276034610579, 8.67714115884e-05, -0.00181136408355, 0.00939997565001, -0.00313022593036, -0.00251369155012, 0.00255116843618, -0.0014316305751, 0.00103073567152], [0.000215725085582, -0.000930988928303, 0.000533475016709, -0.0011016438948, -0.000338612357154, -0.000565236317925, -0.000635875738226, -0.00313022593036, 0.00836728326976, -0.00375031260774, -0.00137169356458, 0.00195948500186, -0.00160449009854], [-0.000312464981107, 0.00186623993795, -9.10966482479e-05, 0.00156408327166, -0.00112339202315, 0.00109542359132, 0.000833151803818, -0.00251369155012, -0.00375031260774, 0.0145812267438, -0.00528532033786, -0.00190489634406, 0.00376492715441], [0.000186521632713, -0.00192115374375, -6.53252136544e-05, -0.000974703871179, 0.00104366266169, 0.000162811338669, -0.00223983009346, 0.00255116843618, -0.00137169356458, -0.00528532033786, 0.0141013907269, -0.00523000583053, -0.00129391322844], [-0.00023802673968, 0.00247376295738, -0.000561229069717, 0.000842627778184, 0.000528759905137, -0.00152102729771, 0.0014047488803, -0.0014316305751, 0.00195948500186, -0.00190489634406, -0.00523000583053, 0.0217133257538, -0.00836082175374], [0.000101196543255, -0.00125139357988, 0.000376312935259, -0.000492405495606, -0.00110043061431, 0.00151957641356, -0.00230368296616, 0.00103073567152, -0.00160449009854, 0.00376492715441, -0.00129391322844, -0.00836082175374, 0.0164167489856]]}, "spectral_complexity": {"dmean": 3.96353673935, "dmean2": 6.07664489746, "max": 61, "dvar": 28.9643516541, "mean": 14.1622676849, "dvar2": 65.6762161255, "min": 0, "var": 102.315826416, "median": 12}, "spectral_flux": {"dmean": 0.0398190394044, "dmean2": 0.0625218003988, "max": 0.587843000889, "dvar": 0.00306214927696, "mean": 0.103801600635, "dvar2": 0.00584084494039, "min": 6.32008889667e-11, "var": 0.00724107027054, "median": 0.0885225981474}, "spectral_energyband_low": {"dmean": 0.0185034964234, "dmean2": 0.0256738569587, "max": 0.484292805195, "dvar": 0.000970592023805, "mean": 0.0416271872818, "dvar2": 0.00178836134728, "min": 1.61627170739e-23, "var": 0.00380077725276, "median": 0.0155271766707}, "spectral_decrease": {"dmean": 5.95733640196e-09, "dmean2": 8.85340600831e-09, "max": 1.58157547589e-28, "dvar": 8.00700708261e-17, "mean": -1.49445771314e-08, "dvar2": 1.57765709778e-16, "min": -1.33902844368e-07, "var": 3.09487548309e-16, "median": -7.97858490387e-09}, "barkbands_spread": {"dmean": 5.39221143723, "dmean2": 8.3292798996, "max": 116.028694153, "dvar": 79.7094802856, "mean": 12.7664165497, "dvar2": 182.115341187, "min": 0.021866813302, "var": 172.789581299, "median": 8.8503074646}, "spectral_rms": {"dmean": 0.00141845864709, "dmean2": 0.00211889739148, "max": 0.0222727134824, "dvar": 2.8439885682e-06, "mean": 0.00636537373066, "dvar2": 5.66178232475e-06, "min": 3.12514966162e-12, "var": 1.58256334544e-05, "median": 0.00554110994563}, "spectral_centroid": {"dmean": 207.3543396, "dmean2": 317.476196289, "max": 11960.7363281, "dvar": 90480.3046875, "mean": 903.854919434, "dvar2": 197919.953125, "min": 39.2989463806, "var": 718694.8125, "median": 719.40838623}, "barkbands_skewness": {"dmean": 0.936407327652, "dmean2": 1.41283786297, "max": 20.0278968811, "dvar": 1.23551392555, "mean": 2.45320892334, "dvar2": 2.71689939499, "min": -4.75456380844, "var": 5.73980855942, "median": 1.85717225075}, "spectral_rolloff": {"dmean": 361.128051758, "dmean2": 622.087219238, "max": 19358.3496094, "dvar": 1129624.375, "mean": 764.322875977, "dvar2": 2820648.25, "min": 21.533203125, "var": 2610545.25, "median": 409.130859375}, "erbbands_spread": {"dmean": 7.67187261581, "dmean2": 11.7829742432, "max": 151.356567383, "dvar": 114.412155151, "mean": 24.9009780884, "dvar2": 258.772094727, "min": 0.463487416506, "var": 295.856262207, "median": 21.5319061279}, "barkbands": {"dmean": [0.00547780562192, 0.015789039433, 0.00238687288947, 0.00188845524099, 0.00245501054451, 0.00134920899291, 0.00109974935185, 0.000580575317144, 0.000466054974822, 0.000415719259763, 0.000705737213138, 0.000876125821378, 0.000700298987795, 0.000332256604452, 0.000164014563779, 0.000112091111077, 9.58026430453e-05, 6.39723948552e-05, 0.000107296036731, 9.97679380816e-05, 7.69241087255e-05, 6.05935238127e-05, 6.05707718933e-05, 6.05622481089e-05, 5.45444527233e-05, 0.00010615199426, 1.13285996122e-05], "dmean2": [0.009148103185, 0.022281607613, 0.00427432172, 0.00343560171314, 0.004324327223, 0.0022817729041, 0.00175181368832, 0.000962388468906, 0.000747743528336, 0.000706631573848, 0.00120746961329, 0.00142240943387, 0.00117172917817, 0.000550546392333, 0.000279348081676, 0.000192499181139, 0.000160292504006, 0.000105263316073, 0.000186284785741, 0.000174842076376, 0.000135096226586, 0.000106648556539, 0.000104853585071, 0.000105814404378, 9.00819941307e-05, 0.000178397502168, 2.11700626096e-05], "max": [0.122790955007, 0.416614085436, 0.100460991263, 0.0766635388136, 0.126813709736, 0.0518733039498, 0.0667661651969, 0.0314453430474, 0.0179027654231, 0.0286053232849, 0.0518448315561, 0.14901843667, 0.0621149353683, 0.0227749273181, 0.00666006328538, 0.00359981344081, 0.00468481797725, 0.00456654513255, 0.00659961160272, 0.00543963164091, 0.00353950611316, 0.00250436249189, 0.00236084894277, 0.00315139140002, 0.00218991725706, 0.00396917155012, 0.00212815287523], "dvar": [6.40019934508e-05, 0.000858787214383, 5.74876794417e-05, 4.47406746389e-05, 5.25824907527e-05, 8.73775206855e-06, 6.64447361487e-06, 1.78762581982e-06, 8.23050527288e-07, 1.35812888402e-06, 5.05934804096e-06, 8.36202343635e-06, 4.93621018904e-06, 6.25735481208e-07, 1.3730530668e-07, 6.39596180463e-08, 4.79634181261e-08, 3.17852197895e-08, 8.81001014363e-08, 9.37959114822e-08, 4.92233347416e-08, 3.06006349149e-08, 3.81976299479e-08, 5.08838411406e-08, 3.62271990184e-08, 1.78145867835e-07, 7.22696036348e-09], "mean": [0.00908159650862, 0.0319381058216, 0.00205266708508, 0.00158298783936, 0.00331645226106, 0.00178105419036, 0.00168726907577, 0.000708897947334, 0.000688765023369, 0.000506180163939, 0.000877638987731, 0.00106151215732, 0.000835820683278, 0.000510234909598, 0.00022356097179, 0.000144524266943, 0.00012682453962, 8.33389494801e-05, 0.000109161388536, 9.24644846236e-05, 6.93907277309e-05, 5.13181876158e-05, 4.81451570522e-05, 4.48891732958e-05, 4.44471988885e-05, 7.79170077294e-05, 6.87088686391e-06], "dvar2": [0.000181999203051, 0.00160676974338, 0.000163042030181, 0.00012949075608, 0.000150426290929, 2.35618281295e-05, 1.62101641763e-05, 4.65683160655e-06, 2.08288724934e-06, 3.77199830837e-06, 1.41734972203e-05, 2.0024512196e-05, 1.307193088e-05, 1.63777110629e-06, 3.6508245671e-07, 1.74827093247e-07, 1.27415589191e-07, 8.08537308217e-08, 2.36482776472e-07, 2.56299955481e-07, 1.35243581667e-07, 8.4519761856e-08, 1.03931810713e-07, 1.40419714967e-07, 9.6025395635e-08, 4.68367574058e-07, 2.12737081284e-08], "min": [4.91173001368e-25, 1.03061788064e-24, 6.59454979037e-25, 1.02806897245e-24, 3.68120915902e-24, 6.72593851844e-24, 6.09002867084e-24, 8.48560478579e-24, 1.08567139853e-23, 1.7559466304e-23, 2.03100633529e-23, 1.38334869221e-23, 2.43920509283e-23, 3.04962960559e-23, 4.10935252905e-23, 4.8891980163e-23, 7.61610052349e-23, 6.82864442177e-23, 1.28312328311e-22, 1.70750482792e-22, 2.43285586694e-22, 2.88942684943e-22, 3.68296462697e-22, 5.65191550314e-22, 8.49768540169e-22, 1.37705700268e-21, 1.80056822565e-21], "var": [0.000153668152052, 0.00269563123584, 3.75186937163e-05, 2.77029193967e-05, 5.68547548028e-05, 1.14676558951e-05, 1.2203501683e-05, 2.32834486269e-06, 1.19472861115e-06, 1.20047002383e-06, 4.47339652965e-06, 9.14899828786e-06, 5.07293771079e-06, 1.22903020383e-06, 1.90284339396e-07, 7.37261984796e-08, 5.99445684202e-08, 4.90147833432e-08, 8.55427586544e-08, 7.91211576257e-08, 3.79966280661e-08, 2.22776765924e-08, 2.68953161964e-08, 3.35142864571e-08, 2.81724830131e-08, 1.32929741881e-07, 3.81337939004e-09], "median": [0.00436363508925, 0.00974435824901, 0.000303689506836, 0.000194657070097, 0.00064240739448, 0.000481333991047, 0.000369245943148, 0.000169458653545, 0.00030021625571, 0.000194834559807, 0.000294801604468, 0.000232844729908, 0.000109880405944, 6.84145343257e-05, 4.24082390964e-05, 3.19577302434e-05, 2.70188720606e-05, 1.67768557731e-05, 1.28447318275e-05, 1.0483890037e-05, 7.10567655915e-06, 3.97432631871e-06, 2.50440325544e-06, 1.67348048308e-06, 1.05142021312e-06, 5.87464626278e-07, 2.04390069314e-08]}, "melbands_kurtosis": {"dmean": 20.847694397, "dmean2": 32.0744819641, "max": 3025.03588867, "dvar": 4351.91064453, "mean": 38.0809249878, "dvar2": 10794.0244141, "min": -1.9207726717, "var": 11195.2822266, "median": 9.03621292114}, "erbbands_crest": {"dmean": 2.82140660286, "dmean2": 4.52834796906, "max": 32.862323761, "dvar": 7.16843080521, "mean": 10.5695848465, "dvar2": 17.1930789948, "min": 2.24290370941, "var": 26.7145442963, "median": 9.28845500946}, "melbands_skewness": {"dmean": 1.19632315636, "dmean2": 1.78516960144, "max": 41.7374572754, "dvar": 2.33533406258, "mean": 3.57791948318, "dvar2": 5.1455988884, "min": -5.79973936081, "var": 11.9139003754, "median": 2.59958219528}, "spectral_energyband_middle_low": {"dmean": 0.00652458053082, "dmean2": 0.0110623780638, "max": 0.215350404382, "dvar": 0.00028508430114, "mean": 0.00994074624032, "dvar2": 0.000799027038738, "min": 2.04315037561e-22, "var": 0.000265031558229, "median": 0.00398366339505}, "spectral_contrast_coeffs": {"dmean": [0.0529370717704, 0.0465783886611, 0.0374583303928, 0.0324010178447, 0.0199550632387, 0.0203950293362], "dmean2": [0.0870513021946, 0.0770499035716, 0.0624595992267, 0.0535292513669, 0.0332672595978, 0.0321422703564], "max": [-0.262401938438, -0.435467600822, -0.540773510933, -0.462054044008, -0.581011712551, -0.580648303032], "dvar": [0.00243447441608, 0.00146200798918, 0.000946083338931, 0.000841782079078, 0.000303134700516, 0.000440090429038], "mean": [-0.710159301758, -0.755593240261, -0.797599256039, -0.795438528061, -0.824690043926, -0.791763544083], "dvar2": [0.00638011470437, 0.00386491185054, 0.00257496838458, 0.00217327917926, 0.000805926567409, 0.00104331120383], "min": [-0.978544175625, -0.982235074043, -0.987075507641, -0.976272523403, -0.971001267433, -0.965487658978], "var": [0.0092588737607, 0.0061960038729, 0.00290983216837, 0.00293412525207, 0.00148947804701, 0.00286787608638], "median": [-0.725258946419, -0.76523655653, -0.802134275436, -0.798743128777, -0.826457798481, -0.786784768105]}, "spectral_contrast_valleys": {"dmean": [0.462612301111, 0.486991286278, 0.39749071002, 0.397709816694, 0.429033994675, 0.543291926384], "dmean2": [0.732161700726, 0.766370773315, 0.62140840292, 0.594664156437, 0.601532101631, 0.701209187508], "max": [-4.64504432678, -4.29953289032, -4.65965461731, -5.24094438553, -5.47386074066, -7.42250490189], "dvar": [0.198482617736, 0.224567487836, 0.169814422727, 0.226842924953, 0.276430159807, 0.448715686798], "mean": [-7.22564744949, -7.01169347763, -7.28643608093, -8.20181941986, -8.89247322083, -11.6758871078], "dvar2": [0.433087766171, 0.506162524223, 0.382910519838, 0.478181868792, 0.530667006969, 0.890349447727], "min": [-28.1403255463, -28.0878200531, -27.8538970947, -27.6863937378, -27.5954856873, -27.4268569946], "var": [3.04355955124, 3.1520884037, 2.8939769268, 3.54954838753, 4.4821062088, 4.12356328964], "median": [-6.96053552628, -6.83701038361, -7.05657863617, -7.89015197754, -8.4193611145, -11.4046230316]}, "silence_rate_20dB": {"dmean": 0.00205288617872, "dmean2": 0.00410597305745, "max": 1, "dvar": 0.00204836460762, "mean": 0.998387098312, "dvar2": 0.00555456895381, "min": 0, "var": 0.00161019922234, "median": 1}, "silence_rate_30dB": {"dmean": 0.065887875855, "dmean2": 0.131782189012, "max": 1, "dvar": 0.0615537464619, "mean": 0.823020517826, "dvar2": 0.123788833618, "min": 0, "var": 0.14564281702, "median": 1}, "spectral_strongpeak": {"dmean": 0.267569422722, "dmean2": 0.454973876476, "max": 10.4806175232, "dvar": 0.311699211597, "mean": 0.450249284506, "dvar2": 0.87200731039, "min": 0, "var": 0.341826558113, "median": 0.285539925098}, "spectral_spread": {"dmean": 730619.4375, "dmean2": 1039402.9375, "max": 43073064, "dvar": 1313135656960.0, "mean": 3448195.75, "dvar2": 2607780462590.0, "min": 245908.53125, "var": 9911049125890.0, "median": 2978159.5}, "barkbands_flatness_db": {"dmean": 0.0392599590123, "dmean2": 0.054899521172, "max": 0.877657830715, "dvar": 0.00165068102069, "mean": 0.25034224987, "dvar2": 0.00306111876853, "min": 0.0198630001396, "var": 0.0156260170043, "median": 0.231134533882}, "pitch_salience": {"dmean": 0.100681871176, "dmean2": 0.160400658846, "max": 0.969256162643, "dvar": 0.0119754560292, "mean": 0.417756825686, "dvar2": 0.0282693170011, "min": 0.00358562893234, "var": 0.0407937802374, "median": 0.425066590309}, "erbbands_kurtosis": {"dmean": 2.00202512741, "dmean2": 3.09998989105, "max": 412.656311035, "dvar": 62.5049781799, "mean": 3.15655350685, "dvar2": 124.371177673, "min": -1.88995039463, "var": 404.496856689, "median": 0.796364426613}, "average_loudness": 0.751315057278, "barkbands_crest": {"dmean": 3.17408084869, "dmean2": 5.25657701492, "max": 26.6093139648, "dvar": 10.1640977859, "mean": 13.8854379654, "dvar2": 24.9173793793, "min": 2.13758111, "var": 30.7487106323, "median": 13.674987793}, "hfc": {"dmean": 9.48736381531, "dmean2": 15.4026908875, "max": 334.128417969, "dvar": 357.42477417, "mean": 14.8611850739, "dvar2": 917.577697754, "min": 1.07125970757e-16, "var": 416.56237793, "median": 7.86698007584}, "barkbands_kurtosis": {"dmean": 10.3606595993, "dmean2": 16.0247268677, "max": 875.336853027, "dvar": 687.704650879, "mean": 17.9862575531, "dvar2": 1532.04199219, "min": -1.84155011177, "var": 1888.84887695, "median": 4.31088256836}, "erbbands": {"dmean": [0.820251226425, 2.46723031998, 2.86209797859, 4.79446840286, 6.61721324921, 9.6230506897, 8.86344814301, 12.4375171661, 15.3284511566, 15.284075737, 12.0939474106, 10.5782594681, 12.302986145, 16.1739959717, 27.6676063538, 39.8236579895, 31.6783313751, 16.0450706482, 11.0471906662, 8.56439590454, 6.08052062988, 4.90720319748, 3.52580881119, 3.85961675644, 5.78691387177, 4.56463766098, 3.46854162216, 3.10753464699, 2.38323497772, 1.69480276108, 1.82758927345, 1.3594930172, 0.973671972752, 0.513253509998, 0.493525266647, 0.520791649818, 0.17303134501, 0.027014028281, 0.0018304460682, 5.61860833841e-05], "dmean2": [1.13161897659, 3.78832817078, 4.98625993729, 8.64560413361, 12.0906829834, 16.5717124939, 15.1478624344, 21.1480827332, 24.6420440674, 24.9386463165, 19.7517433167, 16.9810085297, 20.370349884, 27.4877300262, 46.4568138123, 65.0312194824, 52.3303527832, 26.4184856415, 18.3727493286, 14.5709791183, 10.3448534012, 8.20223903656, 5.80479431152, 6.55556726456, 10.0252504349, 7.93637275696, 6.16098308563, 5.50517559052, 4.2047867775, 2.92295718193, 3.18323326111, 2.40173125267, 1.68319141865, 0.875232756138, 0.810413002968, 0.852453112602, 0.292833358049, 0.0484869480133, 0.00341725233011, 9.43244667724e-05], "max": [21.7429294586, 71.124382019, 111.752166748, 206.649047852, 287.769836426, 561.585083008, 238.320571899, 472.065216064, 887.861206055, 1366.68249512, 681.289428711, 470.263549805, 1010.07537842, 1152.64648438, 1809.24523926, 6822.86865234, 2919.00610352, 776.42791748, 672.78326416, 354.976074219, 236.40802002, 290.253112793, 282.612823486, 249.77432251, 379.487182617, 247.483459473, 190.442550659, 137.058486938, 106.120986938, 59.2384338379, 87.3095245361, 64.2948684692, 61.1368942261, 21.5137844086, 24.0732097626, 22.4327087402, 6.44691181183, 2.78559064865, 0.331207126379, 0.00461501721293], "dvar": [2.41140627861, 26.1090717316, 73.6519317627, 277.122650146, 554.069030762, 668.430969238, 390.208221436, 784.079589844, 1249.56872559, 1663.09570312, 710.013366699, 458.467132568, 1018.20379639, 2227.6730957, 7682.83349609, 20394.7382812, 11067.7363281, 1245.32531738, 732.761291504, 344.653656006, 202.468551636, 124.122612, 97.2537612915, 103.577033997, 270.880859375, 183.770675659, 110.385322571, 79.6918563843, 49.2144622803, 22.7837352753, 38.0216827393, 26.3329715729, 13.0104465485, 3.17471814156, 3.19891214371, 4.12907457352, 0.47925594449, 0.0204899087548, 0.000187494559214, 4.00764186281e-08], "mean": [1.71929693222, 3.96805286407, 2.85200381279, 4.20411872864, 5.97407770157, 15.2310380936, 12.2777490616, 15.8252134323, 22.4008197784, 21.6723003387, 15.7893638611, 15.5788097382, 16.620174408, 21.6585102081, 35.5748672485, 47.3537864685, 37.5908584595, 25.3538608551, 17.6070804596, 12.1388568878, 8.0548582077, 6.84929895401, 4.77602291107, 4.47472524643, 5.75003528595, 4.29646492004, 3.10470533371, 2.69434738159, 1.98894774914, 1.43127453327, 1.4163120985, 1.00090301037, 0.722074627876, 0.395802378654, 0.398920685053, 0.40068307519, 0.123640462756, 0.0177777986974, 0.00112758239266, 8.47270202939e-05], "dvar2": [4.34117794037, 58.2659606934, 204.866622925, 796.945800781, 1613.88244629, 1864.7265625, 1069.6217041, 2163.8737793, 3133.06713867, 4186.79833984, 1763.17456055, 1161.05249023, 2745.15527344, 6038.79882812, 20851.8515625, 49787.953125, 28817.171875, 3248.71337891, 1912.84521484, 939.461120605, 540.811767578, 329.225158691, 250.580307007, 268.653320312, 731.543334961, 500.936218262, 306.761657715, 220.414138794, 136.251403809, 62.0267562866, 103.676223755, 73.4951934814, 35.4922523499, 8.69334316254, 8.41040611267, 10.522110939, 1.27227759361, 0.0592577382922, 0.000552144832909, 1.1582845616e-07], "min": [6.47947628354e-23, 3.96003302416e-22, 2.43835456824e-21, 3.89432674201e-21, 7.91978019037e-21, 1.15478161675e-20, 4.74534098064e-20, 5.85885630146e-20, 5.76021889082e-20, 1.35177080222e-19, 2.37389927358e-19, 2.90407422485e-19, 5.57414887718e-19, 6.04844286669e-19, 8.44988105081e-19, 9.2229387189e-19, 1.43625582466e-18, 1.93707625564e-18, 2.88542021636e-18, 3.26371638026e-18, 3.89962388387e-18, 4.77247479241e-18, 4.62814128809e-18, 5.93433185362e-18, 6.68676222217e-18, 9.05133948044e-18, 9.5031289874e-18, 1.17149818212e-17, 1.08324181579e-17, 1.1135788302e-17, 1.05290860642e-17, 1.05828693477e-17, 9.42085181341e-18, 7.70997760886e-18, 5.58663765007e-18, 4.48268075019e-18, 2.50321810561e-18, 8.84096428961e-19, 2.42680703803e-19, 2.72623801872e-20], "var": [8.45195198059, 49.7298660278, 54.4075202942, 172.360443115, 333.564025879, 1328.97644043, 497.498199463, 953.773620605, 2395.93310547, 2364.85913086, 1011.32495117, 651.981018066, 973.398254395, 2155.90087891, 7204.31054688, 20797.171875, 10885.8603516, 2497.46948242, 1366.4197998, 493.73739624, 230.339248657, 171.480026245, 140.906600952, 137.098068237, 252.321502686, 158.238418579, 83.2123641968, 59.2367134094, 35.1939849854, 17.04205513, 26.2998714447, 16.8092079163, 8.86380195618, 2.18708705902, 2.58191156387, 3.35487341881, 0.345583736897, 0.011515205726, 9.89259642665e-05, 2.72145630476e-08], "median": [0.442880690098, 1.16606116295, 0.685673594475, 0.664273917675, 1.0412209034, 2.3762242794, 3.11030721664, 3.93962192535, 4.06041526794, 6.23796033859, 4.5230922699, 6.83855247498, 7.71664524078, 8.7791595459, 11.7783203125, 10.1979751587, 6.14605474472, 3.98757600784, 2.67425775528, 2.32090330124, 1.9239641428, 1.34795880318, 1.03441691399, 0.668092131615, 0.669501423836, 0.493524670601, 0.335576951504, 0.255077511072, 0.146193504333, 0.0988311469555, 0.0678875669837, 0.0426466278732, 0.0238138623536, 0.0130676636472, 0.00634868303314, 0.00327191501856, 0.00089621625375, 0.0001157765073, 2.93464800052e-05, 4.02315345127e-05]}, "spectral_energy": {"dmean": 0.0230608396232, "dmean2": 0.0344379581511, "max": 0.508475661278, "dvar": 0.00118294672575, "mean": 0.0577523671091, "dvar2": 0.00234325509518, "min": 1.00107247578e-20, "var": 0.00450731581077, "median": 0.0314714983106}, "zerocrossingrate": {"dmean": 0.00855555478483, "dmean2": 0.0100596249104, "max": 0.5205078125, "dvar": 0.000208132973057, "mean": 0.03047853522, "dvar2": 0.000269995070994, "min": 0.00146484375, "var": 0.00177280919161, "median": 0.02099609375}, "spectral_energyband_high": {"dmea