{"tonal": {"chords_key": "D", "hpcp_entropy": {"dmean": 0.454911768436, "dmean2": 0.763427317142, "max": 4.58773756027, "dvar": 0.168461620808, "mean": 1.61449050903, "dvar2": 0.441637426615, "min": 0, "var": 0.425738066435, "median": 1.64747667313}, "key_key": "D", "chords_strength": {"dmean": 0.00499592674896, "dmean2": 0.00470716319978, "max": 0.721639096737, "dvar": 0.000153408880578, "mean": 0.5222427845, "dvar2": 0.0002800677903, "min": -1, "var": 0.0171019211411, "median": 0.539550840855}, "key_scale": "minor", "chords_number_rate": 0.000455907254945, "thpcp": [1, 0.622452259064, 0.100280247629, 0.0389443039894, 0.0318521149457, 0.143928483129, 0.337506979704, 0.281797707081, 0.64873790741, 0.997518539429, 0.452613443136, 0.0575535036623, 0.04287346825, 0.0354123190045, 0.16417580843, 0.372768819332, 0.293841719627, 0.100413411856, 0.0663008317351, 0.0912419706583, 0.450022548437, 0.856122434139, 0.541235864162, 0.0940019115806, 0.0310228038579, 0.030390612781, 0.0808311700821, 0.153754428029, 0.128900006413, 0.25580984354, 0.439161926508, 0.268904417753, 0.0721900761127, 0.0484534949064, 0.057904433459, 0.489984303713], "key_strength": 0.687477171421, "tuning_nontempered_energy_ratio": 0.608345627785, "tuning_frequency": 435.952270508, "chords_changes_rate": 0.0188875868917, "tuning_diatonic_strength": 0.487131237984, "chords_scale": "minor", "chords_histogram": [74.4952468872, 10.2058095932, 2.13625121117, 1.8366549015, 1.17884588242, 6.22639036179, 0.273544341326, 0.149798095226, 0, 0.716425716877, 0, 0.267031401396, 0.0521036870778, 0, 0, 0, 0.0846684873104, 0.332161009312, 0.240979552269, 0.0390777662396, 0.442881345749, 0, 1.26351439953, 0.0586166456342], "tuning_equal_tempered_deviation": 0.0237234923989, "hpcp": {"dmean": [0.169295608997, 0.125881806016, 0.042321100831, 0.0222183372825, 0.0202367845923, 0.0307565610856, 0.045427609235, 0.0451872013509, 0.073822028935, 0.0995518118143, 0.0753253102303, 0.0348039343953, 0.0261595845222, 0.0313788726926, 0.102625057101, 0.150227412581, 0.119059666991, 0.0451251342893, 0.0231324881315, 0.0196855328977, 0.0422502458096, 0.0744241550565, 0.0682788640261, 0.142797484994, 0.19354043901, 0.103989355266, 0.0269482340664, 0.0199905559421, 0.0190075710416, 0.0514836460352, 0.0908747240901, 0.0798416733742, 0.0492892488837, 0.0440098829567, 0.0551740974188, 0.119981512427], "dmean2": [0.279479622841, 0.205595880747, 0.0745131373405, 0.0422669015825, 0.0383915305138, 0.053653113544, 0.075496070087, 0.0780378356576, 0.124655902386, 0.165030732751, 0.127348259091, 0.0615366064012, 0.0474537014961, 0.0568219162524, 0.166018605232, 0.243420988321, 0.193608433008, 0.0792906805873, 0.0425731129944, 0.0366512015462, 0.0703787505627, 0.117214635015, 0.108249880373, 0.234770387411, 0.323283523321, 0.167632952332, 0.0475742593408, 0.0352119579911, 0.0341759733856, 0.0852219089866, 0.14843967557, 0.133130177855, 0.0890465602279, 0.0813595503569, 0.100221894681, 0.200710758567], "max": [1, 1, 1, 1, 1, 1, 1, 1, 1, 1, 1, 1, 1, 1, 1, 1, 1, 1, 1, 1, 1, 1, 1, 1, 1, 1, 1, 1, 1, 1, 1, 1, 1, 1, 1, 1], "dvar": [0.0402193143964, 0.0245585609227, 0.0131214000285, 0.0105023700744, 0.00830189883709, 0.00806132331491, 0.0118144629523, 0.011375721544, 0.0157269015908, 0.0273973271251, 0.0183302946389, 0.0114808334038, 0.00936555210501, 0.00869073718786, 0.0142522975802, 0.0357723049819, 0.020211154595, 0.0105155101046, 0.00712710618973, 0.00647330330685, 0.00823178887367, 0.0166984163225, 0.0109795182943, 0.0264646392316, 0.0572730340064, 0.0143875516951, 0.00613132817671, 0.00530547136441, 0.00509555405006, 0.0100133642554, 0.026289479807, 0.022610142827, 0.019425900653, 0.0216269865632, 0.0244719255716, 0.0267914775759], "mean": [0.418647497892, 0.264666616917, 0.0459673330188, 0.0151702817529, 0.0148611376062, 0.0395267829299, 0.0751865655184, 0.0630326494575, 0.125092089176, 0.214752033353, 0.131495401263, 0.0353012531996, 0.0236939638853, 0.0283155124635, 0.239604398608, 0.489004224539, 0.304381787777, 0.049037463963, 0.0190439298749, 0.0155758187175, 0.0703816339374, 0.165042340755, 0.137800276279, 0.317235589027, 0.48779079318, 0.221329882741, 0.0281439069659, 0.020965307951, 0.0173167735338, 0.0802826657891, 0.182285532355, 0.143689841032, 0.0491025820374, 0.032421387732, 0.0446177087724, 0.220062926412], "dvar2": [0.097392372787, 0.0623576752841, 0.037592548877, 0.0310149658471, 0.0245708208531, 0.0229384675622, 0.0307648722082, 0.031850270927, 0.0418519936502, 0.0664772838354, 0.0485606789589, 0.0314766615629, 0.0264339335263, 0.0247207917273, 0.0356828644872, 0.0806015655398, 0.0498280152678, 0.0295766722411, 0.0208730585873, 0.0193568915129, 0.0228720773011, 0.0378595180809, 0.0262626484036, 0.0709879398346, 0.142970249057, 0.0365016981959, 0.0173681117594, 0.0150594403967, 0.0148324696347, 0.0267964489758, 0.0626269429922, 0.0577687621117, 0.0543157793581, 0.0614697188139, 0.068073824048, 0.0718996152282], "min": [0, 0, 0, 0, 0, 0, 0, 0, 0, 0, 0, 0, 0, 0, 0, 0, 0, 0, 0, 0, 0, 0, 0, 0, 0, 0, 0, 0, 0, 0, 0, 0, 0, 0, 0, 0], "var": [0.118337377906, 0.0627231150866, 0.0114286243916, 0.00673847505823, 0.00583000667393, 0.0100204823539, 0.0294802356511, 0.0180503521115, 0.0334474109113, 0.0884741842747, 0.0397043637931, 0.0123196141794, 0.00951149035245, 0.00816300231963, 0.039654109627, 0.139111846685, 0.0673539191484, 0.0122863091528, 0.00646321708336, 0.00542033649981, 0.0153737496585, 0.0683670714498, 0.0369454547763, 0.0642284974456, 0.138116464019, 0.0355067625642, 0.00705200154334, 0.00547119276598, 0.00404595630243, 0.0181072037667, 0.0784762874246, 0.0560587383807, 0.0203566048294, 0.0162656251341, 0.0189550351351, 0.0464823096991], "median": [0.302072405815, 0.177056163549, 0.0111163621768, 0.000535313971341, 0.000806106545497, 0.00570383574814, 0.0113319754601, 0.0136632733047, 0.0428873375058, 0.0732653290033, 0.0412743836641, 0.00483147520572, 0.0019981530495, 0.00505281053483, 0.186915025115, 0.393684208393, 0.23050865531, 0.0116784665734, 0.00128437555395, 0.000817442080006, 0.0193560197949, 0.0470064729452, 0.0557389482856, 0.248121336102, 0.38924446702, 0.171022415161, 0.00644086999819, 0.00398006848991, 0.00282412348315, 0.0212991274893, 0.0505365245044, 0.0349095910788, 0.00388475134969, 0.00055517279543, 0.00626318249851, 0.143641978502]}}, "lowlevel": {"melbands_flatness_db": {"dmean": 0.0180794820189, "dmean2": 0.0273452047259, "max": 0.788319766521, "dvar": 0.000437785376562, "mean": 0.267598837614, "dvar2": 0.000874220684636, "min": 4.48691508836e-07, "var": 0.00621889065951, "median": 0.252875417471}, "melbands_crest": {"dmean": 2.87069797516, "dmean2": 4.47164678574, "max": 36.8024368286, "dvar": 7.4775147438, "mean": 13.8714675903, "dvar2": 17.1605358124, "min": 1.00027132034, "var": 31.6654167175, "median": 12.6742677689}, "spectral_entropy": {"dmean": 0.120607219636, "dmean2": 0.188516691327, "max": 9.82273006439, "dvar": 0.0161642301828, "mean": 6.68382406235, "dvar2": 0.0393544137478, "min": 4.23646879196, "var": 0.20843718946, "median": 6.73322868347}, "melbands": {"dmean": [0.00013941313955, 8.88987269718e-05, 0.000120506963867, 0.000128008337924, 0.000260096014244, 0.000233026978094, 0.000185592551134, 0.000180485279998, 0.000244938273681, 0.000208924408071, 0.000129882610054, 0.000207929377211, 6.00609455432e-05, 8.11196514405e-05, 4.31759981439e-05, 2.91202741209e-05, 2.00478971237e-05, 3.56231612386e-05, 1.25065671455e-05, 1.16723504107e-05, 7.14214911568e-06, 4.61074114355e-06, 3.69053032045e-06, 1.22841242955e-06, 1.02914998479e-06, 1.56363296355e-06, 4.2535157263e-07, 5.3812226497e-07, 3.51168381485e-07, 3.24865311541e-07, 4.39511438799e-07, 1.4725787878e-07, 1.54780380512e-07, 1.01602665836e-07, 1.15134270118e-07, 6.60693189047e-08, 4.75720334236e-08, 3.69838843994e-08, 2.62668109485e-08, 2.57512979829e-08], "dmean2": [0.000193403611775, 0.000145570520544, 0.000218060071347, 0.000205831951462, 0.000374638184439, 0.000343083112966, 0.000259569642367, 0.000278406689176, 0.000347742548911, 0.000278271763818, 0.000187798941624, 0.000308365619276, 9.20078309719e-05, 0.000126233266201, 6.75563205732e-05, 4.62296666228e-05, 3.2528401789e-05, 5.92844735365e-05, 2.03455983865e-05, 1.91215258383e-05, 1.1650828128e-05, 7.36742822482e-06, 5.99845725446e-06, 2.03165268431e-06, 1.7069671685e-06, 2.64540267381e-06, 6.91567947797e-07, 9.057821444e-07, 5.8553200688e-07, 5.31931846126e-07, 7.31722991532e-07, 2.38144323816e-07, 2.55607233157e-07, 1.66966998449e-07, 1.92919301867e-07, 1.08289675893e-07, 7.79646214255e-08, 5.95074745036e-08, 4.18503347532e-08, 4.05501374701e-08], "max": [0.0155557496473, 0.0133042763919, 0.00593777000904, 0.0246959142387, 0.0205984115601, 0.021479902789, 0.0296826474369, 0.019463526085, 0.026963185519, 0.0120053738356, 0.0175928678364, 0.0284120906144, 0.0102976700291, 0.0156872030348, 0.00753742782399, 0.00468696281314, 0.00374572281726, 0.0030669758562, 0.00143049412873, 0.000908535148483, 0.000735149020329, 0.000487798795803, 0.00108356343117, 0.00015873152006, 0.000159744042321, 0.000138843941386, 6.10163078818e-05, 6.17746336502e-05, 3.06468500639e-05, 6.44540123176e-05, 0.000114255664812, 4.70940285595e-05, 2.4165470677e-05, 2.78905135929e-05, 1.29648597067e-05, 9.87489238469e-06, 1.01216601252e-05, 6.34850539427e-06, 1.12462585093e-05, 1.59480441653e-05], "dvar": [5.98125154738e-07, 2.77941410332e-07, 5.0374680427e-08, 7.72474564315e-08, 2.89866306957e-07, 2.6705524192e-07, 3.4531612414e-07, 2.67344972826e-07, 3.82735152016e-07, 1.47924822613e-07, 1.50401504584e-07, 3.31410774379e-07, 2.86783059522e-08, 5.03980608357e-08, 1.90655224941e-08, 8.79120687358e-09, 6.23692431034e-09, 7.88072807012e-09, 1.07840159025e-09, 9.41852262848e-10, 3.28665650251e-10, 1.4305959195e-10, 2.24819204919e-10, 1.13133322155e-11, 1.1597698496e-11, 1.61730732973e-11, 1.6334859897e-12, 2.13456249204e-12, 4.83872111216e-13, 7.91805260681e-13, 3.04821575967e-12, 3.74252983205e-13, 1.85326648233e-13, 1.69092496081e-13, 1.10789876622e-13, 3.41803510137e-14, 2.4866408913e-14, 1.88364321835e-14, 1.80164992083e-14, 2.04448901521e-14], "mean": [0.000153684872203, 9.70888504526e-05, 0.000223138340516, 0.000441548851086, 0.000834189995658, 0.000720543495845, 0.000462683790829, 0.000389234424802, 0.000564250687603, 0.000495036132634, 0.000307186302962, 0.000383720966056, 0.000119328833534, 0.000151352840476, 8.19450433482e-05, 5.11332655151e-05, 3.46280212398e-05, 5.4891952459e-05, 2.17307078856e-05, 2.00408267119e-05, 1.30860671561e-05, 8.80431798578e-06, 7.06938772055e-06, 2.48505807576e-06, 1.90228979591e-06, 2.71169665211e-06, 8.85773658865e-07, 1.11012775506e-06, 7.68752272506e-07, 6.5519321879e-07, 7.99499503046e-07, 3.22962534938e-07, 3.70319071408e-07, 2.50922823852e-07, 2.45845939162e-07, 1.55360865506e-07, 1.08404307753e-07, 7.2731147327e-08, 4.68692036293e-08, 4.77855692793e-08], "dvar2": [1.2650308463e-06, 7.11605025572e-07, 1.5427323774e-07, 2.0570075776e-07, 5.82023574225e-07, 6.19050126716e-07, 8.56290171214e-07, 6.85510201492e-07, 8.82462984464e-07, 2.81602041241e-07, 2.87036215241e-07, 6.56263011933e-07, 6.86829082497e-08, 1.14713117227e-07, 4.7063444697e-08, 2.26986074381e-08, 1.56225947734e-08, 1.99104732701e-08, 2.64573563058e-09, 2.46648923508e-09, 8.37901914519e-10, 3.53928220065e-10, 6.38472552605e-10, 3.01856387108e-11, 3.21131315983e-11, 4.37894616401e-11, 4.14901012852e-12, 6.0230253944e-12, 1.27451489033e-12, 1.85207166443e-12, 8.85133199374e-12, 1.0004585051e-12, 4.50878456749e-13, 3.92771861042e-13, 2.99962474564e-13, 8.74075659942e-14, 6.12143731429e-14, 4.46178840131e-14, 4.21206648661e-14, 4.02532621493e-14], "min": [1.65391749085e-24, 1.18463311162e-24, 1.01102149107e-24, 1.3870833175e-24, 1.58650755156e-24, 2.27479934099e-24, 1.79897816448e-24, 6.22618379511e-25, 1.58282386695e-24, 1.98276717539e-24, 1.69033052137e-24, 2.47969570593e-24, 2.23511904581e-24, 1.79584027301e-24, 2.63759923231e-24, 3.74685343039e-24, 2.33959223422e-24, 3.58409525399e-24, 2.40015486085e-24, 3.8773645507e-24, 3.63854835013e-24, 3.09827664602e-24, 3.2125969879e-24, 4.33907103346e-24, 5.06053126851e-24, 3.98860616568e-24, 4.07549091135e-24, 5.21470624383e-24, 4.5819356682e-24, 4.33856931793e-24, 5.77428827682e-24, 4.85601040136e-24, 5.0572515793e-24, 5.46680410103e-24, 5.51537229481e-24, 5.50095901721e-24, 5.60759131792e-24, 6.0115283333e-24, 6.02417811235e-24, 6.34892966449e-24], "var": [7.86738098668e-07, 2.53323577226e-07, 1.05971793118e-07, 1.19101366636e-06, 2.1623432076e-06, 1.41009161325e-06, 1.10346354631e-06, 6.35937510651e-07, 1.23648430872e-06, 5.87705415001e-07, 7.46173270727e-07, 1.16976775644e-06, 9.03600891888e-08, 1.53762485411e-07, 4.32455351529e-08, 1.92060607418e-08, 1.75902261645e-08, 1.60667710247e-08, 2.82945644692e-09, 2.10118455968e-09, 7.89092291509e-10, 3.45855039052e-10, 4.37358871341e-10, 3.06348557633e-11, 2.65706276426e-11, 3.41039939344e-11, 5.63539536216e-12, 4.61493603748e-12, 1.43411172694e-12, 1.88720892212e-12, 6.85775871853e-12, 1.01566563319e-12, 5.48496686438e-13, 4.9977920023e-13, 3.1195025404e-13, 9.02097000615e-14, 6.18038064303e-14, 3.96839475885e-14, 4.09824626492e-14, 7.61494884619e-14], "median": [1.03079241853e-06, 1.52765114763e-05, 0.000107618863694, 0.000171772480826, 0.000363492086763, 0.000337905541528, 0.000177825408173, 0.000129184947582, 0.000237254571402, 0.000224047296797, 7.12056280463e-05, 9.88191604847e-05, 2.66215192823e-05, 4.09521744587e-05, 2.50791381404e-05, 1.85026347026e-05, 4.53823940916e-06, 1.70260245795e-05, 7.16836984793e-06, 7.188786185e-06, 4.37388825958e-06, 3.2718305647e-06, 2.35878587773e-06, 1.02999183582e-06, 5.66559720028e-07, 1.04400908185e-06, 2.94370153142e-07, 5.16694115049e-07, 3.87240959299e-07, 2.73956175079e-07, 2.8354281767e-07, 1.31621305854e-07, 1.71812416738e-07, 1.11288045446e-07, 9.75829834715e-08, 6.87840397973e-08, 4.84812758828e-08, 2.46010820604e-08, 1.04781108234e-08, 4.87326978771e-09]}, "silence_rate_60dB": {"dmean": 0.0164788644761, "dmean2": 0.0329588018358, "max": 1, "dvar": 0.0162102486938, "mean": 0.116325266659, "dvar2": 0.0354010425508, "min": 0, "var": 0.102803267539, "median": 0}, "spectral_energyband_middle_high": {"dmean": 0.00223798211664, "dmean2": 0.00337970303372, "max": 0.179535537958, "dvar": 1.90479840967e-05, "mean": 0.00659828679636, "dvar2": 4.03034428018e-05, "min": 1.08602018865e-21, "var": 8.5481107817e-05, "median": 0.00382879097015}, "erbbands_skewness": {"dmean": 0.365712672472, "dmean2": 0.569374799728, "max": 7.86927509308, "dvar": 0.119585558772, "mean": 0.850501716137, "dvar2": 0.289028614759, "min": -3.19222569466, "var": 0.753838598728, "median": 0.790437459946}, "dynamic_complexity": 4.65110826492, "dissonance": {"dmean": 0.030431991443, "dmean2": 0.0510802492499, "max": 0.500000059605, "dvar": 0.000760705501307, "mean": 0.427570700645, "dvar2": 0.00209257146344, "min": 0, "var": 0.00167192309164, "median": 0.43286934495}, "spectral_skewness": {"dmean": 0.334625124931, "dmean2": 0.576886534691, "max": 11.0200119019, "dvar": 0.108104683459, "mean": 2.59036159515, "dvar2": 0.305280953646, "min": -0.0958935543895, "var": 0.97711199522, "median": 2.39912438393}, "spectral_kurtosis": {"dmean": 4.16378355026, "dmean2": 7.29471492767, "max": 172.625045776, "dvar": 25.5407238007, "mean": 12.6840372086, "dvar2": 72.5643386841, "min": -1.2689281702, "var": 157.426589966, "median": 9.62223052979}, "gfcc": {"cov": [[14118.3720703, -28.916437149, -4443.41845703, -838.187866211, -1982.1295166, -576.614807129, -854.025878906, -826.379943848, -495.747924805, -759.459777832, -251.860015869, -484.186157227, 94.8434753418], [-28.916437149, 772.405700684, 452.063659668, 17.1644630432, 278.082397461, -13.2310695648, 165.628051758, 16.2353801727, 123.49004364, 52.1914176941, 91.8214187622, 53.9913101196, 11.4364910126], [-4443.41845703, 452.063659668, 2248.71484375, 474.58883667, 843.479309082, 313.185577393, 304.611541748, 431.81817627, 217.550933838, 410.29095459, 119.586097717, 251.892074585, -15.7377710342], [-838.187866211, 17.1644630432, 474.58883667, 392.911224365, 243.418960571, 99.6756439209, 75.313293457, 109.909042358, 74.9077758789, 88.4579620361, 8.08672142029, 64.157043457, -6.16600131989], [-1982.1295166, 278.082397461, 843.479309082, 243.418960571, 596.063598633, 184.856399536, 191.064285278, 190.109298706, 122.981292725, 181.413299561, 54.1832427979, 115.703399658, -1.44109117985], [-576.614807129, -13.2310695648, 313.185577393, 99.6756439209, 184.856399536, 223.114273071, 74.9050979614, 99.1728668213, 23.8704872131, 95.8020324707, -8.59479236603, 30.134103775, 1.51657569408], [-854.025878906, 165.628051758, 304.611541748, 75.313293457, 191.064285278, 74.9050979614, 229.80657959, 93.7533493042, 72.1151733398, 45.6966705322, 36.9729576111, 39.0585517883, -2.01563954353], [-826.379943848, 16.2353801727, 431.81817627, 109.909042358, 190.109298706, 99.1728668213, 93.7533493042, 235.679855347, 66.914390564, 101.560050964, 0.413809418678, 68.0126571655, 4.50165748596], [-495.747924805, 123.49004364, 217.550933838, 74.9077758789, 122.981292725, 23.8704872131, 72.1151733398, 66.914390564, 152.431671143, 69.2956848145, 19.1818828583, 26.1526679993, 8.22567176819], [-759.459777832, 52.1914176941, 410.29095459, 88.4579620361, 181.413299561, 95.8020324707, 45.6966705322, 101.560050964, 69.2956848145, 200.284118652, 54.8302993774, 47.8748703003, -11.7420253754], [-251.860015869, 91.8214187622, 119.586097717, 8.08672142029, 54.1832427979, -8.59479236603, 36.9729576111, 0.413809418678, 19.1818828583, 54.8302993774, 118.886009216, 45.0745048523, -16.1615123749], [-484.186157227, 53.9913101196, 251.892074585, 64.157043457, 115.703399658, 30.134103775, 39.0585517883, 68.0126571655, 26.1526679993, 47.8748703003, 45.0745048523, 128.506393433, 31.61079216], [94.8434753418, 11.4364910126, -15.7377710342, -6.16600131989, -1.44109117985, 1.51657569408, -2.01563954353, 4.50165748596, 8.22567176819, -11.7420253754, -16.1615123749, 31.61079216, 95.27368927]], "mean": [-87.4963760376, 132.44291687, -148.902816772, -6.95250415802, -82.7547454834, -7.6268954277, -42.50548172, -14.4966077805, -17.2978916168, -15.3772258759, -12.8056201935, -10.8555107117, -3.75901937485], "icov": [[0.000889622722752, -0.00250689848326, 0.00203140219674, -0.00135483569466, 0.00219464069232, -0.00151627720334, 0.00190034124535, -0.00156230723951, 0.00140147632919, -0.00100166851189, 0.000493395433296, -0.000300862127915, -0.000226385265705], [-0.00250689848326, 0.00940603762865, -0.00619170442224, 0.00458481023088, -0.00723500968888, 0.0051100240089, -0.00619701575488, 0.00547995790839, -0.00518614705652, 0.00359381176531, -0.00236681033857, 0.0012644242961, 0.000129299136461], [0.00203140219674, -0.00619170442224, 0.00608408916742, -0.00367407221347, 0.00424538506195, -0.00351070449688, 0.00424839416519, -0.00452637579292, 0.00359073397703, -0.00361586664803, 0.00140037387609, -0.00158621568698, -7.97349421191e-05], [-0.00135483569466, 0.00458481023088, -0.00367407221347, 0.00610668025911, -0.00441537471488, 0.00203555449843, -0.00282855448313, 0.00271693058312, -0.00344976596534, 0.00217081001028, -0.000377168733394, -0.000140976451803, 0.000847456569318], [0.00219464069232, -0.00723500968888, 0.00424538506195, -0.00441537471488, 0.0105954445899, -0.00546026416123, 0.00354617647827, -0.00406921561807, 0.00319048995152, -0.00338839739561, 0.00172253104392, -0.00194867758546, -0.000140576361446], [-0.00151627720334, 0.0051100240089, -0.00351070449688, 0.00203555449843, -0.00546026416123, 0.0107051786035, -0.00512374844402, 0.00222104671411, -0.000605717999861, -0.00134029099718, 0.0013967595296, 0.000979725504294, -0.000219500245294], [0.00190034124535, -0.00619701575488, 0.00424839416519, -0.00282855448313, 0.00354617647827, -0.00512374844402, 0.0118337012827, -0.00545796239749, 0.0011539789848, 0.000598505430389, -0.00155743025243, 0.000332339783199, -0.000386053376133], [-0.00156230723951, 0.00547995790839, -0.00452637579292, 0.00271693058312, -0.00406921561807, 0.00222104671411, -0.00545796239749, 0.0116474917158, -0.00395870627835, 7.53153071855e-05, 0.00208844710141, -0.00223916792311, 0.00101114588324], [0.00140147632919, -0.00518614705652, 0.00359073397703, -0.00344976596534, 0.00319048995152, -0.000605717999861, 0.0011539789848, -0.00395870627835, 0.012730024755, -0.00505262101069, 0.00170975388028, 0.000254890241195, -0.00164970639162], [-0.00100166851189, 0.00359381176531, -0.00361586664803, 0.00217081001028, -0.00338839739561, -0.00134029099718, 0.000598505430389, 7.53153071855e-05, -0.00505262101069, 0.0132139055058, -0.00612650439143, 0.00200745067559, 0.000447617785539], [0.000493395433296, -0.00236681033857, 0.00140037387609, -0.000377168733394, 0.00172253104392, 0.0013967595296, -0.00155743025243, 0.00208844710141, 0.00170975388028, -0.00612650439143, 0.0152282994241, -0.00653594266623, 0.00372113613412], [-0.000300862127915, 0.0012644242961, -0.00158621568698, -0.000140976451803, -0.00194867758546, 0.000979725504294, 0.000332339783199, -0.00223916792311, 0.000254890241195, 0.00200745067559, -0.00653594266623, 0.0148403160274, -0.00586282229051], [-0.000226385265705, 0.000129299136461, -7.97349421191e-05, 0.000847456569318, -0.000140576361446, -0.000219500245294, -0.000386053376133, 0.00101114588324, -0.00164970639162, 0.000447617785539, 0.00372113613412, -0.00586282229051, 0.0134670641273]]}, "spectral_complexity": {"dmean": 1.59760308266, "dmean2": 2.7103729248, "max": 47, "dvar": 1.95257043839, "mean": 13.5146379471, "dvar2": 5.25578069687, "min": 0, "var": 33.8923873901, "median": 14}, "spectral_flux": {"dmean": 0.0144330924377, "dmean2": 0.0245734937489, "max": 0.236265689135, "dvar": 0.000291137956083, "mean": 0.0548280626535, "dvar2": 0.000753134256229, "min": 6.44479331013e-11, "var": 0.000914045551326, "median": 0.0516037791967}, "spectral_energyband_low": {"dmean": 0.00061253545573, "dmean2": 0.000958150718361, "max": 0.0608620457351, "dvar": 6.31631428405e-06, "mean": 0.000878333987202, "dvar2": 1.26173326862e-05, "min": 9.45890689267e-24, "var": 1.10507480713e-05, "median": 0.000241032015765}, "spectral_decrease": {"dmean": 1.28713117942e-09, "dmean2": 1.91763405155e-09, "max": 6.69636560222e-25, "dvar": 3.1590428776e-18, "mean": -5.65779734174e-09, "dvar2": 7.05644536794e-18, "min": -4.50171206978e-08, "var": 2.16512374666e-17, "median": -4.82781148392e-09}, "barkbands_spread": {"dmean": 1.80437767506, "dmean2": 2.81342411041, "max": 101.997665405, "dvar": 4.22414684296, "mean": 8.67615413666, "dvar2": 10.324965477, "min": 0.115803465247, "var": 24.3683624268, "median": 7.82530784607}, "spectral_rms": {"dmean": 0.000496869615745, "dmean2": 0.000736429239623, "max": 0.0134232351556, "dvar": 3.06560025365e-07, "mean": 0.00426670396701, "dvar2": 6.56762153994e-07, "min": 3.11447243863e-12, "var": 4.00484395868e-06, "median": 0.00435486994684}, "spectral_centroid": {"dmean": 85.5240936279, "dmean2": 134.461547852, "max": 11688.5576172, "dvar": 16484.0976562, "mean": 823.541809082, "dvar2": 36494.28125, "min": 82.8025512695, "var": 521742.125, "median": 755.007202148}, "barkbands_skewness": {"dmean": 0.458704769611, "dmean2": 0.705526292324, "max": 26.1642932892, "dvar": 0.378427028656, "mean": 1.35339379311, "dvar2": 0.884183049202, "min": -4.54472827911, "var": 1.65762245655, "median": 1.21336770058}, "spectral_rolloff": {"dmean": 149.721115112, "dmean2": 261.083618164, "max": 19681.3476562, "dvar": 107314.25, "mean": 1012.70770264, "dvar2": 254294.84375, "min": 43.06640625, "var": 1551085.875, "median": 882.861328125}, "erbbands_spread": {"dmean": 3.26052570343, "dmean2": 5.02662134171, "max": 156.106307983, "dvar": 12.8350849152, "mean": 17.1264533997, "dvar2": 29.9578208923, "min": 0.863314032555, "var": 102.958343506, "median": 15.572221756}, "barkbands": {"dmean": [3.94161943404e-05, 0.000420776050305, 0.000169772087247, 0.000307189533487, 0.000911079812795, 0.00115156441461, 0.00080366601469, 0.00143749674316, 0.0011354922317, 0.00155933527276, 0.000420490687247, 0.000613253039774, 0.00032175052911, 0.000172016283614, 0.000361352082109, 0.000113674832392, 0.000112342400826, 3.1030322134e-05, 2.91517608275e-05, 1.30298176373e-05, 1.3858035345e-05, 6.99983138475e-06, 4.53883558293e-06, 3.45092735188e-06, 1.77630181497e-06, 1.38183807508e-07, 5.2773816428e-09], "dmean2": [5.25974646735e-05, 0.000590670795646, 0.000302236760035, 0.000558259023819, 0.00139565113932, 0.0016749399947, 0.00116882030852, 0.00208123680204, 0.00153386674356, 0.00228198897094, 0.000642082944978, 0.000955844123382, 0.000508799217641, 0.000278201565379, 0.000597768696025, 0.000187138430192, 0.000180012226338, 5.19636705576e-05, 4.84901866002e-05, 2.18246968871e-05, 2.27880755119e-05, 1.13428195618e-05, 7.54308757678e-06, 5.59656200494e-06, 2.84471161649e-06, 2.28892190535e-07, 8.97013929801e-09], "max": [0.00465180212632, 0.0498290732503, 0.0166583769023, 0.0121627124026, 0.116627536714, 0.0885707214475, 0.126818194985, 0.1359385252, 0.0785379260778, 0.176170393825, 0.0738032832742, 0.121390499175, 0.0674854665995, 0.0313743278384, 0.0323197506368, 0.00984972622246, 0.0133633576334, 0.00303920451552, 0.00227212393656, 0.0013615420321, 0.00253655575216, 0.000937978504226, 0.000567588373087, 0.000466884754132, 0.000584993918892, 7.62368799769e-05, 1.14313093036e-06], "dvar": [5.06210895423e-08, 5.28291911905e-06, 1.01324394564e-06, 2.74867232974e-07, 3.61063075616e-06, 5.28451391801e-06, 5.59313912163e-06, 1.33934017867e-05, 4.27604891229e-06, 1.59337287187e-05, 1.37688061841e-06, 3.21386414726e-06, 1.40547228966e-06, 4.39688989218e-07, 7.85987424479e-07, 8.18426642013e-08, 9.70500053654e-08, 6.46650688552e-09, 4.99821206645e-09, 1.03708852617e-09, 1.79307180215e-09, 4.13023337753e-10, 1.50383525077e-10, 1.05051634058e-10, 5.80352883806e-11, 9.82582721784e-13, 3.85160889482e-16], "mean": [4.38958886662e-05, 0.00048615122796, 0.000161691103131, 0.000515579769854, 0.00289193214849, 0.00380393862724, 0.00185926549602, 0.00305797019973, 0.00273415632546, 0.00326295010746, 0.000803721894044, 0.00106171285734, 0.000572583056055, 0.000305973109789, 0.000571135955397, 0.000202223280212, 0.000208611178095, 6.16172255832e-05, 5.71723721805e-05, 2.95881309285e-05, 3.18683232763e-05, 1.76488574652e-05, 1.15162301881e-05, 8.16227839096e-06, 3.47615991814e-06, 2.67524484343e-07, 3.03831697579e-08], "dvar2": [8.54646771131e-08, 1.14039521577e-05, 2.7674705052e-06, 8.88045690317e-07, 8.56039059727e-06, 1.18206726256e-05, 1.45195981531e-05, 3.19061546179e-05, 8.44286023494e-06, 3.11234980472e-05, 3.24805660057e-06, 7.2459488365e-06, 3.64018046639e-06, 1.10498638151e-06, 1.94598578673e-06, 2.10659507616e-07, 2.50143415315e-07, 1.79540791123e-08, 1.33972379857e-08, 2.89992696523e-09, 4.99332619697e-09, 1.01964092725e-09, 3.90576321285e-10, 2.56002441468e-10, 1.30889452055e-10, 2.53244712527e-12, 1.04300894856e-15], "min": [6.27599493785e-25, 2.93420955217e-24, 5.68038819112e-25, 5.68755252725e-25, 7.64887974514e-24, 1.28487542207e-23, 6.19679705006e-24, 7.77771729704e-24, 1.49963751814e-23, 1.09888466092e-23, 1.19338909296e-23, 1.81821299937e-23, 3.30079345148e-23, 3.91871955814e-23, 3.24286771076e-23, 6.19894283061e-23, 7.61988768692e-23, 1.0326136869e-22, 1.26711735845e-22, 1.82869822298e-22, 1.98828225975e-22, 3.00152713951e-22, 3.88884293441e-22, 5.16649013444e-22, 8.36747614689e-22, 1.21296928958e-21, 1.78557355757e-21], "var": [7.26378175386e-08, 7.19182298781e-06, 6.74231330322e-07, 6.44220733648e-07, 3.29879658238e-05, 3.27853485942e-05, 1.59042774612e-05, 4.04044440074e-05, 1.74270571733e-05, 6.52101807646e-05, 4.27475742981e-06, 9.39881283557e-06, 2.84054340227e-06, 1.28602232508e-06, 1.73215073573e-06, 1.83003820098e-07, 2.12760923546e-07, 1.61167061918e-08, 1.28604167315e-08, 2.87346435535e-09, 5.05148323171e-09, 1.23572563293e-09, 4.37262115405e-10, 2.82340817392e-10, 1.64481595011e-10, 1.57583321392e-12, 4.06276017958e-16], "median": [1.15380210275e-07, 4.23735627919e-06, 4.73077343486e-05, 0.000224411138333, 0.0011851353338, 0.00190060085151, 0.000722980301362, 0.000927853747271, 0.00124063447583, 0.000796515145339, 0.000162724943948, 0.000231518773944, 0.000186904042494, 4.49405670224e-05, 0.000194334745174, 8.11281715869e-05, 7.1745897003e-05, 2.67072828137e-05, 2.37394815485e-05, 1.44444748003e-05, 1.45020867421e-05, 8.14824852569e-06, 5.62808736504e-06, 3.35016693498e-06, 5.22807681591e-07, 6.68390214287e-08, 2.86485892786e-08]}, "melbands_kurtosis": {"dmean": 4.28587961197, "dmean2": 6.63466453552, "max": 878.37878418, "dvar": 219.474914551, "mean": 8.18955135345, "dvar2": 501.414489746, "min": -1.72998738289, "var": 583.687744141, "median": 3.77916002274}, "erbbands_crest": {"dmean": 2.8241417408, "dmean2": 4.45668745041, "max": 33.621257782, "dvar": 6.65693473816, "mean": 12.8657646179, "dvar2": 16.4483089447, "min": 2.06406736374, "var": 29.5403747559, "median": 11.6408176422}, "melbands_skewness": {"dmean": 0.488675415516, "dmean2": 0.744130551815, "max": 18.0702152252, "dvar": 0.346954673529, "mean": 1.52199089527, "dvar2": 0.742287278175, "min": -3.6186439991, "var": 1.95445787907, "median": 1.34347569942}, "spectral_energyband_middle_low": {"dmean": 0.00376092782244, "dmean2": 0.00555757666007, "max": 0.164802446961, "dvar": 3.3307060221e-05, "mean": 0.0157311502844, "dvar2": 7.72624189267e-05, "min": 1.42992007393e-22, "var": 0.00023051383323, "median": 0.0118470974267}, "spectral_contrast_coeffs": {"dmean": [0.038983348757, 0.0374843925238, 0.0352856218815, 0.0294019635767, 0.0191487055272, 0.0124580916017], "dmean2": [0.0657309442759, 0.0598759576678, 0.0561558902264, 0.0489155128598, 0.0320696532726, 0.0209045242518], "max": [-0.143388867378, -0.380421847105, -0.404091656208, -0.438770353794, -0.553857326508, -0.560913264751], "dvar": [0.00101474847179, 0.00092273845803, 0.00085872260388, 0.000589464674704, 0.00024603260681, 0.00010604680574], "mean": [-0.51283711195, -0.698328852654, -0.676626622677, -0.714647293091, -0.747650980949, -0.743008136749], "dvar2": [0.00288271647878, 0.00238032522611, 0.00222667376511, 0.00161021633539, 0.000681727251504, 0.000285283662379], "min": [-0.993435442448, -0.999267220497, -0.997526049614, -0.986615717411, -0.987269818783, -0.964408218861], "var": [0.021942038089, 0.0058064092882, 0.00646305689588, 0.00397831108421, 0.00279781012796, 0.00294185685925], "median": [-0.466575652361, -0.701506733894, -0.673702001572, -0.710675597191, -0.740949392319, -0.730560660362]}, "spectral_contrast_valleys": {"dmean": [0.376070946455, 0.26184463501, 0.262285739183, 0.22261506319, 0.151613116264, 0.110497802496], "dmean2": [0.638303637505, 0.424971669912, 0.437868207693, 0.378884971142, 0.25706833601, 0.185782209039], "max": [-5.43090438843, -4.70991325378, -4.79794979095, -5.04007005692, -6.13927650452, -9.87234973907], "dvar": [0.100835435092, 0.0544082373381, 0.0568673238158, 0.0467203110456, 0.0265237987041, 0.0179041810334], "mean": [-9.33317470551, -6.69830751419, -7.75890874863, -8.79185390472, -9.26219081879, -11.9706659317], "dvar2": [0.272976398468, 0.13546487689, 0.150629207492, 0.124017298222, 0.0655488297343, 0.040909782052], "min": [-28.2687511444, -28.0123271942, -27.7995605469, -27.7128009796, -27.5063476562, -27.3967857361], "var": [2.46902012825, 2.91469883919, 3.11519122124, 2.86490249634, 2.53949522972, 1.60122156143], "median": [-9.52163600922, -6.39602088928, -7.39520454407, -8.45379638672, -8.86920261383, -11.7282314301]}, "silence_rate_20dB": {"dmean": 0, "dmean2": 0, "max": 1, "dvar": 0, "mean": 1, "dvar2": 0, "min": 1, "var": 0, "median": 1}, "silence_rate_30dB": {"dmean": 0.00208428315818, "dmean2": 0.00416870228946, "max": 1, "dvar": 0.00207966170274, "mean": 0.997785508633, "dvar2": 0.00519267329946, "min": 0, "var": 0.00220992555842, "median": 1}, "spectral_strongpeak": {"dmean": 0.637058973312, "dmean2": 1.03605115414, "max": 15.4634828568, "dvar": 0.758902728558, "mean": 1.6339482069, "dvar2": 1.83428931236, "min": 0, "var": 2.59747838974, "median": 1.17623865604}, "spectral_spread": {"dmean": 240886.453125, "dmean2": 404262.96875, "max": 43581600, "dvar": 153213108224, "mean": 2864819.25, "dvar2": 356213424128, "min": 549133.875, "var": 6632363261950.0, "median": 2655989.75}, "barkbands_flatness_db": {"dmean": 0.0172848012298, "dmean2": 0.0263283103704, "max": 0.618730604649, "dvar": 0.000344413449056, "mean": 0.217066273093, "dvar2": 0.000702097662725, "min": 0.0268030650914, "var": 0.0028555796016, "median": 0.210811853409}, "pitch_salience": {"dmean": 0.0599031858146, "dmean2": 0.0945802405477, "max": 0.996097207069, "dvar": 0.00301914592274, "mean": 0.526055276394, "dvar2": 0.00731428246945, "min": 0.0609667934477, "var": 0.0112825371325, "median": 0.530968546867}, "erbbands_kurtosis": {"dmean": 1.66619205475, "dmean2": 2.62744212151, "max": 111.102523804, "dvar": 7.94072914124, "mean": 2.97013354301, "dvar2": 19.027797699, "min": -1.78644740582, "var": 31.0691356659, "median": 1.47943878174}, "average_loudness": 0.395173370838, "barkbands_crest": {"dmean": 2.3501033783, "dmean2": 3.72118115425, "max": 26.1293830872, "dvar": 4.84585857391, "mean": 10.9250669479, "dvar2": 12.0413532257, "min": 2.59834337234, "var": 18.3491916656, "median": 10.0274200439}, "hfc": {"dmean": 3.46544146538, "dmean2": 5.20376205444, "max": 162.983276367, "dvar": 27.0777339935, "mean": 15.5565652847, "dvar2": 60.2621078491, "min": 1.08175232821e-16, "var": 188.092193604, "median": 13.0680274963}, "barkbands_kurtosis": {"dmean": 3.72914648056, "dmean2": 5.91506004333, "max": 1087.91333008, "dvar": 316.545471191, "mean": 6.1454000473, "dvar2": 810.773193359, "min": -1.7265856266, "var": 434.674865723, "median": 2.78144025803}, "erbbands": {"dmean": [0.0191393699497, 0.0714769288898, 0.194121912122, 0.609146416187, 1.22793591022, 3.04049730301, 7.93289279938, 10.538734436, 13.1243534088, 14.1901454926, 32.7701072693, 34.0896377563, 25.0609302521, 46.0967140198, 21.1034049988, 28.9573307037, 15.4896945953, 10.1041898727, 21.777633667, 7.20240783691, 5.41683483124, 3.79537940025, 2.03150749207, 1.24483168125, 1.50319445133, 0.672401964664, 0.50557166338, 0.540619790554, 0.242560505867, 0.208666667342, 0.145176768303, 0.0831218138337, 0.0440318621695, 0.0265321303159, 0.00812434218824, 0.00117655633949, 0.000167059901287, 1.33059411382e-05, 3.01752606902e-06, 5.90253830524e-06], "dmean2": [0.0270055346191, 0.116254881024, 0.342799037695, 1.09916973114, 2.16891503334, 4.64799785614, 11.1613550186, 15.3836536407, 18.4917354584, 22.176317215, 46.3216285706, 45.6230735779, 35.9366645813, 68.2999420166, 32.5461540222, 45.0472984314, 24.452791214, 16.3504943848, 36.1895332336, 11.6253566742, 8.80695819855, 6.12212467194, 3.32627391815, 2.06432104111, 2.50515437126, 1.12439656258, 0.834155499935, 0.894709050655, 0.395146757364, 0.343073904514, 0.240859091282, 0.136466488242, 0.070249773562, 0.0420529469848, 0.0132157113403, 0.00193906587083, 0.000271210214123, 2.21265563596e-05, 4.59312468593e-06, 8.80159041117e-06], "max": [2.19323778152, 12.9802818298, 21.2133274078, 22.3035202026, 141.323898315, 552.855529785, 760.773254395, 1110.65673828, 1979.08239746, 1484.45153809, 3693.57080078, 2140.88183594, 3580.51269531, 6330.67919922, 3587.50708008, 5819.56005859, 2871.81396484, 1635.04138184, 1959.14550781, 1128.62768555, 435.087432861, 478.254730225, 421.662353516, 182.513381958, 150.604614258, 71.2466125488, 80.6216278076, 123.998779297, 59.0611534119, 52.1163024902, 15.875412941, 11.5744895935, 8.94028377533, 12.246380806, 2.87460541725, 0.649638533592, 0.109808623791, 0.00443782750517, 0.000311332725687, 0.000217470442294], "dvar": [0.0121633959934, 0.164331570268, 1.45465862751, 1.24343669415, 7.02880764008, 48.0956382751, 278.542572021, 530.033325195, 1878.02758789, 1691.18493652, 7187.29785156, 3708.3293457, 5879.32910156, 16094.8242188, 3445.34057617, 7037.38964844, 2871.74731445, 1230.45275879, 2980.2746582, 425.988739014, 144.769638062, 114.026687622, 37.4230995178, 14.140130043, 17.0042457581, 3.14564847946, 1.41992306709, 3.69164180756, 0.626043379307, 0.588738739491, 0.157768681645, 0.066579118371, 0.026122033596, 0.0165038332343, 0.00140131579246, 6.50254951324e-05, 1.17785589282e-06, 3.43217831933e-09, 2.60532671825e-11, 6.59209770104e-11], "mean": [0.020085785538, 0.0852911770344, 0.181045874953, 0.955831110477, 3.42894816399, 9.78538799286, 25.7781009674, 32.9588546753, 32.5110435486, 31.0273857117, 73.5682754517, 83.8251571655, 62.9078674316, 88.5099182129, 44.3787460327, 53.3068618774, 29.5242576599, 19.9057922363, 34.3100090027, 14.4334154129, 11.1713914871, 7.83198308945, 4.47277832031, 2.67840957642, 2.87095570564, 1.55334246159, 1.25121080875, 1.17856216431, 0.630555510521, 0.55136936903, 0.365948081017, 0.212072491646, 0.0960653871298, 0.0533524341881, 0.0156528968364, 0.00228191353381, 0.000380469369702, 4.54794680991e-05, 1.67165107996e-05, 2.67727264145e-05], "dvar2": [0.0253893788904, 0.368678092957, 3.98992276192, 3.69566965103, 22.7582626343, 114.798362732, 517.119384766, 1253.85986328, 4718.61523438, 4389.69238281, 16434.1074219, 7085.87158203, 11173.7880859, 31788.546875, 8454.27441406, 15737.8359375, 7457.79248047, 3091.80981445, 7401.54394531, 1133.62597656, 367.866210938, 307.683380127, 106.670600891, 39.1116600037, 44.5384597778, 8.83238601685, 3.56965494156, 10.6299371719, 1.6969473362, 1.37373757362, 0.413814127445, 0.170778498054, 0.0612190403044, 0.0348791964352, 0.00342125352472, 0.000162416166859, 2.9977156828e-06, 8.42960634628e-09, 6.41524264267e-11, 1.46872819462e-10], "min": [1.09254445961e-22, 6.08220845603e-22, 1.30062307051e-21, 4.33030343141e-21, 1.71683694893e-20, 2.90111886362e-20, 2.71534960768e-20, 9.95337771538e-20, 1.14514418713e-19, 9.49776146411e-20, 2.26413369877e-19, 3.29836950936e-19, 4.95369982826e-19, 6.93148867287e-19, 9.03831407413e-19, 8.08985327414e-19, 1.54925593416e-18, 1.34056777819e-18, 2.65169888672e-18, 2.64237676801e-18, 3.72125561967e-18, 4.96362465144e-18, 5.91965808314e-18, 6.99251588712e-18, 7.04602702812e-18, 8.95555941013e-18, 7.60060778827e-18, 1.0337280251e-17, 9.93489906918e-18, 9.77356824405e-18, 1.09958715285e-17, 1.02231682039e-17, 9.91450244964e-18, 8.22543686193e-18, 6.50066106e-18, 3.5736262142e-18, 2.30891896319e-18, 8.68853971813e-19, 2.31507406583e-19, 2.55490888058e-20], "var": [0.0151412049308, 0.208099275827, 0.981674134731, 1.91427993774, 46.6825065613, 527.221618652, 2247.45288086, 2867.54785156, 5613.22802734, 4034.3203125, 23248.4785156, 15256.9169922, 29632.25, 57605.0820312, 10111.4091797, 21266.4746094, 5931.76171875, 3601.71533203, 6268.47119141, 1196.90063477, 403.137939453, 260.654998779, 88.4069976807, 35.776676178, 43.0277557373, 8.14702033997, 4.25787496567, 9.61514949799, 2.02728891373, 1.87195265293, 0.472154796124, 0.176514104009, 0.0599181801081, 0.053249321878, 0.0029444838874, 0.000109896238428, 1.98779889615e-06, 6.39007335934e-09, 1.2035011876e-10, 4.64535271361e-10], "median": [0.000135126363602, 0.00198324793018, 0.0488054789603, 0.486219495535, 1.50322496891, 3.4474158287, 11.0729856491, 15.3830957413, 12.5679044724, 10.7479362488, 28.9232578278, 40.7497062683, 17.1963157654, 25.3396530151, 14.0851583481, 14.774479866, 11.3998088837, 5.6506061554, 11.2093057632, 5.78734445572, 4.91534662247, 3.30813455582, 2.0031440258, 1.13849008083, 1.13657355309, 0.772847533226, 0.640505373478, 0.531645655632, 0.30558821559, 0.260150849819, 0.174344569445, 0.101417146623, 0.0361640453339, 0.0091214440763, 0.00166994682513, 0.000417718925746, 0.000123021192849, 3.07679511025e-05, 1.53876608238e-05, 2.30751666095e-05]}, "spectral_energy": {"dmean": 0.00514770997688, "dmean2": 0.00767282955348, "max": 0.184687823057, "dvar": 5.04170675413e-05, "mean": 0.0227648727596, "dvar2": 0.000112492874905, "min": 9.94243712087e-21, "var": 0.000348494824721, "median": 0.0194390155375}, "zerocrossingrate": {"dmean": 0.00364410853945, "dmean2": 0.00472995918244, "max": 0.52392578125, "dvar": 2.2227943191e-05, "mean": 0.0393736250699, "dvar2": 3.99380915042e-05,