{"tonal": {"hpcp": {"dvar": [0.0436354614794, 0.0310699529946, 0.0401853732765, 0.0562621541321, 0.0445583611727, 0.0243238322437, 0.0240711718798, 0.0197831653059, 0.0184240806848, 0.0167955122888, 0.0154441623017, 0.0238558314741, 0.0351659245789, 0.0305754579604, 0.0294006671757, 0.0379333794117, 0.035529602319, 0.0308378003538, 0.0280877780169, 0.0240752194077, 0.024959070608, 0.0307132937014, 0.0291012208909, 0.0393644347787, 0.0389235392213, 0.046880017966, 0.0506536066532, 0.0603236295283, 0.0531504005194, 0.0481035038829, 0.0313632041216, 0.0204833168536, 0.0215798765421, 0.0296489968896, 0.0294746328145, 0.0360983610153], "var": [0.104040853679, 0.0350525528193, 0.0333398357034, 0.0455216243863, 0.0345340706408, 0.024242060259, 0.0333155021071, 0.0241302344948, 0.0170961730182, 0.0140544371679, 0.0124309873208, 0.0363380201161, 0.0828140676022, 0.043561950326, 0.0551648326218, 0.147593379021, 0.0877414122224, 0.0310355685651, 0.0235155615956, 0.0195554923266, 0.0290428996086, 0.04012568295, 0.0395618416369, 0.0573372580111, 0.0391771495342, 0.0390334315598, 0.0800261944532, 0.14490661025, 0.084868632257, 0.0387969091535, 0.0224397275597, 0.0141342403367, 0.0208794493228, 0.0343745350838, 0.0297595262527, 0.0855075195432], "median": [0.167433559895, 0.0935767292976, 0.035538520664, 0.0309673398733, 0.0235369689763, 0.0250727441162, 0.0255568306893, 0.0252824835479, 0.0280936211348, 0.0245341081172, 0.0222315359861, 0.0604054145515, 0.10260695219, 0.094050437212, 0.0672695487738, 0.042737185955, 0.040017131716, 0.0279667489231, 0.0190186463296, 0.0205683782697, 0.0495463013649, 0.0649061203003, 0.0803213939071, 0.0898658037186, 0.0694728195667, 0.0347809791565, 0.144116595387, 0.232577949762, 0.142514795065, 0.0414584167302, 0.0218200944364, 0.0214827395976, 0.0429343804717, 0.0509958192706, 0.0570955015719, 0.120048813522], "max": [1, 1, 1, 1, 1, 1, 1, 1, 1, 1, 1, 1, 1, 1, 1, 1, 1, 1, 1, 1, 1, 1, 1, 1, 1, 1, 1, 1, 1, 1, 1, 1, 1, 1, 1, 1], "dmean": [0.161172732711, 0.129485622048, 0.117734789848, 0.131473660469, 0.112065799534, 0.0820978879929, 0.0794314667583, 0.0707410350442, 0.0679992213845, 0.0623973049223, 0.0626041591167, 0.102899610996, 0.136733546853, 0.129102110863, 0.122601620853, 0.112861089408, 0.123246476054, 0.0985281094909, 0.0790622904897, 0.0742572546005, 0.0934256091714, 0.11012955755, 0.116655752063, 0.149056628346, 0.131877675653, 0.132854312658, 0.183874323964, 0.19026273489, 0.185282230377, 0.134971171618, 0.0838749334216, 0.0607665404677, 0.080656170845, 0.0997572392225, 0.105360738933, 0.147239938378], "dmean2": [0.27566242218, 0.226431831717, 0.2103369385, 0.235526427627, 0.202621370554, 0.146151959896, 0.138477236032, 0.123565584421, 0.11948967725, 0.109304450452, 0.112192720175, 0.176937028766, 0.232747226954, 0.219770878553, 0.212210476398, 0.198754832149, 0.214270010591, 0.173759296536, 0.142724171281, 0.132802844048, 0.161512479186, 0.189147606492, 0.196717232466, 0.247221171856, 0.228590413928, 0.241090849042, 0.319530129433, 0.331619083881, 0.324931263924, 0.244063436985, 0.153131574392, 0.110986344516, 0.140122160316, 0.172600179911, 0.185943007469, 0.252651512623], "mean": [0.305876135826, 0.16275075078, 0.103817828, 0.110859870911, 0.0909616574645, 0.0818140357733, 0.0900699719787, 0.0791129618883, 0.0702563300729, 0.0615115538239, 0.057987190783, 0.145511180162, 0.234376758337, 0.177174031734, 0.184995099902, 0.280430197716, 0.210647538304, 0.0968713536859, 0.0690485909581, 0.0662734284997, 0.111442118883, 0.141860455275, 0.153561100364, 0.18691508472, 0.143809139729, 0.113187976182, 0.263911634684, 0.395373761654, 0.273154526949, 0.118261121213, 0.0702615603805, 0.0547468662262, 0.0934048593044, 0.120084948838, 0.120490714908, 0.255332112312], "dvar2": [0.108860164881, 0.0857180133462, 0.108290433884, 0.14701205492, 0.118681654334, 0.066243506968, 0.060924384743, 0.0519891418517, 0.0486962236464, 0.0452877804637, 0.042226433754, 0.065179489553, 0.0893343612552, 0.0816382393241, 0.0808358192444, 0.0975416153669, 0.0961081907153, 0.0842970386147, 0.0763583630323, 0.0672917217016, 0.06698923558, 0.0832974538207, 0.0786688774824, 0.0987623408437, 0.10751786828, 0.135152682662, 0.142070665956, 0.147999763489, 0.151233941317, 0.136662915349, 0.0875556021929, 0.0581467561424, 0.0586410276592, 0.07780598104, 0.0807087644935, 0.0934802293777], "min": [0, 0, 0, 0, 0, 0, 0, 0, 0, 0, 0, 0, 0, 0, 0, 0, 0, 0, 0, 0, 0, 0, 0, 0, 0, 0, 0, 0, 0, 0, 0, 0, 0, 0, 0, 0]}, "key_key": "F#", "thpcp": [1, 0.690876722336, 0.299112200737, 0.177709206939, 0.138468638062, 0.23624445498, 0.303725123405, 0.304751425982, 0.645799338818, 0.77363795042, 0.411637723446, 0.262581467628, 0.280392587185, 0.230064988136, 0.206928342581, 0.227809682488, 0.200096637011, 0.177695989609, 0.155578240752, 0.146664232016, 0.368034482002, 0.592797935009, 0.448117822409, 0.467899292707, 0.709278702736, 0.532780766487, 0.24501208961, 0.174641311169, 0.167622223496, 0.281865239143, 0.358800888062, 0.388394773006, 0.472755402327, 0.363729596138, 0.286280959845, 0.667499125004], "chords_key": "F#", "tuning_equal_tempered_deviation": 0.0664003118873, "tuning_frequency": 442.03793335, "tuning_diatonic_strength": 0.559045374393, "chords_histogram": [43.9163246155, 11.3988895416, 2.07770037651, 0.853849411011, 0, 0, 0, 3.30155110359, 0.0142308240756, 0.0426924712956, 0.0284616481513, 0, 0, 0, 0, 0.0569232963026, 0.754233658314, 0, 0.597694635391, 0, 0, 0.0426924712956, 4.2834777832, 32.6312789917], "key_strength": 0.675325214863, "key_scale": "minor", "chords_strength": {"dvar": 0.000337174016749, "var": 0.0250995010138, "median": 0.584086954594, "max": 0.811579763889, "dmean": 0.00910542905331, "dmean2": 0.0094319563359, "mean": 0.572156965733, "dvar2": 0.000655259180348, "min": -1}, "chords_number_rate": 0.000853849458508, "tuning_nontempered_energy_ratio": 0.717903017998, "hpcp_entropy": {"dvar": 0.265946924686, "var": 0.576947510242, "median": 2.0679295063, "max": 4.37508010864, "dmean": 0.643628716469, "dmean2": 1.08502459526, "mean": 2.02687358856, "dvar2": 0.714161217213, "min": 0}, "chords_changes_rate": 0.0408424660563, "chords_scale": "minor"}, "rhythm": {"bpm_histogram_first_peak_spread": {"dvar": 0, "var": 0, "median": 0.378102183342, "max": 0.378102183342, "dmean": 0, "dmean2": 0, "mean": 0.378102183342, "dvar2": 0, "min": 0.378102183342}, "bpm_histogram_first_peak_weight": {"dvar": 0, "var": 0, "median": 0.573351264, "max": 0.573351264, "dmean": 0, "dmean2": 0, "mean": 0.573351264, "dvar2": 0, "min": 0.573351264}, "bpm_histogram_first_peak_bpm": {"dvar": 0, "var": 0, "median": 140, "max": 140, "dmean": 0, "dmean2": 0, "mean": 140, "dvar2": 0, "min": 140}, "bpm": 138.638793945, "bpm_histogram_second_peak_weight": {"dvar": 0, "var": 0, "median": 0.0269179008901, "max": 0.0269179008901, "dmean": 0, "dmean2": 0, "mean": 0.0269179008901, "dvar2": 0, "min": 0.0269179008901}, "beats_loudness": {"dvar": 9.63835263974e-05, "var": 0.000349158159224, "median": 0.0417461618781, "max": 0.0910417065024, "dmean": 0.0102223576978, "dmean2": 0.0176685024053, "mean": 0.0388569608331, "dvar2": 0.000279024592601, "min": 0}, "beats_loudness_band_ratio": {"dvar": [0.0144236516207, 0.0171476341784, 0.00906208716333, 0.00710111670196, 0.00692785624415, 0.00370303494856], "var": [0.0209619570524, 0.0300951600075, 0.0118373148143, 0.0157192070037, 0.0102817555889, 0.00484910281375], "median": [0.300120830536, 0.214961752295, 0.130198538303, 0.102893650532, 0.0884331762791, 0.0384983122349], "max": [0.776971817017, 0.849690258503, 0.590482473373, 0.886360228062, 0.752309441566, 0.974189162254], "dmean": [0.14653404057, 0.161318644881, 0.0983446612954, 0.0701926350594, 0.0676441639662, 0.0318266861141], "dmean2": [0.258754879236, 0.28478422761, 0.173213884234, 0.121290870011, 0.120365828276, 0.0578703284264], "mean": [0.310308694839, 0.250691950321, 0.155722498894, 0.137935698032, 0.120361976326, 0.052754547447], "dvar2": [0.0461678020656, 0.0533034130931, 0.0243962425739, 0.0194727089256, 0.0199678149074, 0.00853308290243], "min": [0, 0, 0, 0, 0, 0]}, "bpm_histogram_second_peak_bpm": {"dvar": 0, "var": 0, "median": 120, "max": 120, "dmean": 0, "dmean2": 0, "mean": 120, "dvar2": 0, "min": 120}, "onset_rate": 3.57980012894, "beats_count": 744, "beats_position": [0.53405892849, 1.07972788811, 1.62539684772, 2.17106580734, 2.72834467888, 3.26240348816, 3.78485250473, 4.29569149017, 4.80653047562, 5.30575942993, 5.80498838425, 6.30421733856, 6.80344676971, 7.30267572403, 7.80190467834, 8.3011341095, 8.80036258698, 9.31120204926, 9.81043052673, 10.3096599579, 10.8088884354, 11.3081178665, 11.807346344, 12.3065757751, 12.8058052063, 13.3050336838, 13.8042631149, 14.3034915924, 14.8027210236, 15.301949501, 15.8127889633, 16.3236274719, 16.8344669342, 17.3453063965, 17.8561439514, 18.3669834137, 18.8894329071, 19.3538322449, 19.8298416138, 20.3058490753, 20.7818584442, 21.246257782, 21.6990470886, 22.128616333, 22.5697956085, 23.010974884, 23.4521541595, 23.8817234039, 24.3112926483, 24.7524719238, 25.1936511993, 25.6348285675, 26.076007843, 26.5171871185, 26.9467563629, 27.3763256073, 27.8058948517, 28.2354640961, 28.6766433716, 29.106212616, 29.5357818604, 29.9769611359, 30.4065303802, 30.8360996246, 31.2540588379, 31.6836280823, 32.1131973267, 32.542766571, 32.9723358154, 33.4135131836, 33.843082428, 34.2726516724, 34.7022209167, 35.1317901611, 35.5613594055, 35.9909286499, 36.4321098328, 36.8616790771, 37.2912483215, 37.7324256897, 38.1619949341, 38.5915641785, 39.0327415466, 39.462310791, 39.8918800354, 40.3330612183, 40.7742385864, 41.2038078308, 41.6333770752, 42.0745582581, 42.5041275024, 42.9336967468, 43.3516540527, 43.7812232971, 44.22240448, 44.6519737244, 45.0815429688, 45.5111083984, 45.9406776428, 46.3702468872, 46.7998161316, 47.229385376, 47.6589546204, 48.0885238647, 48.5180931091, 48.9476623535, 49.3888435364, 49.8068008423, 50.2247619629, 50.6543312073, 51.0839004517, 51.5250778198, 51.9546470642, 52.3842163086, 52.813785553, 53.2433547974, 53.6729240417, 54.0908851624, 54.5204544067, 54.9384117126, 55.367980957, 55.7975502014, 56.2271194458, 56.6566886902, 57.0978660583, 57.5274353027, 57.9570045471, 58.3865737915, 58.8161430359, 59.2457122803, 59.6752815247, 60.104850769, 60.5344200134, 60.9639892578, 61.3935585022, 61.8347396851, 62.2643089294, 62.6938781738, 63.1234474182, 63.5530128479, 63.9825820923, 64.4121551514, 64.8417205811, 65.2712936401, 65.7124710083, 66.142036438, 66.5716094971, 67.0011749268, 67.4307479858, 67.8603134155, 68.2898864746, 68.7310638428, 69.1606369019, 69.5902023315, 70.0313796997, 70.4609527588, 70.8905181885, 71.3200912476, 71.7496566772, 72.1676177979, 72.5971832275, 73.0267562866, 73.4679336548, 73.8975067139, 74.3270721436, 74.7566452026, 75.1862106323, 75.6273880005, 76.068572998, 76.4981384277, 76.9277114868, 77.368888855, 77.7984542847, 78.2280273438, 78.6459884644, 79.075553894, 79.5051269531, 79.9346923828, 80.3642578125, 80.8054428101, 81.2350082397, 81.6645812988, 82.105758667, 82.5353240967, 82.9648971558, 83.4060745239, 83.835647583, 84.2652130127, 84.7063903809, 85.1359634399, 85.5655288696, 85.9951019287, 86.4246673584, 86.865852356, 87.2954177856, 87.7249908447, 88.1429443359, 88.5841217041, 89.0253067017, 89.4548721313, 89.8844451904, 90.3256225586, 90.7667999268, 91.2079772949, 91.637550354, 92.0787277222, 92.5083007812, 92.9494781494, 93.3790435791, 93.8086166382, 94.2381820679, 94.667755127, 95.0857162476, 95.5268936157, 95.9564590454, 96.3860321045, 96.8155975342, 97.2451705933, 97.6747360229, 98.104309082, 98.5338745117, 98.9634475708, 99.381401062, 99.8109741211, 100.240539551, 100.67011261, 101.09967804, 101.529251099, 101.958816528, 102.376777649, 102.806350708, 103.235916138, 103.665489197, 104.095054626, 104.513015747, 104.942581177, 105.372154236, 105.801719666, 106.231292725, 106.649246216, 107.078819275, 107.508384705, 107.949569702, 108.379135132, 108.8203125, 109.249885559, 109.691062927, 110.120635986, 110.550201416, 110.979774475, 111.420951843, 111.850517273, 112.291702271, 112.7212677, 113.15083313, 113.56879425, 114.009971619, 114.451156616, 114.892333984, 115.321899414, 115.751472473, 116.181037903, 116.610610962, 117.040176392, 117.469749451, 117.910926819, 118.352104187, 118.781677246, 119.211242676, 119.652427673, 120.093605042, 120.53478241, 120.964347839, 121.393920898, 121.835098267, 122.264671326, 122.694236755, 123.112197876, 123.553375244, 123.994552612, 124.424125671, 124.853691101, 125.294876099, 125.736053467, 126.177230835, 126.618408203, 127.059593201, 127.48915863, 127.91872406, 128.359909058, 128.789474487, 129.219039917, 129.648620605, 130.078186035, 130.519363403, 130.960540771, 131.40171814, 131.831283569, 132.260864258, 132.702041626, 133.131607056, 133.561172485, 134.002349854, 134.431930542, 134.861495972, 135.30267334, 135.743850708, 136.173416138, 136.602996826, 137.044174194, 137.485351562, 137.926528931, 138.35609436, 138.78565979, 139.226852417, 139.668029785, 140.109207153, 140.538772583, 140.979949951, 141.409515381, 141.850692749, 142.280273438, 142.721450806, 143.151016235, 143.580581665, 144.010162354, 144.451339722, 144.89251709, 145.333694458, 145.774871826, 146.204437256, 146.634017944, 147.075195312, 147.516372681, 147.957550049, 148.387115479, 148.816680908, 149.257858276, 149.699050903, 150.128616333, 150.558181763, 150.987747192, 151.417327881, 151.858505249, 152.299682617, 152.740859985, 153.182037354, 153.623214722, 154.06439209, 154.493972778, 154.923538208, 155.364715576, 155.794281006, 156.223846436, 156.665023804, 157.106216431, 157.53578186, 157.96534729, 158.406524658, 158.847702026, 159.277282715, 159.706848145, 160.148025513, 160.577590942, 161.007156372, 161.436737061, 161.86630249, 162.307479858, 162.737045288, 163.166610718, 163.607803345, 164.037368774, 164.466934204, 164.896499634, 165.326080322, 165.755645752, 166.185211182, 166.62638855, 167.055953979, 167.497146606, 167.938323975, 168.379501343, 168.809066772, 169.250244141, 169.67980957, 170.109390259, 170.550567627, 170.991744995, 171.432922363, 171.874099731, 172.303665161, 172.73324585, 173.162811279, 173.603988647, 174.033554077, 174.474731445, 174.915908813, 175.345489502, 175.78666687, 176.2162323, 176.657409668, 177.098587036, 177.528152466, 177.969345093, 178.398910522, 178.840087891, 179.281265259, 179.710830688, 180.140411377, 180.569976807, 181.011154175, 181.440719604, 181.858688354, 182.299865723, 182.741043091, 183.182220459, 183.623397827, 184.064575195, 184.505752563, 184.946929932, 185.37651062, 185.817687988, 186.247253418, 186.688430786, 187.129608154, 187.570785522, 188.000366211, 188.429931641, 188.847885132, 189.300674438, 189.741851807, 190.183029175, 190.612609863, 191.042175293, 191.471740723, 191.912918091, 192.354095459, 192.783676147, 193.224853516, 193.666030884, 194.095596313, 194.536773682, 194.966339111, 195.3959198, 195.837097168, 196.266662598, 196.719451904, 197.160629272, 197.590194702, 198.019775391, 198.460952759, 198.902130127, 199.331695557, 199.761260986, 200.190841675, 200.620407104, 201.061584473, 201.502761841, 201.943939209, 202.385116577, 202.814697266, 203.255874634, 203.685440063, 204.126617432, 204.5677948, 205.008972168, 205.450149536, 205.879730225, 206.309295654, 206.750473022, 207.191650391, 207.632827759, 208.062393188, 208.491973877, 208.933151245, 209.374328613, 209.803894043, 210.233459473, 210.6746521, 211.115829468, 211.557006836, 211.998184204, 212.427749634, 212.857315063, 213.298492432, 213.739685059, 214.180862427, 214.622039795, 215.063217163, 215.504394531, 215.945571899, 216.386749268, 216.827926636, 217.269119263, 217.710296631, 218.139862061, 218.581039429, 219.010604858, 219.451782227, 219.881362915, 220.310928345, 220.752105713, 221.193283081, 221.634460449, 222.075637817, 222.516815186, 222.946395874, 223.375961304, 223.805526733, 224.235092163, 224.676269531, 225.10585022, 225.535415649, 225.976593018, 226.417770386, 226.847335815, 227.276916504, 227.718093872, 228.15927124, 228.600448608, 229.053237915, 229.494415283, 229.94720459, 230.388381958, 230.829559326, 231.270736694, 231.711929321, 232.141494751, 232.571060181, 233.012237549, 233.453414917, 233.882995605, 234.312561035, 234.753738403, 235.194915771, 235.624481201, 236.065658569, 236.495239258, 236.924804688, 237.354370117, 237.795547485, 238.225112915, 238.654693604, 239.095870972, 239.525436401, 239.955001831, 240.396179199, 240.825759888, 241.255325317, 241.696502686, 242.126068115, 242.555648804, 242.996826172, 243.43800354, 243.86756897, 244.297134399, 244.726715088, 245.156280518, 245.585845947, 246.015411377, 246.456588745, 246.897766113, 247.327346802, 247.756912231, 248.1980896, 248.627655029, 249.057235718, 249.486801147, 249.916366577, 250.345932007, 250.775512695, 251.216690063, 251.646255493, 252.075820923, 252.516998291, 252.946563721, 253.387756348, 253.817321777, 254.246887207, 254.676452637, 255.106033325, 255.535598755, 255.976776123, 256.406341553, 256.835906982, 257.265472412, 257.695037842, 258.124633789, 258.554199219, 258.995361328, 259.436553955, 259.877716064, 260.318908691, 260.736877441, 261.166442871, 261.60760498, 262.03717041, 262.45513916, 262.88470459, 263.325897217, 263.755462646, 264.185028076, 264.614593506, 265.055786133, 265.496948242, 265.926513672, 266.356109619, 266.797271729, 267.226837158, 267.656402588, 268.085968018, 268.515563965, 268.945129395, 269.374694824, 269.804260254, 270.233825684, 270.663391113, 271.092956543, 271.522521973, 271.95211792, 272.370056152, 272.799621582, 273.229187012, 273.658782959, 274.088348389, 274.517913818, 274.947479248, 275.377044678, 275.806610107, 276.224578857, 276.654144287, 277.083709717, 277.501678467, 277.942840576, 278.372406006, 278.802001953, 279.231567383, 279.661132812, 280.102294922, 280.531890869, 280.961456299, 281.391021729, 281.820587158, 282.250152588, 282.679718018, 283.109283447, 283.538848877, 283.980041504, 284.409606934, 284.839172363, 285.28036499, 285.70993042, 286.13949585, 286.569061279, 286.998626709, 287.428192139, 287.857757568, 288.287353516, 288.716918945, 289.146484375, 289.576049805, 290.005615234, 290.435180664, 290.853149414, 291.282714844, 291.712280273, 292.141845703, 292.571411133, 293.00100708, 293.43057251, 293.860137939, 294.289703369, 294.719268799, 295.148834229, 295.578399658, 295.996368408, 296.425933838, 296.855499268, 297.285064697, 297.714630127, 298.144226074, 298.573791504, 299.003356934, 299.421295166, 299.850891113, 300.280456543, 300.710021973, 301.139587402, 301.557556152, 301.987121582, 302.416687012, 302.846252441, 303.275817871, 303.693786621, 304.123352051, 304.55291748, 304.98248291, 305.41204834, 305.84161377, 306.271209717, 306.700775146, 307.130340576, 307.548278809, 307.977874756, 308.407440186, 308.825378418, 309.254974365, 309.684539795, 310.114105225, 310.543670654, 310.973236084, 311.402801514, 311.832366943, 312.261932373, 312.679901123, 313.109466553, 313.539031982, 313.968597412, 314.398193359, 314.827758789, 315.257324219, 315.675262451, 316.104858398, 316.534423828, 316.963989258, 317.393554688, 317.823120117, 318.264312744, 318.705474854, 319.14666748, 319.58782959, 320.029022217, 320.481811523, 320.93460083, 321.387390137, 321.851776123, 322.30456543, 322.768981934, 323.23336792, 323.697784424, 324.185394287, 324.67300415, 325.160614014, 325.648254395], "danceability": 1.13252532482, "bpm_histogram_second_peak_spread": {"dvar": 0, "var": 0, "median": 0.393939375877, "max": 0.393939375877, "dmean": 0, "dmean2": 0, "mean": 0.393939375877, "dvar2": 0, "min": 0.393939375877}}, "lowlevel": {"spectral_flux": {"dvar": 0.000534903607331, "var": 0.00203513959423, "median": 0.0855967849493, "max": 0.258292108774, "dmean": 0.020432157442, "dmean2": 0.0324506796896, "mean": 0.0841487273574, "dvar2": 0.00120028783567, "min": 6.09062592027e-11}, "spectral_rolloff": {"dvar": 342570.09375, "var": 3346974.25, "median": 1507.32421875, "max": 19767.4804688, "dmean": 375.499145508, "dmean2": 614.394165039, "mean": 1713.10229492, "dvar2": 687416.6875, "min": 64.599609375}, "barkbands_flatness_db": {"dvar": 0.000253647303907, "var": 0.00271267816424, "median": 0.104974851012, "max": 0.385799437761, "dmean": 0.0170662160963, "dmean2": 0.0256051402539, "mean": 0.116236709058, "dvar2": 0.000561464810744, "min": 0.0150488913059}, "spectral_centroid": {"dvar": 76468.6875, "var": 1072300.25, "median": 1380.47290039, "max": 11996.1503906, "dmean": 226.633331299, "dmean2": 339.400604248, "mean": 1527.69641113, "dvar2": 144216.390625, "min": 212.115142822}, "melbands_skewness": {"dvar": 0.328958690166, "var": 1.94319963455, "median": 1.96560811996, "max": 14.0911493301, "dmean": 0.56518381834, "dmean2": 0.889209449291, "mean": 2.02477478981, "dvar2": 0.807975232601, "min": -6.175760746}, "melbands": {"dvar": [6.68638108436e-07, 3.92523133996e-06, 6.46523801606e-07, 2.32313891502e-06, 4.57586395441e-07, 1.10507073714e-07, 1.10368162609e-07, 1.19729818948e-07, 1.0696749797e-07, 6.04057532883e-08, 5.30538919463e-08, 2.74431268821e-08, 1.06504360886e-08, 1.18723120224e-08, 3.14748449526e-09, 5.20692777783e-09, 4.82601603125e-09, 7.76927766566e-09, 3.15527026729e-09, 4.74053685195e-09, 4.89056617425e-09, 2.5151605243e-09, 1.03695740883e-09, 3.80004500089e-10, 1.23570501054e-10, 1.98573615884e-10, 2.53571136311e-10, 2.16128309694e-10, 1.94876420556e-10, 1.3452142178e-10, 5.68368581366e-11, 2.98593268167e-11, 3.07236354413e-11, 3.22789052432e-11, 4.00949065615e-11, 5.89320432731e-12, 1.92776805803e-12, 1.43039508189e-12, 8.01452600032e-13, 4.53036778014e-13], "var": [9.14174108857e-07, 5.60083299206e-06, 1.33168009597e-06, 2.52211111729e-06, 9.4196639111e-07, 2.51447033861e-07, 2.55958326534e-07, 2.5504164114e-07, 2.37969274508e-07, 1.40027296425e-07, 1.16252664384e-07, 5.96997793423e-08, 2.05592556313e-08, 2.45332074655e-08, 9.13156306126e-09, 1.04842188264e-08, 1.07588720155e-08, 3.340235466e-08, 6.8069985204e-09, 1.00238448653e-08, 1.13914664368e-08, 7.49453032967e-09, 2.23180451897e-09, 6.83720413619e-10, 3.32453259366e-10, 4.70047778478e-10, 5.68321389949e-10, 4.0704042914e-10, 3.67075897456e-10, 2.80307499434e-10, 1.07971485919e-10, 6.63181592975e-11, 7.40358399587e-11, 8.25439092078e-11, 1.01101668704e-10, 1.8030767851e-11, 4.28927639934e-12, 3.76504686803e-12, 2.29763473872e-12, 1.25708959301e-12], "median": [0.000808255746961, 0.0016797601711, 0.00103842525277, 0.000560418411624, 0.000286864611553, 0.000129072315758, 0.00013343221508, 0.000131389591843, 0.000103143247543, 8.02753347671e-05, 9.79684264166e-05, 6.44084211672e-05, 3.63294311683e-05, 4.80697271996e-05, 2.98758313875e-05, 4.46269550594e-05, 4.59262664663e-05, 4.04218299082e-05, 2.52117060882e-05, 1.73832304426e-05, 2.76096361631e-05, 1.9791736122e-05, 1.63591030287e-05, 1.14619979286e-05, 9.62228477874e-06, 8.77023194334e-06, 5.36918423677e-06, 4.13997531723e-06, 2.8249087336e-06, 2.16824082599e-06, 1.66698896464e-06, 1.1470571053e-06, 9.56452595346e-07, 6.3198888256e-07, 3.64233414984e-07, 2.88598982934e-07, 2.28170648597e-07, 2.4466743298e-07, 2.93595178391e-07, 1.9921877481e-07], "max": [0.00896902382374, 0.0276737790555, 0.0132497437298, 0.0210502482951, 0.014293236658, 0.00597629277036, 0.00695064244792, 0.00520686293021, 0.00575414067134, 0.00595331611112, 0.00652222661301, 0.00503396755084, 0.0035814056173, 0.00271143321879, 0.00144443567842, 0.00147045694757, 0.00172695005313, 0.00215617241338, 0.00144336977974, 0.00300304801203, 0.00205888855271, 0.00164341216441, 0.000604881613981, 0.000631181523204, 0.000321327912388, 0.000363058963558, 0.000542461522855, 0.000475364533486, 0.000353155832272, 0.000406522915, 0.000259949680185, 0.000151019616169, 0.000163452423294, 0.000210175436223, 0.00018557527801, 0.000100779783679, 8.55192702147e-05, 3.9054066292e-05, 4.58982394775e-05, 3.13945056405e-05], "dmean": [0.00056191458134, 0.00114546227269, 0.0006132319686, 0.000727925915271, 0.000397036288632, 0.000189496233361, 0.000175619963557, 0.000188847843674, 0.000166236655787, 9.95606678771e-05, 0.000104061829916, 7.62736381148e-05, 3.70015804947e-05, 5.54189937247e-05, 3.11655167025e-05, 4.01189827244e-05, 4.02096047765e-05, 4.6764522267e-05, 2.73867644864e-05, 2.24309169425e-05, 3.12368538289e-05, 2.25593084906e-05, 1.72719064722e-05, 9.59972658165e-06, 6.58318231217e-06, 7.19293939255e-06, 6.42892518954e-06, 5.15222518516e-06, 4.41712882093e-06, 3.52959227712e-06, 2.29959164244e-06, 1.83081328942e-06, 1.81432812951e-06, 1.6166311525e-06, 1.409748279e-06, 7.13885299319e-07, 4.07113532219e-07, 5.01938302477e-07, 4.18804603441e-07, 3.27156868707e-07], "dmean2": [0.000965772196651, 0.00197472167201, 0.00104162760545, 0.00118941895198, 0.000623397820164, 0.000306557049043, 0.000279877654975, 0.000295617239317, 0.000261257344391, 0.000158368202392, 0.000163473145221, 0.000120240038086, 6.03056723776e-05, 9.02262545424e-05, 4.7050514695e-05, 6.33502932033e-05, 6.48085770081e-05, 7.27455408196e-05, 4.31897351518e-05, 3.49382244167e-05, 4.7947956773e-05, 3.45972039213e-05, 2.72566830972e-05, 1.54388253577e-05, 1.06008292278e-05, 1.14913955258e-05, 1.00581228253e-05, 8.03704824648e-06, 6.75312412568e-06, 5.31975319973e-06, 3.53377913598e-06, 2.85503801933e-06, 2.79857727037e-06, 2.42594342126e-06, 2.01975467462e-06, 1.00336853848e-06, 5.80393646032e-07, 7.31445084057e-07, 6.07031495292e-07, 4.79649031604e-07], "mean": [0.00101272971369, 0.00232066959143, 0.00126884842757, 0.00100280239712, 0.000671971065458, 0.000314361212077, 0.000305379013298, 0.000315430166665, 0.00027438334655, 0.000170135695953, 0.000188453792362, 0.000131690234412, 6.54165050946e-05, 9.47176886257e-05, 6.41881997581e-05, 7.83272407716e-05, 7.91985366959e-05, 0.000102182653791, 5.11031139467e-05, 3.8501832023e-05, 6.17526384303e-05, 4.86900971737e-05, 3.20714170812e-05, 1.85952903848e-05, 1.47111286424e-05, 1.50610094352e-05, 1.22935143736e-05, 9.43587929214e-06, 7.62502895668e-06, 6.32283399682e-06, 4.10343500334e-06, 2.99232146972e-06, 2.89200374937e-06, 2.55680674854e-06, 2.25634880735e-06, 1.31023728045e-06, 8.20432717319e-07, 1.0120505749e-06, 8.56992812714e-07, 6.53587221677e-07], "dvar2": [1.93066489373e-06, 1.09589891508e-05, 1.775052624e-06, 5.61547176403e-06, 1.08878737137e-06, 2.75494869584e-07, 2.64545292339e-07, 2.927380649e-07, 2.5608295573e-07, 1.46510828358e-07, 1.25023603914e-07, 6.35212487055e-08, 2.7123183699e-08, 2.98370821383e-08, 6.90234047696e-09, 1.27299664143e-08, 1.19825847023e-08, 1.76261227836e-08, 7.36307503857e-09, 1.0073375023e-08, 1.12986082712e-08, 5.7748739124e-09, 2.53328513722e-09, 9.17781350918e-10, 2.99542640692e-10, 4.68729999259e-10, 5.58153578911e-10, 4.92486884607e-10, 4.24725254966e-10, 2.7697946714e-10, 1.23861934598e-10, 6.4074447137e-11, 6.32242452836e-11, 6.34292063317e-11, 7.96734206387e-11, 1.10493073024e-11, 3.74475016968e-12, 2.83646934066e-12, 1.65598177532e-12, 9.13835630431e-13], "min": [1.74976921843e-24, 1.7382348887e-24, 6.71147278159e-25, 2.20119250486e-24, 1.62757121294e-24, 7.40866755659e-25, 1.86204838271e-24, 9.09436519647e-25, 1.74874251596e-24, 1.52596967544e-24, 2.15511435052e-24, 2.13893224956e-24, 2.61642423346e-24, 2.35248774344e-24, 3.02784181959e-24, 2.24219276155e-24, 2.68848864931e-24, 2.27258954438e-24, 3.24688029119e-24, 3.92371722863e-24, 3.73741352637e-24, 3.59523751985e-24, 3.89785955145e-24, 4.02291490974e-24, 4.30234600845e-24, 5.33013118819e-24, 4.80206927595e-24, 3.8948630633e-24, 4.70972600725e-24, 4.94525739101e-24, 4.82135495293e-24, 4.84470720788e-24, 5.74929992435e-24, 5.45871433245e-24, 5.861819494e-24, 5.12871093883e-24, 6.26900424973e-24, 6.25643966766e-24, 6.3589237433e-24, 5.63839791399e-24]}, "spectral_decrease": {"dvar": 5.81357216958e-18, "var": 2.01672208538e-17, "median": -7.96603139008e-09, "max": 2.48892452649e-28, "dmean": 1.86010329362e-09, "dmean2": 2.9925908418e-09, "mean": -7.59425144992e-09, "dvar2": 1.42526296655e-17, "min": -2.99547728844e-08}, "barkbands_kurtosis": {"dvar": 15.1239547729, "var": 35.8574256897, "median": 0.639790773392, "max": 122.924003601, "dmean": 1.75791454315, "dmean2": 2.79260492325, "mean": 1.98768568039, "dvar2": 36.6309890747, "min": -1.90441119671}, "silence_rate_30dB": {"dvar": 0, "var": 0, "median": 1, "max": 1, "dmean": 0, "dmean2": 0, "mean": 1, "dvar2": 0, "min": 1}, "gfcc": {"mean": [-22.1018066406, 98.8720474243, -124.028572083, 27.0738124847, -39.8474006653, 10.2246389389, -33.024520874, 5.91749429703, -21.6273136139, 1.05037009716, -17.6313972473, -3.78321480751, -12.0312042236], "cov": [[38030.90625, 77.8367614746, 1080.91040039, 2465.67553711, -1804.71081543, 208.102203369, -514.513977051, 775.815124512, -679.750549316, 277.915374756, -619.139465332, -112.960197449, -59.5751457214], [77.8367614746, 1501.1036377, -632.321044922, -62.233089447, 144.304107666, -183.814056396, 118.899551392, -122.007385254, 124.430488586, -68.0943069458, 65.2300643921, -92.8126220703, 15.386973381], [1080.91040039, -632.321044922, 961.043823242, 222.105194092, -221.78578186, 97.9094696045, -26.4939098358, 98.3857650757, -60.812664032, 62.9242019653, -55.7346725464, 59.5211830139, -24.8271083832], [2465.67553711, -62.233089447, 222.105194092, 622.829284668, -194.503997803, 8.04896736145, 91.3303909302, 41.520111084, -12.7068300247, 8.54002952576, -50.8506240845, -24.7560977936, 23.747882843], [-1804.71081543, 144.304107666, -221.78578186, -194.503997803, 325.071502686, -10.3771562576, 13.470158577, -28.5448379517, 28.8227558136, -18.728477478, 37.8986091614, -8.54750728607, 11.6319465637], [208.102203369, -183.814056396, 97.9094696045, 8.04896736145, -10.3771562576, 148.62940979, 8.13697528839, 22.7398586273, -24.2215709686, 7.30886602402, -12.434173584, 3.47369337082, -16.6548461914], [-514.513977051, 118.899551392, -26.4939098358, 91.3303909302, 13.470158577, 8.13697528839, 201.669342041, 1.51331663132, 41.1825218201, -23.58477211, 3.7515039444, -23.2961769104, -11.0556869507], [775.815124512, -122.007385254, 98.3857650757, 41.520111084, -28.5448379517, 22.7398586273, 1.51331663132, 121.484199524, -12.8363113403, 14.6135797501, -19.9668292999, -2.64128255844, -8.85774993896], [-679.750549316, 124.430488586, -60.812664032, -12.7068300247, 28.8227558136, -24.2215709686, 41.1825218201, -12.8363113403, 114.463439941, 8.668800354, 12.0113515854, -6.89953231812, -5.50773525238], [277.915374756, -68.0943069458, 62.9242019653, 8.54002952576, -18.728477478, 7.30886602402, -23.58477211, 14.6135797501, 8.668800354, 74.6699371338, 16.8117084503, 2.61722588539, -8.44270610809], [-619.139465332, 65.2300643921, -55.7346725464, -50.8506240845, 37.8986091614, -12.434173584, 3.7515039444, -19.9668292999, 12.0113515854, 16.8117084503, 75.103225708, 10.0476074219, 5.85452508926], [-112.960197449, -92.8126220703, 59.5211830139, -24.7560977936, -8.54750728607, 3.47369337082, -23.2961769104, -2.64128255844, -6.89953231812, 2.61722588539, 10.0476074219, 67.114692688, 16.0517482758], [-59.5751457214, 15.386973381, -24.8271083832, 23.747882843, 11.6319465637, -16.6548461914, -11.0556869507, -8.85774993896, -5.50773525238, -8.44270610809, 5.85452508926, 16.0517482758, 63.3953857422]], "icov": [[8.66287227836e-05, -0.000173183507286, 7.73003121139e-05, -0.000278340390651, 0.000262068409938, -0.000151957458002, 0.00029428320704, -0.000429714855272, 0.000436121772509, -0.000390794622945, 0.000478024914628, -0.000185801764019, 0.000150000560097], [-0.000173183507286, 0.00156552204862, 0.000333197211148, 0.000491380633321, -0.000491231214255, 0.00122761318926, -0.000919586396776, 0.00132638844661, -0.0014996988466, 0.00138712127227, -0.00160017586313, 0.00147642299999, -0.00033032297506], [7.73003121139e-05, 0.000333197211148, 0.00191946339328, -0.000637817836832, 0.000820764573291, -0.000391446024878, 0.000109460255771, -0.000841521949042, 0.000567169161513, -0.00122351304162, 0.000946519488934, -0.00144276325591, 0.000794709951151], [-0.000278340390651, 0.000491380633321, -0.000637817836832, 0.00346871395595, 0.000436554139014, 0.000616196484771, -0.00232484377921, 0.00119148066733, -0.00114963401575, 0.000609601440374, -0.000536242034286, 0.00186274771113, -0.0025279938709], [0.000262068409938, -0.000491231214255, 0.000820764573291, 0.000436554139014, 0.00529901031405, -0.000893004238605, 0.000296932121273, -0.00141893909313, 0.000768603000324, -0.000658793258481, 0.000343602092471, 0.00024223588116, -0.000943977909628], [-0.000151957458002, 0.00122761318926, -0.000391446024878, 0.000616196484771, -0.000893004238605, 0.00879303645343, -0.00162616302259, 0.000518788234331, 0.000473743741168, 0.000423646881245, -0.000435849913629, 0.000664263963699, 0.00140754890162], [0.00029428320704, -0.000919586396776, 0.000109460255771, -0.00232484377921, 0.000296932121273, -0.00162616302259, 0.00793607812375, -0.00197605858557, -0.000946566520724, 0.0017112120986, -5.86062633374e-05, 0.000413722620578, 0.00208600750193], [-0.000429714855272, 0.00132638844661, -0.000841521949042, 0.00119148066733, -0.00141893909313, 0.000518788234331, -0.00197605858557, 0.0119178062305, -0.00166837964207, 0.000211074977415, -0.000444034958491, 0.00183690828271, -0.000325361674186], [0.000436121772509, -0.0014996988466, 0.000567169161513, -0.00114963401575, 0.000768603000324, 0.000473743741168, -0.000946566520724, -0.00166837964207, 0.013232591562, -0.00511564873159, 0.00298359850422, -0.00187639519572, 0.00167978624813], [-0.000390794622945, 0.00138712127227, -0.00122351304162, 0.000609601440374, -0.000658793258481, 0.000423646881245, 0.0017112120986, 0.000211074977415, -0.00511564873159, 0.0199869144708, -0.00868199579418, 0.00270680547692, 0.00148239231203], [0.000478024914628, -0.00160017586313, 0.000946519488934, -0.000536242034286, 0.000343602092471, -0.000435849913629, -5.86062633374e-05, -0.000444034958491, 0.00298359850422, -0.00868199579418, 0.0207639597356, -0.00477348593995, -0.000446556747193], [-0.000185801764019, 0.00147642299999, -0.00144276325591, 0.00186274771113, 0.00024223588116, 0.000664263963699, 0.000413722620578, 0.00183690828271, -0.00187639519572, 0.00270680547692, -0.00477348593995, 0.0206411145627, -0.00592493917793], [0.000150000560097, -0.00033032297506, 0.000794709951151, -0.0025279938709, -0.000943977909628, 0.00140754890162, 0.00208600750193, -0.000325361674186, 0.00167978624813, 0.00148239231203, -0.000446556747193, -0.00592493917793, 0.0199994705617]]}, "silence_rate_20dB": {"dvar": 0, "var": 0, "median": 1, "max": 1, "dmean": 0, "dmean2": 0, "mean": 1, "dvar2": 0, "min": 1}, "barkbands_skewness": {"dvar": 0.195986032486, "var": 1.23864793777, "median": 1.00887286663, "max": 9.50263214111, "dmean": 0.430709123611, "dmean2": 0.667554676533, "mean": 1.00120139122, "dvar2": 0.466661095619, "min": -6.26799106598}, "erbbands_skewness": {"dvar": 0.102283090353, "var": 0.499209016562, "median": -0.112717419863, "max": 3.29091954231, "dmean": 0.338607281446, "dmean2": 0.514322042465, "mean": -0.144621118903, "dvar2": 0.231255918741, "min": -4.26833963394}, "spectral_contrast_valleys": {"dvar": [0.142103418708, 0.10070425272, 0.0742755308747, 0.0576166696846, 0.0681162029505, 0.150888845325], "var": [6.31858825684, 5.6546754837, 5.09440755844, 5.02999353409, 5.98810243607, 5.63186120987], "median": [-6.8248000145, -6.41359567642, -6.75997114182, -7.04790496826, -7.04948043823, -10.0751800537], "max": [-5.38084316254, -4.78795289993, -5.25138282776, -5.72181653976, -5.43778753281, -7.78321838379], "dmean": [0.390979409218, 0.338453143835, 0.286995470524, 0.23095920682, 0.213705047965, 0.322577506304], "dmean2": [0.641288518906, 0.554726719856, 0.464766293764, 0.36523732543, 0.312819451094, 0.426282286644], "mean": [-7.5036740303, -6.99566173553, -7.31349945068, -7.62756681442, -7.72691297531, -10.6879205704], "dvar2": [0.302394807339, 0.220785886049, 0.152366146445, 0.10806966573, 0.109986439347, 0.265431106091], "min": [-28.1338024139, -27.9939060211, -27.8005104065, -27.6571884155, -27.7181415558, -27.4059371948]}, "spectral_strongpeak": {"dvar": 1.29324650764, "var": 1.56284666061, "median": 0.455720156431, "max": 15.3039970398, "dmean": 0.563671052456, "dmean2": 0.995440781116, "mean": 0.826674640179, "dvar2": 3.23897528648, "min": 0}, "erbbands_crest": {"dvar": 5.8027048111, "var": 18.9117679596, "median": 7.76418399811, "max": 31.9461307526, "dmean": 2.59248948097, "dmean2": 4.16185379028, "mean": 8.93144130707, "dvar2": 14.4617757797, "min": 2.40763497353}, "barkbands_crest": {"dvar": 4.10807323456, "var": 10.7989645004, "median": 7.68344688416, "max": 23.669752121, "dmean": 2.17791700363, "dmean2": 3.60101652145, "mean": 8.40680217743, "dvar2": 10.6809797287, "min": 1.94594693184}, "spectral_energyband_middle_low": {"dvar": 5.25562027178e-05, "var": 0.000123623976833, "median": 0.0121816368774, "max": 0.0975811332464, "dmean": 0.0050857514143, "dmean2": 0.00804008264095, "mean": 0.0136668393388, "dvar2": 0.0001242950093, "min": 1.56665680562e-22}, "spectral_contrast_coeffs": {"dvar": [0.00165885232855, 0.00133841799106, 0.000830425240565, 0.000505764328409, 0.000310577685013, 0.000376894226065], "var": [0.0071830349043, 0.00557384919375, 0.00305379647762, 0.00235104584135, 0.00188495102338, 0.00319718266837], "median": [-0.631445527077, -0.753293991089, -0.786970853806, -0.78210991621, -0.785710036755, -0.764667212963], "max": [-0.352366834879, -0.490554094315, -0.534606218338, -0.600972473621, -0.616057991982, -0.535756289959], "dmean": [0.0488477051258, 0.0450584627688, 0.0361648947001, 0.0281847603619, 0.0213913619518, 0.0196750424802], "dmean2": [0.0812454372644, 0.0742068067193, 0.0599276609719, 0.0459004603326, 0.0343119874597, 0.0303143467754], "mean": [-0.637556552887, -0.751178503036, -0.78379458189, -0.78123998642, -0.783669650555, -0.758137464523], "dvar2": [0.00451618386433, 0.00361442519352, 0.00221784575842, 0.00130613171495, 0.000757873232942, 0.000751597981434], "min": [-0.97714304924, -0.994174599648, -0.996757686138, -0.988505125046, -0.989088058472, -0.964632987976]}, "hfc": {"dvar": 54.1162986755, "var": 340.894012451, "median": 22.8661880493, "max": 132.760772705, "dmean": 5.35790395737, "dmean2": 7.60687494278, "mean": 24.3484306335, "dvar2": 97.3358459473, "min": 1.08536207823e-16}, "spectral_energyband_high": {"dvar": 9.35697585192e-07, "var": 3.17050830745e-06, "median": 0.000397489930037, "max": 0.0187864582986, "dmean": 0.000378705764888, "dmean2": 0.000517541484442, "mean": 0.000879753206391, "dvar2": 1.54438373556e-06, "min": 7.17848176648e-21}, "erbbands_spread": {"dvar": 46.4278869629, "var": 210.348709106, "median": 32.8872375488, "max": 141.890731812, "dmean": 6.37421321869, "dmean2": 9.77564620972, "mean": 33.5865364075, "dvar2": 104.209312439, "min": 0.456394076347}, "dissonance": {"dvar": 0.000200554481125, "var": 0.000341402337654, "median": 0.479476720095, "max": 0.499999970198, "dmean": 0.0137226041406, "dmean2": 0.02335572429, "mean": 0.475236147642, "dvar2": 0.000561052002013, "min": 0.316774994135}, "spectral_kurtosis": {"dvar": 35.2924041748, "var": 115.59375, "median": 4.67496299744, "max": 117.694168091, "dmean": 2.4266731739, "dmean2": 4.17078208923, "mean": 6.97037267685, "dvar2": 102.789413452, "min": -1.25087988377}, "spectral_skewness": {"dvar": 0.146503344178, "var": 0.606469452381, "median": 1.60449182987, "max": 7.79013299942, "dmean": 0.253930002451, "dmean2": 0.412941455841, "mean": 1.66299414635, "dvar2": 0.420698583126, "min": -0.166190162301}, "pitch_salience": {"dvar": 0.00304602552205, "var": 0.00833361502737, "median": 0.575882673264, "max": 0.9920617342, "dmean": 0.0635968521237, "dmean2": 0.104509674013, "mean": 0.574654817581, "dvar2": 0.00808243453503, "min": 0.115787863731}, "spectral_complexity": {"dvar": 10.3709907532, "var": 137.28364563, "median": 26, "max": 56, "dmean": 3.24973320961, "dmean2": 4.97893238068, "mean": 23.9173774719, "dvar2": 21.9076290131, "min": 0}, "spectral_spread": {"dvar": 443384397824, "var": 12368211869700.0, "median": 3853515.75, "max": 42494900, "dmean": 486962.125, "dmean2": 708065.375, "mean": 