{"tonal": {"chords_number_rate": 0.00253421184607, "thpcp": [1, 0.621360242367, 0.0981463864446, 0.0548652261496, 0.0475881844759, 0.0847758948803, 0.150700077415, 0.123312741518, 0.0677107572556, 0.0587721839547, 0.0531587600708, 0.0829455852509, 0.156978860497, 0.168549463153, 0.317845642567, 0.499824404716, 0.275342404842, 0.0368436686695, 0.0167221389711, 0.0237194430083, 0.154691830277, 0.411941349506, 0.333836942911, 0.0740084648132, 0.0251480881125, 0.0246484745294, 0.165941148996, 0.482988864183, 0.432494997978, 0.178286507726, 0.141870170832, 0.0828276351094, 0.0421583876014, 0.0659784153104, 0.111610904336, 0.516298413277], "hpcp": {"dvar": [0.0457851216197, 0.0341141596437, 0.0233650058508, 0.0210578199476, 0.018607461825, 0.0140547761694, 0.0147328870371, 0.01701753214, 0.0177278462797, 0.0173001829535, 0.0183874331415, 0.0195634197444, 0.0194758549333, 0.0241719800979, 0.021760057658, 0.0225523281842, 0.0164043996483, 0.0087445480749, 0.00255996361375, 0.00403119716793, 0.0105989091098, 0.0213693119586, 0.0169643592089, 0.00671964464709, 0.00606244662777, 0.0047640549019, 0.0132716763765, 0.0281636025757, 0.0244270358235, 0.0281077381223, 0.0126709146425, 0.011204643175, 0.00873594172299, 0.0173793602735, 0.022127378732, 0.0324494801462], "mean": [0.476701915264, 0.296203613281, 0.0467865690589, 0.02615435794, 0.0226853787899, 0.0404128320515, 0.0718390122056, 0.0587834194303, 0.0322778485715, 0.0280168130994, 0.0253408830613, 0.0395403206348, 0.0748321264982, 0.0803478509188, 0.151517629623, 0.23826725781, 0.131256252527, 0.0175634473562, 0.00797147583216, 0.0113071035594, 0.0737418904901, 0.196373224258, 0.159140706062, 0.0352799780667, 0.011988141574, 0.0117499753833, 0.0791044607759, 0.230241715908, 0.206171199679, 0.0849895179272, 0.0676297843456, 0.0394840911031, 0.0200969837606, 0.031452037394, 0.0532051324844, 0.24612043798], "min": [0, 0, 0, 0, 0, 0, 0, 0, 0, 0, 0, 0, 0, 0, 0, 0, 0, 0, 0, 0, 0, 0, 0, 0, 0, 0, 0, 0, 0, 0, 0, 0, 0, 0, 0, 0], "median": [0.371079295874, 0.211098432541, 0.00822704844177, 0.00047374033602, 0.000641521648504, 0.00107026379555, 0.00263241468929, 0.00318239233457, 0.00145789131057, 0.000741295574699, 0.000448539416539, 0.00173906667624, 0.0043462109752, 0.00495785614476, 0.0189572367817, 0.00904824398458, 0.0060549560003, 0.000875416619238, 0.000158539871336, 0.000150331106852, 0.0081867640838, 0.0349099524319, 0.0298136100173, 0.00689348531887, 0.000410079752328, 0.000381004676456, 0.0136030446738, 0.031723048538, 0.0336608812213, 0.00949704274535, 0.00128099508584, 0.00113285076804, 0.000832922640257, 0.000966440944467, 0.00218976102769, 0.170402407646], "dvar2": [0.0969926193357, 0.0903356820345, 0.0645191818476, 0.0590349920094, 0.0520160831511, 0.0375537201762, 0.0377030074596, 0.0447403825819, 0.0481251068413, 0.0463380366564, 0.0481368042529, 0.0510270409286, 0.0475259236991, 0.057214140892, 0.0537376329303, 0.0421251356602, 0.0397642888129, 0.0241609849036, 0.0073140268214, 0.0126546649262, 0.0273889321834, 0.044365644455, 0.0376634784043, 0.0173204764724, 0.0171760264784, 0.0139213753864, 0.0371343977749, 0.070524379611, 0.0669324249029, 0.0931275710464, 0.031965278089, 0.033391803503, 0.0256101414561, 0.0492079816759, 0.0582379586995, 0.0820660069585], "var": [0.182174965739, 0.0820850133896, 0.0174704547971, 0.0146293304861, 0.011576814577, 0.0162176433951, 0.047145370394, 0.0274393074214, 0.0136532941833, 0.0134328780696, 0.0143344011158, 0.0171637535095, 0.0330454185605, 0.0374721996486, 0.0583481490612, 0.140447244048, 0.0474954992533, 0.00614162860438, 0.00178333825897, 0.00264870142564, 0.0184723008424, 0.0920847281814, 0.0635848343372, 0.00711991311982, 0.00424001645297, 0.00315882638097, 0.0194204393774, 0.116364017129, 0.0915077477694, 0.0386519506574, 0.0346962586045, 0.0141502404585, 0.00733884843066, 0.0162523593754, 0.0296213254333, 0.0655086934566], "dmean2": [0.193400859833, 0.226753279567, 0.112083658576, 0.0721654742956, 0.0618815943599, 0.0611944720149, 0.067044377327, 0.0832785516977, 0.08092559129, 0.0708056911826, 0.0631355345249, 0.0716570168734, 0.0854043141007, 0.102228872478, 0.123800128698, 0.0924340561032, 0.101153403521, 0.0441758409142, 0.0206137020141, 0.0281988233328, 0.0762088224292, 0.106919571757, 0.103935539722, 0.0508273392916, 0.0291726905853, 0.0303621534258, 0.0865414068103, 0.129419565201, 0.131205290556, 0.126043066382, 0.064872905612, 0.0576581284404, 0.0440122894943, 0.0654204785824, 0.094462364912, 0.212442204356], "max": [1, 1, 1, 1, 1, 1, 1, 1, 1, 1, 1, 1, 1, 1, 1, 1, 1, 1, 0.733560442924, 1, 1, 1, 1, 1, 1, 1, 1, 1, 1, 1, 1, 1, 1, 1, 1, 1], "dmean": [0.116205662489, 0.131435856223, 0.0598748065531, 0.038163524121, 0.0332275144756, 0.0345426276326, 0.0376615338027, 0.0474665872753, 0.044062372297, 0.0387776270509, 0.0353257097304, 0.0404223650694, 0.0521535612643, 0.0618497058749, 0.0732522308826, 0.0598720051348, 0.0608326420188, 0.0240581594408, 0.0112559748814, 0.0153223033994, 0.0443589128554, 0.0650694444776, 0.0637372136116, 0.0287271030247, 0.0155473090708, 0.0162680055946, 0.0497020743787, 0.0775106400251, 0.0773947611451, 0.0679871588945, 0.0366502888501, 0.0316297709942, 0.0240034367889, 0.0358850732446, 0.0537839233875, 0.122628033161]}, "key_strength": 0.849380075932, "chords_strength": {"dvar": 0.00100840453524, "mean": 0.549164891243, "min": -1, "median": 0.592552542686, "dvar2": 0.00179299677256, "var": 0.0536257959902, "dmean2": 0.00728006986901, "max": 0.758341014385, "dmean": 0.00841330364347}, "tuning_equal_tempered_deviation": 0.100336268544, "chords_key": "A", "tuning_frequency": 436.456176758, "chords_scale": "major", "chords_changes_rate": 0.0334515981376, "key_scale": "major", "tuning_diatonic_strength": 0.603090822697, "hpcp_entropy": {"dvar": 0.215880781412, "mean": 1.69129180908, "min": 0, "median": 1.73296523094, "dvar2": 0.542364835739, "var": 0.543616712093, "dmean2": 0.782123327255, "max": 4.21218395233, "dmean": 0.464110702276}, "chords_histogram": [34.3639144897, 12.5190067291, 46.0212860107, 0.354789674282, 0.10136847198, 0.304105430841, 0, 0, 0.152052715421, 0, 0.40547388792, 0, 0, 0, 0, 0, 0, 2.02736949921, 0, 0.810947775841, 0.861632049084, 0, 0, 2.07805371284], "tuning_nontempered_energy_ratio": 0.732959151268, "key_key": "D"}, "metadata": {"version": {"extractor": "music 1.0", "essentia_build_sha": "70f2e5ece6736b2c40cc944ad0e695b16b925413", "essentia": "2.1-beta2", "essentia_git_sha": "v2.1_beta2"}, "audio_properties": {"sample_rate": 32000, "length": 91.5479812622, "lossless": false, "analysis_sample_rate": 44100, "downmix": "mix", "bit_rate": 320000, "equal_loudness": 0, "md5_encoded": "6a80947787c7fb1b3d935226c295b557", "codec": "mp3", "replay_gain": -10.8223323822}, "tags": {"tracknumber": ["3"], "genre": ["Folk"], "albumartist": ["Gemma Hayes"], "date": ["2008"], "musicbrainz_recordingid": ["c7536a8d-5fe7-4009-aca8-319301017372"], "file_name": "2223047.mp3", "title": ["January 14th"], "artist": ["Gemma Hayes"], "album": ["The Hollow of Morning"], "discnumber": ["1"]}}, "lowlevel": {"melbands": {"dvar": [8.6966522872e-10, 3.2914311987e-07, 9.11509971502e-07, 2.34203730543e-06, 8.38257903979e-07, 1.63280134302e-07, 8.89707791885e-08, 9.50389136278e-08, 3.08128875304e-07, 5.14342168856e-08, 1.33266748747e-08, 9.94238735785e-09, 6.7731882325e-09, 1.08927267206e-09, 2.55163917773e-10, 2.01520286569e-10, 1.49405890437e-10, 1.01302202737e-10, 4.44382100562e-11, 5.88961171499e-11, 4.58639307088e-11, 6.20088841385e-11, 5.46004769175e-11, 2.12209746303e-11, 7.09994771309e-11, 7.47002546625e-12, 1.33404412517e-10, 1.15444298565e-09, 5.2517801219e-10, 7.14728623508e-11, 2.43263794525e-11, 1.79974542214e-11, 2.66745566607e-11, 3.76126733925e-11, 1.07241941022e-11, 7.97074819342e-12, 4.94055057282e-12, 3.92601879826e-12, 3.7198976538e-12, 4.87774924618e-12], "mean": [5.06960896018e-05, 0.000699050899129, 0.0014193339739, 0.0015749981394, 0.000689852051437, 0.00043745295261, 0.00020226003835, 0.000147555096191, 0.000192799503566, 7.26775106159e-05, 5.21217698406e-05, 5.81232015975e-05, 2.25128824241e-05, 1.38443456308e-05, 5.11265534442e-06, 6.0223383116e-06, 5.20742241861e-06, 3.74969977202e-06, 1.6629427364e-06, 1.63398897257e-06, 1.97625286091e-06, 1.87847274447e-06, 1.84420605365e-06, 1.66191625794e-06, 2.54280871559e-06, 8.04542139576e-07, 8.27047074381e-07, 1.98852762878e-06, 2.04897673939e-06, 1.55215491304e-06, 9.85433189271e-07, 9.50822993673e-07, 1.00424222182e-06, 1.01020805232e-06, 5.98776978222e-07, 4.56544000826e-07, 4.52480549029e-07, 4.85563873553e-07, 5.58327485578e-07, 6.0668429569e-07], "min": [4.28576395501e-25, 1.21213783177e-24, 1.36123333172e-24, 1.55629832041e-24, 1.53650895574e-24, 2.16972642107e-24, 1.14792692067e-24, 2.36482631686e-24, 1.56295610923e-24, 2.06239025922e-24, 1.82478121304e-24, 3.06969739871e-24, 3.66155074526e-24, 1.38890706531e-24, 2.47754152401e-24, 2.6373815067e-24, 2.32246073916e-24, 2.4303808553e-24, 3.1539128363e-24, 3.31793319014e-24, 2.14345478913e-24, 3.77808246147e-24, 4.84252916292e-24, 2.99475857095e-24, 3.45677113174e-24, 4.76189535106e-24, 4.31301535219e-24, 4.41474724896e-24, 4.7364549813e-24, 5.11346738512e-24, 4.47864695444e-24, 4.3024994419e-24, 5.05834415165e-24, 5.32438157548e-24, 5.23235937316e-24, 6.27310908745e-24, 5.305291536e-24, 5.64113368361e-24, 5.66509178374e-24, 6.42291732322e-24], "median": [7.07213530404e-06, 0.000362899445463, 0.000756217166781, 0.000520114495885, 0.000156447174959, 9.23473198782e-05, 5.43038804608e-05, 8.33529156807e-06, 2.88295427708e-06, 2.39917608269e-06, 1.90453181403e-06, 6.12722260485e-07, 3.21678669479e-07, 3.2293064578e-07, 3.03855472339e-07, 3.13394366458e-07, 1.64989231166e-07, 2.88728926989e-07, 1.90189780369e-07, 7.98944341796e-08, 1.21312211832e-07, 7.70111796555e-08, 6.42565041176e-08, 3.3335425087e-08, 5.44674954028e-08, 2.36765167472e-08, 1.50774006613e-08, 1.47416505669e-08, 6.98505964181e-09, 8.397606166e-09, 5.51721424102e-09, 4.93242247046e-09, 6.05585004365e-09, 5.22384446811e-09, 4.59131044295e-09, 2.17357420951e-09, 1.87376825167e-09, 2.77703948726e-09, 3.05616465468e-09, 2.36078223637e-09], "dvar2": [2.10637174369e-09, 7.71945678935e-07, 1.97747294806e-06, 5.54578082301e-06, 2.07500215765e-06, 3.91901835428e-07, 2.13494459445e-07, 1.48297786495e-07, 6.13130225702e-07, 1.08651477149e-07, 2.46589699771e-08, 1.29195996124e-08, 1.09784945579e-08, 1.87054682854e-09, 4.47808123916e-10, 3.67916336286e-10, 2.32818694879e-10, 2.00272007311e-10, 1.15151319036e-10, 1.12548796671e-10, 9.45448441758e-11, 1.56406151919e-10, 1.04527733691e-10, 4.91702026317e-11, 1.53045687235e-10, 1.86196526947e-11, 3.2453467691e-10, 2.75504952185e-09, 1.0466171263e-09, 1.38031849839e-10, 4.19254249373e-11, 2.98615333849e-11, 4.13879694405e-11, 5.79869728623e-11, 1.64676900588e-11, 1.29991720513e-11, 7.05651596183e-12, 4.82676832531e-12, 5.83354631961e-12, 8.06066498271e-12], "var": [5.82243142588e-09, 1.03427123577e-06, 3.09671463583e-06, 7.35185176381e-06, 1.8827323629e-06, 6.7542424631e-07, 1.96233841621e-07, 4.04532926268e-07, 9.17580848636e-07, 1.3082548378e-07, 7.25506552612e-08, 8.71606076203e-08, 2.30121521838e-08, 6.20186524358e-09, 7.35977445654e-10, 8.32704627474e-10, 7.38474170703e-10, 2.14035331125e-10, 5.49139241024e-11, 9.61951351908e-11, 1.11788314716e-10, 1.67974092968e-10, 1.2622476675e-10, 5.73044944829e-11, 1.70843131309e-10, 1.11778173523e-11, 1.20336796083e-10, 1.16565035402e-09, 7.35525307327e-10, 1.52219570282e-10, 5.75778209833e-11, 4.35139355104e-11, 7.0058139845e-11, 8.85691797681e-11, 2.84492290836e-11, 1.86434635091e-11, 1.48178760928e-11, 1.31070354223e-11, 1.02895469922e-11, 1.10457476499e-11], "dmean2": [2.10866819543e-05, 0.000325252301991, 0.00071916525485, 0.00107147428207, 0.000474682281492, 0.000221572670853, 0.000115273694973, 6.91625973559e-05, 0.000103350990685, 4.07872212236e-05, 2.31287904171e-05, 2.41348534473e-05, 1.47349073814e-05, 6.78301330481e-06, 3.38139852829e-06, 3.53470818482e-06, 3.29219051309e-06, 3.14095018439e-06, 1.54752581238e-06, 1.61394575571e-06, 1.61098864737e-06, 1.58532714067e-06, 1.47895877944e-06, 1.32258890062e-06, 2.20369952331e-06, 7.6738581356e-07, 1.07511050373e-06, 2.46552735916e-06, 2.36133223552e-06, 1.50847210989e-06, 8.68226265993e-07, 8.02900729013e-07, 8.78321600339e-07, 8.51045683703e-07, 4.88493242301e-07, 4.10861105138e-07, 3.7444229406e-07, 3.50227963963e-07, 4.44631240271e-07, 4.92185392886e-07], "max": [0.00056880194461, 0.0125842187554, 0.0155082959682, 0.0316547602415, 0.01771039702, 0.00992129649967, 0.0136691415682, 0.00934509281069, 0.0242313109338, 0.0103065818548, 0.00563247362152, 0.00501834321767, 0.00383838987909, 0.00208978448063, 0.000519567227457, 0.000732844113372, 0.000671732996125, 0.000320815976011, 0.000329143455019, 0.000277663610177, 0.000287003465928, 0.000350140559021, 0.000378265656764, 0.00015188397083, 0.000275157100987, 7.46357545722e-05, 0.000589227944147, 0.00187778554391, 0.00112723815255, 0.000360388075933, 0.000271701690508, 0.000154968249262, 0.000178107700776, 0.000232685866649, 0.000202708630241, 0.000180562550668, 0.000114334812679, 9.63601705735e-05, 7.56559020374e-05, 9.00362210814e-05], "dmean": [1.26195445773e-05, 0.000193932297407, 0.000483587675262, 0.000694115704391, 0.000308704038616, 0.000141557102324, 7.2377268225e-05, 5.5734115449e-05, 7.80376358307e-05, 3.16390032822e-05, 1.82403491635e-05, 2.08515393751e-05, 1.14976810437e-05, 5.33535512659e-06, 2.43885210693e-06, 2.61291756942e-06, 2.45201158577e-06, 2.12665486288e-06, 9.96224571281e-07, 1.07187622689e-06, 1.1454367268e-06, 1.05803019324e-06, 1.00691488569e-06, 8.94488323411e-07, 1.45522596995e-06, 4.92581591516e-07, 6.97665427651e-07, 1.70771158992e-06, 1.62448088759e-06, 1.03419972675e-06, 6.50078106901e-07, 6.23745052053e-07, 6.33977492726e-07, 6.46908006274e-07, 3.98403699364e-07, 3.15332755463e-07, 2.77387840697e-07, 2.87265407906e-07, 3.30402997406e-07, 3.72257858317e-07]}, "spectral_decrease": {"dvar": 6.24679478052e-18, "mean": -4.5617247757e-09, "min": -4.3523947113e-08, "median": -3.09672842924e-09, "dvar2": 1.34197348893e-17, "var": 2.61811316182e-17, "dmean2": 1.83123372022e-09, "max": 2.40064808304e-28, "dmean": 1.23016674625e-09}, "spectral_rolloff": {"dvar": 886663.625, "mean": 1207.89892578, "min": 129.19921875, "median": 322.998046875, "dvar2": 1576838.875, "var": 11891756, "dmean2": 313.245361328, "max": 19702.8808594, "dmean": 199.27394104}, "melbands_crest": {"dvar": 5.04467058182, "mean": 18.4336929321, "min": 1.00045096874, "median": 18.7591381073, "dvar2": 11.8023843765, "var": 33.5144271851, "dmean2": 3.44930577278, "max": 33.2374343872, "dmean": 2.20771980286}, "barkbands_skewness": {"dvar": 0.826419055462, "mean": 3.16565203667, "min": -2.54678797722, "median": 2.79753017426, "dvar2": 1.87334740162, "var": 5.48463630676, "dmean2": 1.04127824306, "max": 19.1463603973, "dmean": 0.7001978755}, "spectral_centroid": {"dvar": 91269.984375, "mean": 768.391662598, "min": 142.364746094, "median": 283.59262085, "dvar2": 145975.78125, "var": 3432973.25, "dmean2": 131.958648682, "max": 11943.9541016, "dmean": 94.9536209106}, "spectral_energyband_middle_low": {"dvar": 8.22442743811e-05, "mean": 0.0143576655537, "min": 1.50825863188e-22, "median": 0.00796634797007, "dvar2": 0.000179559006938, "var": 0.000316465942888, "dmean2": 0.00647340063006, "max": 0.145857557654, "dmean": 0.00437228102237}, "erbbands_crest": {"dvar": 5.48033809662, "mean": 13.0000686646, "min": 2.72432088852, "median": 12.4874324799, "dvar2": 13.301399231, "var": 23.7636451721, "dmean2": 3.44990777969, "max": 30.4843006134, "dmean": 2.20860075951}, "dynamic_complexity": 7.49176216125, "spectral_energyband_low": {"dvar": 6.75774799674e-06, "mean": 0.00361021282151, "min": 1.45648919321e-23, "median": 0.00220074085519, "dvar2": 1.73353564605e-05, "var": 1.90765422303e-05, "dmean2": 0.00155025930144, "max": 0.0461844131351, "dmean": 0.000937939912546}, "silence_rate_60dB": {"dvar": 0.0159676168114, "mean": 0.250760644674, "min": 0, "median": 0, "dvar2": 0.0380109064281, "var": 0.18787188828, "dmean2": 0.0324708260596, "max": 1, "dmean": 0.016231296584}, "erbbands_kurtosis": {"dvar": 29.743686676, "mean": 9.99344921112, "min": -1.86304211617, "median": 6.72667837143, "dvar2": 68.7304229736, "var": 137.860229492, "dmean2": 5.25332307816, "max": 124.728645325, "dmean": 3.43768119812}, "spectral_complexity": {"dvar": 1.93568015099, "mean": 5.42596340179, "min": 0, "median": 5, "dvar2": 3.61370229721, "var": 16.402097702, "dmean2": 1.53221714497, "max": 35, "dmean": 0.953081429005}, "barkbands_crest": {"dvar": 4.02321052551, "mean": 13.2024211884, "min": 2.66341805458, "median": 12.794711113, "dvar2": 9.67837429047, "var": 16.4617652893, "dmean2": 3.04097270966, "max": 26.0679035187, "dmean": 1.92465782166}, "spectral_energy": {"dvar": 9.49440800468e-05, "mean": 0.0179583858699, "min": 1.01452967037e-20, "median": 0.012248034589, "dvar2": 0.000202894661925, "var": 0.00040657268255, "dmean2": 0.00715545052662, "max": 0.172407120466, "dmean": 0.00483651692048}, "spectral_spread": {"dvar": 1254473465860.0, "mean": 4997917, "min": 550217.125, "median": 3809042.5, "dvar2": 2560061603840.0, "var": 43968175800300.0, "dmean2": 897464.1875, "max": 50709476, "dmean": 594217.6875}, "spectral_contrast_valleys": {"dvar": [0.164344489574, 0.125054165721, 0.12519814074, 0.122786901891, 0.139577209949, 0.130694761872], "mean": [-9.30477142334, -8.72048568726, -9.95578384399, -10.6968278885, -10.9133930206, -12.8124408722], "min": [-28.2589969635, -28.1863632202, -27.9084224701, -27.6267604828, -27.4978275299, -27.3976306915], "median": [-8.747631073, -8.04794311523, -9.32036304474, -10.0198135376, -10.6709079742, -12.8577537537], "dvar2": [0.363953560591, 0.232344701886, 0.231130093336, 0.220589742064, 0.242276668549, 0.215829566121], "var": [11.4409885406, 11.9199151993, 10.8045396805, 10.2760591507, 10.8032512665, 8.50011730194], "dmean2": [0.708222448826, 0.552715718746, 0.529836177826, 0.479082733393, 0.432874083519, 0.416932582855], "max": [-6.08658885956, -4.78556632996, -4.95425224304, -6.54440975189, -6.40330505371, -7.11499929428], "dmean": [0.43526121974, 0.342933833599, 0.337829858065, 0.317589759827, 0.312518179417, 0.301715701818]}, "spectral_rms": {"dvar": 5.66340133901e-07, "mean": 0.00348374666646, "min": 3.14608495505e-12, "median": 0.00345677626319, "dvar2": 1.10838152523e-06, "var": 5.38385438631e-06, "dmean2": 0.000683908583596, "max": 0.0129692740738, "dmean": 0.000473921390949}, "barkbands_spread": {"dvar": 55.4728775024, "mean": 7.8037481308, "min": 0.349303424358, "median": 2.45143222809, "dvar2": 99.3918304443, "var": 228.104385376, "dmean2": 3.56026721001, "max": 108.292388916, "dmean": 2.42163419724}, "pitch_salience": {"dvar": 0.0034869662486, "mean": 0.493558764458, "min": 0.0585961639881, "median": 0.49532276392, "dvar2": 0.00822028238326, "var": 0.0177866388112, "dmean2": 0.0909237042069, "max": 0.996811509132, "dmean": 0.0578778795898}, "erbbands_skewness": {"dvar": 0.31426820159, "mean": 2.07993936539, "min": -3.92426228523, "median": 2.04751229286, "dvar2": 0.634387016296, "var": 2.34435176849, "dmean2": 0.671339273453, "max": 9.20071029663, "dmean": 0.464055240154}, "spectral_energyband_middle_high": {"dvar": 1.16715284548e-06, "mean": 0.000952894042712, "min": 1.11376436358e-21, "median": 4.279935456e-05, "dvar2": 1.52839754719e-06, "var": 1.2833742403e-05, "dmean2": 0.000334764277795, "max": 0.0394943319261, "dmean": 0.000283467117697}, "erbbands": {"dvar": [2.13879366129e-06, 0.00721163209528, 2.40016174316, 16.6349868774, 345.585021973, 653.816223145, 676.613891602, 353.30947876, 383.140960693, 562.703674316, 5852.55078125, 1632.39599609, 515.217529297, 502.965606689, 403.30166626, 61.7099533081, 39.9603004456, 41.8259010315, 24.9905815125, 41.7568321228, 21.0602111816, 51.7410049438, 25.8989181519, 72.3551025391, 62.8226509094, 1283.36828613, 484.174713135, 81.1931838989, 54.8083381653, 108.950080872, 33.7622375488, 12.6623830795, 6.99025249481, 5.59888267517, 1.47859609127, 0.528957605362, 0.153357446194, 0.000551251461729, 1.78901046866e-07, 5.85089532379e-10], "mean": [0.00217853952199, 0.142606049776, 1.90563642979, 6.31712293625, 18.6572551727, 20.7460327148, 19.3825778961, 20.0391330719, 13.3497724533, 11.7824163437, 25.2561016083, 13.237197876, 9.9383392334, 13.0548305511, 6.77919626236, 3.40933918953, 2.61787605286, 2.94177007675, 2.1501891613, 1.2727304697, 1.59409976006, 1.84396660328, 1.89920210838, 2.82441663742, 1.19023656845, 2.46200037003, 2.92519426346, 1.94768607616, 1.73743259907, 1.8258497715, 1.0192399025, 0.739750504494, 0.723930478096, 0.698917686939, 0.471873402596, 0.216099083424, 0.0604232549667, 0.00228381156921, 6.58790886519e-05, 2.47054540523e-05], "min": [2.64310796634e-23, 5.29666606776e-22, 2.41729801528e-21, 4.68396797582e-21, 1.56018380431e-20, 2.16661979973e-20, 4.31732800491e-20, 8.81517848498e-20, 6.12129098302e-20, 1.73062727758e-19, 2.02130940158e-19, 3.22567196575e-19, 4.29245655797e-19, 7.90211636231e-19, 1.4329813268e-18, 7.52234533538e-19, 1.43658101004e-18, 1.31946340224e-18, 2.01330074229e-18, 3.54812795823e-18, 2.41228655446e-18, 4.41293701685e-18, 4.42853268012e-18, 5.49265090733e-18, 6.95953950482e-18, 8.12861371687e-18, 8.43511556669e-18, 9.46664784085e-18, 8.51778978737e-18, 1.16664850491e-17, 1.07723292767e-17, 1.10823772498e-17, 9.99244106131e-18, 8.47899749818e-18, 6.67549229991e-18, 4.05073778767e-18, 2.45902163869e-18, 9.60529158332e-19, 2.49230862731e-19, 2.5931480509e-20], "median": [0.000868551956955, 0.0298086702824, 1.00042748451, 3.22475242615, 6.52462387085, 6.58489704132, 3.8315050602, 4.34414196014, 3.83555412292, 1.10352873802, 0.447672069073, 0.37974601984, 0.40378087759, 0.176792025566, 0.109649583697, 0.110619276762, 0.164791047573, 0.10993000865, 0.20120677352, 0.104007869959, 0.106018729508, 0.0805571973324, 0.0598746947944, 0.0664619654417, 0.0356537401676, 0.025628823787, 0.0152662564069, 0.0124498102814, 0.0107067041099, 0.0106579354033, 0.00770121766254, 0.00370568595827, 0.00472082197666, 0.00328964320943, 0.00182466919068, 0.000803630799055, 0.000343826250173, 1.59661558428e-05, 7.95652158558e-06, 1.47407154145e-05], "dvar2": [5.00714668306e-06, 0.0158871635795, 5.56927013397, 41.6776199341, 756.54498291, 1643.61877441, 1655.90356445, 833.680236816, 949.464233398, 806.678344727, 11618.0771484, 3476.90063477, 970.72253418, 655.272644043, 559.002258301, 104.597976685, 79.2585525513, 63.1998023987, 47.5182189941, 99.5576553345, 43.2075805664, 125.295097351, 51.2319412231, 152.88949585, 154.893630981, 2874.71606445, 878.179870605, 127.595970154, 78.0090942383, 164.610244751, 52.4965400696, 16.3715934753, 8.43808937073, 8.79697227478, 2.17209148407, 0.839325010777, 0.385811239481, 0.00153749866877, 4.7452851959e-07, 1.27387245197e-09], "var": [8.18533681013e-06, 0.0446602404118, 7.71388196945, 66.3483810425, 902.54309082, 1586.61230469, 1676.97912598, 1473.70007324, 795.92980957, 2403.27246094, 17878.0546875, 4139.96386719, 2574.87084961, 4130.16601562, 1748.73962402, 372.82598877, 147.422836304, 220.945236206, 62.122882843, 50.7401046753, 58.9819908142, 140.081481934, 82.9921951294, 183.012878418, 66.0410614014, 1475.51281738, 871.301940918, 217.366821289, 154.826324463, 269.166229248, 85.7025375366, 39.2161750793, 23.8507556915, 14.0739660263, 4.48647260666, 1.43711543083, 0.178335249424, 0.000413054804085, 1.72549107447e-07, 1.39490485829e-09], "dmean2": [0.00108183501288, 0.0526977591217, 0.862565994263, 2.77720570564, 12.6174564362, 15.5757741928, 12.3790950775, 9.92388343811, 7.53670454025, 5.54756689072, 13.2322769165, 7.31433439255, 4.41331720352, 5.48886871338, 3.67609167099, 1.70504069328, 1.49484682083, 1.72017967701, 1.62578415871, 1.19598448277, 1.21636772156, 1.42195546627, 1.33735740185, 2.30149555206, 1.17169880867, 2.71205472946, 2.78432393074, 1.55544340611, 1.32672464848, 1.5181825161, 0.805462360382, 0.558737635612, 0.499606102705, 0.518854737282, 0.324318259954, 0.153994828463, 0.0565093159676, 0.00244919909164, 5.43760870642e-05, 1.08545355033e-05], "max": [0.0314844809473, 1.95770120621, 34.6670799255, 77.0238952637, 285.086517334, 562.041870117, 532.28326416, 477.630126953, 931.850219727, 922.512145996, 3415.67675781, 1911.30529785, 1100.91027832, 1149.96594238, 1048.11816406, 444.741333008, 332.544525146, 363.217285156, 164.329696655, 307.248413086, 175.32131958, 340.933288574, 219.304901123, 286.830413818, 379.570037842, 2070.42407227, 1180.67895508, 484.427856445, 289.878234863, 412.367828369, 363.624786377, 205.501998901, 127.91381073, 86.3895492554, 39.7415847778, 30.5097904205, 16.9608001709, 1.06815266609, 0.0188033357263, 0.000848890224006], "dmean": [0.000653820345178, 0.0319606661797, 0.515584647655, 1.81238210201, 8.42608737946, 9.77272415161, 8.25545978546, 6.39376354218, 4.67472887039, 4.57372188568, 9.9573135376, 5.70800828934, 3.46579957008, 4.64716291428, 2.9458963871, 1.26168560982, 1.09937906265, 1.28784906864, 1.12638175488, 0.793050169945, 0.869479596615, 0.979173123837, 0.935014307499, 1.54678857327, 0.764663398266, 1.9202221632, 2.04214167595, 1.18308186531, 1.08559012413, 1.15051531792, 0.665593862534, 0.445821970701, 0.406626820564, 0.405105561018, 0.252371907234, 0.122725538909, 0.039718337357, 0.00161904946435, 3.83029546356e-05, 7.69222151575e-06]}, "dissonance": {"dvar": 0.000988179817796, "mean": 0.402718007565, "min": 0.145264983177, "median": 0.409509420395, "dvar2": 0.0026195445098, "var": 0.00419372227043, "dmean2": 0.055158406496, "max": 0.500000119209, "dmean": 0.0329857878387}, "erbbands_flatness_db": {"dvar": 0.000360905192792, "mean": 0.232738062739, "min": 0.0691635608673, "median": 0.231045126915, "dvar2": 0.00075806339737, "var": 0.00474825827405, "dmean2": 0.0255246702582, "max": 0.428519785404, "dmean": 0.0177998561412}, "melbands_kurtosis": {"dvar": 699.426208496, "mean": 38.1069793701, "min": -1.84338796139, "median": 21.4950904846, "dvar2": 1632.99536133, "var": 2545.62744141, "dmean2": 20.6731548309, "max": 573.510864258, "dmean": 13.5750379562}, "melbands_spread": {"dvar": 91.4561004639, "mean": 10.7606983185, "min": 0.351143300533, "median": 2.45664930344, "dvar2": 148.04649353, "var": 773.489379883, "dmean2": 3.66996836662, "max": 206.499481201, "dmean": 2.68811821938}, "melbands_skewness": {"dvar": 0.958364248276, "mean": 3.36155128479, "min": -0.556751847267, "median": 2.82722306252, "dvar2": 2.08965396881, "var": 5.36255884171, "dmean2": 1.06833744049, "max": 17.5350208282, "dmean": 0.716594099998}, "spectral_entropy": {"dvar": 0.0666149184108, "mean": 6.13256835938, "min": 3.95389676094, "median": 5.93680858612, "dvar2": 0.127596959472, "var": 1.27954673767, "dmean2": 0.295834243298, "max": 9.82447147369, "dmean": 0.209295839071}, "zerocrossingrate": {"dvar": 0.00025345623726, "mean": 0.0437530465424, "min": 0.0048828125, "median": 0.015625, "dvar2": 0.000218056928134, "var": 0.00833873730153, "dmean2": 0.0075786402449, "max": 0.560546875, "dmean": 0.00680374028161}, "average_loudness": 0.539712905884, "spectral_contrast_coeffs": {"dvar": [0.00130892556626, 0.00111760222353, 0.000652562303003, 0.000487910379888, 0.000403347163228, 0.000324718625052], "mean": [-0.512466669083, -0.667321503162, -0.783053696156, -0.794874072075, -0.797029197216, -0.813384950161], "min": [-0.981999397278, -0.996358454227, -0.998620867729, -0.988390028477, -0.989231705666, -0.965263783932], "median": [-0.497059583664, -0.667059838772, -0.796627044678, -0.798527061939, -0.801991283894, -0.822332382202], "dvar2": [0.00327873555943, 0.00253833341412, 0.00152343930677, 0.00120046176016, 0.0008685127832, 0.000633841729723], "var": [0.0231368225068, 0.0144475633278, 0.0072880173102, 0.00365932378918, 0.00484784552827, 0.00445545185357], "dmean2": [0.0675171986222, 0.0577583387494, 0.0468122921884, 0.0415895245969, 0.0339766480029, 0.0284128822386], "max": [-0.216098353267, -0.352058231831, -0.457315444946, -0.583222985268, -0.455286890268, -0.596902251244], "dmean": [0.0415718927979, 0.0357398986816, 0.0295261498541, 0.0257432237267, 0.0224013980478, 0.0191481485963]}, "barkbands_flatness_db": {"dvar": 0.000526194868144, "mean": 0.299251943827, "min": 0.0381410010159, "median": 0.307836979628, "dvar2": 0.00112045800779, "var": 0.00888271350414, "dmean2": 0.0333407595754, "max": 0.52590739727, "dmean": 0.0226172599941}, "silence_rate_30dB": {"dvar": 0.00252972287126, "mean": 0.997210979462, "min": 0, "median": 1, "dvar2": 0.00504764216021, "var": 0.0027812377084, "dmean2": 0.00507356692106, "max": 1, "dmean": 0.00253613991663}, "spectral_energyband_high": {"dvar": 1.6267393903e-06, "mean": 0.000335171702318, "min": 7.10569956609e-21, "median": 2.54266615229e-06, "dvar2": 1.85833732758e-06, "var": 5.11051302965e-06, "dmean2": 0.000210735335713, "max": 0.0677777677774, "dmean": 0.000178532602149}, "melbands_flatness_db": {"dvar": 0.000721305899788, "mean": 0.37886479497, "min": 2.89060551495e-07, "median": 0.394288241863, "dvar2": 0.00136359559838, "var": 0.0157191324979, "dmean2": 0.0328946150839, "max": 0.660235226154, "dmean": 0.0239826757461}, "barkbands": {"dvar": [1.48057625188e-11, 4.01697199948e-08, 3.54575763595e-06, 3.05715957438e-06, 4.07037041441e-05, 5.26686835656e-06, 2.08739334084e-06, 9.10911876417e-06, 3.00732062897e-06, 5.56464840429e-07, 3.44098026517e-07, 6.82517580231e-08, 2.07873060987e-08, 1.64980971107e-08, 1.10868061398e-08, 6.60575283362e-09, 1.88375324228e-08, 1.03748014624e-08, 1.61740150162e-08, 5.52894107386e-07, 6.06697128092e-08, 5.10787359076e-08, 5.17589739957e-08, 2.6240723372e-08, 3.17048609588e-08, 2.23480931538e-08, 1.7915917295e-18], "mean": [1.35717243666e-06, 0.000353574199835, 0.00198958232068, 0.00282001518644, 0.00672388449311, 0.00244452967308, 0.000755977933295, 0.00101295788772, 0.000543419038877, 0.000446720776381, 0.000142935183248, 0.000100156023109, 6.04760098213e-05, 5.21889596712e-05, 2.87010807369e-05, 2.70701693807e-05, 3.36311713909e-05, 3.42417915817e-05, 3.96899195039e-05, 6.14533782937e-05, 5.34462451469e-05, 5.06889919052e-05, 4.09428721468e-05, 3.98996271542e-05, 6.51207446936e-05, 3.57327480742e-05, 5.58523449712e-10], "min": [5.22397743022e-25, 1.79273196383e-24, 2.02190217047e-24, 1.25194907786e-24, 9.42689807258e-24, 7.9216954563e-24, 6.32358750791e-24, 7.58023622461e-24, 1.66085828352e-23, 1.17683989558e-23, 2.33001743498e-23, 1.16927629722e-23, 2.51973737828e-23, 2.3282677415e-23, 3.45974703062e-23, 5.55015585425e-23, 6.17028130511e-23, 6.13677112495e-23, 1.33618522304e-22, 1.79815958718e-22, 2.17146548071e-22, 2.91984002479e-22, 3.73580189931e-22, 6.09576676618e-22, 9.45804088117e-22, 1.308365166e-21, 2.00017320825e-21], "median": [4.31072294305e-07, 3.45047556038e-05, 0.000985241611488, 0.00131537416019, 0.00265598017722, 0.000532431411557, 0.000121724326164, 1.60642193805e-05, 1.69865452335e-05, 5.77921855438e-06, 1.76789012585e-06, 2.53036932918e-06, 3.50073150912e-06, 1.93463210962e-06, 3.12229281008e-06, 1.04837613435e-06, 1.71429587681e-06, 7.45317663586e-07, 1.30708542656e-06, 4.67600841603e-07, 3.40471956406e-07, 3.34554954406e-07, 2.70712973816e-07, 2.35393486037e-07, 2.60443925981e-07, 1.64484475818e-07, 1.12084619364e-10], "dvar2": [3.67188814077e-11, 9.51078504841e-08, 8.87779242476e-06, 6.31080638414e-06, 9.83312202152e-05, 1.26109553094e-05, 4.31947137258e-06, 1.72634299815e-05, 6.42939585305e-06, 8.18899138721e-07, 6.18297576693e-07, 1.20970199191e-07, 3.99645401217e-08, 2.89329733505e-08, 2.82069159141e-08, 1.10381801477e-08, 4.52452333377e-08, 2.58672674391e-08, 3.58321479155e-08, 9.76665091912e-07, 9.98708813427e-08, 7.019292525e-08, 7.35206171498e-08, 3.25801217116e-08, 4.41763283732e-08, 4.46341239524e-08, 5.66256621286e-18], "var": [1.59849286585e-11, 2.91892860105e-07, 8.28987595014e-06, 1.45489584611e-05, 0.000110826469609, 1.92113839148e-05, 5.31957448402e-06, 3.04046370729e-05, 7.39918141335e-06, 5.58594820177e-06, 9.94472998173e-07, 3.35098405913e-07, 8.17439413936e-08, 7.19524280157e-08, 1.54051100765e-08, 2.08002415292e-08, 4.27994599761e-08, 2.77965153117e-08, 3.59856855425e-08, 8.82353788256e-07, 1.57720535299e-07, 1.44090265053e-07, 1.33722906526e-07, 8.79911681295e-08, 9.46658147427e-08, 4.5713338892e-08, 1.45232763377e-18], "dmean2": [2.50407765634e-06, 0.000135248279548, 0.00106854503974, 0.00124204496387, 0.00471714278683, 0.00127017556224, 0.000407203246141, 0.00052746233996, 0.000302569940686, 0.000165445861057, 0.000115124406875, 5.55451442779e-05, 3.69893496099e-05, 3.72382819478e-05, 2.53281414189e-05, 2.10184280149e-05, 2.91782107524e-05, 2.8936075978e-05, 3.49506481143e-05, 6.10866700299e-05, 4.52692947874e-05, 3.99819509767e-05, 3.2194009691e-05, 2.76306218439e-05, 4.30389518442e-05, 2.82215933112e-05, 1.28905752739e-09], "max": [0.000117766736366, 0.00373639003374, 0.0362498536706, 0.0287499167025, 0.119477309287, 0.0480347387493, 0.0585430338979, 0.12698802352, 0.0808535888791, 0.0309800114483, 0.0235197395086, 0.0138257900253, 0.00622238684446, 0.0062505658716, 0.00483840098605, 0.00326360762119, 0.00556126469746, 0.00411074794829, 0.00391737278551, 0.0445126742125, 0.0117495274171, 0.00788018386811, 0.0121167376637, 0.00820474978536, 0.0059589385055, 0.00482253869995, 2.01516066056e-08], "dmean": [1.41679959142e-06, 8.08934346423e-05, 0.000630606373306, 0.000871466880199, 0.00303865713067, 0.000823392882012, 0.000278213468846, 0.000396901305066, 0.000228625678574, 0.000139003517688, 8.3107915998e-05, 4.30521577073e-05, 2.71870158031e-05, 2.65513881459e-05, 1.65584988281e-05, 1.48199842442e-05, 1.94400327018e-05, 1.93658288481e-05, 2.31161648117e-05, 4.72758329124e-05, 3.26826848323e-05, 3.13553719025e-05, 2.66963670583e-05, 2.24321975111e-05, 3.45444204868e-05, 2.15041127376e-05, 6.97234991964e-10]}, "erbbands_spread": {"dvar": 149.129562378, "mean": 21.5879440308, "min": 2.14902687073, "median": 14.5367927551, "dvar2": 327.618530273, "var": 480.848632812, "dmean2": 9.03511142731, "max": 194.227737427, "dmean": 5.95073843002}, "barkbands_kurtosis": {"dvar": 370.004669189, "mean": 30.989982605, "min": -1.93417418003, "median": 20.1396980286, "dvar2": 929.59185791, "var": 1336.39001465, "dmean2": 15.5788002014, "max": 504.679260254, "dmean": 10.1356935501}, "spectral_flux": {"dvar": 0.000648948654998, "mean": 0.0373752191663, "min": 6.2798585776e-11, "median": 0.0252419374883, "dvar2": 0.00160170404706, "var": 0.00155339972116, "dmean2": 0.0262091103941, "max": 0.325940161943, "dmean": 0.0161141585559}, "silence_rate_20dB": {"dvar": 0, "mean": 1, "min": 1, "median": 1, "dvar2": 0, "var": 0, "dmean2": 0, "max": 1, "dmean": 0}, "gfcc": {"cov": [[46862.9375, 2307.59985352, -2990.30859375, 1180.88293457, -2667.56201172, -1066.39770508, -1860.59912109, -75.0917129517, -2334.88061523, -705.936218262, -939.594604492, -616.619873047, -364.645172119], [2307.59985352, 3146.38769531, 64.2110061646, -447.085144043, 445.693939209, -410.036773682, -76.7519607544, -321.377532959, 276.156707764, -329.193786621, 193.106582642, -179.424758911, 7.06512928009], [-2990.30859375, 64.2110061646, 1089.2800293, 211.205032349, 259.58883667, 121.817810059, 90.6321105957, -170.219146729, 117.393814087, -6.91133117676, 46.2926445007, -2.43555021286, -53.0581016541], [1180.88293457, -447.085144043, 211.205032349, 637.138549805, -50.4155807495, 6.232442379, -80.6015090942, -58.4248161316, -32.680141449, 12.9055662155, -20.2236232758, 16.193567276, -49.9047470093], [-2667.56201172, 445.693939209, 259.58883667, -50.4155807495, 604.257446289, -34.4066505432, 124.825965881, -18.8798599243, 198.827072144, -23.7332897186, 123.369247437, -11.3051681519, -15.3522510529], [-1066.39770508, -410.036773682, 121.817810059, 6.232442379, -34.4066505432, 355.071044922, 45.2420501709, 38.3568649292, -15.8408575058, 140.033874512, -36.8514785767, 47.8753929138, -36.0671615601], [-1860.59912109, -76.7519607544, 90.6321105957, -80.6015090942, 124.825965881, 45.2420501709, 244.087081909, 21.8073768616, 56.1117553711, 7.51912260056, 62.3798141479, 7.19007158279, 15.9402065277], [-75.0917129517, -321.377532959, -170.219146729, -58.4248161316, -18.8798599243, 38.3568649292, 21.8073768616, 277.167816162, -16.955411911, 73.081703186, -32.9167098999, 50.8345947266, 7.49198102951], [-2334.88061523, 276.156707764, 117.393814087, -32.680141449, 198.827072144, -15.8408575058, 56.1117553711, -16.955411911, 350.607818604, 23.1789283752, 88.5760192871, 43.0363731384, 36.5377540588], [-705.936218262, -329.193786621, -6.91133117676, 12.9055662155, -23.7332897186, 140.033874512, 7.51912260056, 73.081703186, 23.1789283752, 184.747238159, -3.09046506882, 40.9619560242, -18.5232200623], [-939.594604492, 193.106582642, 46.2926445007, -20.2236232758, 123.369247437, -36.8514785767, 62.3798141479, -32.9167098999, 88.5760192871, -3.09046506882, 151.940338135, 15.7850084305, 2.38438057899], [-616.619873047, -179.424758911, -2.43555021286, 16.193567276, -11.3051681519, 47.8753929138, 7.19007158279, 50.8345947266, 43.0363731384, 40.9619560242, 15.7850084305, 98.9033203125, 10.4806213379], [-364.645172119, 7.06512928009, -53.0581016541, -49.9047470093, -15.3522510529, -36.0671615601, 15.9402065277, 7.49198102951, 36.5377540588, -18.5232200623, 2.38438057899, 10.4806213379, 84.5408859253]], "mean": [-204.418533325, 126.630569458, -53.1808013916, 18.6984615326, -56.9566764832, -4.87911319733, -55.9312057495, -4.52854681015, -34.1268539429, -2.81847691536, -22.4030303955, -8.98404312134, -13.5361585617], "icov": [[0.000140831936733, -0.000286171620246, 0.000270748249022, -0.000443559518317, 0.000357868761057, 6.51456139167e-05, 0.000323853688315, -0.000213575127418, 0.000656012212858, 5.32342710358e-05, 0.000236775857047, 0.000157527814736, 0.000292024487862], [-0.000286171620246, 0.0013038914185, -0.000548277283087, 0.0014628629433, -0.000991236767732, 0.000101693360193, -1.93643409148e-05, 0.000840716063976, -0.00183345738333, 0.000678621057887, -0.00100513105281, 0.000424331112299, -0.000114499263873], [0.000270748249022, -0.000548277283087, 0.00190933945123, -0.00129487353843, 0.000175251741894, -0.000442535761977, 0.000204975352972, 0.000392724847188, 0.0009993390413, 0.000370420602849, 0.00076146988431, 0.000151334970724, 0.00102615682408], [-0.000443559518317, 0.0014628629433, -0.00129487353843, 0.00375632429495, -0.00113576441072, 0.00034545143717, -1.26199556689e-05, 0.00125457742251, -0.00231155660003, 0.000143350611324, -0.00101442320738, -0.000626917171758, 0.0003383710864], [0.000357868761057, -0.000991236767732, 0.000175251741894, -0.00113576441072, 0.0037470490206, 0.00027723502717, -4.9226655392e-05, -0.00130966783036, 0.00062023056671, 0.000318688340485, -0.0004649189068, 0.00108940014616, 0.00166984868702], [6.51456139167e-05, 0.000101693360193, -0.000442535761977, 0.00034545143717, 0.00027723502717, 0.00525086931884, -0.000917243771255, 0.000660104793496, 0.000578513543587, -0.00328343454748, 0.00175881932955, -0.00162125832867, 0.00178555666935], [0.000323853688315, -1.93643409148e-05, 0.000204975352972, -1.26199556689e-05, -4.9226655392e-05, -0.000917243771255, 0.00698807928711, -0.00111254677176, 0.00120299728587, 0.00142852938734, -0.0021787006408, 0.00177516345866, -0.000465146382339], [-0.000213575127418, 0.000840716063976, 0.000392724847188, 0.00125457742251, -0.00130966783036, 0.000660104793496, -0.00111254677176, 0.00597610417753, -0.00075199699495, -0.00167863920797, 0.00131264247466, -0.00264571141452, -3.22666091961e-05], [0.000656012212858, -0.00183345738333, 0.0009993390413, -0.00231155660003, 0.00062023056671, 0.000578513543587, 0.00120299728587, -0.00075199699495, 0.007876759395, -0.00142928387504, 0.00030800953391, -0.00151193374768, -0.00109398609493], [5.32342710358e-05, 0.000678621057887, 0.000370420602849, 0.000143350611324, 0.000318688340485, -0.00328343454748, 0.00142852938734, -0.00167863920797, -0.00142928387504, 0.0102188680321, -0.00166118843481, 0.000388794142054, 0.00188185553998], [0.000236775857047, -0.00100513105281, 0.00076146988431