{"lowlevel": {"spectral_strongpeak": {"max": 16.0607242584, "dmean": 0.526616573334, "dvar2": 1.92795550823, "dmean2": 0.86290037632, "var": 1.45365977287, "median": 0.612617135048, "min": 0, "dvar": 0.790719866753, "mean": 1.00667440891}, "barkbands_flatness_db": {"max": 0.475144445896, "dmean": 0.0336022041738, "dvar2": 0.00244936789386, "dmean2": 0.0481522493064, "var": 0.00387521227822, "median": 0.149660170078, "min": 0.0375114493072, "dvar": 0.00128933647648, "mean": 0.159359842539}, "barkbands_skewness": {"max": 15.1251935959, "dmean": 0.826197206974, "dvar2": 2.76790738106, "dmean2": 1.2048920393, "var": 2.38611960411, "median": 1.4039812088, "min": -6.66187477112, "dvar": 1.26431012154, "mean": 1.60172212124}, "spectral_energyband_middle_high": {"max": 0.0749394223094, "dmean": 0.00218554353341, "dvar2": 4.7301829909e-05, "dmean2": 0.00341716874391, "var": 4.44805809821e-05, "median": 0.00157183385454, "min": 1.76303026054e-21, "dvar": 1.88929370779e-05, "mean": 0.00439278129488}, "erbbands_kurtosis": {"max": 55.8601799011, "dmean": 1.54144537449, "dvar2": 11.6788129807, "dmean2": 2.32159924507, "var": 15.0963335037, "median": 0.440007567406, "min": -1.82833874226, "dvar": 5.79297304153, "mean": 1.61241734028}, "erbbands_crest": {"max": 33.3054122925, "dmean": 2.93741559982, "dvar2": 15.6456108093, "dmean2": 4.39355039597, "var": 27.1103096008, "median": 9.65665626526, "min": 2.05864834785, "dvar": 7.86383533478, "mean": 10.7767000198}, "dynamic_complexity": 4.55577945709, "barkbands_crest": {"max": 26.7176742554, "dmean": 3.22538900375, "dvar2": 21.1279602051, "dmean2": 4.90027713776, "var": 24.7846794128, "median": 9.59783744812, "min": 2.20808720589, "dvar": 11.0704374313, "mean": 10.9060764313}, "dissonance": {"max": 0.5, "dmean": 0.022759731859, "dvar2": 0.00116023048759, "dmean2": 0.0369601622224, "var": 0.00129960244521, "median": 0.459477901459, "min": 0.229360863566, "dvar": 0.00047568892478, "mean": 0.450926065445}, "spectral_energyband_low": {"max": 0.168234184384, "dmean": 0.00797289144248, "dvar2": 0.000714866037015, "dmean2": 0.0114511027932, "var": 0.00040982599603, "median": 0.00106236478314, "min": 5.83474594551e-23, "dvar": 0.000350202783011, "mean": 0.0080712037161}, "spectral_contrast_coeffs": {"max": [-0.265085667372, -0.438723564148, -0.430778980255, -0.470952063799, -0.514033734798, -0.549577176571], "dmean": [0.0549496598542, 0.0441478975117, 0.0411707349122, 0.033030949533, 0.0250009763986, 0.0236969832331], "dvar2": [0.00502220634371, 0.00377244898118, 0.0026987795718, 0.00184952898417, 0.00118867203128, 0.00153285777196], "dmean2": [0.083146288991, 0.0695218965411, 0.0634504035115, 0.052826423198, 0.0397857241333, 0.0382876060903], "var": [0.0108753470704, 0.00549312774092, 0.00572880078107, 0.00443903449923, 0.00345063651912, 0.0018314588815], "median": [-0.612966060638, -0.715509533882, -0.716663300991, -0.775951445103, -0.793750345707, -0.768189787865], "min": [-0.954082071781, -0.968945384026, -0.956461727619, -0.95298409462, -0.960832417011, -0.958782851696], "dvar": [0.00229305331595, 0.00150551006664, 0.00119370315224, 0.000790994148701, 0.000519576075021, 0.000600776809733], "mean": [-0.610569000244, -0.712543129921, -0.714056909084, -0.767949342728, -0.783650994301, -0.769884824753]}, "silence_rate_60dB": {"max": 1, "dmean": 0.0557431206107, "dvar2": 0.113584406674, "dmean2": 0.111494250596, "var": 0.126627370715, "median": 0, "min": 0, "dvar": 0.0526402890682, "mean": 0.148757368326}, "mfcc": {"icov": [[0.000122078534332, 7.35761932447e-05, 6.29720743746e-05, -3.90999412048e-05, -1.14861140901e-05, -0.000124961021356, 4.11406545027e-05, -0.000167600315763, 0.000121688302897, -2.49933909799e-05, -3.68647961295e-05, 2.3316599254e-05, 0.000174425309524], [7.35761932447e-05, 0.000629237270914, 0.000173532142071, -0.00016240325931, 0.000358345918357, 2.83221907011e-05, -0.000325672270264, -0.000230507503147, 2.53254347626e-05, -0.00038752774708, -3.10788054776e-05, 1.07469049908e-05, -0.000293879624223], [6.29720743746e-05, 0.000173532142071, 0.00163833389524, 0.000319691956975, -0.000208007812034, -0.000433953246102, -0.000344370753737, 0.000345672917319, -0.00138058478478, 0.000373728369595, 0.000199588757823, -0.000472158135381, -0.000199342946871], [-3.90999412048e-05, -0.00016240325931, 0.000319691956975, 0.00277923955582, -0.0013258313993, -0.000355686817784, -0.000129683219711, -0.000969550397713, -0.000255040678894, -0.000178057744051, 0.000836870633066, -0.00120532826986, 0.000253210193478], [-1.14861140901e-05, 0.000358345918357, -0.000208007812034, -0.0013258313993, 0.00488112820312, -0.0014087021118, 8.99618244148e-05, -0.00210360437632, -0.000358305551345, 0.00017919675156, -0.00109009735752, 0.000875709927641, -0.000306797563098], [-0.000124961021356, 2.83221907011e-05, -0.000433953246102, -0.000355686817784, -0.0014087021118, 0.00732972892001, -0.00441262265667, 0.00154830282554, -0.00155283533968, -0.000661881756969, -0.000201709190151, 0.000359118625056, -0.000142024306115], [4.11406545027e-05, -0.000325672270264, -0.000344370753737, -0.000129683219711, 8.99618244148e-05, -0.00441262265667, 0.00915396865457, -0.00325582828373, 0.00161833222955, -0.00172631535679, 0.000242432506639, -0.00203583715484, 0.00125916744582], [-0.000167600315763, -0.000230507503147, 0.000345672917319, -0.000969550397713, -0.00210360437632, 0.00154830282554, -0.00325582828373, 0.0111897084862, -0.00344429537654, 1.0432054296e-05, -0.00188049790449, 0.00159180990886, -0.00189567485359], [0.000121688302897, 2.53254347626e-05, -0.00138058478478, -0.000255040678894, -0.000358305551345, -0.00155283533968, 0.00161833222955, -0.00344429537654, 0.0102736353874, -0.003400598187, 0.00190887250938, -0.00301085971296, 0.000263894704403], [-2.49933909799e-05, -0.00038752774708, 0.000373728369595, -0.000178057744051, 0.00017919675156, -0.000661881756969, -0.00172631535679, 1.0432054296e-05, -0.003400598187, 0.0128667233512, -0.00670465268195, 0.00157296180259, 0.000939133402426], [-3.68647961295e-05, -3.10788054776e-05, 0.000199588757823, 0.000836870633066, -0.00109009735752, -0.000201709190151, 0.000242432506639, -0.00188049790449, 0.00190887250938, -0.00670465268195, 0.0131756961346, -0.0020407254342, -0.00206587603316], [2.3316599254e-05, 1.07469049908e-05, -0.000472158135381, -0.00120532826986, 0.000875709927641, 0.000359118625056, -0.00203583715484, 0.00159180990886, -0.00301085971296, 0.00157296180259, -0.0020407254342, 0.0103853335604, -0.00405526347458], [0.000174425309524, -0.000293879624223, -0.000199342946871, 0.000253210193478, -0.000306797563098, -0.000142024306115, 0.00125916744582, -0.00189567485359, 0.000263894704403, 0.000939133402426, -0.00206587603316, -0.00405526347458, 0.0116901760921]], "cov": [[10180.6894531, -1107.45446777, -409.888061523, 344.184753418, 367.325958252, 265.504486084, 126.28237915, 212.372451782, -87.4035415649, 73.8700180054, 67.2247390747, -151.806335449, -205.227996826], [-1107.45446777, 2094.47583008, -130.353302002, 192.934997559, -19.6789340973, 83.6999435425, 182.605651855, 130.003890991, 77.0011138916, 151.568283081, 101.974266052, 89.8598861694, 99.9665374756], [-409.888061523, -130.353302002, 932.80871582, 87.8296585083, 163.907424927, 205.20753479, 150.760635376, 80.993888855, 222.809188843, 50.3437957764, 29.0826854706, 137.698913574, 64.3652496338], [344.184753418, 192.934997559, 87.8296585083, 697.167175293, 346.386260986, 240.002120972, 218.752609253, 219.509933472, 171.226364136, 116.991218567, 77.7387161255, 123.776634216, 53.5631599426], [367.325958252, -19.6789340973, 163.907424927, 346.386260986, 483.867980957, 243.145935059, 194.904800415, 206.910705566, 157.015655518, 113.099082947, 99.233253479, 70.3083343506, 46.8241539001], [265.504486084, 83.6999435425, 205.20753479, 240.002120972, 243.145935059, 371.83984375, 247.257034302, 140.018920898, 151.133071899, 118.266296387, 80.7238006592, 85.3358612061, 34.3703689575], [126.28237915, 182.605651855, 150.760635376, 218.752609253, 194.904800415, 247.257034302, 311.036682129, 156.800918579, 120.66255188, 117.508712769, 82.9507293701, 90.6951370239, 34.5391807556], [212.372451782, 130.003890991, 80.993888855, 219.509933472, 206.910705566, 140.018920898, 156.800918579, 229.345275879, 126.554496765, 95.5341262817, 81.9041366577, 59.1419792175, 48.6169586182], [-87.4035415649, 77.0011138916, 222.809188843, 171.226364136, 157.015655518, 151.133071899, 120.66255188, 126.554496765, 232.747543335, 93.5815124512, 53.4157562256, 98.2852325439, 47.5748634338], [73.8700180054, 151.568283081, 50.3437957764, 116.991218567, 113.099082947, 118.266296387, 117.508712769, 95.5341262817, 93.5815124512, 172.576004028, 99.1950836182, 40.0569534302, 23.7210083008], [67.2247390747, 101.974266052, 29.0826854706, 77.7387161255, 99.233253479, 80.7238006592, 82.9507293701, 81.9041366577, 53.4157562256, 99.1950836182, 147.382507324, 48.4524230957, 41.9828987122], [-151.806335449, 89.8598861694, 137.698913574, 123.776634216, 70.3083343506, 85.3358612061, 90.6951370239, 59.1419792175, 98.2852325439, 40.0569534302, 48.4524230957, 176.808700562, 71.3543777466], [-205.227996826, 99.9665374756, 64.3652496338, 53.5631599426, 46.8241539001, 34.3703689575, 34.5391807556, 48.6169586182, 47.5748634338, 23.7210083008, 41.9828987122, 71.3543777466, 126.056419373]], "mean": [-694.624633789, 114.389320374, -2.2880179882, 7.31604671478, -12.8391151428, -8.07951927185, -12.2033977509, 5.42074537277, -5.32556152344, 0.768823981285, 0.873293638229, -5.56405162811, 1.42892181873]}, "melbands_spread": {"max": 270.656738281, "dmean": 10.9272785187, "dvar2": 784.040039063, "dmean2": 17.4216899872, "var": 489.170623779, "median": 16.7311382294, "min": 0.457566797733, "dvar": 322.041351318, "mean": 23.2662086487}, "barkbands_kurtosis": {"max": 319.831634521, "dmean": 5.19221162796, "dvar2": 483.988067627, "dmean2": 8.03984832764, "var": 230.091506958, "median": 2.37313771248, "min": -1.92242789268, "dvar": 209.524795532, "mean": 6.00474214554}, "spectral_energyband_high": {"max": 0.0712656006217, "dmean": 0.000765251810662, "dvar2": 1.1972525499e-05, "dmean2": 0.0011522709392, "var": 8.02425893198e-06, "median": 0.000146127771586, "min": 7.91131774496e-21, "dvar": 5.48633397557e-06, "mean": 0.000914042291697}, "hfc": {"max": 511.08303833, "dmean": 9.79875183105, "dvar2": 1188.80700684, "dmean2": 14.5189218521, "var": 767.610595703, "median": 8.01341438293, "min": 1.25834261732e-16, "dvar": 502.600860596, "mean": 17.6187725067}, "spectral_skewness": {"max": 10.6178426743, "dmean": 0.296306192875, "dvar2": 0.317871540785, "dmean2": 0.45594933629, "var": 0.598062098026, "median": 1.52555942535, "min": -0.279787391424, "dvar": 0.142493411899, "mean": 1.63192021847}, "erbbands": {"max": [3.32494616508, 39.8447303772, 86.4258956909, 58.1413002014, 262.52456665, 170.206634521, 365.86895752, 581.4140625, 680.522094727, 783.796936035, 656.605407715, 1579.7578125, 1140.95581055, 1351.74816895, 1120.44226074, 854.564208984, 2783.76269531, 1223.43286133, 1048.8314209, 1331.20080566, 1453.23620605, 783.606201172, 1005.81512451, 1455.65185547, 739.807128906, 1193.87084961, 602.254394531, 441.78817749, 922.604003906, 1862.26171875, 1180.55407715, 465.52154541, 184.208740234, 67.9446182251, 16.5606136322, 9.64322662354, 2.44151210785, 0.57799488306, 0.0739330276847, 0.00236682407558], "dmean": [0.0957060307264, 1.75699865818, 2.93705701828, 1.81301224232, 4.25775432587, 2.11633586884, 2.83877754211, 4.53174686432, 7.36908245087, 8.99420547485, 10.1077508926, 20.6996440887, 15.2533807755, 18.8207054138, 10.4056406021, 8.11515712738, 10.4562015533, 10.8851060867, 12.2196683884, 11.4595575333, 11.1382780075, 14.8057146072, 23.8162689209, 20.2117385864, 12.5493917465, 8.04860591888, 5.8630232811, 5.20430135727, 5.55425834656, 7.97835111618, 5.70537662506, 2.24697685242, 1.53970742226, 1.26437938213, 0.390065491199, 0.159479469061, 0.0465216785669, 0.0115294717252, 0.00155243289191, 5.5993503338e-05], "dvar2": [0.138681024313, 44.8372154236, 114.216133118, 58.382183075, 685.901000977, 96.7986526489, 105.075416565, 195.421203613, 850.570251465, 1141.53466797, 1231.68920898, 4479.33642578, 4085.93041992, 5351.83105469, 1565.85681152, 1100.20556641, 5471.71044922, 4403.45507813, 2987.25927734, 3013.40258789, 2902.91137695, 4485.7578125, 15462.0732422, 8903.390625, 4053.75610352, 3129.33007813, 1447.51818848, 721.013916016, 1001.4387207, 2699.15698242, 1288.57556152, 148.932266235, 46.7125587463, 33.9475326538, 2.27103185654, 0.457309603691, 0.0405583754182, 0.00298481946811, 5.49303586013e-05, 5.43224984995e-08], "dmean2": [0.140417963266, 2.63960719109, 4.58062458038, 2.95189833641, 6.69628047943, 3.20174455643, 4.34133338928, 6.6728682518, 10.5387773514, 12.8095617294, 13.8704071045, 28.428735733, 21.901599884, 28.2920303345, 15.6580886841, 12.1445045471, 16.095785141, 17.0310668945, 19.2243156433, 17.8914146423, 17.6694126129, 25.306432724, 42.4688987732, 34.6859092712, 22.0063667297, 14.0168628693, 9.89448165894, 8.35308933258, 8.49683094025, 12.3306941986, 8.69186782837, 3.33374714851, 2.31221675873, 1.9536626339, 0.594179868698, 0.245076194406, 0.0719549804926, 0.0183844398707, 0.00255357590504, 8.6363099399e-05], "var": [0.0704222097993, 21.6599617004, 44.6214141846, 17.6971912384, 246.078903198, 64.4023666382, 158.691085815, 482.334075928, 1011.44720459, 1691.37878418, 2369.78027344, 6698.34863281, 5011.05664063, 5545.95361328, 1877.33947754, 1080.89221191, 5243.62939453, 3490.58691406, 3036.53100586, 2524.3840332, 2470.98657227, 1986.28137207, 4223.31347656, 4100.56591797, 1325.37548828, 887.603637695, 451.411071777, 404.386535645, 683.041748047, 1637.79882813, 874.335205078, 113.803039551, 30.2364406586, 15.5914058685, 1.52048063278, 0.284164190292, 0.0229728370905, 0.00126305129379, 2.07887533179e-05, 2.2577939518e-08], "median": [0.00302614364773, 0.0589699298143, 0.237939357758, 0.309862673283, 0.417017668486, 0.939670920372, 2.69634079933, 4.82901859283, 6.76276874542, 7.29937744141, 8.30784702301, 10.7255935669, 6.73688030243, 10.289560318, 5.71331501007, 4.05918598175, 3.46354198456, 2.56699585915, 3.23444890976, 3.07581806183, 2.63349223137, 2.61406993866, 3.31195306778, 2.68313837051, 2.44474363327, 1.47372603416, 0.906421303749, 0.796680212021, 0.916041970253, 1.13849723339, 0.783171534538, 0.300409078598, 0.163675427437, 0.113311804831, 0.0346822179854, 0.00879489164799, 0.00195503490977, 0.000226196367294, 1.93849282368e-05, 1.79844719241e-05], "min": [4.2391915872e-22, 7.62323351739e-21, 1.73904319408e-20, 4.60466599278e-20, 2.02773853364e-19, 2.63274683472e-19, 1.3360621254e-19, 1.57560122308e-19, 4.33597789041e-19, 3.22764013862e-19, 2.15274292084e-18, 2.16487745363e-18, 1.8042376667e-18, 1.45729020045e-18, 2.04662929673e-18, 5.03659273481e-18, 5.20035629813e-18, 5.66579097647e-18, 4.99317940113e-18, 8.97152234159e-18, 1.80471784505e-17, 9.10609552827e-18, 1.58306123415e-17, 1.51161847183e-17, 1.46131927314e-17, 1.74738347525e-17, 2.18633778609e-17, 2.08128601373e-17, 1.9600157111e-17, 1.59331049825e-17, 1.93953058323e-17, 1.3731274269e-17, 1.09954124433e-17, 1.00566641913e-17, 9.5806953678e-18, 6.73614159601e-18, 3.53783700423e-18, 1.45627338869e-18, 3.58988424235e-19, 3.94186232381e-20], "dvar": [0.0648583844304, 20.8215885162, 47.7238464355, 21.9354991913, 276.468292236, 40.5520362854, 50.9745635986, 108.4165802, 387.584014893, 539.846191406, 594.141723633, 2455.86889648, 1774.23193359, 2355.56665039, 713.666748047, 507.433746338, 2284.53662109, 1690.56188965, 1235.22766113, 1265.6862793, 1329.26928711, 1705.50964355, 5487.328125, 3369.36938477, 1471.79589844, 1133.6940918, 534.008483887, 301.08996582, 463.810119629, 1244.79431152, 623.009277344, 70.5689544678, 20.341135025, 14.2265024185, 1.02410280704, 0.206354469061, 0.0182952359319, 0.00125610269606, 2.27987547987e-05, 2.28725376417e-08], "mean": [0.0936938673258, 1.61866366863, 2.68917250633, 1.73842930794, 4.08904647827, 3.3878133297, 5.96626853943, 10.2426748276, 16.811504364, 20.8705425262, 23.2540473938, 38.6772384644, 30.9865112305, 33.3021392822, 18.7233753204, 13.5323734283, 17.3625926971, 18.5747833252, 21.3356437683, 17.9766368866, 14.5997152328, 16.3100357056, 22.9624004364, 23.5805568695, 13.5214967728, 7.77149772644, 5.84550428391, 5.86309051514, 6.48836278915, 8.76534938812, 6.42634630203, 2.76380205154, 1.80820572376, 1.3515496254, 0.456568986177, 0.178086206317, 0.0485298968852, 0.0104476101696, 0.00126592512242, 6.28946800134e-05]}, "spectral_contrast_valleys": {"max": [-5.5766415596, -4.60661172867, -5.47290849686, -5.66016340256, -4.74498033524, -7.10986948013], "dmean": [0.615191400051, 0.385116308928, 0.380538165569, 0.378607958555, 0.454412221909, 0.558393776417], "dvar2": [0.61892926693, 0.357345610857, 0.264632105827, 0.289192289114, 0.734185099602, 0.634993135929], "dmean2": [0.867601037025, 0.610760450363, 0.583334982395, 0.559637188911, 0.657702147961, 0.696288943291], "var": [2.51949739456, 1.09605073929, 1.16768729687, 1.32791173458, 1.53008317947, 2.09859275818], "median": [-8.42198753357, -6.93897342682, -7.82931137085, -8.31461906433, -8.15403366089, -10.526304245], "min": [-27.2781028748, -27.4540348053, -27.7250289917, -27.6967525482, -27.2041397095, -27.3280601501], "dvar": [0.39173361659, 0.152231067419, 0.127494066954, 0.151649817824, 0.344805151224, 0.341743558645], "mean": [-8.7804479599, -7.08520650864, -7.93145513535, -8.38504123688, -8.22173118591, -10.6321372986]}, "average_loudness": 0.871452748775, "erbbands_spread": {"max": 157.735687256, "dmean": 10.362452507, "dvar2": 304.37399292, "dmean2": 14.7704973221, "var": 453.209320068, "median": 29.7686462402, "min": 1.25960803032, "dvar": 146.431625366, "mean": 34.5262336731}, "melbands_flatness_db": {"max": 0.578379094601, "dmean": 0.0414700545371, "dvar2": 0.0046849292703, "dmean2": 0.0590322613716, "var": 0.00638623628765, "median": 0.197301894426, "min": 0.00582010997459, "dvar": 0.00234336871654, "mean": 0.208528146148}, "barkbands_spread": {"max": 115.963134766, "dmean": 7.74376153946, "dvar2": 231.086334229, "dmean2": 11.9767656326, "var": 219.975738525, "median": 16.320684433, "min": 0.387968689203, "dvar": 102.458824158, "mean": 19.9668197632}, "spectral_decrease": {"max": 5.83946834148e-29, "dmean": 2.65963406854e-09, "dvar2": 4.21058489893e-17, "dmean2": 3.51821660693e-09, "var": 4.16782197737e-17, "median": -2.55505927527e-09, "min": -4.79232120654e-08, "dvar": 2.29541395756e-17, "mean": -4.86816142953e-09}, "melbands_crest": {"max": 39.768699646, "dmean": 3.61794376373, "dvar2": 30.6646003723, "dmean2": 5.67184638977, "var": 30.6020774841, "median": 13.9231987, "min": 2.16688084602, "dvar": 12.8148813248, "mean": 14.6231660843}, "erbbands_flatness_db": {"max": 0.466133087873, "dmean": 0.0278612934053, "dvar2": 0.00121874851175, "dmean2": 0.0360410325229, "var": 0.0037793237716, "median": 0.180996745825, "min": 0.0318429432809, "dvar": 0.000703982484993, "mean": 0.185742899776}, "melbands_kurtosis": {"max": 331.479919434, "dmean": 10.6000795364, "dvar2": 1075.95849609, "dmean2": 15.8548240662, "var": 651.018981934, "median": 7.00658893585, "min": -1.86492836475, "dvar": 483.34463501, "mean": 14.6672229767}, "spectral_rms": {"max": 0.0133711472154, "dmean": 0.000943837454543, "dvar2": 2.27293958233e-06, "dmean2": 0.00114767113701, "var": 5.44010026715e-06, "median": 0.00321484589949, "min": 3.30456126872e-12, "dvar": 1.53000985392e-06, "mean": 0.00374760827981}, "melbands_skewness": {"max": 16.0856819153, "dmean": 1.02160394192, "dvar2": 3.42537999153, "dmean2": 1.44752168655, "var": 3.69173288345, "median": 2.03559303284, "min": -4.92606496811, "dvar": 1.65407276154, "mean": 2.47698616982}, "barkbands": {"max": [0.00056997773936, 0.156030774117, 0.0645550191402, 0.0331893786788, 0.0517804063857, 0.0519041344523, 0.0383910611272, 0.0221555791795, 0.0491891652346, 0.0326825678349, 0.0380633845925, 0.0181136447936, 0.0521975420415, 0.024698426947, 0.0306236147881, 0.0234355088323, 0.0142901483923, 0.0233089923859, 0.0166475381702, 0.0211245175451, 0.0126756839454, 0.0231368690729, 0.0407659225166, 0.0159439425915, 0.00388544425368, 0.00176462426316, 0.000397817464545], "dmean": [1.06554189188e-05, 0.00658051809296, 0.00199291831814, 0.000688517175149, 0.000951100490056, 0.000516955624335, 0.000609271635767, 0.000410244596424, 0.000729099730961, 0.00057427235879, 0.000323274725815, 0.000186065124581, 0.000203701696591, 0.000245119503234, 0.000243985123234, 0.000225585579756, 0.000256390922004, 0.000482228002511, 0.000287876784569, 0.000173200620338, 0.000138399409479, 0.000167898251675, 0.00022386891942, 8.84295877768e-05, 8.96763958735e-05, 2.90732587018e-05, 7.87980479799e-06], "dvar2": [1.91593096943e-09, 0.000640535261482, 5.8978836023e-05, 1.77543206519e-05, 2.27221134992e-05, 2.67175323643e-06, 5.44965450899e-06, 1.96778387362e-06, 5.31035402673e-06, 4.62780008093e-06, 1.57320914695e-06, 6.22828679298e-07, 1.9280057586e-06, 2.28905901167e-06, 1.73926241587e-06, 1.12791735773e-06, 1.36593871503e-06, 5.94962102696e-06, 1.75766865596e-06, 1.37603308303e-06, 6.12217263551e-07, 7.98815449343e-07, 1.98337693291e-06, 1.89005646689e-07, 1.49575470232e-07, 1.56898600778e-08, 1.44047873629e-09], "dmean2": [1.83592983376e-05, 0.00987577624619, 0.00331177609041, 0.00117640057579, 0.00144167477265, 0.000773907639086, 0.000873139419127, 0.000569966854528, 0.00101491610985, 0.000842032080982, 0.00049485132331, 0.000281727086985, 0.000314397824695, 0.000385170889786, 0.000389963388443, 0.000352973031113, 0.00044135862845, 0.000851328601129, 0.000495747895911, 0.00030157956644, 0.000227305979934, 0.000254803453572, 0.000343849504134, 0.000131501161377, 0.000138169751153, 4.47989950771e-05, 1.28497140395e-05], "var": [6.13474382405e-10, 0.000309302879032, 1.78159698407e-05, 4.58183694718e-06, 1.02743524621e-05, 5.24146344105e-06, 6.95121298122e-06, 3.51106609742e-06, 7.52323421693e-06, 5.70658221477e-06, 1.63201582382e-06, 5.55177678052e-07, 1.89000763839e-06, 1.88504657217e-06, 1.2206263591e-06, 1.04913169707e-06, 5.99028908255e-07, 1.81887651252e-06, 7.2821927688e-07, 3.82676802246e-07, 2.57731045394e-07, 6.18502951966e-07, 1.297923518e-06, 1.31502673639e-07, 7.33574623268e-08, 9.21967746592e-09, 5.55670953695e-10], "median": [1.37796621402e-06, 0.000184275544598, 0.000140456730151, 6.44672545604e-05, 0.000288758397801, 0.000568626564927, 0.000558346160688, 0.000293193646939, 0.000392342248233, 0.00025808182545, 0.000173529086169, 6.79466611473e-05, 4.74740227219e-05, 4.36848895333e-05, 4.68736689072e-05, 5.41736008017e-05, 3.96303003072e-05, 6.59656943753e-05, 5.08222437929e-05, 2.79688956653e-05, 1.85874032468e-05, 2.99445109704e-05, 3.10720752168e-05, 1.04639693745e-05, 8.32762816572e-06, 1.27836199226e-06, 4.14830161333e-08], "min": [1.54301666378e-23, 2.83704042688e-23, 1.47899981246e-23, 2.44607528245e-23, 7.84787858595e-23, 1.31980223864e-23, 2.6375496524e-23, 4.5125456486e-23, 1.1280734926e-22, 7.0181679387e-23, 3.362875227e-23, 1.16218295462e-22, 1.1412821796e-22, 1.1699636475e-22, 9.21917127472e-23, 3.2815694792e-22, 1.34712653447e-22, 2.95143989939e-22, 2.99919236367e-22, 3.18885825422e-22, 5.51954237133e-22, 5.53497829665e-22, 5.99034314237e-22, 6.43320940213e-22, 1.13837106829e-21, 1.9876734106e-21, 2.5790091997e-21], "dvar": [6.79880929333e-10, 0.000296714453725, 2.24565228564e-05, 6.48187278784e-06, 9.50867161009e-06, 1.36469498102e-06, 2.43550516643e-06, 9.35519835821e-07, 2.78611514659e-06, 1.99740998141e-06, 7.0951921316e-07, 2.86094888224e-07, 8.07165008609e-07, 8.66223786034e-07, 6.8321338631e-07, 5.33362083388e-07, 5.16800923833e-07, 2.13561293094e-06, 6.52444441585e-07, 4.97107635056e-07, 2.38136621533e-07, 3.87527904877e-07, 9.45085446347e-07, 8.62578559691e-08, 6.34654284681e-08, 7.0922614448e-09, 5.99082283781e-10], "mean": [9.88513420452e-06, 0.00609550205991, 0.0017566701863, 0.000568859628402, 0.00123230728786, 0.00114302383736, 0.00141445582267, 0.000939561694395, 0.00136972335167, 0.00112942268606, 0.00055024685571, 0.000284070032649, 0.00031764441519, 0.000420956697781, 0.000356272648787, 0.000303252163576, 0.000272145931376, 0.000475654378533, 0.000335915654432, 0.000159722563694, 0.000145494588651, 0.000199564907234, 0.000248076539719, 0.000107907544589, 9.75771908998e-05, 3.11621806759e-05, 6.51299887977e-06]}, "spectral_kurtosis": {"max": 171.498184204, "dmean": 2.29652476311, "dvar2": 48.4846687317, "dmean2": 3.67227244377, "var": 72.4222640991, "median": 3.77037119865, "min": -1.54807507992, "dvar": 19.8750476837, "mean": 5.3202958107}, "erbbands_skewness": {"max": 5.97770261765, "dmean": 0.493221819401, "dvar2": 0.69071239233, "dmean2": 0.729887068272, "var": 0.981229126453, "median": 0.650348782539, "min": -4.97731399536, "dvar": 0.298346221447, "mean": 0.659073829651}, "melbands": {"max": [0.0367813892663, 0.0451478809118, 0.0161905232817, 0.0135227553546, 0.00969045050442, 0.0116403475404, 0.00875615514815, 0.00795644987375, 0.00646963110194, 0.00955842901021, 0.00585741782561, 0.00545921456069, 0.005283836741, 0.00123392243404, 0.00372580089606, 0.00574559764937, 0.00276799243875, 0.00231206580065, 0.00340945040807, 0.00214616954327, 0.00188644009177, 0.00102141662501, 0.000852604338434, 0.00123616273049, 0.00129001191817, 0.000629801710602, 0.000718557625078, 0.000791387166828, 0.000384985585697, 0.00028082652716, 0.000301538821077, 0.000510365644004, 0.000465137622086, 0.00126815086696, 0.000816736195702, 0.000357552111382, 0.0002253686107, 0.000100312201539, 0.000156493697432, 4.32220549555e-05], "dmean": [0.00142263888847, 0.00186417205259, 0.000422228418756, 0.000234693477978, 9.02858664631e-05, 0.000101791985799, 0.000117786359624, 9.04804983293e-05, 9.42035621847e-05, 0.00012302469986, 7.3828989116e-05, 7.69694088376e-05, 4.02010446123e-05, 1.78403242899e-05, 2.30742734857e-05, 2.12654776988e-05, 2.24179748329e-05, 2.01452330657e-05, 1.9784873075e-05, 1.55604975589e-05, 1.35550899358e-05, 1.51918538904e-05, 1.91549552255e-05, 2.40177687374e-05, 1.64316206792e-05, 8.93405194802e-06, 8.24165817903e-06, 4.93880634167e-06, 3.70403495253e-06, 3.41598865816e-06, 2.86687804874e-06, 2.92420759251e-06, 3.87058480555e-06, 4.90993261337e-06, 3.88950320485e-06, 1.91963340512e-06, 1.18929312976e-06, 1.01813350284e-06, 1.43737202052e-06, 9.1119005674e-07], "dvar2": [3.00342126138e-05, 4.26725200668e-05, 4.06398294217e-06, 1.64555854099e-06, 9.5096261532e-08, 9.75565583872e-08, 2.131483825e-07, 1.16920183757e-07, 1.02930023615e-07, 1.5735777481e-07, 1.0618122559e-07, 8.94715483923e-08, 2.4835649981e-08, 5.11617948007e-09, 1.30862432002e-08, 1.80081691781e-08, 2.23297345059e-08, 8.86748541262e-09, 1.40754039535e-08, 6.08872197105e-09, 4.91277107884e-09, 4.75933248367e-09, 8.61621796133e-09, 1.73585252838e-08, 5.91408566564e-09, 1.8322068307e-09, 2.48347675758e-09, 1.2284401274e-09, 6.67429278511e-10, 3.48646278514e-10, 2.24064558574e-10, 2.8956412268e-10, 4.86229889685e-10, 1.15583365101e-09, 6.93013313402e-10, 1.30537969323e-10, 4.48673910525e-11, 2.52009905999e-11, 5.95277507842e-11, 1.58821376189e-11], "dmean2": [0.00212139333598, 0.00277055357583, 0.000679752381984, 0.000360605336027, 0.000136703165481, 0.000150428924826, 0.000168247759575, 0.000128798128571, 0.000128980202135, 0.00016961201618, 0.000106510226033, 0.000115249044029, 6.07355323154e-05, 2.68547428277e-05, 3.50152258761e-05, 3.24904867739e-05, 3.54180010618e-05, 3.16446312354e-05, 3.13872187689e-05, 2.43775884883e-05, 2.17996821448e-05, 2.57126139331e-05, 3.38574755006e-05, 4.30247164331e-05, 2.79230789602e-05, 1.55445468408e-05, 1.46045695146e-05, 8.57864779391e-06, 6.33162107988e-06, 5.69798930883e-06, 4.57544365418e-06, 4.52678978036e-06, 6.04084789302e-06, 7.68711288401e-06, 6.05941750109e-06, 2.92132017421e-06, 1.78524089733e-06, 1.54803501573e-06, 2.26167662731e-06, 1.41193811487e-06], "var": [1.49220568346e-05, 2.1069576178e-05, 1.30132457343e-06, 6.64474214318e-07, 1.39496805218e-07, 2.14718156144e-07, 2.73596384659e-07, 1.74793214569e-07, 1.97284563797e-07, 2.40298390963e-07, 1.28349114448e-07, 9.31997305997e-08, 2.88796790926e-08, 4.90756235649e-09, 1.3746712213e-08, 1.85246111783e-08, 1.66772462507e-08, 9.2200487245e-09, 8.81678019482e-09, 5.60608715006e-09, 3.88509580063e-09, 2.28384688938e-09, 2.76794787091e-09, 4.74725503352e-09, 3.05544411994e-09, 6.51338871727e-10, 7.09136527277e-10, 3.58296253777e-10, 1.84985596285e-10, 1.53085641386e-10, 1.2803863525e-10, 1.91556936979e-10, 3.24064691748e-10, 6.41309061411e-10, 3.94991289676e-10, 1.03829285447e-10, 2.82074519992e-11, 1.5275431961e-11, 2.5311920962e-11, 7.52861575165e-12], "median": [3.93281297875e-05, 0.000177825815626, 6.66294727125e-05, 4.50342413387e-05, 8.85795016075e-05, 0.00011011549941, 0.000104808314063, 7.08842635504e-05, 6.91739551257e-05, 5.68484792893e-05, 2.24970353884e-05, 3.73630064132e-05, 2.11743863474e-05, 8.13543556433e-06, 9.67596133705e-06, 5.08462017024e-06, 3.56850887329e-06, 4.77338790006e-06, 3.93077471017e-06, 3.52467031917e-06, 2.6399111448e-06, 2.46787431024e-06, 2.82370319837e-06, 2.50529183177e-06, 1.96290466192e-06, 1.79493781616e-06, 1.19007302146e-06, 8.16039346319e-07, 5.3453777582e-07, 3.89808121781e-07, 4.59267539554e-07, 4.33712784798e-07, 5.86389205637e-07, 6.17797581981e-07, 4.87749730382e-07, 2.45517469466e-07, 1.47073080825e-07, 9.84860690778e-08, 1.13489278419e-07, 8.30620550119e-08], "min": [7.37070056869e-24, 1.05302060344e-23, 1.29330061431e-23, 1.83443103295e-23, 6.51754000551e-24, 3.21748753108e-24, 6.16240902548e-24, 3.0766849314e-24, 2.29432353006e-23, 1.19967434223e-23, 9.39163993442e-24, 6.56153596149e-24, 5.07111896515e-24, 1.14841479169e-23, 1.38901208242e-23, 1.08099787099e-23, 1.07874235989e-23, 8.38795879408e-24, 7.52387526838e-24, 1.6813173911e-23, 2.14754239024e-23, 8.66946617469e-24, 1.14798841237e-23, 1.47673278399e-23, 1.23452992466e-23, 9.69974533818e-24, 9.82111632161e-24, 1.14429646445e-23, 1.39891875544e-23, 9.11467402604e-24, 1.37408951622e-23, 1.06013462997e-23, 1.14085663647e-23, 7.20008021008e-24, 1.19864898082e-23, 9.421893539e-24, 8.04868786254e-24, 7.43258512898e-24, 7.96611779159e-24, 9.10050687305e-24], "dvar": [1.40566389746e-05, 1.9725825041e-05, 1.57149645474e-06, 6.70613928833e-07, 4.51946142732e-08, 5.21814591536e-08, 9.71761124902e-08, 5.58543824525e-08, 5.03638766247e-08, 8.69847838203e-08, 4.6381927632e-08, 3.94541999071e-08, 1.13054836604e-08, 2.31229013714e-09, 5.87857096335e-09, 7.86128495633e-09, 8.43504821546e-09, 3.66434460553e-09, 5.41920908148e-09, 2.83161960546e-09, 2.21462825856e-09, 1.85346760162e-09, 3.10478842636e-09, 6.17704332129e-09, 2.27824892285e-09, 6.71711908318e-10, 8.95554297387e-10, 4.48095588412e-10, 2.41971359616e-10, 1.36867225886e-10, 9.37939448331e-11, 1.32831037836e-10, 2.22511981063e-10, 5.23628806981e-10, 3.18206877514e-10, 6.19269427404e-11, 1.99802882572e-11, 1.06370129718e-11, 2.44812538297e-11, 6.68765650497e-12], "mean": [0.00134445843287, 0.00178520719055, 0.000393749884097, 0.000277136132354, 0.000194488326088, 0.000227672964684, 0.000270350457868, 0.000206873737625, 0.000208589131944, 0.000225485855481, 0.000142455770401, 0.000132716362714, 7.08694642526e-05, 2.91331598419e-05, 3.84208578907e-05, 3.27719826601e-05, 3.63295112038e-05, 3.47464847437e-05, 2.90060688712e-05, 2.16370499402e-05, 1.63409767993e-05, 1.63931472343e-05, 1.89843285625e-05, 2.21627269639e-05, 1.95169468498e-05, 9.80490858637e-06, 7.67113033362e-06, 4.7042180995e-06, 3.49051924786e-06, 3.53834775524e-06, 3.25943096868e-06, 3.38935205946e-06, 4.35920128439e-06, 5.17491571372e-06, 4.17699038735e-06, 2.32152592616e-06, 1.41480234106e-06, 1.19890967198e-06, 1.47905632275e-06, 9.80036929832e-07]}, "spectral_centroid": {"max": 11278.4873047, "dmean": 331.606628418, "dvar2": 513739.0625, "dmean2": 512.03894043, "var": 497802.53125, "median": 1125.58129883, "min": 138.658813477, "dvar": 220948.078125, "mean": 1297.7890625}, "pitch_salience": {"max": 0.954455077648, "dmean": 0.0916787683964, "dvar2": 0.0229427274317, "dmean2": 0.139607682824, "var": 0.0202735550702, "median": 0.529860019684, "min": 0.0157386884093, "dvar": 0.0105454428121, "mean": 0.514501988888}, "gfcc": {"icov": [[9.87674502539e-05, 2.04542175197e-05, 6.85097184032e-05, -6.24051608611e-05, -2.75223301287e-05, -0.0001087967903, 3.58101242455e-05, -9.85896913335e-05, 0.000155224261107, -3.43745741702e-05, 0.00011096495291, -6.42874729238e-05, 0.00014532993373], [2.04542175197e-05, 0.00126167107373, -0.000119859309052, 0.000148028091644, -0.000558034575079, 0.000539168948308, -0.00112874072511, 0.000653936062008, -0.000978243653663, 0.00109273788985, -0.001791740302, 0.00165818119422, -0.00130258861464], [6.85097184032e-05, -0.000119859309052, 0.00131058006082, -0.000104883292806, -4.86346289108e-05, -0.000670534616802, -0.000488171819597, -0.000254655926256, 0.000200507682166, -0.000884907029103, 0.00171530281659, -0.00120434362907, 0.000442484335508], [-6.24051608611e-05, 0.000148028091644, -0.000104883292806, 0.00200656638481, -0.00113289454021, -0.000583533255849, 8.49544740049e-05, -0.000264745700406, -0.000450847146567, 0.000730437517632, -0.000161267176736, 0.000396701914724, -0.000618109712377], [-2.75223301287e-05, -0.000558034575079, -4.86346289108e-05, -0.00113289454021, 0.00340565573424, -0.000533714191988, -0.00109458551742, -0.00101360154804, 0.000222717717406, 3.33802272507e-05, 0.000167486912687, -0.00116604345385, 0.00148542935494], [-0.0001087967903, 0.000539168948308, -0.000670534616802, -0.000583533255849, -0.000533714191988, 0.00469216285273, -0.00137308693957, -2.86506256089e-05, -0.000212827813812, -0.000982151250355, -0.000601507897954, 0.00102592969779, -0.000789074401837], [3.58101242455e-05, -0.00112874072511, -0.000488171819597, 8.49544740049e-05, -0.00109458551742, -0.00137308693957, 0.00719477795064, -0.00186749838758, 0.000398338888772, -0.00151129905134, -0.000762128154747, 0.00215935194865, -0.000694993650541], [-9.85896913335e-05, 0.000653936062008, -0.000254655926256, -0.000264745700406, -0.00101360154804, -2.86506256089e-05, -0.00186749838758, 0.0103727029637, -0.00501088052988, -0.000336793367751, 0.000842577079311, -0.00372230052017, 0.00249751843512], [0.000155224261107, -0.000978243653663, 0.000200507682166, -0.000450847146567, 0.000222717717406, -0.000212827813812, 0.000398338888772, -0.00501088052988, 0.0106775797904, -0.0023908240255, -0.000926098553464, 0.00149054348003, -0.00265788310207], [-3.43745741702e-05, 0.00109273788985, -0.000884907029103, 0.000730437517632, 3.33802272507e-05, -0.000982151250355, -0.00151129905134, -0.000336793367751, -0.0023908240255, 0.0116754891351, -0.00398877682164, -0.000901607621927, 0.00115650496446], [0.00011096495291, -0.001791740302, 0.00171530281659, -0.000161267176736, 0.000167486912687, -0.000601507897954, -0.000762128154747, 0.000842577079311, -0.000926098553464, -0.00398877682164, 0.013744966127, -0.00633570179343, 0.00158796529286], [-6.42874729238e-05, 0.00165818119422, -0.00120434362907, 0.000396701914724, -0.00116604345385, 0.00102592969779, 0.00215935194865, -0.00372230052017, 0.00149054348003, -0.000901607621927, -0.00633570179343, 0.0170633345842, -0.00780413625762], [0.00014532993373, -0.00130258861464, 0.000442484335508, -0.000618109712377, 0.00148542935494, -0.000789074401837, -0.000694993650541, 0.00249751843512, -0.00265788310207, 0.00115650496446, 0.00158796529286, -0.00780413625762, 0.0154317365959]], "cov": [[12961.8691406, -1627.01428223, 26.126750946, 669.753662109, 314.721893311, 464.602478027, -178.110092163, 216.658874512, -286.796691895, 55.846118927, -262.248962402, 59.3822669983, -279.516967773], [-1627.01428223, 2600.32324219, -142.008514404, 198.459228516, 484.591674805, -16.9483184814, 536.680480957, 0.14410559833, 320.669891357, -60.2212333679, 314.411621094, -139.102996826, 180.51348877], [26.126750946, -142.008514404, 1407.77783203, 336.608856201, 348.19329834, 377.330932617, 244.675872803, 217.323013306, 78.9523010254, 163.864471436, -84.5494308472, 81.2992858887, -26.3586864471], [669.753662109, 198.459228516, 336.608856201, 927.272155762, 515.48248291, 296.12121582, 221.61277771, 181.280273438, 124.859611511, 43.3626480103, 26.2546768188, 19.9475250244, 9.73964214325], [314.721893311, 484.591674805, 348.19329834, 515.48248291, 753.319152832, 272.022460938, 319.464050293, 202.301345825, 146.569290161, 74.9053497314, 73.3783874512, 21.425573349, -5.43821620941], [464.602478027, -16.9483184814, 377.330932617, 296.12121582, 272.022460938, 420.457336426, 182.448104858, 128.666442871, 70.9058837891, 95.4696807861, 10.6763219833, 20.7771892548, -7.58999013901], [-178.110092163, 536.680480957, 244.675872803, 221.61277771, 319.464050293, 182.448104858, 376.500183105, 120.403076172, 126.915855408, 69.558052063, 78.4904174805, -18.4620342255, 24.1202640533], [216.658874512, 0.14410559833, 217.323013306, 181.280273438, 202.301345825, 128.666442871, 120.403076172, 222.879547119, 107.8854599, 72.210647583, 21.7121047974, 50.0603370667, -8.2893447876], [-286.796691895, 320.669891357, 78.9523010254, 124.859611511, 146.569290161, 70.9058837891, 126.915855408, 107.8854599, 201.442962646, 53.7681274414, 67.7417449951, 12.4742107391, 40.2820510864], [55.846118927, -60.2212333679, 163.864471436, 43.3626480103, 74.9053497314, 95.4696807861, 69.558052063, 72.210647583, 53.7681274414, 147.975189209, 39.1434211731, 37.7633514404, -6.21289873123], [-262.248962402, 314.411621094, -84.5494308472, 26.2546768188, 73.3783874512, 10.6763219833, 78.4904174805, 21.7121047974, 67.7417449951, 39.1434211731, 155.353607178, 30.5187397003, 34.1703605652], [59.3822669983, -139.102996826, 81.2992858887, 19.9475250244, 21.425573349, 20.7771892548, -18.4620342255, 50.0603370667, 12.4742107391, 37.7633514404, 30.5187397003, 118.007102966, 32.0900611877], [-279.516967773, 180.51348877, -26.3586864471, 9.73964214325, -5.43821620941, -7.58999013901, 24.1202640533, -8.2893447876, 40.2820510864, -6.21289873123, 34.1703605652, 32.0900611877, 106.496101379]], "mean": [-58.49659729, 85.6528396606, -130.327987671, 16.3182544708, -77.9784927368, 5.87037706375, -37.7203216553, 9.23828220367, -16.7417736053, -3.65476298332, -12.4480600357, -0.633744955063, -10.6285085678]}, "spectral_flux": {"max": 0.387683480978, "dmean": 0.0305939204991, "dvar2": 0.00309390388429, "dmean2": 0.0442588068545, "var": 0.0039162710309, "median": 0.0507196113467, "min": 1.0579758597e-10, "dvar": 0.00149924191646, "mean": 0.0719208940864}, "zerocrossingrate": {"max": 0.50146484375, "dmean": 0.0159146860242, "dvar2": 0.000488943536766, "dmean2": 0.0186121799052, "var": 0.00204116944224, "median": 0.05322265625, "min": 0, "dvar": 0.000387705804314, "mean": 0.0639065206051}, "spectral_energyband_middle_low": {"max": 0.0972254127264, "dmean": 0.00295194960199, "dvar2": 9.14647025638e-05, "dmean2": 0.00441712746397, "var": 6.83793114149e-05, "median": 0.00443471968174, "min": 3.19534054516e-22, "dvar": 3.72800823243e-05, "mean": 0.00706946570426}, "silence_rate_20dB": {"max": 1, "dmean": 0, "dvar2": 0, "dmean2": 0, "var": 0, "median": 1, "min": 1, "dvar": 0, "mean": 1}, "silence_rate_30dB": {"max": 1, "dmean": 0.0199698302895, "dvar2": 0.0535735301673, "dmean2": 0.0399425290525, "var": 0.0122018810362, "median": 1, "min": 0, "dvar": 0.0195700898767, "mean": 0.987645447254}, "spectral_entropy": {"max": 9.7970533371, "dmean": 0.240494146943, "dvar2": 0.140022292733, "dmean2": 0.338769614697, "var": 0.30106779933, "median": 7.45089054108, "min": 5.10947942734, "dvar": 0.0741627886891, "mean": 7.44596338272}, "spectral_rolloff": {"max": 19358.3496094, "dmean": 772.737792969, "dvar2": 4779326.5, "dmean2": 1297.44384766, "var": 3613348.75, "median": 925.927734375, "min": 21.533203125, "dvar": 2159189.25, "mean": 1668.80725098}, "spectral_complexity": {"max": 62, "dmean": 3.80044531822, "dvar2": 61.6120872498, "dmean2": 5.68103456497, "var": 93.7968215942, "median": 11, "min": 0, "dvar": 31.9810218811, "mean": 13.6393480301}, "spectral_spread": {"max": 39788076, 