{"tonal": {"hpcp": {"dvar": [0.0198528841138, 0.0232215803117, 0.0213184412569, 0.0241282265633, 0.0231563933194, 0.0176106356084, 0.0196103993803, 0.0188465099782, 0.0204341318458, 0.0229331944138, 0.0268303491175, 0.0227056629956, 0.0213318504393, 0.0236274786294, 0.0291085559875, 0.0362774543464, 0.0339928083122, 0.0263575650752, 0.0277737900615, 0.0202300101519, 0.0187728051096, 0.0185160841793, 0.0259952358902, 0.036780860275, 0.0324814431369, 0.0211400315166, 0.0190315507352, 0.0213641319424, 0.0258766207844, 0.035533670336, 0.0390848815441, 0.0336798280478, 0.0271911714226, 0.0195428058505, 0.01884184964, 0.0194134227931], "var": [0.0548657663167, 0.0374248176813, 0.0292120929807, 0.0634429901838, 0.0410788357258, 0.027238721028, 0.0468225069344, 0.0217025503516, 0.0288709718734, 0.0582147352397, 0.0481252223253, 0.0400866493583, 0.0431470088661, 0.0246762745082, 0.0478926599026, 0.110171943903, 0.0707978457212, 0.0381563343108, 0.0757761150599, 0.0386339277029, 0.0219469815493, 0.0539539679885, 0.0443943142891, 0.061253644526, 0.0693767815828, 0.0368898361921, 0.0231778398156, 0.0474985055625, 0.0423028767109, 0.0630993321538, 0.119855262339, 0.0583350583911, 0.0340847112238, 0.0516812130809, 0.0293298512697, 0.0293688457459], "median": [0.00322377611883, 0.00311627238989, 0.00309016997926, 0.00246203737333, 0.00294806715101, 0.00407667737454, 0.00312546989881, 0.0036834361963, 0.00365073001012, 0.0036013640929, 0.00281486054882, 0.00190056487918, 0.00150043820031, 0.00188015098684, 0.00847386661917, 0.0135136730969, 0.011742496863, 0.00624987483025, 0.00226399675012, 0.00248136487789, 0.00189541722648, 0.00156852696091, 0.00418058596551, 0.00765537377447, 0.00706753320992, 0.00354764796793, 0.00160842016339, 0.00130563345738, 0.00379769131541, 0.0331805795431, 0.0466661825776, 0.0264814049006, 0.00371612468734, 0.00137093593366, 0.00133187649772, 0.0027584976051], "max": [1, 1, 1, 1, 1, 1, 1, 1, 1, 1, 1, 1, 1, 1, 1, 1, 1, 1, 1, 1, 1, 1, 1, 1, 1, 1, 1, 1, 1, 1, 1, 1, 1, 1, 1, 1], "dmean": [0.0478835105896, 0.0510537102818, 0.0495537631214, 0.0514119230211, 0.0537519492209, 0.0480686016381, 0.0477048307657, 0.0533564016223, 0.0532806441188, 0.0552122332156, 0.0614894405007, 0.0502182543278, 0.0449114851654, 0.0534228421748, 0.0726283714175, 0.0841939300299, 0.083318464458, 0.069459810853, 0.0628430768847, 0.0546338632703, 0.048575527966, 0.0462333112955, 0.0667517110705, 0.084410764277, 0.0759211778641, 0.0498152896762, 0.0431998297572, 0.0457492396235, 0.0641453787684, 0.101147957146, 0.0991214215755, 0.0986246541142, 0.0692432075739, 0.0438056997955, 0.0459317937493, 0.0476566962898], "dmean2": [0.0811463594437, 0.0892708152533, 0.0864956751466, 0.0885126814246, 0.0928980708122, 0.0842278972268, 0.0826028436422, 0.0949221923947, 0.0928243398666, 0.0919676572084, 0.107255786657, 0.0894938930869, 0.0804146155715, 0.0949818268418, 0.12468123436, 0.139444559813, 0.14004971087, 0.118628539145, 0.105634398758, 0.0927667766809, 0.0855735391378, 0.0792357251048, 0.117304056883, 0.147819042206, 0.129902154207, 0.0849767997861, 0.0756614208221, 0.0813309624791, 0.114441171288, 0.174324989319, 0.165533021092, 0.170543342829, 0.123643793166, 0.0791250318289, 0.0825581997633, 0.082445949316], "mean": [0.0897643193603, 0.0709310024977, 0.0642899423838, 0.0960136204958, 0.0768982321024, 0.066846087575, 0.0845189169049, 0.0600882023573, 0.0680011808872, 0.103507563472, 0.089127920568, 0.0698082894087, 0.0673336684704, 0.0546543821692, 0.106712147593, 0.187507271767, 0.140206158161, 0.0954860746861, 0.125101208687, 0.0822365954518, 0.0560663379729, 0.091755002737, 0.0942475274205, 0.119937047362, 0.128851413727, 0.069739677012, 0.0519267804921, 0.0760554149747, 0.0812900438905, 0.1621157974, 0.234938904643, 0.14580231905, 0.0752209201455, 0.0774557441473, 0.0585019104183, 0.0630579739809], "dvar2": [0.0486790686846, 0.0610724575818, 0.0571424439549, 0.0559073835611, 0.0560004673898, 0.0462785921991, 0.049035448581, 0.0506761521101, 0.0521975457668, 0.0543068237603, 0.0687716603279, 0.0590556003153, 0.0574908740819, 0.0635668560863, 0.0750804468989, 0.0825759842992, 0.0813134163618, 0.0671502500772, 0.0621730126441, 0.0505241900682, 0.0533067621291, 0.0468511730433, 0.07089664042, 0.0955135822296, 0.0802438184619, 0.0532460957766, 0.0509851798415, 0.0561315491796, 0.0718976333737, 0.0969637110829, 0.0888870060444, 0.0898487046361, 0.0744586139917, 0.0528299324214, 0.0542107000947, 0.0509695336223], "min": [0, 0, 0, 0, 0, 0, 0, 0, 0, 0, 0, 0, 0, 0, 0, 0, 0, 0, 0, 0, 0, 0, 0, 0, 0, 0, 0, 0, 0, 0, 0, 0, 0, 0, 0, 0]}, "key_key": "G", "thpcp": [1, 0.620596766472, 0.320172250271, 0.329684615135, 0.249009042978, 0.26840159297, 0.382075160742, 0.301912546158, 0.273645371199, 0.408674836159, 0.327311605215, 0.28452539444, 0.359748482704, 0.255760967731, 0.289441972971, 0.44057226181, 0.379366368055, 0.297133803368, 0.286600768566, 0.2326323241, 0.454212337732, 0.7981107831, 0.59677708149, 0.406429380178, 0.532483994961, 0.350033968687, 0.238642200828, 0.390548348427, 0.401157587767, 0.51050311327, 0.54844647646, 0.296841770411, 0.221022486687, 0.323724240065, 0.346005022526, 0.690033853054], "chords_key": "G", "tuning_equal_tempered_deviation": 0.0264716912061, "tuning_frequency": 440, "tuning_diatonic_strength": 0.443020880222, "chords_histogram": [15.5478773117, 8.73642635345, 5.19907855988, 3.14248108864, 1.89206981659, 3.66897010803, 3.96512007713, 11.5333995819, 5.41296482086, 3.09312272072, 0.444225072861, 1.87561702728, 2.55018091202, 0.0493583418429, 1.97433364391, 1.72754192352, 0.0164527799934, 0.625205636024, 1.46429741383, 1.72754192352, 1.97433364391, 4.68904256821, 12.9483385086, 5.74202060699], "key_strength": 0.623906850815, "key_scale": "minor", "chords_strength": {"dvar": 0.000394458300434, "var": 0.0230666697025, "median": 0.460335612297, "max": 0.807442247868, "dmean": 0.0105485841632, "dmean2": 0.00919639784843, "mean": 0.461623162031, "dvar2": 0.000692602654453, "min": -1}, "chords_number_rate": 0.00329055613838, "tuning_nontempered_energy_ratio": 0.697215735912, "hpcp_entropy": {"dvar": 0.244128152728, "var": 0.74312633276, "median": 1.34189891815, "max": 4.38556909561, "dmean": 0.487062543631, "dmean2": 0.824011266232, "mean": 1.36919546127, "dvar2": 0.575365543365, "min": 0}, "chords_changes_rate": 0.0710760131478, "chords_scale": "minor"}, "rhythm": {"bpm_histogram_first_peak_spread": {"dvar": 0, "var": 0, "median": 0.395652145147, "max": 0.395652145147, "dmean": 0, "dmean2": 0, "mean": 0.395652145147, "dvar2": 0, "min": 0.395652145147}, "bpm_histogram_first_peak_weight": {"dvar": 0, "var": 0, "median": 0.211567729712, "max": 0.211567729712, "dmean": 0, "dmean2": 0, "mean": 0.211567729712, "dvar2": 0, "min": 0.211567729712}, "bpm_histogram_first_peak_bpm": {"dvar": 0, "var": 0, "median": 157, "max": 157, "dmean": 0, "dmean2": 0, "mean": 157, "dvar2": 0, "min": 157}, "bpm": 154.54977417, "bpm_histogram_second_peak_weight": {"dvar": 0, "var": 0, "median": 0.170471847057, "max": 0.170471847057, "dmean": 0, "dmean2": 0, "mean": 0.170471847057, "dvar2": 0, "min": 0.170471847057}, "beats_loudness": {"dvar": 0.000334923883202, "var": 0.000466154713649, "median": 0.0137293906882, "max": 0.120127402246, "dmean": 0.0152331618592, "dmean2": 0.0257423501462, "mean": 0.0208611506969, "dvar2": 0.000956159085035, "min": 0}, "beats_loudness_band_ratio": {"dvar": [0.044748891145, 0.0441001690924, 0.0346114300191, 0.0234822724015, 0.00584118673578, 0.0192483626306], "var": [0.0902647450566, 0.0860222801566, 0.0602045767009, 0.0386855900288, 0.00483560981229, 0.0122670056298], "median": [0.200527101755, 0.262750804424, 0.140806660056, 0.0247021112591, 0.00720248324797, 0.00527752749622], "max": [0.967011272907, 0.983814120293, 0.910838246346, 0.979740917683, 0.839979887009, 0.959003448486], "dmean": [0.19498154521, 0.214098036289, 0.171681299806, 0.0951922684908, 0.0313937291503, 0.0467209964991], "dmean2": [0.329281538725, 0.364555835724, 0.296804517508, 0.167617827654, 0.0569258183241, 0.0861318781972], "mean": [0.311664998531, 0.354231745005, 0.24062025547, 0.108138896525, 0.0275857485831, 0.0319378636777], "dvar2": [0.103835374117, 0.109406672418, 0.0832769572735, 0.060161434114, 0.0166163500398, 0.0546541027725], "min": [0, 0, 0, 0, 0, 0]}, "bpm_histogram_second_peak_bpm": {"dvar": 0, "var": 0, "median": 152, "max": 152, "dmean": 0, "dmean2": 0, "mean": 152, "dvar2": 0, "min": 152}, "onset_rate": 2.60815238953, "beats_count": 658, "beats_position": [0.452789098024, 0.905578196049, 1.35836732388, 1.79954648018, 2.2523355484, 2.71673464775, 3.1811337471, 3.65714287758, 4.13315200806, 4.59755086899, 5.06195020676, 5.52634906769, 6.00235795975, 6.47836732864, 6.96598625183, 7.44199514389, 7.91800451279, 8.39401340485, 8.87002277374, 9.34603118896, 9.82204055786, 10.2980499268, 10.6695690155, 11.0294780731, 11.4009971619, 11.7725172043, 12.144036293, 12.5271654129, 12.9102945328, 13.2818136215, 13.6533327103, 14.0132427216, 14.361541748, 14.7098407745, 15.0697498322, 15.4180498123, 15.8011789322, 16.1726989746, 16.5674381256, 16.9621772766, 17.3453063965, 17.7284355164, 18.1115646362, 18.5063037872, 18.8894329071, 19.2841720581, 19.6789112091, 20.0736503601, 20.4799995422, 20.8747386932, 21.2694778442, 21.6642169952, 22.0589561462, 22.5117454529, 22.9645347595, 23.4289340973, 23.8817234039, 24.3345127106, 24.7873020172, 25.2400894165, 25.6928787231, 26.1456680298, 26.5984573364, 27.0512466431, 27.5156459808, 27.9800453186, 28.4444446564, 28.9204521179, 29.3964614868, 29.8724708557, 30.3252601624, 30.7896595001, 31.2540588379, 31.7068481445, 32.1596374512, 32.6240348816, 33.0652160645, 33.5180053711, 33.9707946777, 34.4119720459, 34.8415412903, 35.2711105347, 35.7122879028, 36.1418571472, 36.5714263916, 37.0126075745, 37.4653968811, 37.94140625, 38.4058036804, 38.8585929871, 39.3229942322, 39.7873916626, 40.3562812805, 40.9251708984, 41.4824485779, 42.0513381958, 42.6318359375, 43.3284339905, 44.0250320435, 44.7216300964, 45.4182319641, 46.1380500793, 46.8346481323, 47.5312461853, 48.2162361145, 48.9128341675, 49.6790924072, 50.4569587708, 51.234828949, 52.0823554993, 52.9298858643, 53.7774124146, 54.6249427795, 55.3795890808, 56.1458511353, 56.854057312, 57.5622673035, 58.2588653564, 58.9554634094, 59.6520614624, 60.3486595154, 61.0452613831, 61.741859436, 62.438457489, 63.135055542, 63.831653595, 64.4585952759, 65.0739212036, 65.6079788208, 66.1304321289, 66.6644897461, 67.1404953003, 67.6165084839, 68.1041259766, 68.6033554077, 69.1141967773, 69.60181427, 70.0778198242, 70.5654373169, 71.0414505005, 71.4361877441, 71.8425369263, 72.2488861084, 72.6552352905, 73.0615844727, 73.4679336548, 73.8742828369, 74.2690200806, 74.6753692627, 75.0701141357, 75.4764633179, 75.8828125, 76.2891616821, 76.6955108643, 77.0902481079, 77.4849853516, 77.8797302246, 78.2744674683, 78.6692047119, 79.2032623291, 79.7373199463, 80.2713851929, 80.7938308716, 81.3278884888, 81.861946106, 82.3960113525, 82.9300689697, 83.4292984009, 83.928527832, 84.4393615723, 84.9269790649, 85.414604187, 85.9022216797, 86.3898391724, 86.877456665, 87.3534698486, 87.7249908447, 88.1197280884, 88.514465332, 88.8975982666, 89.2807235718, 89.6638565063, 90.0469818115, 90.4417190552, 90.8364639282, 91.2195892334, 91.602722168, 91.9858474731, 92.3805847168, 92.7637176514, 93.1352386475, 93.5299758911, 93.9247131348, 94.3426742554, 94.760635376, 95.1785888672, 95.5965499878, 96.0145111084, 96.4440765381, 96.8620376587, 97.2799987793, 97.6979598999, 98.104309082, 98.5106582642, 98.9170074463, 99.3117446899, 99.7064819336, 100.101219177, 100.484352112, 100.879089355, 101.331878662, 101.796279907, 102.260681152, 102.748298645, 103.247528076, 103.72353363, 104.141494751, 104.559455872, 104.977409363, 105.395370483, 105.801719666, 106.208068848, 106.602806091, 106.997550964, 107.392288208, 107.787025452, 108.170158386, 108.553283691, 108.948028564, 109.342765808, 109.737503052, 110.132240295, 110.526985168, 110.921722412, 111.328071594, 111.746032715, 112.152381897, 112.558731079, 112.941856384, 113.31337738, 113.696502686, 114.07963562, 114.462760925, 114.84589386, 115.217414856, 115.588935852, 115.972061157, 116.355194092, 116.738319397, 117.121452332, 117.504577637, 117.887710571, 118.270835876, 118.66557312, 119.048706055, 119.43183136, 119.814964294, 120.209701538, 120.61605072, 120.999183655, 121.393920898, 121.788658142, 122.171791077, 122.554916382, 122.949661255, 123.344398499, 123.739135742, 124.133872986, 124.528617859, 124.911743164, 125.306480408, 125.701225281, 126.107574463, 126.513923645, 126.920272827, 127.326622009, 127.732971191, 128.139312744, 128.545669556, 128.94039917, 129.346755981, 129.753097534, 130.147842407, 130.554199219, 130.937316895, 131.332061768, 131.726806641, 132.121536255, 132.527893066, 132.922622681, 133.305755615, 133.68888855, 134.072021484, 134.466751099, 134.861495972, 135.279449463, 135.697418213, 136.103759766, 136.510116577, 136.91645813, 137.322814941, 137.717544556, 138.228393555, 138.750839233, 139.273284912, 139.784118652, 140.294967651, 140.805801392, 141.316635132, 141.827484131, 142.315093994, 142.802719116, 143.290344238, 143.801177979, 144.288803101, 144.788024902, 145.287246704, 145.681991577, 146.07673645, 146.471466064, 146.866210938, 147.260955811, 147.655685425, 148.050430298, 148.445159912, 148.839904785, 149.234649658, 149.629379272, 150.024124146, 150.418869019, 150.813598633, 151.208343506, 151.603088379, 151.997817993, 152.404174805, 152.810516357, 153.228485107, 153.63482666, 154.052780151, 154.48236084, 154.935150146, 155.364715576, 155.782669067, 156.189025879, 156.595367432, 157.001724243, 157.408065796, 157.79119873, 158.174331665, 158.569061279, 158.952194214, 159.335327148, 159.730072021, 160.113189697, 160.50793457, 160.891067505, 161.274185181, 161.657318115, 162.04045105, 162.411972046, 162.79510498, 163.166610718, 163.538131714, 163.932876587, 164.32762146, 164.710739136, 165.105484009, 165.500228882, 165.883346558, 166.266479492, 166.638000488, 167.009521484, 167.392654419, 167.764175415, 168.158905029, 168.553649902, 168.948379517, 169.34312439, 169.726257324, 170.109390259, 170.492507935, 170.875640869, 171.247161865, 171.6302948, 172.013427734, 172.384933472, 172.756454468, 173.139587402, 173.522720337, 173.905853271, 174.288970947, 174.672103882, 175.066848755, 175.461578369, 175.844711304, 176.227844238, 176.610977173, 176.982498169, 177.354003906, 177.725524902, 178.097045898, 178.491790771, 178.886520386, 179.26965332, 179.652786255, 180.024307251, 180.407440186, 180.790557861, 181.162078857, 181.533599854, 181.90512085, 182.288253784, 182.65977478, 183.031295776, 183.402801514, 183.762710571, 184.145843506, 184.52897644, 184.900497437, 185.283630371, 185.655151367, 186.084716797, 186.514282227, 186.932235718, 187.338592529, 187.733337402, 188.139678955, 188.546035767, 188.940765381, 189.358734131, 189.776687622, 190.183029175, 190.589385986, 191.007339478, 191.413696289, 191.820037842, 192.226394653, 192.644348145, 193.050704956, 193.422225952, 193.793731689, 194.165252686, 194.536773682, 194.908294678, 195.268203735, 195.639724731, 196.011245728, 196.382766724, 196.742675781, 197.114196777, 197.485717773, 197.892059326, 198.310012817, 198.716369629, 199.111114502, 199.505844116, 199.888977051, 200.283721924, 200.6668396, 201.061584473, 201.433105469, 201.827835083, 202.222579956, 202.605712891, 202.988845825, 203.360351563, 203.720275879, 204.080184937, 204.463302612, 204.846435547, 205.276000977, 205.693969727, 206.111923218, 206.541488647, 206.947845459, 207.354187012, 207.760543823, 208.178497314, 208.596466064, 208.991195679, 209.385940552, 209.769073486, 210.152191162, 210.535324097, 210.918457031, 211.301589966, 211.69631958, 212.091064453, 212.532241821, 212.961807251, 213.402984619, 213.855773926, 214.262130737, 214.66847229, 215.074829102, 215.469558716, 215.85269165, 216.235824585, 216.61895752, 216.990478516, 217.361984253, 217.733505249, 218.116638184, 218.499771118, 218.882904053, 219.266021729, 219.637542725, 220.020675659, 220.403808594, 220.798538208, 221.181671143, 221.564804077, 221.936325073, 222.319458008, 222.690963745, 223.07409668, 223.445617676, 223.82875061, 224.200271606, 224.583404541, 224.954910278, 225.326431274, 225.709564209, 226.092697144, 226.475830078, 226.858947754, 227.242080688, 227.636825562, 227.996734619, 228.368255615, 228.739776611, 229.111282349, 229.482803345, 229.854324341, 230.225845337, 230.62059021, 231.003707886, 231.398452759, 231.781585693, 232.153106689, 232.524627686, 232.896133423, 233.279266357, 233.662399292, 234.045532227, 234.428665161, 234.811782837, 235.194915771, 235.566436768, 235.949569702, 236.321090698, 236.704208374, 237.07572937, 237.447250366, 237.807159424, 238.167068481, 238.538589478, 238.910110474, 239.28163147, 239.653152466, 240.036270142, 240.419403076, 240.790924072, 241.162445068, 241.533966064, 241.905487061, 242.277008057, 242.660125732, 243.043258667, 243.414779663, 243.797912598, 244.169433594, 244.55255127, 244.935684204, 245.3072052, 245.690338135, 246.061859131, 246.444976807, 246.828109741, 247.199630737, 247.582763672, 247.965896606, 248.349014282, 248.732147217, 249.115280151, 249.498413086, 249.881530762, 250.276275635, 250.671020508, 251.042541504, 251.402450562, 251.762359619, 252.133865356, 252.493789673, 252.86529541, 253.236816406, 253.608337402, 253.979858398, 254.351379395, 254.722900391, 255.094421387, 255.454330444, 255.814239502, 256.185760498, 256.557281494, 256.92880249, 257.300323486, 257.671844482, 258.043365479, 258.414855957, 258.786376953, 259.157897949, 259.529418945, 259.900939941, 260.272460938, 260.655609131, 261.027130127, 261.410247803, 261.793365479, 262.176513672, 262.571228027, 262.9659729, 263.38394165, 263.8019104, 264.23147583, 264.730712891, 265.218322754, 265.694335938, 266.170349121, 266.657958984, 267.145568848, 267.621582031, 268.085968018, 268.550384521, 268.979949951, 269.409515381, 269.839080811, 270.26864624, 270.721435547, 271.174224854, 271.62701416, 272.207519531, 272.788024902, 273.380126953, 273.983856201, 274.587554932, 275.144836426, 275.70211792, 276.259399414, 276.805084229, 277.362365723, 277.90802002, 278.453704834, 279.010955811, 279.568237305, 280.125518799, 280.682800293, 281.240081787], "danceability": 0.935865521431, "bpm_histogram_second_peak_spread": {"dvar": 0, "var": 0, "median": 0.348837226629, "max": 0.348837226629, "dmean": 0, "dmean2": 0, "mean": 0.348837226629, "dvar2": 0, "min": 0.348837226629}}, "lowlevel": {"spectral_flux": {"dvar": 0.00050172151532, "var": 0.00119724194519, "median": 0.0261554680765, "max": 0.314355611801, "dmean": 0.0149015989155, "dmean2": 0.0237528048456, "mean": 0.0368508994579, "dvar2": 0.00123427854851, "min": 6.2761434938e-11}, "spectral_rolloff": {"dvar": 767289.5, "var": 4976228, "median": 538.330078125, "max": 19810.546875, "dmean": 225.271636963, "dmean2": 382.538635254, "mean": 1070.51831055, "dvar2": 1763378.25, "min": 43.06640625}, "barkbands_flatness_db": {"dvar": 0.000492002582178, "var": 0.00527426926419, "median": 0.21833896637, "max": 0.520977854729, "dmean": 0.0187255442142, "dmean2": 0.0267832614481, "mean": 0.21947337687, "dvar2": 0.000926199019887, "min": 0.0182378813624}, "spectral_centroid": {"dvar": 88964.9296875, "var": 1221574.625, "median": 569.54309082, "max": 11550.5605469, "dmean": 120.036727905, "dmean2": 172.494049072, "mean": 853.382263184, "dvar2": 150694.890625, "min": 159.972244263}, "melbands_skewness": {"dvar": 0.998428344727, "var": 6.64467716217, "median": 2.19880795479, "max": 19.9279727936, "dmean": 0.710546672344, "dmean2": 1.08326411247, "mean": 2.77425456047, "dvar2": 2.2555270195, "min": -5.41614961624}, "melbands": {"dvar": [3.72612248611e-07, 7.01114629464e-07, 1.50340781602e-07, 7.13297367838e-07, 6.62836612264e-07, 4.26056629976e-07, 1.1142412859e-07, 5.25727550382e-08, 2.03050461778e-07, 1.32930097152e-07, 6.09980119748e-08, 2.45380515906e-08, 2.06088071053e-08, 1.78534680373e-08, 5.67357716363e-09, 2.3804331839e-09, 3.1543314627e-09, 9.98077620551e-10, 5.02073049802e-10, 3.3037639291e-10, 2.40465397594e-10, 5.42232231338e-11, 1.47891462965e-10, 9.92532098176e-11, 3.46964089404e-11, 1.39179180333e-11, 1.22448396908e-11, 8.15303727308e-12, 3.65603424271e-12, 7.16091335534e-12, 6.48778643655e-12, 8.50884813997e-12, 2.05021763455e-11, 6.95713755702e-12, 2.38690989716e-12, 1.90051858799e-12, 1.53083871534e-12, 7.8811176335e-13, 1.43180747206e-12, 1.71608777536e-12], "var": [1.71086423961e-06, 1.69378108694e-06, 5.74365401462e-07, 4.67133986604e-06, 4.6929412747e-06, 2.4033884074e-06, 6.69555163313e-07, 2.11381447457e-07, 7.82799077115e-07, 8.94452114153e-07, 2.85703009695e-07, 2.45487314032e-07, 9.55135632807e-08, 4.54780355597e-08, 3.16470689654e-08, 8.67225402601e-09, 4.19711287947e-09, 2.09882067281e-09, 1.37223987728e-09, 1.04894448683e-09, 9.06397013001e-10, 1.57526783284e-10, 2.143689809e-10, 1.95001292891e-10, 6.51469225788e-11, 4.2360268071e-11, 2.21267448808e-11, 1.35697807158e-11, 9.73197650939e-12, 8.38293670591e-12, 1.03501712409e-11, 1.48654907828e-11, 2.98250868447e-11, 1.7339372993e-11, 4.42622457783e-12, 3.60462332726e-12, 2.79432249908e-12, 2.00997270043e-12, 4.68113048324e-12, 5.99245349522e-12], "median": [0.000102678081021, 0.00010359872249, 7.6053358498e-05, 6.67279673507e-05, 9.96613525786e-05, 0.000103981466964, 2.75632573903e-05, 1.19696733236e-05, 1.18879434012e-05, 6.41052611172e-06, 3.58411170964e-06, 2.34451408687e-06, 1.47793207361e-06, 1.21114749163e-06, 9.7481620287e-07, 6.29110104455e-07, 4.65024385221e-07, 4.93719994665e-07, 4.77225626128e-07, 3.45294893123e-07, 3.5194125303e-07, 2.39828523263e-07, 2.46329420861e-07, 2.55125200965e-07, 2.26245475687e-07, 1.89517635363e-07, 1.52294816758e-07, 1.3600961779e-07, 1.21207662573e-07, 7.63532312931e-08, 6.11010193552e-08, 5.3130118971e-08, 4.50207160441e-08, 5.11263209546e-08, 5.51163807927e-08, 6.16253927888e-08, 6.10638011267e-08, 5.53364536415e-08, 4.34988614018e-08, 2.86054095966e-08], "max": [0.0192833077163, 0.0210923850536, 0.0114532914013, 0.0285365562886, 0.034446388483, 0.0288194343448, 0.012521260418, 0.00951283518225, 0.0176516566426, 0.0181728601456, 0.0103400927037, 0.00782311428338, 0.00645010406151, 0.00857740920037, 0.00686833728105, 0.00237324996851, 0.00358857377432, 0.0027839532122, 0.00116773205809, 0.00131630862597, 0.00086241052486, 0.000403511716286, 0.000985941849649, 0.000707806670107, 0.000361543323379, 0.000193793210201, 0.000204628246138, 0.000189018755918, 7.05285056029e-05, 0.000115962604468, 0.000138106333907, 0.000128419065732, 0.000324273190927, 0.000193104788195, 5.9116682678e-05, 5.11689468112e-05, 5.62927089049e-05, 5.51273988094e-05, 6.83773832861e-05, 7.24097699276e-05], "dmean": [0.000172025189386, 0.000212985891267, 0.000128760089865, 0.000250038021477, 0.000286933820462, 0.000201126007596, 9.91739507299e-05, 5.17421249242e-05, 9.24808482523e-05, 7.58776950534e-05, 4.87537581648e-05, 3.19169157592e-05, 2.34516155615e-05, 1.57591512107e-05, 1.09251677713e-05, 6.97659606885e-06, 5.65223535887e-06, 4.1718403736e-06, 4.02522800869e-06, 2.90822708848e-06, 2.49041659117e-06, 1.3840954125e-06, 1.16402145522e-06, 1.21139078146e-06, 1.15803493372e-06, 7.91699847014e-07, 5.18030333296e-07, 4.35009155808e-07, 4.10803068007e-07, 3.39972814345e-07, 3.56567682047e-07, 3.81829380558e-07, 4.11826960089e-07, 2.96724692816e-07, 2.05368252182e-07, 1.84355926081e-07, 1.64171623851e-07, 1.41015789268e-07, 1.74925190777e-07, 1.66211876262e-07], "dmean2": [0.000271128315944, 0.000330658978783, 0.000196552835405, 0.000337269913871, 0.000397143274313, 0.000285002170131, 0.000137923198054, 6.93458932801e-05, 0.000119795287901, 9.07393623493e-05, 6.0022539401e-05, 3.9619353629e-05, 2.87405309791e-05, 2.03903291549e-05, 1.45652757055e-05, 9.66829429672e-06, 8.3934965005e-06, 5.99512804911e-06, 5.72848739466e-06, 3.97832354793e-06, 3.57087856173e-06, 2.02885507861e-06, 1.69588383869e-06, 1.78437562681e-06, 1.74927129137e-06, 1.18636319257e-06, 7.75906869421e-07, 6.66549624384e-07, 6.25746110927e-07, 5.32248236595e-07, 5.35415324521e-07, 5.88946591051e-07, 6.46542673621e-07, 4.470079773e-07, 3.1544394119e-07, 2.78994804148e-07, 2.48485832799e-07, 2.15853589225e-07, 2.54877505768e-07, 2.43046059722e-07], "mean": [0.000502964365296, 0.000555760168936, 0.000343517458532, 0.000717814953532, 0.000884950626642, 0.000613138487097, 0.000321108440403, 0.000158036389621, 0.000243393733399, 0.000224173840252, 0.000141990705743, 0.000121880024381, 6.77765638102e-05, 3.79661469196e-05, 2.92649583571e-05, 1.83131342055e-05, 1.16718128993e-05, 7.76657270762e-06, 9.08210859052e-06, 6.96498773323e-06, 6.0879629018e-06, 2.82938617602e-06, 2.30310934057e-06, 2.53755433732e-06, 2.04655771086e-06, 1.73246655777e-06, 1.01828004517e-06, 7.1293760584e-07, 8.22713332127e-07, 5.09064705057e-07, 5.48249886378e-07, 5.64121421576e-07, 5.76832178467e-07, 4.74812793527e-07, 3.30907084845e-07, 3.18699505897e-07, 2.76595358173e-07, 2.58753630078e-07, 3.18978266023e-07, 3.05829644276e-07], "dvar2": [9.78898469839e-07, 1.74699789568e-06, 3.64705897482e-07, 1.17191211757e-06, 1.2715441926e-06, 8.004880101e-07, 2.01861837468e-07, 9.77802585567e-08, 3.65086521015e-07, 1.80782038228e-07, 1.01331259827e-07, 4.29246149736e-08, 3.73329562819e-08, 3.53620990268e-08, 8.93231799637e-09, 4.29669988478e-09, 8.44878922379e-09, 1.98850824695e-09, 1.04493547148e-09, 6.18373074968e-10, 5.11843623041e-10, 1.07716398301e-10, 3.39701516916e-10, 2.00620645097e-10, 8.74539052287e-11, 3.40249321773e-11, 2.54504160802e-11, 1.75220931514e-11, 7.98973040506e-12, 1.83915452312e-11, 1.42849855209e-11, 1.88592908651e-11, 5.01551022936e-11, 1.37362378416e-11, 5.50446624045e-12, 4.2223243131e-12, 3.47164940025e-12, 1.6711647257e-12, 2.71338095222e-12, 3.47179208125e-12], "min": [1.33867220565e-24, 1.35159621247e-24, 1.83842594291e-24, 1.40602534695e-24, 1.70267599732e-24, 7.42696469225e-25, 1.50247651021e-24, 2.20411858717e-24, 2.37881518729e-24, 1.39881920119e-24, 2.55871728331e-24, 2.1975211462e-24, 2.80411573927e-24, 2.83768847611e-24, 2.87538439168e-24, 3.31694908616e-24, 3.59623345674e-24, 3.36109492571e-24, 3.47025513119e-24, 3.27425692005e-24, 3.7551806461e-24, 3.98788120251e-24, 4.02238242863e-24, 5.35392402195e-24, 3.28320930803e-24, 3.35818284568e-24, 3.75601959968e-24, 4.19984576116e-24, 4.39019513658e-24, 4.64081506287e-24, 5.19526042808e-24, 3.78928468076e-24, 5.81490790812e-24, 4.18379046959e-24, 6.01873142223e-24, 3.95173165153e-24, 5.50323211991e-24, 5.62027975115e-24, 6.12213254867e-24, 6.24133298132e-24]}, "spectral_decrease": {"dvar": 3.39816900537e-18, "var": 2.53729976665e-17, "median": -2.59254306911e-09, "max": 2.69732865085e-18, "dmean": 9.9845753887e-10, "dmean2": 1.36583744315e-09, "mean": -4.34952696082e-09, "dvar2": 6.61702097036e-18, "min": -4.06153901622e-08}, "barkbands_kurtosis": {"dvar": 386.795654297, "var": 1299.32421875, "median": 9.17921543121, "max": 752.572570801, "dmean": 7.64541339874, "dmean2": 11.3447351456, "mean": 19.8469963074, "dvar2": 798.702026367, "min": -1.95983970165}, "silence_rate_30dB": {"dvar": 0.0029531980399, "var": 0.00377099588513, "median": 1, "max": 1, "dmean": 0.00296223163605, "dmean2": 0.00592495081946, "mean": 0.996215224266, "dvar2": 0.006713419687, "min": 0}, "gfcc": {"mean": [-119.509552002, 94.7146072388, -83.9367980957, 15.4347324371, -61.797077179, 5.7408156395, -40.1175384521, 8.74466609955, -23.0320415497, 2.04408454895, -9.15633583069, 1.2857735157, -5.23653650284], "cov": [[21114.1660156, 1626.28271484, -1414.02441406, -91.6003036499, -1008.58111572, -245.008926392, -631.080688477, 228.911376953, -350.392456055, 11.7693634033, -41.0572814941, -90.7285461426, -10.63712883], [1626.28271484, 1633.12927246, 184.849212646, -207.665802002, -40.0307159424, -67.2414779663, -51.2134132385, -42.8969802856, -0.169938489795, -33.018661499, 111.564796448, -106.219520569, -66.3954238892], [-1414.02441406, 184.849212646, 1650.79125977, 670.150634766, 187.927902222, -99.8217926025, -91.9649353027, -145.214324951, -6.66776227951, 49.4069213867, 27.3888244629, 99.9149246216, -140.818786621], [-91.6003036499, -207.665802002, 670.150634766, 880.15032959, 253.355606079, -4.40385389328, -101.24256134, -16.1725120544, 22.865234375, 13.7501144409, -64.7859115601, 45.5013999939, -91.0836868286], [-1008.58111572, -40.0307159424, 187.927902222, 253.355606079, 493.726348877, 220.55696106, 119.755516052, 21.5630340576, 72.6444778442, -6.64960575104, -65.4118270874, -32.1638641357, -63.1568527222], [-245.008926392, -67.2414779663, -99.8217926025, -4.40385389328, 220.55696106, 447.998565674, 265.086883545, 40.1487121582, 36.1749038696, 43.6519317627, -46.7870826721, -26.5512561798, -52.0857048035], [-631.080688477, -51.2134132385, -91.9649353027, -101.24256134, 119.755516052, 265.086883545, 372.642272949, 97.3187255859, 43.2048568726, 45.0211830139, -9.73710346222, -7.17332029343, -19.0860671997], [228.911376953, -42.8969802856, -145.214324951, -16.1725120544, 21.5630340576, 40.1487121582, 97.3187255859, 222.371231079, 84.2631835938, -7.55435180664, -35.70728302, -10.0732030869, 1.99361515045], [-350.392456055, -0.169938489795, -6.66776227951, 22.865234375, 72.6444778442, 36.1749038696, 43.2048568726, 84.2631835938, 184.619277954, 60.8564949036, -17.312871933, -15.233754158, -17.6245193481], [11.7693634033, -33.018661499, 49.4069213867, 13.7501144409, -6.64960575104, 43.6519317627, 45.0211830139, -7.55435180664, 60.8564949036, 192.947052002, 57.2060432434, 11.3456344604, -38.189239502], [-41.0572814941, 111.564796448, 27.3888244629, -64.7859115601, -65.4118270874, -46.7870826721, -9.73710346222, -35.70728302, -17.312871933, 57.2060432434, 147.930206299, 55.734577179, -1.81387388706], [-90.7285461426, -106.219520569, 99.9149246216, 45.5013999939, -32.1638641357, -26.5512561798, -7.17332029343, -10.0732030869, -15.233754158, 11.3456344604, 55.734577179, 160.571380615, 67.0391082764], [-10.63712883, -66.3954238892, -140.818786621, -91.0836868286, -63.1568527222, -52.0857048035, -19.0860671997, 1.99361515045, -17.6245193481, -38.189239502, -1.81387388706, 67.0391082764, 173.239349365]], "icov": [[8.5795072664e-05, -0.000139874027809, 0.000124091646285, -0.000122082492453, 0.000180287359399, -0.000114407361252, 0.000201838440262, -0.000206322321901, 0.00026346652885, -0.000199086149223, 0.000224809817155, -0.000148741193698, 8.71114389156e-05], [-0.000139874027809, 0.00104837876279, -0.000477245805087, 0.000488203571877, -0.000309952360112, 5.56534178031e-05, -0.00012978327868, 0.000238794280449, -0.000630925351288, 0.00080291373888, -0.00143815134652, 0.00120357424021, -0.000219351670239], [0.000124091646285, -0.000477245805087, 0.0013797894353, -0.000958018586971, 0.000103286569356, 0.000457655143691, -0.000208353056223, 0.000541009067092, 0.00027347158175, -0.000423265242716, 0.000745930301491, -0.00135541858617, 0.00105549627915], [-0.000122082492453, 0.000488203571877, -0.000958018586971, 0.00255358964205, -0.00126940419432, 0.000118229727377, 0.000801671296358, -0.000413522648159, 1.2423046428e-05, -0.000150061794557, 0.000592794734985, -0.000539757544175, 0.000592585944105], [0.000180287359399, -0.000309952360112, 0.000103286569356, -0.00126940419432, 0.0040564625524, -0.00182708341163, -5.78528924962e-05, 0.000165375793586, -0.000964950071648, 0.000765416945796, 0.000423258723458, 0.0003465852933, 0.000170933984919], [-0.000114407361252, 5.56534178031e-05, 0.000457655143691, 0.000118229727377, -0.00182708341163, 0.00545488856733, -0.00351135572419, 0.00130121642724, 8.94534532563e-05, -0.000723732402548, 0.00152469449677, -0.000864578643814, 0.00122070498765], [0.000201838440262, -0.00012978327868, -0.000208353056223, 0.000801671296358, -5.78528924962e-05, -0.00351135572419, 0.00647388817742, -0.00304551422596, 0.00120860338211, -0.0012170461705, -0.000210527912714, -0.000215364576434, -0.000177930225618], [-0.000206322321901, 0.000238794280449, 0.000541009067092, -0.000413522648159, 0.000165375793586, 0.00130121642724, -0.00304551422596, 0.00784160848707, -0.00406420510262, 0.00190081668552, 0.000663845508825, -0.000555718084797, 0.000554485188331], [0.00026346652885, -0.000630925351288, 0.00027347158175, 1.2423046428e-05, -0.000964950071648, 8.94534532563e-05, 0.00120860338211, -0.00406420510262, 0.00943081453443, -0.00425380142406, 0.00209338823333, -0.00037213487667, 4.58804242953e-05], [-0.000199086149223, 0.00080291373888, -0.000423265242716, -0.000150061794557, 0.000765416945796, -0.000723732402548, -0.0012170461705, 0.00190081668552, -0.00425380142406, 0.00875802524388, -0.00440006144345, 0.000971424626186, 0.000853927398566], [0.000224809817155, -0.00143815134652, 0.000745930301491, 0.000592794734985, 0.000423258723458, 0.00152469449677, -0.000210527912714, 0.000663845508825, 0.00209338823333, -0.00440006144345, 0.0132095217705, -0.00632893433794, 0.0027929621283], [-0.000148741193698, 0.00120357424021, -0.00135541858617, -0.000539757544175, 0.0003465852933, -0.000864578643814, -0.000215364576434, -0.000555718084797, -0.00037213487667, 0.000971424626186, -0.00632893433794, 0.0123060420156, -0.00573642225936], [8.71114389156e-05, -0.000219351670239, 0.00105549627915, 0.000592585944105, 0.000170933984919, 0.00122070498765, -0.000177930225618, 0.000554485188331, 4.58804242953e-05, 0.000853927398566, 0.0027929621283, -0.00573642225936, 0.00970851629972]]}, "silence_rate_20dB": {"dvar": 0, "var": 0, "median": 1, "max": 1, "dmean": 0, "dmean2": 0, "mean": 1, "dvar2": 0, "min": 1}, "barkbands_skewness": {"dvar": 0.819556176662, "var": 5.55665826797, "median": 2.10256910324, "max": 24.8420734406, "dmean": 0.633338689804, "dmean2": 0.929093062878, "mean": 2.43506026268, "dvar2": 1.66267621517, "min": -6.6970281601}, "erbbands_skewness": {"dvar": 0.420882552862, "var": 3.0010175705, "median": 1.42503249645, "max": 10.8683385849, "dmean": 0.474482983351, "dmean2": 0.682365715504, "mean": 1.58598029613, "dvar2": 0.784881711006, "min": -9.91489219666}, "spectral_contrast_valleys": {"dvar": [0.0828673541546, 0.0981312990189, 0.0858141034842, 0.0558944009244, 0.0489443577826, 0.0592772252858], "var": [4.73545122147, 4.1079454422, 3.65503001213, 3.46908688545, 3.5790309906, 3.03866386414], "median": [-7.90122413635, -8.059425354, -8.88986682892, -9.19311141968, -8.93464660645, -10.9573135376], "max": [-5.26474809647, -5.01654338837, -5.90265464783, -6.38913822174, -6.36570167542, -7.46723556519], "dmean": [0.307782918215, 0.338054120541, 0.304302722216, 0.242342442274, 0.187656626105, 0.167726933956], "dmean2": [0.514744222164, 0.559510111809, 0.499468892813, 0.394041895866, 0.287162870169, 0.234568595886], "mean": [-8.33003044128, -8.30029582977, -9.07076263428, -9.39692497253, -9.14559936523, -11.1436824799], "dvar2": [0.208611577749, 0.237930223346, 0.203505799174, 0.126781135798, 0.0961983501911, 0.097974486649], "min": [-27.9779472351, -27.9765911102, -28.2135715485, -27.6962032318, -27.4877700806, -27.3993530273]}, "spectral_strongpeak": {"dvar": 0.353236675262, "var": 1.79823100567, "median": 0.839866518974, "max": 11.4220809937, "dmean": 0.32044917345, "dmean2": 0.492174685001, "mean": 1.22360610962, "dvar2": 0.741470813751, "min": 0}, "erbbands_crest": {"dvar": 7.21421813965, "var": 46.0242614746, "median": 14.819278717, "max": 33.9664497375, "dmean": 2.36999678612, "dmean2": 3.60530519485, "mean": 15.6020097733, "dvar2": 16.2084579468, "min": 2.1659514904}, "barkbands_crest": {"dvar": 4.33080101013, "var": 26.4703998566, "median": 13.1214199066, "max": 26.7785491943, "dmean": 1.88562464714, "dmean2": 2.9095416069, "mean": 13.8975915909, "dvar2": 9.90447616577, "min": 3.25577116013}, "spectral_energyband_middle_low": {"dvar": 3.74725423171e-05, "var": 0.000278684077784, "median": 0.00608927430585, "max": 0.150406986475, "dmean": 0.00306604569778, "dmean2": 0.00411317171529, "mean": 0.0121365739033, "dvar2": 6.68300126563e-05, "min": 1.78176099912e-22}, "spectral_contrast_coeffs": {"dvar": [0.00123388587963, 0.00145217112731, 0.000981168006547, 0.000569671217818, 0.00033757725032, 0.000186175704584], "var": [0.018242482096, 0.0158214513212, 0.0160433668643, 0.00764185981825, 0.00353235541843, 0.00121087790467], "median": [-0.690587759018, -0.621960699558, -0.738325238228, -0.808570683002, -0.840667843819, -0.834137678146], "max": [-0.196052640676, -0.270326256752, -0.3169234097, -0.467437565327, -0.512268126011, -0.596612036228], "dmean": [0.0376912429929, 0.0409891605377, 0.0325335748494, 0.0257892813534, 0.018220288679, 0.0126684838906], "dmean2": [0.0601472780108, 0.0655773282051, 0.0506350211799, 0.0404322892427, 0.0284640472382, 0.0201259814203], "mean": [-0.659696638584, -0.629916548729, -0.721282601357, -0.788253307343, -0.82345110178, -0.828487217426], "dvar2": [0.00277439458296, 0.00324540864676, 0.00195556553081, 0.00121097185183, 0.0006835021195, 0.000382393220207], "min": [-0.985439836979, -0.981299638748, -0.978165984154, -0.973071098328, -0.967453956604, -0.964375495911]}, "hfc": {"dvar": 21.5417575836, "var": 139.681396484, "median": 4.73279094696, "max": 143.904327393, "dmean": 2.16225647926, "dmean2": 2.8295674324, "mean": 8.85291481018, "dvar2": 38.3769836426, "min": 1.08496840643e-16}, "spectral_energyband_high": {"dvar": 1.34521812356e-07, "var": 4.85383054638e-07, "median": 2.71402277576e-05, "max": 0.0142400609329, "dmean": 6.93008259987e-05, "dmean2": 9.5675670309e-05, "mean": 0.00015565319336, "dvar2": 2.36711841239e-07, "min": 6.8224394817e-21}, "erbbands_spread": {"dvar": 100.232933044, "var": 490.028930664, "median": 17.1352539063, "max": 148.209197998, "dmean": 5.83434438705, "dmean2": 8.832447052, "mean": 25.0722446442, "dvar2": 220.590042114, "min": 0.471544146538}, "dissonance": {"dvar": 0.00105072173756, "var": 0.00368609256111, "median": 0.411654323339, "max": 0.500000059605, "dmean": 0.0315378345549, "dmean2": 0.0522299855947, "mean": 0.405474543571, "dvar2": 0.00281128799543, "min": 0.159564271569}, "spectral_kurtosis": {"dvar": 6.87167882919, "var": 43.9398231506, "median": 6.56539916992, "max": 80.6615142822, "dmean": 2.05082058907, "dmean2": 3.31238555908, "mean": 8.04670524597, "dvar2": 17.848526001, "min": -1.26926374435}, "spectral_skewness": {"dvar": 0.0732551664114, "var": 0.696965932846, "median": 2.20450019836, "max": 7.13530158997, "dmean": 0.244814947248, "dmean2": 0.374954849482, "mean": 2.2445704937, "dvar2": 0.156018510461, "min": -0.27132743597}, "pitch_salience": {"dvar": 0.00331873400137, "var": 0.0190836172551, "median": 0.470932781696, "max": 0.861274838448, "dmean": 0.0521322488785, "dmean2": 0.0815313756466, "mean": 0.464340597391, "dvar2": 0.0079357214272, "min": 0.0299271121621}, "spectral_complexity": {"dvar": 1.54355120659, "var": 12.4204082489, "median": 5, "max": 35, "dmean": 0.963877260685, "dmean2": 1.57077026367, "mean": 5.88867855072, "dvar2": 3.23262619972, "min": 0}, "spectral_spread": {"dvar": 575843663872, "var": 12159617597400.0, "median": 4612300.5, "max": 45321248, "dmean": 482468.9375, "dmean2": 716692.25, "mean": 5138465.5, "dvar2": 1161583001600.0, "min": 1011806.6875}, "dynamic_complexity": 5.81123971939, "melbands_crest": {"dvar": 6.57082033157, "var": 39.5870628357, "median": 16.8014373779, "max": 37.6443023682, "dmean": 2.31818413734, "dmean2": 3.57627367973, "mean": 17.7147655487, "dvar2": 15.8722486496, "min": 1.53375542164}, "zerocrossingrate": {"dvar": 0.000194833104615, "var": 0.00361919542775, "median": 0.0302734375, "max": 0.53173828125, "dmean": 0.00701629603282, "dmean2": 0.00809095520526, "mean": 0.0446072295308, "dvar2": 0.00018916366389, "min": 0.0029296875}, "spectral_energyband_low": {"dvar": 1.23930649352e-05, "var": 4.44993347628e-05, "median": 0.000724325189367, "max": 0.0755107775331, "dmean": 0.000982372555882, "dmean2": 0.00152974482626, "mean": 0.00300771230832, "dvar2": 3.11576186505e-05, "min": 2.27045433456e-23}, "melbands_kurtosis": {"dvar": 637.456481934, "var": 2481.84716797, "median": 12.382604599, "max