{"lowlevel": {"erbbands": {"mean": [0.10444265604, 1.09619355202, 2.94454789162, 4.31743478775, 6.84616327286, 10.1246871948, 14.1264629364, 16.7103328705, 16.1651134491, 13.7457504272, 33.2288093567, 51.0233650208, 50.6844139099, 57.0030899048, 25.6664581299, 22.0814266205, 27.2872238159, 45.1107902527, 54.512676239, 35.0797996521, 35.106262207, 33.1517715454, 30.3025188446, 26.7203121185, 23.2879905701, 22.7648429871, 23.5722236633, 11.1025085449, 6.14301204681, 4.63687038422, 3.32588624954, 2.38917660713, 1.45435976982, 0.865157186985, 0.495494425297, 0.243458658457, 0.0910125374794, 0.0190666466951, 0.00285881757736, 0.000111451779958], "dvar": [0.0111389132217, 0.67518144846, 8.03004837036, 30.5431194305, 76.4914016724, 64.9024505615, 65.3591918945, 209.600845337, 188.819107056, 249.86239624, 1764.09875488, 4593.83935547, 3668.22583008, 9526.81054688, 1570.50024414, 794.008361816, 2476.1574707, 6438.11328125, 6198.18261719, 1623.65283203, 1295.3326416, 436.855804443, 427.983459473, 219.719619751, 171.795562744, 178.303863525, 333.691345215, 35.4289398193, 9.52274703979, 5.08873558044, 4.09012174606, 3.34830093384, 1.74749267101, 0.730638086796, 0.187151834369, 0.0585868507624, 0.0124511010945, 0.000571087817661, 1.69177674252e-05, 1.49076520017e-08], "min": [3.84856119748e-21, 8.38268629391e-21, 9.37313410325e-21, 2.26580764091e-20, 1.99359549064e-19, 1.03538171424e-19, 3.78472870358e-19, 2.2402222337e-19, 3.39706508114e-19, 9.95224938933e-19, 6.36562217064e-19, 5.09816382031e-19, 1.19965311475e-18, 2.10652110219e-18, 3.17609913504e-18, 2.73239573215e-18, 6.66325085402e-18, 5.48118618404e-18, 6.26964068185e-18, 1.50002917514e-17, 1.76531195328e-17, 1.22752221511e-17, 9.01444557076e-18, 7.56636002937e-18, 1.07552372437e-17, 1.43760764457e-17, 1.51128098214e-17, 1.49771654358e-17, 2.05521625867e-17, 3.13097688757e-17, 1.91493304423e-17, 1.74643618801e-17, 1.31321382523e-17, 1.23126198138e-17, 9.57968372591e-18, 5.37565944457e-18, 3.41719829536e-18, 1.41787483747e-18, 3.24746378049e-19, 4.41270225265e-20], "dmean": [0.0566783882678, 0.492990136147, 1.67874193192, 3.05946874619, 4.58595609665, 5.26213741302, 5.69067382812, 8.36821937561, 7.7963180542, 6.8414607048, 18.0029811859, 28.267539978, 27.1119289398, 33.8679237366, 14.3316717148, 12.3522176743, 16.4550800323, 27.1541786194, 30.8483734131, 17.349817276, 17.0570163727, 14.6695184708, 13.4923715591, 10.7301292419, 8.82753753662, 8.21761035919, 8.85732746124, 4.02205133438, 2.2394425869, 1.67156815529, 1.25439369678, 0.954156637192, 0.571071147919, 0.345221728086, 0.208038747311, 0.113434165716, 0.0486304052174, 0.010529643856, 0.00174005678855, 5.29018325324e-05], "dmean2": [0.091143026948, 0.812984108925, 2.90075278282, 5.12067699432, 8.01264286041, 8.83327198029, 9.22068214417, 14.1662044525, 12.7848739624, 11.1222515106, 28.5454654694, 44.2835502625, 41.9533538818, 52.573425293, 22.6264324188, 19.5715827942, 25.5208263397, 42.6750030518, 48.6516685486, 27.7088603973, 27.1986064911, 23.6072101593, 21.7632274628, 17.4560184479, 14.2389326096, 13.491768837, 14.0867729187, 6.32547998428, 3.44838142395, 2.52882313728, 1.87088644505, 1.40921139717, 0.815593838692, 0.486767560244, 0.291488528252, 0.159540951252, 0.0701049640775, 0.0150516126305, 0.00254882802255, 7.7774937381e-05], "dvar2": [0.027445718646, 1.7103947401, 23.1419620514, 75.4554748535, 217.645446777, 179.737701416, 170.996078491, 598.788452148, 516.130981445, 674.048461914, 4308.6640625, 11039.2617188, 9062.80175781, 23673.5800781, 3998.1081543, 1966.64160156, 5707.06787109, 15044.7851562, 15459.2910156, 3862.5480957, 2989.60083008, 1136.24975586, 1038.11962891, 559.493591309, 436.586853027, 478.588409424, 843.234924316, 94.3771209717, 23.462179184, 11.8270463943, 8.89546585083, 7.20688486099, 3.65767645836, 1.43102574348, 0.348799288273, 0.12311014533, 0.029486970976, 0.00136826036032, 4.19977659476e-05, 3.70590100829e-08], "max": [1.00094497204, 9.77276802063, 36.1003074646, 59.8328895569, 103.913368225, 194.453475952, 119.757080078, 241.580749512, 270.482055664, 548.16192627, 1214.32006836, 1480.0357666, 1308.69641113, 2242.57006836, 1493.56396484, 567.61920166, 1530.21728516, 2180.65576172, 3226.88989258, 1315.61901855, 1944.76599121, 717.061401367, 471.328979492, 288.533569336, 300.613616943, 260.608062744, 574.003295898, 164.15435791, 55.1320800781, 47.576965332, 67.5258636475, 91.8806915283, 73.8487472534, 43.3556098938, 16.1836872101, 6.06418514252, 2.70740151405, 0.464437514544, 0.10828448832, 0.00282066385262], "median": [0.0745345279574, 0.779048085213, 1.89245486259, 2.46185445786, 4.22532463074, 6.30576038361, 9.71943855286, 8.95184707642, 10.6693515778, 8.58994197845, 19.4882621765, 23.5728588104, 27.3435173035, 17.9522037506, 13.17395401, 11.5361061096, 10.0629281998, 17.6037120819, 24.9924964905, 20.155670166, 23.206829071, 25.9244651794, 20.7545776367, 17.7699890137, 13.9341220856, 10.8306121826, 8.95311069489, 6.41352748871, 4.44742202759, 3.28958582878, 2.18036484718, 1.44987916946, 0.922284066677, 0.556054353714, 0.293459355831, 0.133794188499, 0.0431953072548, 0.00806513242424, 0.00109321437776, 6.58722710796e-05], "var": [0.0137464711443, 1.07448577881, 9.96057033539, 36.5251197815, 79.8913726807, 142.817276001, 189.464248657, 482.192718506, 354.860015869, 389.456787109, 2724.39648438, 8133.00488281, 6576.46679688, 17676.8125, 2728.40551758, 1446.91003418, 4591.83398438, 12329.0742188, 12820.3574219, 3468.89941406, 3423.19677734, 1064.20788574, 1068.7064209, 746.625793457, 724.554626465, 901.560668945, 1364.90014648, 162.008361816, 38.1046829224, 21.9168262482, 15.8936729431, 10.7140579224, 5.32310533524, 2.22136878967, 0.574540555477, 0.138266995549, 0.0205994546413, 0.000899567094166, 2.23381557589e-05, 1.95598595099e-08]}, "gfcc": {"icov": [[0.000181692288606, -7.70626575104e-05, 0.000313033058774, -0.000138353192597, 0.000375921867089, -0.000351609342033, 0.000270053977147, -0.000503810762893, 0.00023740773031, -0.000603559135925, 0.000697497103829, -0.000675341638271, 0.00072118116077], [-7.70626575104e-05, 0.00221346248873, 0.000406602281146, 0.000183207288501, -0.00171206204686, 0.00133405812085, -0.00149510928895, -0.000166971949511, -0.000788044766523, 0.00219326489605, -0.003185009351, 0.00247143208981, -0.00117579905782], [0.000313033058774, 0.000406602281146, 0.0028005996719, -0.000895938952453, -0.00148575287312, -0.000170092622284, 0.00018826314772, -0.00141677097417, -2.64204918494e-05, -0.000562628556509, 0.00114810862578, -0.00234881136566, 0.00315044005401], [-0.000138353192597, 0.000183207288501, -0.000895938952453, 0.0045634326525, 0.000191520681255, -0.00110302329995, 0.000844121677801, -0.00200920528732, 0.000430664600572, 0.00109003123362, -0.00488004274666, 0.00497806770727, -0.00257218070328], [0.000375921867089, -0.00171206204686, -0.00148575287312, 0.000191520681255, 0.00896851997823, -0.00242922944017, -0.00130039663054, 0.000778589339461, -0.00250878371298, -0.00179357733577, 0.00422873301432, -0.00352283380926, 0.00203855126165], [-0.000351609342033, 0.00133405812085, -0.000170092622284, -0.00110302329995, -0.00242922944017, 0.00643634190783, -0.00435679312795, 0.00109611952212, 0.00077788461931, -0.00125758862123, -0.000169313003425, 0.000974792405032, -0.000463783042505], [0.000270053977147, -0.00149510928895, 0.00018826314772, 0.000844121677801, -0.00130039663054, -0.00435679312795, 0.0145519934595, -0.00611365400255, 0.000230992955039, 0.00117793690879, -0.00208871392533, 0.000358824705472, -0.00101175997406], [-0.000503810762893, -0.000166971949511, -0.00141677097417, -0.00200920528732, 0.000778589339461, 0.00109611952212, -0.00611365400255, 0.0160226225853, -0.00612240377814, 0.000841956760269, 0.00526278000325, -0.00130017183255, 0.00119968107902], [0.00023740773031, -0.000788044766523, -2.64204918494e-05, 0.000430664600572, -0.00250878371298, 0.00077788461931, 0.000230992955039, -0.00612240377814, 0.016853697598, -0.00817581638694, 0.00121850520372, 0.00183182919864, -0.0050279116258], [-0.000603559135925, 0.00219326489605, -0.000562628556509, 0.00109003123362, -0.00179357733577, -0.00125758862123, 0.00117793690879, 0.000841956760269, -0.00817581638694, 0.0246462579817, -0.0125471968204, 0.00174312107265, 0.00301456497982], [0.000697497103829, -0.003185009351, 0.00114810862578, -0.00488004274666, 0.00422873301432, -0.000169313003425, -0.00208871392533, 0.00526278000325, 0.00121850520372, -0.0125471968204, 0.0285696052015, -0.0138710346073, 0.000763169140555], [-0.000675341638271, 0.00247143208981, -0.00234881136566, 0.00497806770727, -0.00352283380926, 0.000974792405032, 0.000358824705472, -0.00130017183255, 0.00183182919864, 0.00174312107265, -0.0138710346073, 0.0274855997413, -0.00923815183342], [0.00072118116077, -0.00117579905782, 0.00315044005401, -0.00257218070328, 0.00203855126165, -0.000463783042505, -0.00101175997406, 0.00119968107902, -0.0050279116258, 0.00301456497982, 0.000763169140555, -0.00923815183342, 0.021612200886]], "mean": [20.4183330536, 81.1306610107, -115.245140076, 29.6910114288, -49.4100914001, 5.1048412323, -31.291727066, 11.5069932938, -20.3574810028, 2.7474398613, -19.8539962769, 0.352063387632, -7.60536766052], "cov": [[14523.9179688, -1470.02600098, -885.606872559, 61.6285705566, -718.528137207, 633.299255371, -268.768371582, 258.411590576, -311.455535889, 253.539489746, -290.626861572, 3.47426939011, -469.832763672], [-1470.02600098, 1106.84558105, -181.018676758, 49.2726669312, 129.115158081, -176.990463257, 132.369293213, 7.44006156921, 102.585296631, -76.0154037476, 101.814964294, -40.5260314941, 144.879852295], [-885.606872559, -181.018676758, 862.985595703, 54.4648971558, 266.052124023, 142.452224731, 76.4931259155, 107.307243347, 64.1348724365, 39.2685890198, -46.0881729126, 27.4841117859, -101.20778656], [61.6285705566, 49.2726669312, 54.4648971558, 357.221496582, -2.97186946869, 76.8607940674, 32.22706604, 46.7006340027, 17.3912811279, 10.6956586838, 42.6439857483, -37.5176620483, 21.0568580627], [-718.528137207, 129.115158081, 266.052124023, -2.97186946869, 281.488128662, 91.0710220337, 92.0174331665, 51.5695457458, 75.4805221558, 14.3394260406, -14.2127466202, 11.5215120316, -10.3004226685], [633.299255371, -176.990463257, 142.452224731, 76.8607940674, 91.0710220337, 328.970184326, 84.2370681763, 57.4295654297, 9.06876468658, 45.787197113, -22.2548389435, 1.08930003643, -46.1800231934], [-268.768371582, 132.369293213, 76.4931259155, 32.22706604, 92.0174331665, 84.2370681763, 145.337493896, 62.4480895996, 43.8354682922, -0.0355102345347, 5.9563331604, -3.16407322884, 13.9607973099], [258.411590576, 7.44006156921, 107.307243347, 46.7006340027, 51.5695457458, 57.4295654297, 62.4480895996, 133.039886475, 50.1050987244, 8.76943874359, -31.5765628815, -9.78395652771, -19.0295696259], [-311.455535889, 102.585296631, 64.1348724365, 17.3912811279, 75.4805221558, 9.06876468658, 43.8354682922, 50.1050987244, 115.526222229, 25.3313236237, 7.35573816299, -1.02870392799, 23.6841945648], [253.539489746, -76.0154037476, 39.2685890198, 10.6956586838, 14.3394260406, 45.787197113, -0.0355102345347, 8.76943874359, 25.3313236237, 78.1365432739, 22.566701889, 13.8837862015, -17.7736377716], [-290.626861572, 101.814964294, -46.0881729126, 42.6439857483, -14.2127466202, -22.2548389435, 5.9563331604, -31.5765628815, 7.35573816299, 22.566701889, 92.2054519653, 26.3109855652, 36.4796981812], [3.47426939011, -40.5260314941, 27.4841117859, -37.5176620483, 11.5215120316, 1.08930003643, -3.16407322884, -9.78395652771, -1.02870392799, 13.8837862015, 26.3109855652, 67.5475311279, 14.3075618744], [-469.832763672, 144.879852295, -101.20778656, 21.0568580627, -10.3004226685, -46.1800231934, 13.9607973099, -19.0295696259, 23.6841945648, -17.7736377716, 36.4796981812, 14.3075618744, 101.59664917]]}, "spectral_skewness": {"mean": 1.52266037464, "dvar": 0.0580011531711, "min": -0.00465740868822, "dmean": 0.165121808648, "dmean2": 0.262374967337, "dvar2": 0.14618486166, "max": 7.86845350266, "median": 1.48333334923, "var": 0.322468042374}, "spectral_energyband_low": {"mean": 0.00795670691878, "dvar": 2.9277844078e-05, "min": 1.03687763786e-22, "dmean": 0.00337255746126, "dmean2": 0.005396284163, "dvar2": 6.76007184666e-05, "max": 0.0563275255263, "median": 0.00653347466141, "var": 4.93595834996e-05}, "spectral_energyband_middle_low": {"mean": 0.0113096795976, "dvar": 2.4910303182e-05, "min": 2.33197885874e-22, "dmean": 0.00374740664847, "dmean2": 0.00602094875649, "dvar2": 6.24572712695e-05, "max": 0.0717594102025, "median": 0.00993878487498, "var": 5.7867342548e-05}, "mfcc": {"icov": [[0.000121117431263, -2.53606503975e-06, 0.000119499825814, 5.88416478422e-05, 0.000210039055673, -0.000209962090594, 3.50224145222e-05, -9.60428005783e-05, 8.03345392342e-05, -0.000345015432686, 0.000437603826867, -0.000442270567873, -1.5659474002e-06], [-2.53606503975e-06, 0.00178107456304, 0.000589599774685, -0.000617122626863, -0.00040609727148, 0.00088673713617, -2.55984668911e-05, -0.000727724924218, -0.000513261242304, 0.00103148072958, -0.00196718261577, 0.00148878816981, -0.00144844979513], [0.000119499825814, 0.000589599774685, 0.0034832903184, -0.00084320519818, -0.00145263574086, 0.000143625526107, 8.80781008163e-05, -0.00201187562197, 0.000943725113757, -0.000477654219139, -0.000146889782627, -0.00149966881145, 5.74571458856e-05], [5.88416478422e-05, -0.000617122626863, -0.00084320519818, 0.00665194680914, -0.00165756570641, 0.00116856128443, -0.00134117645212, 0.001115909894, 0.000458779075416, -0.00330908899195, 0.00382220046595, -0.00265037617646, -0.000257394538494], [0.000210039055673, -0.00040609727148, -0.00145263574086, -0.00165756570641, 0.0104014026001, -0.00362124480307, 0.00216778996401, -0.00151489279233, -0.00159563042689, -0.000708934501745, -0.000973047746811, -6.93721522111e-05, -0.00117814750411], [-0.000209962090594, 0.00088673713617, 0.000143625526107, 0.00116856128443, -0.00362124480307, 0.0115068228915, -0.0080828005448, 0.00270786392502, -0.000951667316258, 0.000616339442786, -0.0055983280763, 0.00571611523628, -0.00293563958257], [3.50224145222e-05, -2.55984668911e-05, 8.80781008163e-05, -0.00134117645212, 0.00216778996401, -0.0080828005448, 0.0167685225606, -0.00941433571279, 0.00430093845353, -0.00290771573782, 0.00430593872443, -0.00608415436, 0.00135405641049], [-9.60428005783e-05, -0.000727724924218, -0.00201187562197, 0.001115909894, -0.00151489279233, 0.00270786392502, -0.00941433571279, 0.022970655933, -0.0151694845408, 0.00712174922228, -0.00541440816596, 0.00450871698558, -0.00135245313868], [8.03345392342e-05, -0.000513261242304, 0.000943725113757, 0.000458779075416, -0.00159563042689, -0.000951667316258, 0.00430093845353, -0.0151694845408, 0.0268562529236, -0.0172161776572, 0.00740360654891, -0.00499905785546, 0.00138145452365], [-0.000345015432686, 0.00103148072958, -0.000477654219139, -0.00330908899195, -0.000708934501745, 0.000616339442786, -0.00290771573782, 0.00712174922228, -0.0172161776572, 0.0272143483162, -0.0136294560507, 0.00648362049833, 7.60155089665e-05], [0.000437603826867, -0.00196718261577, -0.000146889782627, 0.00382220046595, -0.000973047746811, -0.0055983280763, 0.00430593872443, -0.00541440816596, 0.00740360654891, -0.0136294560507, 0.02628108114, -0.0123990289867, 0.00589227676392], [-0.000442270567873, 0.00148878816981, -0.00149966881145, -0.00265037617646, -6.93721522111e-05, 0.00571611523628, -0.00608415436, 0.00450871698558, -0.00499905785546, 0.00648362049833, -0.0123990289867, 0.0268839132041, -0.0126687632874], [-1.5659474002e-06, -0.00144844979513, 5.74571458856e-05, -0.000257394538494, -0.00117814750411, -0.00293563958257, 0.00135405641049, -0.00135245313868, 0.00138145452365, 7.60155089665e-05, 0.00589227676392, -0.0126687632874, 0.0196633413434]], "mean": [-621.252502441, 113.175247192, -6.86885547638, 27.5491886139, 2.32391214371, 0.882111132145, -1.73396253586, 3.9028813839, 5.02727937698, 5.51292419434, -0.616093993187, -3.76071453094, -5.70227146149], "cov": [[10443.1455078, -198.903610229, -418.252624512, -61.0088844299, -265.961120605, 128.362731934, 136.395065308, -26.259967804, 23.0885047913, 52.683429718, -127.823608398, 144.342971802, 108.108863831], [-198.903610229, 735.668579102, -67.357383728, 44.7314109802, 42.4141960144, -37.4192733765, -12.033121109, 53.6697463989, 40.233253479, 6.63293123245, 39.3006324768, -4.75541400909, 38.7396659851], [-418.252624512, -67.357383728, 435.027008057, 89.0035400391, 110.776229858, 38.7434997559, 52.8047180176, 73.8443374634, 48.4033279419, 40.3110466003, 34.9577217102, 49.4318313599, 26.5794754028], [-61.0088844299, 44.7314109802, 89.0035400391, 218.95942688, 52.2249908447, -12.8654708862, 24.1000099182, 15.0007829666, 28.8942222595, 29.995141983, -10.9204359055, 36.7098388672, 31.2548351288], [-265.961120605, 42.4141960144, 110.776229858, 52.2249908447, 168.126052856, 65.9876174927, 32.0315208435, 52.664352417, 54.2941131592, 45.3439178467, 37.4596176147, 14.9056682587, 19.1933231354], [128.362731934, -37.4192733765, 38.7434997559, -12.8654708862, 65.9876174927, 194.537231445, 94.0216903687, 41.6888160706, 29.535320282, 39.2315330505, 43.5197067261, -0.716462254524, 10.6329097748], [136.395065308, -12.033121109, 52.8047180176, 24.1000099182, 32.0315208435, 94.0216903687, 137.924758911, 64.7167358398, 32.0707817078, 25.4714431763, 17.5342159271, 25.5768051147, 19.0681209564], [-26.259967804, 53.6697463989, 73.8443374634, 15.0007829666, 52.664352417, 41.6888160706, 64.7167358398, 121.574935913, 79.1806716919, 37.8257789612, 28.2475261688, 11.1802406311, 10.2463140488], [23.0885047913, 40.233253479, 48.4033279419, 28.8942222595, 54.2941131592, 29.535320282, 32.0707817078, 79.1806716919, 121.651176453, 74.212310791, 26.2024097443, 10.2385215759, 4.01370334625], [52.683429718, 6.63293123245, 40.3110466003, 29.995141983, 45.3439178467, 39.2315330505, 25.4714431763, 37.8257789612, 74.212310791, 103.2784729, 44.864074707, 3.31155753136, -6.734167099], [-127.823608398, 39.3006324768, 34.9577217102, -10.9204359055, 37.4596176147, 43.5197067261, 17.5342159271, 28.2475261688, 26.2024097443, 44.864074707, 83.4656982422, 17.5048885345, -3.63050484657], [144.342971802, -4.75541400909, 49.4318313599, 36.7098388672, 14.9056682587, -0.716462254524, 25.5768051147, 11.1802406311, 10.2385215759, 3.31155753136, 17.5048885345, 81.2460708618, 46.1590232849], [108.108863831, 38.7396659851, 26.5794754028, 31.2548351288, 19.1933231354, 10.6329097748, 19.0681209564, 10.2463140488, 4.01370334625, -6.734167099, -3.63050484657, 46.1590232849, 86.7503356934]]}, "silence_rate_20dB": {"mean": 1, "dvar": 0, "min": 1, "dmean": 0, "dmean2": 0, "dvar2": 0, "max": 1, "median": 1, "var": 0}, "dynamic_complexity": 3.21920156479, "silence_rate_60dB": {"mean": 0.0618397071958, "dvar": 0.00615507364273, "min": 0, "dmean": 0.00619364250451, "dmean2": 0.0123884128407, "dvar2": 0.0149668175727, "max": 1, "median": 0, "var": 0.0580159723759}, "dissonance": {"mean": 0.465562283993, "dvar": 0.000295783916954, "min": 0.150862857699, "dmean": 0.0159531030804, "dmean2": 0.0264108404517, "dvar2": 0.000788560719229, "max": 0.500000119209, "median": 0.475914418697, "var": 0.00116017111577}, "barkbands": {"mean": [4.41068696091e-05, 0.00444019585848, 0.00268825003877, 0.00140813656617, 0.00290535902604, 0.00204983702861, 0.00102851225529, 0.00113674777094, 0.00248369202018, 0.00165351422038, 0.000588980794419, 0.000585214875173, 0.000633256626315, 0.000812922313344, 0.000998053466901, 0.000590152048972, 0.000607367663179, 0.000567346753087, 0.000441069423687, 0.000486232718686, 0.000448917009635, 0.000169663559063, 0.000115712515253, 9.80241384241e-05, 7.30356914573e-05, 5.06405558554e-05, 1.41470891322e-05], "dvar": [3.05092062725e-09, 1.26332151922e-05, 1.00997804111e-05, 4.12045756093e-06, 4.87733541377e-06, 1.85124349628e-06, 8.48971808409e-07, 2.23257870857e-06, 8.82181757333e-06, 7.04231115378e-06, 1.73530668235e-06, 9.25511358219e-07, 1.53272605985e-06, 2.52217228081e-06, 1.9868725758e-06, 4.14605494825e-07, 1.57270491741e-07, 1.67140669305e-07, 5.73528353698e-08, 8.24362373919e-08, 9.57210772867e-08, 6.61880994457e-09, 4.02278432787e-09, 6.31236929394e-09, 3.95682020482e-09, 3.0860169975e-09, 4.23296731e-10], "min": [2.71279010114e-23, 6.8391924387e-23, 6.59210826587e-24, 1.42533770715e-23, 5.91238626689e-23, 3.99093693411e-23, 3.01071825258e-23, 5.25555385593e-23, 3.03405370479e-23, 4.9668291869e-23, 7.0679242359e-23, 6.06305996196e-23, 1.25020771474e-22, 1.09316153816e-22, 2.17033280267e-22, 3.15810227146e-22, 1.89741886255e-22, 1.95427402437e-22, 1.60324745607e-22, 2.76638045165e-22, 3.68210255977e-22, 7.83523560689e-22, 6.86027219049e-22, 8.50109832951e-22, 1.18017044739e-21, 1.74026300276e-21, 2.6583133234e-21], "dmean": [2.75696947938e-05, 0.0020590715576, 0.0017981173005, 0.00113793089986, 0.00147038430441, 0.000898994796444, 0.000507742748596, 0.000642522005364, 0.00137782015372, 0.0010039875051, 0.000406981795095, 0.000356150849257, 0.000423496938311, 0.00053031364223, 0.000569520692807, 0.000313040887704, 0.000287546543404, 0.000275531085208, 0.000173508989974, 0.000182027506526, 0.000165652454598, 6.08698828728e-05, 4.19527132181e-05, 3.75144081772e-05, 2.87003713311e-05, 2.50148877967e-05, 8.61006537889e-06], "dmean2": [4.37873932242e-05, 0.00334970629774, 0.00308798416518, 0.00191824231297, 0.00250073219649, 0.00149312766735, 0.000820976507384, 0.00101964734495, 0.00213587563485, 0.00157803099137, 0.000642790924758, 0.000567641574889, 0.000671302201226, 0.000836572260596, 0.000911547744181, 0.000504336087033, 0.000462187221274, 0.000444318633527, 0.000281960848952, 0.000298073369777, 0.000261796696577, 9.28855297389e-05, 6.17601035628e-05, 5.37394953426e-05, 3.91521825804e-05, 3.48744615621e-05, 1.2547067854e-05], "dvar2": [7.51346984629e-09, 3.15134784614e-05, 2.87779257633e-05, 1.04964719867e-05, 1.37997149068e-05, 5.22753498444e-06, 2.28264161706e-06, 5.41331701243e-06, 2.15918007598e-05, 1.77972560778e-05, 4.17487126469e-06, 2.34615345107e-06, 3.59795171789e-06, 5.91410071138e-06, 4.931368494e-06, 9.79337642093e-07, 4.02369664698e-07, 4.10696799236e-07, 1.49101381908e-07, 2.22504311864e-07, 2.43300348757e-07, 1.58330095701e-08, 8.75779448961e-09, 1.28986519243e-08, 6.93232093951e-09, 6.92036694616e-09, 1.05456143817e-09], "max": [0.000630823138636, 0.0408092103899, 0.0377760715783, 0.0216906983405, 0.0327912829816, 0.0235756374896, 0.0253494903445, 0.0435057990253, 0.0668024346232, 0.0608121603727, 0.0462177507579, 0.0329122915864, 0.0310553014278, 0.0379960201681, 0.0489818416536, 0.0297510940582, 0.0102065065876, 0.00747576821595, 0.00477068312466, 0.00450178747997, 0.00938794482499, 0.00130319525488, 0.00213328539394, 0.00413117511198, 0.00272923544981, 0.00136503996328, 0.000530237855855], "median": [2.17965971387e-05, 0.00314248376526, 0.00166186201386, 0.000697022420354, 0.00206160708331, 0.00142708932981, 0.000648688932415, 0.000650596921332, 0.00112018827349, 0.000535026483703, 0.000213477760553, 0.000262788147666, 0.000225391093409, 0.0002732219873, 0.000505218282342, 0.000355326774297, 0.000458571768831, 0.000354457326466, 0.000285873073153, 0.000237516942434, 0.000199037516722, 0.0001234820229, 7.87014432717e-05, 6.12702133367e-05, 4.64199183625e-05, 2.58843319898e-05, 5.35666822543e-06], "var": [4.50479609171e-09, 1.87502955669e-05, 1.18400093925e-05, 4.41810880147e-06, 8.23892332846e-06, 4.23073424827e-06, 1.63062827596e-06, 3.57275939677e-06, 1.63751155924e-05, 1.29109630507e-05, 2.30093291975e-06, 1.63209256243e-06, 2.6047200663e-06, 4.55924055132e-06, 3.6828755583e-06, 1.01799935237e-06, 3.81694889029e-07, 4.21422782892e-07, 2.22302546149e-07, 3.94697650563e-07, 4.12973321318e-07, 2.87910992824e-08, 1.70116276621e-08, 2.07089740911e-08, 1.34529702933e-08, 6.01198602013e-09, 5.55570756067e-10]}, "spectral_complexity": {"mean": 27.040802002, "dvar": 13.9602365494, "min": 0, "dmean": 3.65916752815, "dmean2": 5.58735656738, "dvar2": 27.3527984619, "max": 63, "median": 27, "var": 187.870849609}, "spectral_energyband_high": {"mean": 0.00121122645214, "dvar": 2.20113648197e-07, "min": 8.06726310086e-21, "dmean": 0.000333141157171, "dmean2": 0.000480028160382, "dvar2": 5.03210628722e-07, "max": 0.0108655653894, "median": 0.000795274914708, "var": 1.68000281064e-06}, "hfc": {"mean": 26.0420799255, "dvar": 39.5552635193, "min": 1.29224524338e-16, "dmean": 5.37787914276, "dmean2": 7.83450269699, "dvar2": 85.5102920532, "max": 114.11782074, "median": 24.9607200623, "var": 312.621673584}, "melbands_kurtosis": {"mean": 11.107585907, "dvar": 70.6408233643, "min": -1.69968783855, "dmean": 3.65155887604, "dmean2": 5.70758104324, "dvar2": 191.22718811, "max": 891.90411377, "median": 4.77756404877, "var": 1979.42736816}, "spectral_strongpeak": {"mean": 0.977576494217, "dvar": 1.38588058949, "min": 0, "dmean": 0.644973516464, "dmean2": 1.11273813248, "dvar2": 3.57799720764, "max": 16.1301422119, "median": 0.354231774807, "var": 2.03891444206}, "silence_rate_30dB": {"mean": 1, "dvar": 0, "min": 1, "dmean": 0, "dmean2": 0, "dvar2": 0, "max": 1, "median": 1, "var": 0}, "melbands_spread": {"mean": 28.8398475647, "dvar": 38.6226615906, "min": 0.284252852201, "dmean": 5.92168426514, "dmean2": 9.232878685, "dvar2": 88.50440979, "max": 151.007736206, "median": 27.6614685059, "var": 214.213043213}, "melbands_crest": {"mean": 12.2265968323, "dvar": 5.32591581345, "min": 2.40589547157, "dmean": 2.39155745506, "dmean2": 3.96461749077, "dvar2": 14.7827358246, "max": 31.5739173889, "median": 11.2997398376, "var": 21.9841213226}, "average_loudness": 0.933359861374, "spectral_flux": {"mean": 0.079493060708, "dvar": 0.000393713009544, "min": 1.06625201723e-10, "dmean": 0.0183104667813, "dmean2": 0.0279454290867, "dvar2": 0.000838733685669, "max": 0.223824590445, "median": 0.0790686756372, "var": 0.00174485659227}, "spectral_rolloff": {"mean": 1718.11352539, "dvar": 315372.5625, "min": 86.1328125, "dmean": 406.329345703, "dmean2": 658.92755127, "dvar2": 630852.875, "max": 19401.4160156, "median": 1593.45703125, "var": 1229160.5}, "melbands": {"mean": [0.00112147361506, 0.00155028165318, 0.00081132556079, 0.000632228679024, 0.000470630679047, 0.000367287866538, 0.000247412739554, 0.000152952590724, 0.000286271009827, 0.000340965081705, 0.000253149017226, 0.000239564076765, 8.50860596984e-05, 7.16718204785e-05, 4.77976973343e-05, 7.47140802559e-05, 7.93073850218e-05, 8.38417254272e-05, 6.2047954998e-05, 3.98900301661e-05, 3.98713273171e-05, 3.38889694831e-05, 3.00841056742e-05, 2.83429690171e-05, 2.07847970159e-05, 1.59194933076e-05, 1.75100631168e-05, 1.42392864291e-05, 1.57860558829e-05, 1.08647591333e-05, 4.93363450005e-06, 3.33886850967e-06, 3.19515402225e-06, 2.28363933275e-06, 1.93734149434e-06, 1.64712662354e-06, 1.37831432312e-06, 1.05014669316e-06, 8.00762961717e-07, 7.14501197763e-07], "dvar": [9.82513711278e-07, 1.3579580127e-06, 8.46478144467e-07, 3.12053771268e-07, 6.75938309769e-08, 9.07608352918e-08, 4.0320550454e-08, 3.13380787986e-08, 1.37618968665e-07, 1.9826607911e-07, 9.74812408572e-08, 1.7693820098e-07, 1.99146121815e-08, 1.45252370132e-08, 9.60211998802e-09, 1.86758128962e-08, 2.52076635121e-08, 1.93990583597e-08, 9.70263691613e-09, 1.93178406604e-09, 1.85715010037e-09, 5.92740412309e-10, 5.89251814009e-10, 4.83744599933e-10, 1.65734620472e-10, 1.02904608446e-10, 1.40893990919e-10, 1.0411514012e-10, 2.39926439827e-10, 5.49969618457e-11, 8.57883816069e-12, 3.76752882364e-12, 3.11532353733e-12, 1.56347070707e-12, 1.67875706825e-12, 1.47393187065e-12, 1.34507390035e-12, 9.30338596959e-13, 8.51107324808e-13, 5.84536542433e-13], "min": [2.78738321061e-23, 6.37141575016e-24, 1.00360264869e-23, 1.08706578907e-23, 1.12896400612e-23, 5.66262067695e-24, 5.41257504139e-24, 1.24251769353e-23, 4.15292392009e-24, 3.82051883944e-24, 6.11814406793e-24, 7.99752392195e-24, 1.09978522453e-23, 6.43780667838e-24, 8.96896589482e-24, 1.39483766243e-23, 1.04695386865e-23, 7.54986902406e-24, 2.13961954462e-23, 1.90582783581e-23, 2.00219098192e-23, 1.29478872152e-23, 1.06724037346e-23, 6.72257954871e-24, 5.55927555963e-24, 7.59086139214e-24, 8.24025168932e-24, 9.50727589908e-24, 8.92991018027e-24, 1.05113940684e-23, 8.4316238229e-24, 1.04441097552e-23, 1.71267161441e-23, 1.62972651899e-23, 1.11607354562e-23, 1.02184474158e-23, 1.0142891896e-23, 8.85091364922e-24, 9.00711678592e-24, 1.13059970921e-23], "dmean": [0.000552728015464, 0.00073389231693, 0.000542061636224, 0.00035936862696, 0.000188194971997, 0.000179289680091, 0.00011736749002, 7.69092512201e-05, 0.000158435868798, 0.000192113380763, 0.000139791009133, 0.00014606527111, 5.2042047173e-05, 4.3043284677e-05, 3.05169123749e-05, 4.79867012473e-05, 5.14225102961e-05, 5.02508955833e-05, 3.53987816197e-05, 2.09525314858e-05, 2.09135814657e-05, 1.66080117197e-05, 1.55425968842e-05, 1.48011795318e-05, 9.16352837521e-06, 6.66210280542e-06, 7.57957013775e-06, 5.90721037952e-06, 6.69423161526e-06, 4.56733096144e-06, 2.08280926017e-06, 1.37011363677e-06, 1.30285650357e-06, 9.00753491351e-07, 7.9965269606e-07, 6.80858192936e-07, 6.09157837062e-07, 4.47372968893e-07, 3.42383714269e-07, 3.08213571998e-07], "dmean2": [0.000889755203389, 0.0012397809187, 0.000911506300326, 0.000614777090959, 0.000308491667965, 0.000302235974232, 0.000191772604012, 0.000124155048979, 0.000251975492574, 0.000299258012092, 0.000216470929445, 0.000227201569942, 8.16636675154e-05, 6.84732294758e-05, 4.82589348394e-05, 7.50305334805e-05, 8.060442633e-05, 7.91700804257e-05, 5.62948262086e-05, 3.37392084475e-05, 3.35732838721e-05, 2.69581669272e-05, 2.53544003499e-05, 2.4042390578e-05, 1.51109470607e-05, 1.08376907519e-05, 1.23190820887e-05, 9.81159155344e-06, 1.07184932858e-05, 7.38080098017e-06, 3.31809883392e-06, 2.15895170186e-06, 2.0364732336e-06, 1.38650511872e-06, 1.22310393635e-06, 1.02813771719e-06, 9.17957891033e-07, 6.61115734601e-07, 5.03130195284e-07, 4.49576958772e-07], "dvar2": [2.44314287556e-06, 3.72154795514e-06, 2.13538373828e-06, 8.83821485331e-07, 1.80271385375e-07, 2.59236770717e-07, 1.09038751361e-07, 8.16314909002e-08, 3.38277232004e-07, 4.79074287796e-07, 2.40721988121e-07, 4.42835812464e-07, 4.9086938958e-08, 3.64860639479e-08, 2.30342980245e-08, 4.31580637894e-08, 5.8390028812e-08, 4.79708006651e-08, 2.36400463649e-08, 4.62773019905e-09, 4.23772616998e-09, 1.52441770318e-09, 1.50661050302e-09, 1.20666743264e-09, 4.32407470941e-10, 2.56708820867e-10, 3.73914454954e-10, 2.84945622653e-10, 5.95406390858e-10, 1.47756529234e-10, 2.2702220312e-11, 9.67068092272e-12, 7.7253021688e-12, 3.75798871188e-12, 3.84610572557e-12, 3.33482460396e-12, 2.95685264468e-12, 1.98837972996e-12, 1.79925952609e-12, 1.21968548542e-12], "max": [0.0107507165521, 0.0142499245703, 0.0093498416245, 0.00718462700024, 0.0038878028281, 0.00483632972464, 0.00374232488684, 0.00695739733055, 0.00967684295028, 0.0111729772761, 0.0064166514203, 0.00998768396676, 0.00397909060121, 0.00397853087634, 0.00348074361682, 0.00383978057653, 0.00457935314626, 0.00543514546007, 0.00329866749234, 0.00121035415214, 0.00210298062302, 0.00083643826656, 0.000477930530906, 0.000503314367961, 0.00023327836243, 0.000289775285637, 0.000231520098168, 0.000182554940693, 0.000507844029926, 0.000136725473567, 6.72083260724e-05, 3.51145827153e-05, 3.25178007188e-05, 2.62476642092e-05, 4.17543305957e-05, 5.6512260926e-05, 5.00601672684e-05, 4.80833768961e-05, 6.03378612141e-05, 3.72376998712e-05], "median": [0.000776104570832, 0.00132205581758, 0.000493178027682, 0.00040781518328, 0.000343808729667, 0.000213135092054, 0.000164671830134, 9.9195211078e-05, 0.000155895686476, 0.000153810775373, 0.000128917730763, 6.58520730212e-05, 3.81485951948e-05, 3.08430098812e-05, 1.7363767256e-05, 2.88251030724e-05, 2.81471548078e-05, 3.33910793415e-05, 3.1582560041e-05, 2.33480786846e-05, 2.57653809967e-05, 2.55794184341e-05, 2.04048774322e-05, 1.7452861357e-05, 1.36797098094e-05, 9.93376670522e-06, 9.44184648688e-06, 6.24203539701e-06, 5.13868008056e-06, 5.02331386087e-06, 3.14251178679e-06, 2.32846264225e-06, 2.23713777814e-06, 1.60174283792e-06, 1.22034452943e-06, 1.01474483927e-06, 8.08369918559e-07, 6.58510714402e-07, 4.97698465551e-07, 4.42406587808e-07], "var": [1.34100071136e-06, 1.89924082861e-06, 1.04400510281e-06, 5.20319929365e-07, 1.83421732913e-07, 2.01378114184e-07, 8.10525904171e-08, 4.83271378471e-08, 2.06947291304e-07, 3.47870837913e-07, 1.73679495674e-07, 3.33905973093e-07, 3.31864420389e-08, 2.76125167176e-08, 1.69210245815e-08, 3.26395834804e-08, 4.56559696715e-08, 3.90808025941e-08, 1.71649361391e-08, 4.27959712113e-09, 4.66542449118e-09, 1.27357135948e-09, 1.16957221685e-09, 1.16101650516e-09, 4.82202389129e-10, 3.70167230201e-10, 4.67164418261e-10, 4.03969163676e-10, 7.948448566e-10, 2.06153732973e-10, 2.95828951613e-11, 1.20883563576e-11, 1.1157879308e-11, 5.58449250385e-12, 5.63162841014e-12, 4.71042172281e-12, 3.90077683696e-12, 2.65079950178e-12, 2.33788834646e-12, 1.54038370601e-12]}, "spectral_energy": {"mean": 0.0271191205829, "dvar": 5.57176535949e-05, "min": 1.1368934321e-20, "dmean": 0.00629788637161, "dmean2": 0.00984247587621, "dvar2": 0.000124847108964, "max": 0.0792239457369, "median": 0.0270040035248, "var": 0.000220858244575}, "spectral_decrease": {"mean": -6.55947474115e-09, "dvar": 3.58374925054e-18, "min": -2.00851602017e-08, "dmean": 1.58672808226e-09, "dmean2": 2.49097964478e-09, "dvar2": 8.09303750591e-18, "max": 9.32892478892e-29, "median": -6.47752873562e-09, "var": 1.3036701462e-17}, "erbbands_spread": {"mean": 38.7041625977, "dvar": 32.292175293, "min": 2.77767062187, "dmean": 5.95232963562, "dmean2": 8.7770690918, "dvar2": 65.4085617065, "max": 166.223678589, "median": 39.3163566589, "var": 240.859603882}, "spectral_contrast_coeffs": {"mean": [-0.657112061977, -0.724492192268, -0.720048129559, -0.75493812561, -0.781376302242, -0.747453451157], "dvar": [0.00141671299934, 0.00127988285385, 0.00112405291293, 0.000686334678903, 0.000318460079143, 0.000195771295694], "min": [-0.945545256138, -0.95112746954, -0.962151408195, -0.9599583745, -0.9614803195, -0.959324359894], "dmean": [0.0440542697906, 0.042970713228, 0.0397826507688, 0.0316250547767, 0.0211738292128, 0.0156441424042], "dmean2": [0.0743896141648, 0.0713042840362, 0.0631470829248, 0.0503204166889, 0.0346756204963, 0.0251598581672], "dvar2": [0.00388235156424, 0.00343368761241, 0.00264888582751, 0.00164608890191, 0.000781294540502, 0.000456983485492], "max": [-0.355046927929, -0.402498304844, -0.335244238377, -0.489399820566, -0.594748020172, -0.57002055645], "median": [-0.666909098625, -0.736509084702, -0.732999384403, -0.765101671219, -0.785879850388, -0.751257896423], "var": [0.00496766390279, 0.0062651578337, 0.00685879634693, 0.00403153616935, 0.00151279882994, 0.00192038039677]}, "spectral_energyband_middle_high": {"mean": 0.0075516095385, "dvar": 1.31883416543e-05, "min": 1.6346791329e-21, "dmean": 0.00230546947569, "dmean2": 0.00345335970633, "dvar2": 3.07366281049e-05, "max": 0.0648733898997, "median": 0.00564955966547, "var": 5.33180173079e-05}, "erbbands_crest": {"mean": 8.52472686768, "dvar": 6.89651536942, "min": 2.45428776741, "dmean": 2.3093290329, "dmean2": 3.70594954491, "dvar2": 17.116645813, "max": 31.1259346008, "median": 6.96076011658, "var": 23.4315738678}, "barkbands_crest": {"mean": 8.71295547485, "dvar": 3.77162623405, "min": 2.1395509243, "dmean": 1.97400331497, "dmean2": 3.25468754768, "dvar2": 10.0660820007, "max": 26.3835334778, "median": 7.68885421753, "var": 19.5261421204}, "pitch_salience": {"mean": 0.558925747871, "dvar": 0.00253711035475, "min": 0.0357741490006, "dmean": 0.0553144849837, "dmean2": 0.0897314250469, "dvar2": 0.00655914936215, "max": 0.854211986065, "median": 0.574796915054, "var": 0.0156217413023}, "melbands_skewness": {"mean": 2.2193005085, "dvar": 0.265112370253, "min": -1.35050415993, "dmean": 0.491281747818, "dmean2": 0.749709665775, "dvar2": 0.589023888111, "max": 21.5156230927, "median": 2.02091550827, "var": 2.45850896835}, "spectral_spread": {"mean": 4512720.5, "dvar": 309855289344, "min": 899484.8125, "dmean": 410952.34375, "dmean2": 573231.3125, "dvar2": 447335923712, "max": 40982176, "median": 4374389.5, "var": 1615166308350.0}, "spectral_entropy": {"mean": 7.63811779022, "dvar": 0.0177524164319, "min": 4.3774805069, "dmean": 0.113931037486, "dmean2": 0.161453306675, "dvar2": 0.0315366722643, "max": 9.81554222107, "median": 7.8076710701, "var": 0.309125512838}, "erbbands_flatness_db": {"mean": 0.140822798014, "dvar": 0.000223195122089, "min": 0.040490347892, "dmean": 0.0145131433383, "dmean2": 0.0207201614976, "dvar2": 0.000438931165263, "max": 0.422165006399, "median": 0.130089148879, "var": 0.00272798119113}, "spectral_kurtosis": {"mean": 4.94495391846, "dvar": 8.60140419006, "min": -1.21016776562, "dmean": 1.32511711121, "dmean2": 2.20108127594, "dvar2": 23.6049156189, "max": 97.3281021118, "median": 3.97586965561, "var": 28.4128723145}, "erbbands_skewness": {"mean": 0.176948800683, "dvar": 0.0829135626554, "min": -3.08924889565, "dmean": 0.292221039534, "dmean2": 0.454769581556, "dvar2": 0.199946016073, "max": 7.51507616043, "median": 0.0840954333544, "var": 0.574754655361}, "erbbands_kurtosis": {"mean": 0.300772637129, "dvar": 1.55356609821, "min": -1.75877988338, "dmean": 0.673517048359, "dmean2": 1.05514335632, "dvar2": 3.82520365715, "max": 75.8473434448, "median": -0.580793261528, "var": 18.1236248016}, "barkbands_spread": {"mean": 27.1083908081, "dvar": 20.1377334595, "min": 0.0960488319397, "dmean": 4.58793497086, "dmean2": 6.98036050797, "dvar2": 43.3518753052, "max": 99.725769043, "median": 26.6644668579, "var": 137.119033813}, "zerocrossingrate": {"mean": 0.0674951002002, "dvar": 9.46864311118e-05, "min": 0.0029296875, "dmean": 0.00844296533614, "dmean2": 0.00982624851167, "dvar2": 0.000104026199551, "max": 0.51025390625, "median": 0.06640625, "var": 0.000832223973703}, "spectral_centroid": {"mean": 1573.72680664, "dvar": 46392.5585938, "min": 89.0440597534, "dmean": 204.193389893, "dmean2": 319.079467773, "dvar2": 94830.8046875, "max": 10913.0332031, "median": 1532.94677734, "var": 341942.28125}, "barkbands_skewness": {"mean": 1.43557107449, "dvar": 0.163130193949, "min": -1.90258836746, "dmean": 0.369294643402, "dmean2": 0.564888715744, "dvar2": 0.360830366611, "max": 37.9492721558, "median": 1.04162621498, "var": 8.0081281662}, "melbands_flatness_db": {"mean": 0.177046075463, "dvar": 0.000323649204802, "min": 0.00665970752016, "dmean": 0.0183519404382, "dmean2": 0.0275073498487, "dvar2": 0.00068831932731, "max": 0.695051491261, "median": 0.157808095217, "var": 0.00776822585613}, "spectral_contrast_valleys": {"mean": [-7.14721012115, -6.72699594498, -7.40927886963, -7.7020406723, -7.2728676796, -10.0721731186], "dvar": [0.118521511555, 0.111522085965, 0.100676417351, 0.090593367815, 0.0856422483921, 0.0996954068542], "min": [-27.6823101044, -27.0547389984, -27.2794189453, -27.3060283661, -27.2115802765, -27.2543067932], "dmean": [0.343323349953, 0.32670211792, 0.306368201971, 0.271809071302, 0.227913618088, 0.238012984395], "dmean2": [0.567370653152, 0.532644212246, 0.480308413506, 0.418916344643, 0.335735350847, 0.311490952969], "dvar2": [0.256813079119, 0.241167902946, 0.197187572718, 0.164739429951, 0.141598671675, 0.15719230473], "max": [-5.39702272415, -4.8870139122, -5.4017868042, -5.85736751556, -5.5502538681, -7.50935935974], "median": [-6.77330350876, -6.34367656708, -6.95181751251, -7.25790786743, -6.8975892067, -9.57639980316], "var": [1.62825095654, 1.96591973305, 2.20455098152, 2.00078511238, 1.94556236267, 2.25544500351]}, "barkbands_flatness_db": {"mean": 0.112448960543, "dvar": 0.000201944902074, "min": 0.0208794735372, "dmean": 0.0146190542728, "dmean2": 0.0221006125212, "dvar2": 0.000431231572293, "max": 0.556941390038, "median": 0.0908404439688, "var": 0.00593891739845}, "barkbands_kurtosis": {"mean": 13.5165596008, "dvar": 222.337280273, "min": -1.81792914867, "dmean": 2.51681852341, "dmean2": 3.99588990211, "dvar2": 637.9547