{"tonal": {"chords_key": "A#", "hpcp_entropy": {"dmean": 0.652385056019, "dmean2": 1.0849583149, "max": 4.56975460052, "dvar": 0.298825204372, "mean": 2.13191914558, "dvar2": 0.79067414999, "min": 0, "var": 0.66588383913, "median": 2.11645913124}, "key_key": "D#", "chords_strength": {"dmean": 0.0100889094174, "dmean2": 0.0108155580238, "max": 0.811654627323, "dvar": 7.62642885093e-05, "mean": 0.538483679295, "dvar2": 0.00010161568207, "min": 0.229365751147, "var": 0.00941122509539, "median": 0.540385127068}, "key_scale": "major", "chords_number_rate": 0.00238663493656, "thpcp": [1, 0.697557806969, 0.304768890142, 0.208360925317, 0.209131032228, 0.275251924992, 0.316650509834, 0.270433157682, 0.299932032824, 0.3393625319, 0.232209339738, 0.164767712355, 0.17814566195, 0.242466285825, 0.565275490284, 0.657283186913, 0.328224539757, 0.160710006952, 0.163130566478, 0.22159640491, 0.415428042412, 0.491574078798, 0.270374745131, 0.105553753674, 0.0929569453001, 0.101277165115, 0.133418396115, 0.146399259567, 0.135888412595, 0.201349228621, 0.264346927404, 0.199594706297, 0.146786555648, 0.166167274117, 0.258364021778, 0.665322542191], "key_strength": 0.757949769497, "tuning_nontempered_energy_ratio": 0.742340147495, "tuning_frequency": 441.272583008, "chords_changes_rate": 0.0523070804775, "tuning_diatonic_strength": 0.599388480186, "chords_scale": "minor", "chords_histogram": [21.3007164001, 0.855210840702, 2.26730298996, 1.31264913082, 2.46618938446, 2.04852819443, 0, 0, 2.78440737724, 0.377883851528, 0.298329353333, 0, 0.0198886245489, 0.616547346115, 0, 0.636435985565, 0, 3.38106608391, 0.875099420547, 47.7326965332, 1.92919647694, 2.72474145889, 6.88146400452, 1.49164676666], "tuning_equal_tempered_deviation": 0.0467153005302, "hpcp": {"dmean": [0.0864470377564, 0.121186353266, 0.179595738649, 0.228218689561, 0.240536302328, 0.151680991054, 0.116982586682, 0.123317688704, 0.141964510083, 0.147234320641, 0.131012350321, 0.125561982393, 0.124448738992, 0.0958710685372, 0.0727549493313, 0.0854872092605, 0.109526388347, 0.139341264963, 0.138293311, 0.11846293509, 0.0844243913889, 0.0843744277954, 0.103891283274, 0.135942041874, 0.138631001115, 0.0974097773433, 0.0495023466647, 0.0414618588984, 0.0448975451291, 0.0519580058753, 0.0572102069855, 0.0576309263706, 0.0692349225283, 0.074851565063, 0.0727984979749, 0.0728000998497], "dmean2": [0.158871620893, 0.219177469611, 0.312256187201, 0.405311793089, 0.430261164904, 0.274658352137, 0.21764332056, 0.232877954841, 0.26389554143, 0.26972424984, 0.239779174328, 0.227086335421, 0.221906930208, 0.1707932055, 0.130896031857, 0.15609768033, 0.199201762676, 0.238299831748, 0.239042252302, 0.209021821618, 0.154072076082, 0.154060468078, 0.186450466514, 0.232472121716, 0.233826875687, 0.167620196939, 0.0902535393834, 0.076002523303, 0.080892495811, 0.0916887819767, 0.101301118731, 0.103760689497, 0.120229788125, 0.128565222025, 0.129401862621, 0.13396589458], "max": [1, 1, 1, 1, 1, 1, 1, 1, 1, 1, 1, 1, 1, 1, 1, 1, 1, 1, 1, 1, 1, 1, 1, 1, 1, 1, 1, 1, 1, 1, 1, 1, 1, 1, 1, 1], "dvar": [0.0322892181575, 0.040581651032, 0.0521523058414, 0.0869543328881, 0.0796518474817, 0.0576112791896, 0.0510025955737, 0.0597345195711, 0.062306329608, 0.0647068843246, 0.0518857650459, 0.0466459691525, 0.0506913587451, 0.0340636409819, 0.0238538887352, 0.0323138125241, 0.041674874723, 0.0490550585091, 0.0555861927569, 0.0408025421202, 0.0364299491048, 0.0375011265278, 0.0405124798417, 0.0428128838539, 0.0435301586986, 0.0285322200507, 0.0153424479067, 0.0173006802797, 0.0167644545436, 0.0155486995354, 0.0180683154613, 0.0171843003482, 0.0201661214232, 0.0251437276602, 0.0242165159434, 0.0258742105216], "mean": [0.0667752027512, 0.103824950755, 0.267363399267, 0.401855319738, 0.280317306519, 0.12247300148, 0.083730943501, 0.0840404182673, 0.110611446202, 0.127247691154, 0.108675003052, 0.120529286563, 0.136374637485, 0.0933145582676, 0.0662127807736, 0.0715887844563, 0.0974363684654, 0.22715896368, 0.264132738113, 0.131898775697, 0.0645821690559, 0.0655548870564, 0.0890496969223, 0.166941970587, 0.19754165411, 0.108651526272, 0.0424173362553, 0.0373552441597, 0.0406987667084, 0.0536148920655, 0.0588313229382, 0.0546074807644, 0.0809132605791, 0.106229223311, 0.0802081972361, 0.0589869581163], "dvar2": [0.0917010083795, 0.114275023341, 0.13309687376, 0.212628513575, 0.219856277108, 0.158076003194, 0.142771691084, 0.171115964651, 0.182239040732, 0.180744200945, 0.145768925548, 0.127359271049, 0.133651763201, 0.092662319541, 0.0667453184724, 0.0924799889326, 0.116802722216, 0.115367397666, 0.127702608705, 0.111873686314, 0.101268261671, 0.10063803196, 0.108990460634, 0.109803907573, 0.102286078036, 0.076553337276, 0.044131513685, 0.0473354533315, 0.0479419194162, 0.0436342060566, 0.050393473357, 0.048455838114, 0.0545465648174, 0.0615225210786, 0.0657435208559, 0.0748429521918], "min": [0, 0, 0, 0, 0, 0, 0, 0, 0, 0, 0, 0, 0, 0, 0, 0, 0, 0, 0, 0, 0, 0, 0, 0, 0, 0, 0, 0, 0, 0, 0, 0, 0, 0, 0, 0], "var": [0.0237002987415, 0.0350457318127, 0.0978011414409, 0.161171555519, 0.0941985100508, 0.0493470616639, 0.0366352461278, 0.0414421670139, 0.0495713502169, 0.0562056452036, 0.0405675470829, 0.0472010448575, 0.0620210655034, 0.0329046659172, 0.0190104860812, 0.0236374847591, 0.0330801457167, 0.106587000191, 0.136021509767, 0.0430835261941, 0.0262395963073, 0.0285903792828, 0.0334107466042, 0.0581578053534, 0.0761781036854, 0.0321014411747, 0.0117777641863, 0.0157109349966, 0.0134834451601, 0.0149170747027, 0.0156489964575, 0.0136388540268, 0.0239327847958, 0.0473023913801, 0.0287683475763, 0.0189441666007], "median": [0.0124248173088, 0.0236862841994, 0.103986859322, 0.213214486837, 0.150163561106, 0.0260898843408, 0.0114437667653, 0.0100108291954, 0.0188096556813, 0.0256040766835, 0.0273138433695, 0.0289988182485, 0.0293634347618, 0.0206909328699, 0.0178015604615, 0.0169591177255, 0.0249759592116, 0.0441667102277, 0.0504089593887, 0.0321078337729, 0.0102525288239, 0.00896610599011, 0.0174802057445, 0.0601911768317, 0.0787238478661, 0.0375851616263, 0.00893711298704, 0.00590636115521, 0.00772124994546, 0.0133835589513, 0.0164865851402, 0.0172990635037, 0.0235361363739, 0.023442234844, 0.0168248787522, 0.0128320641816]}}, "lowlevel": {"melbands_flatness_db": {"dmean": 0.0341700538993, "dmean2": 0.0518899932504, "max": 0.635619282722, "dvar": 0.00162362575065, "mean": 0.210682481527, "dvar2": 0.00406411569566, "min": 0.00701864669099, "var": 0.00702615315095, "median": 0.197181403637}, "melbands_crest": {"dmean": 2.83704638481, "dmean2": 4.50366020203, "max": 39.4295463562, "dvar": 8.13627338409, "mean": 15.1659317017, "dvar2": 18.5242385864, "min": 2.43365645409, "var": 31.1985340118, "median": 14.8209257126}, "spectral_entropy": {"dmean": 0.176436111331, "dmean2": 0.2547057271, "max": 9.80749130249, "dvar": 0.0466744378209, "mean": 7.65213537216, "dvar2": 0.0926278159022, "min": 4.77579259872, "var": 0.248250290751, "median": 7.66210842133}, "melbands": {"dmean": [0.00129108619876, 0.00261794985272, 0.00161189457867, 0.000143916229717, 3.91676439904e-05, 2.66271217697e-05, 3.3030675695e-05, 3.71578389604e-05, 4.35195324826e-05, 6.13442825852e-05, 3.3204567444e-05, 4.43813914899e-05, 2.31558260566e-05, 1.91440267372e-05, 2.10984471778e-05, 2.85791084025e-05, 1.80773404281e-05, 1.20763443192e-05, 1.58003949764e-05, 1.65941091836e-05, 1.83706652024e-05, 9.62080321187e-06, 9.04566331883e-06, 6.90769684297e-06, 7.41787653169e-06, 6.23424330115e-06, 4.54748033007e-06, 4.10105349147e-06, 3.81576955988e-06, 3.47084073837e-06, 3.53822952093e-06, 4.19113712269e-06, 4.37315748059e-06, 4.2404526539e-06, 3.92993024434e-06, 3.12696374749e-06, 1.94284393729e-06, 1.76623336756e-06, 1.45992464695e-06, 1.19406900012e-06], "dmean2": [0.00233230250888, 0.00427734944969, 0.00259454967454, 0.000258963031229, 6.40909056528e-05, 3.93882473873e-05, 5.00173882756e-05, 5.42494817637e-05, 6.57357813907e-05, 9.16507196962e-05, 5.11404068675e-05, 6.79342338117e-05, 3.47202148987e-05, 3.03925990011e-05, 3.27238230966e-05, 4.42235359515e-05, 2.84886846202e-05, 1.82553376362e-05, 2.35831448663e-05, 2.59242842731e-05, 2.83777226286e-05, 1.48280369103e-05, 1.40498132168e-05, 1.09128986878e-05, 1.17011586553e-05, 9.93268622551e-06, 7.53392896513e-06, 6.97132554706e-06, 6.53110828353e-06, 5.8299056036e-06, 5.84438566875e-06, 6.93165475241e-06, 7.16152453606e-06, 6.75874980516e-06, 6.37445782559e-06, 5.1359106692e-06, 3.03701699522e-06, 2.69138513431e-06, 2.16185139834e-06, 1.73315163465e-06], "max": [0.0464836023748, 0.0951284170151, 0.0618631877005, 0.00628263689578, 0.00314760790206, 0.00376821239479, 0.00368136982433, 0.00467392988503, 0.00638822233304, 0.00857777986676, 0.00307354750112, 0.00417345063761, 0.00280589796603, 0.00287443143316, 0.00264948909171, 0.00211910088547, 0.00176657619886, 0.0017046041321, 0.00116803194396, 0.000973791233264, 0.00121550436597, 0.000546592986211, 0.000469096732559, 0.000568508228753, 0.00055144703947, 0.000442299351562, 0.000274642225122, 0.000404302758398, 0.000192514649825, 0.000205647738767, 0.000208543002373, 0.000264980481006, 0.00050936214393, 0.000299673498375, 0.000289358460577, 0.000207476172363, 0.000111641340482, 9.3077585916e-05, 0.000120452066767, 0.00013095929171], "dvar": [2.00350605155e-05, 4.37214876001e-05, 2.93783486995e-05, 1.49824742834e-07, 7.25957738368e-09, 5.23980814293e-09, 7.47252126843e-09, 1.55509791711e-08, 2.28770460353e-08, 5.56153167963e-08, 1.32357884652e-08, 2.39555628667e-08, 6.85161793967e-09, 5.16287368413e-09, 5.96993388058e-09, 6.35057295639e-09, 3.07740655181e-09, 1.40442013574e-09, 1.20018095462e-09, 1.44478851105e-09, 1.7761622173e-09, 3.33411992459e-10, 3.28378879644e-10, 2.27720786672e-10, 2.67024041767e-10, 2.37294767169e-10, 1.898795704e-10, 2.43240233511e-10, 1.95867502772e-10, 1.73292782901e-10, 1.58089735747e-10, 2.25045426738e-10, 2.67656397046e-10, 2.06730479957e-10, 2.2389162746e-10, 1.47537385087e-10, 5.05524649919e-11, 3.9820778619e-11, 2.21964200492e-11, 1.55319524603e-11], "mean": [0.00123821443412, 0.0026850386057, 0.00154575612396, 0.000177888519829, 7.73734427639e-05, 6.55407638988e-05, 7.30545725673e-05, 7.02869656379e-05, 7.44389471947e-05, 9.98432951747e-05, 5.20861249242e-05, 8.57024351717e-05, 4.07040570281e-05, 3.05130488414e-05, 3.39161888405e-05, 5.38737294846e-05, 3.17642297887e-05, 2.08280762308e-05, 2.79378073174e-05, 2.74181657005e-05, 3.05875255435e-05, 1.70327803062e-05, 1.61769985425e-05, 1.21044095067e-05, 1.21889752336e-05, 9.92807326838e-06, 6.12523672316e-06, 4.67522841063e-06, 4.16351804233e-06, 3.87386262446e-06, 4.25889038524e-06, 5.09252004122e-06, 5.33661341251e-06, 5.22363779965e-06, 4.48731179858e-06, 3.47060631611e-06, 2.36219693761e-06, 2.22018456952e-06, 1.98622637981e-06, 1.58503280545e-06], "dvar2": [5.6366687204e-05, 0.000109305670776, 7.14303459972e-05, 4.23280425821e-07, 1.81986763437e-08, 1.16575264997e-08, 1.53016017634e-08, 3.14273158608e-08, 4.65313689801e-08, 1.18115586645e-07, 3.13918029349e-08, 5.81387915588e-08, 1.49777434899e-08, 1.37220670382e-08, 1.40936009529e-08, 1.46492880049e-08, 7.54362527999e-09, 2.79783018975e-09, 2.65653876674e-09, 3.33345906434e-09, 4.27802859804e-09, 7.70469132938e-10, 7.42333361448e-10, 5.61491075857e-10, 6.20747342417e-10, 5.81938608413e-10, 5.18744047717e-10, 6.8495775718e-10, 5.50647527575e-10, 4.77639650054e-10, 4.2745029738e-10, 6.14433670609e-10, 7.22939152986e-10, 5.30496147011e-10, 6.02200789235e-10, 4.02601285643e-10, 1.30106522778e-10, 9.77920106005e-11, 4.90014626098e-11, 3.38433100988e-11], "min": [5.10683898137e-24, 1.42048463486e-23, 1.91914223017e-23, 1.19480415165e-23, 1.57686700077e-23, 1.09817997148e-23, 5.53334017965e-24, 1.18383188532e-23, 4.5442407387e-24, 4.90436796928e-24, 4.86173910925e-24, 1.30645471213e-23, 1.32868315583e-23, 2.56500773905e-23, 1.47900959433e-23, 8.02467335886e-24, 4.57201692561e-24, 8.49112681212e-24, 5.54157391535e-24, 7.41150913218e-24, 1.20817100526e-23, 4.48130857113e-24, 8.90392746863e-24, 6.60249204197e-24, 5.83694947067e-24, 8.33079083314e-24, 9.79724854606e-24, 1.42247130217e-23, 1.48203676917e-23, 1.75703415405e-23, 1.66975458349e-23, 1.44751022062e-23, 1.22712054861e-23, 1.02662697416e-23, 9.91060943586e-24, 9.3275181646e-24, 6.19836806655e-24, 1.08195649476e-23, 9.55711691993e-24, 9.69989522175e-24], "var": [1.24882135424e-05, 3.94311173295e-05, 2.58470772678e-05, 1.30306176516e-07, 1.91022682117e-08, 2.35157973094e-08, 3.20847597379e-08, 4.27672226522e-08, 6.25737328619e-08, 1.40204150512e-07, 2.6149690413e-08, 7.1669568058e-08, 1.58919153392e-08, 7.62692486944e-09, 1.02760830956e-08, 1.93020799344e-08, 7.79041720023e-09, 3.08009506789e-09, 2.78367306983e-09, 2.72078226615e-09, 3.3199509808e-09, 7.75935760089e-10, 7.8388712188e-10, 4.37040015289e-10, 5.09223385681e-10, 4.14843243091e-10, 2.10545539336e-10, 1.90854526627e-10, 1.57699492354e-10, 1.43278444664e-10, 1.50033624413e-10, 2.32410882206e-10, 2.97165236862e-10, 2.40349906644e-10, 2.12223613683e-10, 1.31401736714e-10, 5.37826207181e-11, 4.6929220926e-11, 3.45149950287e-11, 2.54710835756e-11], "median": [0.000484879215946, 0.000727489881683, 0.000311194220558, 6.93326292094e-05, 3.72743415937e-05, 2.05497181014e-05, 1.77526417247e-05, 1.63142503879e-05, 1.35381233122e-05, 1.26502063722e-05, 7.44007138564e-06, 7.12414839654e-06, 5.79433753956e-06, 5.13852819495e-06, 5.27939118911e-06, 7.90148897067e-06, 8.13287806523e-06, 8.07941523817e-06, 9.01772546058e-06, 8.81812957232e-06, 1.0240388292e-05, 6.65181551085e-06, 5.59987483939e-06, 4.08795676776e-06, 4.39973337052e-06, 2.96355710816e-06, 1.41231089401e-06, 6.80046753132e-07, 5.32183719315e-07, 5.15216129315e-07, 5.25193854628e-07, 4.89914555146e-07, 3.82939646215e-07, 3.25410866253e-07, 2.21208168227e-07, 1.65003143593e-07, 1.42648303836e-07, 1.21190751656e-07, 1.0877519685e-07, 8.87520457127e-08]}, "silence_rate_60dB": {"dmean": 0.0549089834094, "dmean2": 0.10982888937, "max": 1, "dvar": 0.0518973208964, "mean": 0.214939326048, "dvar2": 0.107727356255, "min": 0, "var": 0.168729603291, "median": 0}, "spectral_energyband_middle_high": {"dmean": 0.00122482550796, "dmean2": 0.00175627495628, "max": 0.0535545051098, "dvar": 4.6068194024e-06, "mean": 0.00359590910375, "dvar2": 9.63589354797e-06, "min": 1.34429461217e-21, "var": 2.54940096056e-05, "median": 0.00166111066937}, "erbbands_skewness": {"dmean": 0.400928586721, "dmean2": 0.607346713543, "max": 5.78558588028, "dvar": 0.177791520953, "mean": -0.271249622107, "dvar2": 0.387644916773, "min": -4.92324018478, "var": 0.987543821335, "median": -0.355446219444}, "dynamic_complexity": 5.72971773148, "dissonance": {"dmean": 0.013302737847, "dmean2": 0.0219411849976, "max": 0.5, "dvar": 0.000266310089501, "mean": 0.473470121622, "dvar2": 0.00070181308547, "min": 0.23741966486, "var": 0.00070585339563, "median": 0.48226827383}, "spectral_skewness": {"dmean": 0.235401540995, "dmean2": 0.380639970303, "max": 5.93340492249, "dvar": 0.0731993690133, "mean": 1.43429744244, "dvar2": 0.181341961026, "min": -0.139665752649, "var": 0.286856859922, "median": 1.39750528336}, "spectral_kurtosis": {"dmean": 1.67811226845, "dmean2": 2.81816625595, "max": 59.6142807007, "dvar": 5.09405517578, "mean": 4.30564117432, "dvar2": 13.5482130051, "min": -1.1898804903, "var": 12.9498338699, "median": 3.70707321167}, "gfcc": {"cov": [[21005.0722656, -944.54901123, -821.35369873, -312.88961792, -552.019958496, 623.690856934, -176.565582275, 452.94543457, -448.044158936, 154.90246582, -519.514160156, 157.620895386, -573.179077148], [-944.54901123, 2130.1887207, -599.210021973, -194.398544312, 314.765563965, -363.519714355, 104.327690125, -175.552764893, 266.369720459, -157.875, 363.858978271, -184.856323242, 281.082092285], [-821.35369873, -599.210021973, 1212.11791992, 393.631591797, 32.0530891418, 219.118103027, 54.5985794067, 41.4596672058, -57.3575439453, 75.8363876343, -122.674659729, 71.3554458618, -80.4892730713], [-312.88961792, -194.398544312, 393.631591797, 637.751586914, 93.8375396729, 29.6438598633, -10.9666309357, -75.5404891968, 62.7335624695, -36.9720878601, -23.2812786102, -47.5413665771, 51.0946731567], [-552.019958496, 314.765563965, 32.0530891418, 93.8375396729, 459.466491699, -43.5348091125, 11.7519674301, -19.4500312805, 50.4592170715, 16.0853633881, 21.4609775543, -2.23155117035, 70.2473907471], [623.690856934, -363.519714355, 219.118103027, 29.6438598633, -43.5348091125, 312.687988281, 93.1068725586, 62.4067497253, -80.0261459351, -3.7020277977, -66.9801483154, 14.3197393417, -75.3588943481], [-176.565582275, 104.327690125, 54.5985794067, -10.9666309357, 11.7519674301, 93.1068725586, 242.561630249, 62.8573265076, -23.9632492065, -44.2520713806, 20.6566333771, -2.16000270844, -4.93681001663], [452.94543457, -175.552764893, 41.4596672058, -75.5404891968, -19.4500312805, 62.4067497253, 62.8573265076, 154.663864136, -16.6281890869, 27.4715499878, -53.695930481, 36.6487045288, -49.7555046082], [-448.044158936, 266.369720459, -57.3575439453, 62.7335624695, 50.4592170715, -80.0261459351, -23.9632492065, -16.6281890869, 169.513870239, 11.5340194702, 48.2330818176, -53.8844451904, 52.8812408447], [154.90246582, -157.875, 75.8363876343, -36.9720878601, 16.0853633881, -3.7020277977, -44.2520713806, 27.4715499878, 11.5340194702, 148.676376343, -1.95311939716, 34.2293548584, -46.6180458069], [-519.514160156, 363.858978271, -122.674659729, -23.2812786102, 21.4609775543, -66.9801483154, 20.6566333771, -53.695930481, 48.2330818176, -1.95311939716, 165.136993408, -22.8878479004, 55.5392036438], [157.620895386, -184.856323242, 71.3554458618, -47.5413665771, -2.23155117035, 14.3197393417, -2.16000270844, 36.6487045288, -53.8844451904, 34.2293548584, -22.8878479004, 121.343048096, -7.933573246], [-573.179077148, 281.082092285, -80.4892730713, 51.0946731567, 70.2473907471, -75.3588943481, -4.93681001663, -49.7555046082, 52.8812408447, -46.6180458069, 55.5392036438, -7.933573246, 134.947479248]], "mean": [-72.4893341064, 84.0561599731, -116.979103088, 53.4081459045, -43.2551956177, 25.3638858795, -39.3953819275, 15.9118089676, -19.2235336304, -0.449339836836, -18.664270401, -4.25333023071, -13.9362974167], "icov": [[9.15685668588e-05, -0.000233781916904, 0.000187324389117, -0.000258018029854, 0.00016497609613, -0.000301214342471, 0.000248155440204, -0.000278303341474, 0.00029471309972, -0.0002488475875, 0.000395229522837, -0.000260243919911, 0.000358263263479], [-0.000233781916904, 0.00253286398947, -0.000608535832725, 0.00184643745888, -0.00143888231833, 0.00184136733878, -0.00161476794165, 0.00143193651456, -0.00215042033233, 0.00213122018613, -0.00325998547487, 0.00223465403542, -0.00203259312548], [0.000187324389117, -0.000608535832725, 0.00183387950528, -0.00157958839554, 0.000401228258852, -0.00128491059877, 0.000194084772374, -0.000425349484431, 0.000746625999454, -0.00143281777855, 0.00149342766963, -0.00148152606562, 0.00118964712601], [-0.000258018029854, 0.00184643745888, -0.00157958839554, 0.00406734831631, -0.00136514916085, 0.00134270591661, -0.00119719444774, 0.00233190925792, -0.0026157812681, 0.00230833026581, -0.00191700039431, 0.00243052607402, -0.00239326991141], [0.00016497609613, -0.00143888231833, 0.000401228258852, -0.00136514916085, 0.00336415623315, -0.000956253439654, 0.000499421556015, -0.000799380883109, 0.00108116318006, -0.00218833400868, 0.00222533498891, -0.00125302525703, -0.000276889302768], [-0.000301214342471, 0.00184136733878, -0.00128491059877, 0.00134270591661, -0.000956253439654, 0.00666408799589, -0.00284968619235, 0.000623992818873, -0.000241006724536, 0.00186951761134, -0.00181458471343, 0.00243112817407, -0.000414489593823], [0.000248155440204, -0.00161476794165, 0.000194084772374, -0.00119719444774, 0.000499421556015, -0.00284968619235, 0.00765095464885, -0.004598448053, 0.0022258348763, 0.00108694855589, -0.000587669434026, -0.000831452256534, 0.00141582195647], [-0.000278303341474, 0.00143193651456, -0.000425349484431, 0.00233190925792, -0.000799380883109, 0.000623992818873, -0.004598448053, 0.0124480007216, -0.00412634154782, -8.86074667505e-06, 0.00169754796661, -0.00168697268236, 0.000700776174199], [0.00029471309972, -0.00215042033233, 0.000746625999454, -0.0026157812681, 0.00108116318006, -0.000241006724536, 0.0022258348763, -0.00412634154782, 0.0121375070885, -0.00445378897712, 0.00136730447412, 0.00300764548592, -0.0016514994204], [-0.0002488475875, 0.00213122018613, -0.00143281777855, 0.00230833026581, -0.00218833400868, 0.00186951761134, 0.00108694855589, -8.86074667505e-06, -0.00445378897712, 0.0127162504941, -0.00509672705084, -0.00124167138711, 0.00315773766488], [0.000395229522837, -0.00325998547487, 0.00149342766963, -0.00191700039431, 0.00222533498891, -0.00181458471343, -0.000587669434026, 0.00169754796661, 0.00136730447412, -0.00509672705084, 0.0139876557514, -0.00267370510846, 0.000307725538732], [-0.000260243919911, 0.00223465403542, -0.00148152606562, 0.00243052607402, -0.00125302525703, 0.00243112817407, -0.000831452256534, -0.00168697268236, 0.00300764548592, -0.00124167138711, -0.00267370510846, 0.0147911543027, -0.00584393041208], [0.000358263263479, -0.00203259312548, 0.00118964712601, -0.00239326991141, -0.000276889302768, -0.000414489593823, 0.00141582195647, 0.000700776174199, -0.0016514994204, 0.00315773766488, 0.000307725538732, -0.00584393041208, 0.0162720419466]]}, "spectral_complexity": {"dmean": 3.58758568764, "dmean2": 5.17071247101, "max": 60, "dvar": 29.1622657776, "mean": 13.6934556961, "dvar2": 53.9863510132, "min": 0, "var": 119.488822937, "median": 12}, "spectral_flux": {"dmean": 0.0357987470925, "dmean2": 0.0558606721461, "max": 0.601490855217, "dvar": 0.00405984697863, "mean": 0.0718094483018, "dvar2": 0.00897683575749, "min": 1.04071556928e-10, "var": 0.00630756188184, "median": 0.0441384613514}, "spectral_energyband_low": {"dmean": 0.0134282186627, "dmean2": 0.0221226774156, "max": 0.376872956753, "dvar": 0.00117320055142, "mean": 0.0134282307699, "dvar2": 0.00295590329915, "min": 8.6192924123e-23, "var": 0.0010107064154, "median": 0.00396819692105}, "spectral_decrease": {"dmean": 3.94214705324e-09, "dmean2": 6.32168095649e-09, "max": -1.76811036741e-29, "dvar": 9.02423608049e-17, "mean": -5.15990672412e-09, "dvar2": 2.22701399566e-16, "min": -1.06891640428e-07, "var": 8.7342900852e-17, "median": -2.27996355129e-09}, "barkbands_spread": {"dmean": 8.44467067719, "dmean2": 13.5956468582, "max": 118.428596497, "dvar": 128.466690063, "mean": 28.2567005157, "dvar2": 348.975372314, "min": 0.401859939098, "var": 313.287536621, "median": 25.8269577026}, "spectral_rms": {"dmean": 0.00115098676179, "dmean2": 0.00169025582727, "max": 0.0201173610985, "dvar": 4.55550252809e-06, "mean": 0.00358978076838, "dvar2": 1.01586329038e-05, "min": 3.25064931569e-12, "var": 7.6931055446e-06, "median": 0.00302560976706}, "spectral_centroid": {"dmean": 318.198486328, "dmean2": 501.565063477, "max": 10923.125, "dvar": 170182.671875, "mean": 1605.7598877, "dvar2": 440693, "min": 139.341644287, "var": 530503.875, "median": 1588.99487305}, "barkbands_skewness": {"dmean": 0.818036258221, "dmean2": 1.28953909874, "max": 21.073141098, "dvar": 1.44251513481, "mean": 1.7531696558, "dvar2": 3.68372130394, "min": -3.78669595718, "var": 4.88396024704, "median": 1.14888954163}, "spectral_rolloff": {"dmean": 740.39239502, "dmean2": 1280.17333984, "max": 19035.3515625, "dvar": 1736313.5, "mean": 1771.71948242, "dvar2": 4484283, "min": 21.533203125, "var": 2995180.75, "median": 1571.92382813}, "erbbands_spread": {"dmean": 11.7116355896, "dmean2": 17.7939987183, "max": 169.916885376, "dvar": 222.37739563, "mean": 43.9634971619, "dvar2": 511.135101318, "min": 2.85217285156, "var": 774.367126465, "median": 36.5548095703}, "barkbands": {"dmean": [0.000118606243632, 0.00539477914572, 0.00633067032322, 0.00272158789448, 0.000478326546727, 0.000135414738907, 0.000189545447938, 0.00019188960141, 0.000386857253034, 0.000273507321253, 0.000228459539358, 0.000180981311132, 0.000256121653365, 0.000181843992323, 0.000185074080946, 0.000278723484371, 0.000161662421306, 0.000155946268933, 0.000162831609487, 0.000129927531816, 0.000142005519592, 0.000207309538382, 0.000233195518376, 0.000148196937516, 0.000109748689283, 6.46287808195e-05, 1.07814657202e-09], "dmean2": [0.000199272893951, 0.00975215621293, 0.00992309302092, 0.0046473518014, 0.000851446238812, 0.000203258838155, 0.000280989537714, 0.0002921182313, 0.00058311020257, 0.000414438982261, 0.000352062808815, 0.000284786714474, 0.000400460005039, 0.00028711053892, 0.000273855548585, 0.000431055814261, 0.000247339339694, 0.000243088230491, 0.000254248821875, 0.00021852752252, 0.000235753323068, 0.00033567394712, 0.00037106371019, 0.000222910763114, 0.000157461065101, 0.000100654469861, 2.03696348677e-09], "max": [0.00384941208176, 0.184905096889, 0.250679403543, 0.113437511027, 0.0219947174191, 0.0158310420811, 0.0187152326107, 0.0253310650587, 0.0464594177902, 0.028254032135, 0.0194842796773, 0.0227940212935, 0.0178086012602, 0.0165378525853, 0.0199033822864, 0.0195846483111, 0.00720365252346, 0.00936066452414, 0.0102496501058, 0.0117329042405, 0.00671390863135, 0.0177607499063, 0.0127603402361, 0.00754076614976, 0.0119544612244, 0.019828915596, 8.7390662884e-07], "dvar": [1.39274234812e-07, 0.000339358870406, 0.000341009610565, 9.95143564069e-05, 1.44624209497e-06, 1.13749500485e-07, 2.87090387019e-07, 5.18450008258e-07, 1.96768269234e-06, 9.36766184623e-07, 6.64666345074e-07, 4.15415314592e-07, 5.08849495873e-07, 2.81930311985e-07, 1.96621158466e-07, 3.88977582588e-07, 9.23075589299e-08, 9.80791980965e-08, 1.34109114924e-07, 2.10630631159e-07, 2.56321413872e-07, 5.39216330253e-07, 6.95759865721e-07, 2.68397172931e-07, 1.25523399674e-07, 1.13837309357e-07, 1.523819816e-16], "mean": [0.000102874153526, 0.00506279151887, 0.00640836497769, 0.00239258096553, 0.000635115720797, 0.000322665437125, 0.000401844474254, 0.000308937014779, 0.000638282799628, 0.000457932561403, 0.000388291286072, 0.000284745532554, 0.000478085596114, 0.000313225871651, 0.000329275586409, 0.000453645450762, 0.000285858288407, 0.000282220222289, 0.000275943020824, 0.000157254136866, 0.000168029189808, 0.000260839326074, 0.000278127758065, 0.000191885032109, 0.000148781109601, 6.65389088681e-05, 8.52097670201e-10], "dvar2": [3.48997019728e-07, 0.00095609104028, 0.000789640471339, 0.000260015658569, 4.05582795793e-06, 2.6030141953e-07, 5.83800044751e-07, 1.05398180494e-06, 4.23864503318e-06, 2.14918122765e-06, 1.5498387711e-06, 1.06163440705e-06, 1.1899154515e-06, 6.87387512244e-07, 4.29144819236e-07, 9.24672519886e-07, 2.08702587656e-07, 2.34374738284e-07, 3.20656170061e-07, 5.87811427977e-07, 7.00330531345e-07, 1.44989780893e-06, 1.83436304724e-06, 6.57636519463e-07, 2.66036749963e-07, 2.95827817354e-07, 4.55237698683e-16], "min": [7.88731532033e-24, 1.63985186425e-23, 4.102459778e-23, 4.13609491374e-23, 7.88607333772e-23, 4.95160164707e-23, 3.45418019698e-23, 4.24283000302e-23, 3.13250196804e-23, 6.32581690772e-23, 8.35207998016e-23, 2.0374805483e-22, 1.03646042511e-22, 6.44489514581e-23, 8.07976519567e-23, 1.62666110017e-22, 7.53686922744e-23, 1.74910733257e-22, 1.8049945305e-22, 4.0390622456e-22, 7.08738183722e-22, 6.9411313168e-22, 6.221108055e-22, 7.97137507621e-22, 1.02637745745e-21, 2.11452628312e-21, 2.15281872742e-21], "var": [1.11194026431e-07, 0.000211819569813, 0.000345105974702, 7.33599008527e-05, 1.50782193487e-06, 4.9244232514e-07, 1.06174923076e-06, 1.27075463752e-06, 4.94761661685e-06, 2.20353831537e-06, 1.57533406764e-06, 6.86630812652e-07, 1.40257316161e-06, 6.28255008905e-07, 4.47856479013e-07, 7.26040070731e-07, 2.13334672594e-07, 2.22454644927e-07, 2.66681581707e-07, 1.77265718548e-07, 2.31268771245e-07, 6.10017877989e-07, 7.2237708082e-07, 3.28899233182e-07, 2.12044128034e-07, 1.02342340824e-07, 7.82330747392e-17], "median": [9.13290386961e-06, 0.00190426397603, 0.000868423201609, 0.000374042254407, 0.000259864493273, 0.000113374255307, 8.54955724208e-05, 5.18107917742e-05, 8.9586363174e-05, 4.34934081568e-05, 4.57431160612e-05, 4.6816374379e-05, 7.49066966819e-05, 9.53005073825e-05, 0.000111673900392, 0.000147002079757, 0.000111969711725, 9.66783918557e-05, 9.37040749704e-05, 2.92681706924e-05, 2.31279154832e-05, 2.34891613218e-05, 1.46577021951e-05, 1.16244973469e-05, 8.79628532857e-06, 2.4272067094e-06, 2.13934842064e-10]}, "melbands_kurtosis": {"dmean": 18.9457836151, "dmean2": 31.7221984863, "max": 845.245117188, "dvar": 2127.31445313, "mean": 30.2682552338, "dvar2": 5762.93310547, "min": -1.79106152058, "var": 5119.42382813, "median": 7.00801563263}, "erbbands_crest": {"dmean": 2.62404417992, "dmean2": 4.24168109894, "max": 31.2607727051, "dvar": 6.4156537056, "mean": 9.09180545807, "dvar2": 15.8485660553, "min": 2.21024942398, "var": 18.5125331879, "median": 8.12055587769}, "melbands_skewness": {"dmean": 1.2119576931, "dmean2": 1.90244519711, "max": 20.5286521912, "dvar": 2.82795500755, "mean": 3.50681352615, "dvar2": 7.05271482468, "min": -2.18729877472, "var": 10.2742824554, "median": 2.56305384636}, "spectral_energyband_middle_low": {"dmean": 0.00355607760139, "dmean2": 0.00588376959786, "max": 0.118515238166, "dvar": 0.000114402922918, "mean": 0.00478005083278, "dvar2": 0.000295484875096, "min": 2.81759178701e-22, "var": 9.76472510956e-05, "median": 0.00212520360947}, "spectral_contrast_coeffs": {"dmean": [0.0471405871212, 0.0413534864783, 0.0347160473466, 0.0317180305719, 0.0254918579012, 0.0201802905649], "dmean2": [0.0752037763596, 0.0661791190505, 0.0549122579396, 0.0498514808714, 0.0402588993311, 0.0322697386146], "max": [-0.281744718552, -0.394946157932, -0.406305521727, -0.542489409447, -0.480442464352, -0.562604784966], "dvar": [0.00217832648195, 0.00123788486235, 0.000867153459694, 0.00070726062404, 0.000526544405147, 0.000410217413446], "mean": [-0.673887729645, -0.751351833344, -0.786882162094, -0.770460546017, -0.779814362526, -0.779643416405], "dvar2": [0.00490795494989, 0.00312603777274, 0.00202228897251, 0.00166819710284, 0.00116032722872, 0.000984137528576], "min": [-0.955363929272, -0.969674706459, -0.959192156792, -0.959660053253, -0.959085583687, -0.959371805191], "var": [0.00665716268122, 0.00707172229886, 0.00564900133759, 0.0040351646021, 0.00343310460448, 0.00188835163135], "median": [-0.685553431511, -0.761108517647, -0.798879742622, -0.771321415901, -0.781886577606, -0.781807184219]}, "spectral_contrast_valleys": {"dmean": [0.45126542449, 0.382352232933, 0.36568570137, 0.349906235933, 0.360877782106, 0.421232223511], "dmean2": [0.709339618683, 0.593076229095, 0.545289456844, 0.49776032567, 0.497963577509, 0.537653923035], "max": [-5.00965547562, -5.71116781235, -4.99509716034, -5.48083114624, -5.39533805847, -7.09443473816], "dvar": [0.284065961838, 0.157368183136, 0.148018032312, 0.149998933077, 0.216643050313, 0.360290765762], "mean": [-7.78096246719, -7.90862226486, -8.30153179169, -8.32034873962, -8.16412353516, -10.5681114197], "dvar2": [0.590917050838, 0.315958231688, 0.277100592852, 0.248920992017, 0.377247780561, 0.637578964233], "min": [-27.2568626404, -27.1274814606, -27.4455032349, -27.283996582, -27.1896152496, -27.2452011108], "var": [2.10951924324, 1.93119692802, 2.13151979446, 2.02438616753, 1.97926390171, 2.54221439362], "median": [-7.41161155701, -7.60471057892, -8.06114959717, -8.00839233398, -7.9748506546, -10.5047836304]}, "silence_rate_20dB": {"dmean": 0, "dmean2": 0, "max": 1, "dvar": 0, "mean": 1, "dvar2": 0, "min": 1, "var": 0, "median": 1}, "silence_rate_30dB": {"dmean": 0.0479458868504, "dmean2": 0.0959013104439, "max": 1, "dvar": 0.0456437058747, "mean": 0.959916472435, "dvar2": 0.105405919254, "min": 0, "var": 0.038480296731, "median": 1}, "spectral_strongpeak": {"dmean": 0.379544705153, "dmean2": 0.641320288181, "max": 14.7181987762, "dvar": 0.530245661736, "mean": 0.622880160809, "dvar2": 1.36017429829, "min": 0, "var": 0.854982435703, "median": 0.241054862738}, "spectral_spread": {"dmean": 654403.4375, "dmean2": 917275.125, "max": 40247192, "dvar": 756121993216, "mean": 4817752, "dvar2": 1357375209470.0, "min": 1315471, "var": 3527259717630.0, "median": 4421996.5}, "barkbands_flatness_db": {"dmean": 0.027467250824, "dmean2": 0.0426445268095, "max": 0.4892975986, "dvar": 0.000991620589048, "mean": 0.162198752165, "dvar2": 0.00260968413204, "min": 0.0446737594903, "var": 0.00402936898172, "median": 0.149901807308}, "pitch_salience": {"dmean": 0.0821720063686, "dmean2": 0.134939491749, "max": 0.844977915287, "dvar": 0.00865885056555, "mean": 0.485743045807, "dvar2": 0.0233810637146, "min": 0.0221907235682, "var": 0.0162732098252, "median": 0.498623818159}, "erbbands_kurtosis": {"dmean": 1.13357579708, "dmean2": 1.75959968567, "max": 57.8264312744, "dvar": 3.23183202744, "mean": 0.943825423717, "dvar2": 6.53943538666, "min": -1.86664044857, "var": 10.3471355438, "median": 0.195938944817}, "average_loudness": 0.707125127316, "barkbands_crest": {"dmean": 2.81824326515, "dmean2": 4.5529665947, "max": 26.6778564453, "dvar": 9.3090467453, "mean": 10.8650417328, "dvar2": 23.7649173737, "min": 2.37176918983, "var": 22.2870388031, "median": 10.0118045807}, "hfc": {"dmean": 9.75396537781, "dmean2": 13.8203887939, "max": 507.751403809, "dvar": 667.319152832, "mean": 17.8537864685, "dvar2": 1549.65576172, "min": 1.18674887799e-16, "var": 1043.15551758, "median": 6.77457857132}, "barkbands_kurtosis": {"dmean": 6.50781202316, "dmean2": 11.0329227448, "max": 663.225158691, "dvar": 540.924621582, "mean": 8.39154911041, "dvar2": 1475.44836426, "min": -1.94029796124, "var": 791.196166992, "median": 0.523122906685}, "erbbands": {"dmean": [0.116484217346, 1.3627948761, 5.45456600189, 11.0500669479, 3.13063120842, 1.65463900566, 1.0049945116, 1.21733617783, 1.98658239841, 3.33147954941, 4.85722732544, 9.54442119598, 6.45022010803, 10.7031564713, 5.69488954544, 7.50137090683, 11.1809625626, 9.27599334717, 7.15432357788, 10.1882743835, 15.6408576965, 8.77040481567, 8.53302764893, 8.43567752838, 7.24993467331, 6.03731822968, 5.85859441757, 5.9481921196, 7.36973428726, 7.42806720734, 6.46884059906, 3.6035091877, 2.38495326042, 1.4354480505, 0.700303077698, 0.347644984722, 0.111865386367, 0.00795420445502, 0.000161036237841, 2.64886166406e-05], "dmean2": [0.208837583661, 2.44873785973, 8.65501689911, 17.9058799744, 5.43225431442, 2.85176253319, 1.63657808304, 1.78956890106, 3.00787711143, 4.82096481323, 7.33195495605, 14.2191448212, 9.88891601563, 16.344953537, 8.6146068573, 11.6778926849, 17.2355117798, 14.4204416275, 10.5430297852, 15.1882619858, 23.9782867432, 13.2176570892, 13.158372879, 13.1460266113, 11.5493679047, 10.1314315796, 9.92019557953, 9.73075675964, 12.0311994553, 11.8014593124, 10.4156351089, 5.65085077286, 3.56490421295, 2.05611395836, 1.02849757671, 0.538319289684, 0.177538171411, 0.0128970313817, 0.000252851867117, 4.00850112783e-05], "max": [4.33082342148, 43.2873306274, 224.598587036, 424.575408936, 119.183868408, 107.906089783, 93.1396331787, 192.975479126, 267.064208984, 443.430725098, 721.413635254, 1328.6451416, 628.966125488, 898.337219238, 769.296447754, 1005.86547852, 648.027160645, 1027.29064941, 1124.25012207, 709.345581055, 1141.12536621, 455.422973633, 448.769439697, 540.559082031, 384.696136475, 552.253295898, 306.749603271, 308.191772461, 579.608703613, 502.45602417, 402.33895874, 217.624267578, 114.671180725, 145.771972656, 86.7697219849, 101.259140015, 33.7724227905, 1.95716059208, 0.0389451086521, 0.00243525090627], "dvar": [0.164051100612, 20.1635341644, 204.275756836, 1442.35974121, 100.7370224, 14.8732252121, 5.36000823975, 12.0086526871, 26.3113193512, 124.179748535, 280.574371338, 1332.77770996, 486.819396973, 1373.44238281, 435.398681641, 783.128845215, 901.972473145, 746.038574219, 432.646972656, 463.33984375, 1305.15100098, 266.504119873, 276.312927246, 325.841247559, 337.412353516, 473.754852295, 442.319000244, 451.030029297, 687.379516602, 636.663635254, 588.434875488, 170.519348145, 66.8544540405, 21.3848819733, 5.8528637886, 3.00175738335, 0.371666908264, 0.00150089897215, 5.61821707379e-07, 4.80097916977e-09], "mean": [0.115192629397, 1.29320394993, 5.71112012863, 10.1527738571, 3.30543351173, 2.50165939331, 1.99651551247, 3.01807665825, 4.31166028976, 6.37941646576, 8.58968639374, 15.9013776779, 10.9360294342, 21.1805782318, 10.6494827271, 12.4817676544, 21.8902244568, 18.298122406, 14.1591157913, 19.4100131989, 26.8507556915, 16.9869480133, 16.1763038635, 14.8852977753, 11.5785589218, 7.46704673767, 6.62605142593, 7.21748113632, 9.16569232941, 9.34935855865, 7.49285984039, 4.38758420944, 3.14443731308, 1.98164653778, 0.877686560154, 0.376208424568, 0.110878452659, 0.00739260856062, 0.000164277473232, 3.58131328539e-05], "dvar2": [0.456322103739, 56.9822120667, 487.547454834, 3543.61523438, 270.882293701, 40.2247543335, 12.9552230835, 26.7900600433, 52.9502944946, 251.094711304, 572.930236816, 2807.41333008, 1159.79736328, 3373.84570313, 995.304504395, 1942.49365234, 2087.67358398, 1785.36633301, 835.497802734, 972.891540527, 3132.74365234, 592.65802002, 652.720092773, 748.437011719, 859.938110352, 1325.12524414, 1230.64343262, 1219.89611816, 1862.49401855, 1647.59533691, 1579.45458984, 442.507110596, 157.97026062, 45.4390144348, 12.8819417953, 7.77723264694, 0.98918735981, 0.00395356770605, 1.46402010159e-06, 1.12700195842e-08], "min": [5.17027313269e-22, 4.22413108394e-21, 3.57051929797e-20, 1.10101229199e-19, 1.21548995286e-19, 2.50819049507e-19, 4.16060293435e-19, 5.49068842133e-19, 3.25673104679e-19, 1.07643277518e-18, 6.62250104192e-19, 7.52993264955e-19, 9.89789224935e-19, 3.31543936358e-18, 5.02107193139e-18, 7.33729055669e-18, 5.04066535856e-18, 2.67957239182e-18, 5.28835797554e-18, 3.39098514854e-18, 1.01529256807e-17, 5.50061707022e-18, 8.89234626772e-18, 7.73915226906e-18, 1.16955356322e-17, 1.98735502296e-17, 2.39474958101e-17, 3.1084990816e-17, 2.48298179367e-17, 1.89236739168e-17, 1.6978634807e-17, 1.17310448415e-17, 1.5532982831e-17, 1.07422281742e-17, 8.58450521249e-18, 6.94131423438e-18, 4.26195463477e-18, 1.17909653915e-18, 2.79689022903e-19, 3.52793500606e-20], "var": [0.105132162571, 12.6498308182, 203.885742188, 1231.75854492, 74.6288757324, 27.2404880524, 15.808883667, 53.9962081909, 116.111732483, 319.920654297, 736.020568848, 3389.61572266, 985.187988281, 4317.34570313, 964.386291504, 1303.6640625, 2690.28955078, 2188.9309082, 1063.62219238, 1145.63024902, 2450.28588867, 684.400512695, 702.581726074, 673.218444824, 535.841003418, 403.301452637, 371.270263672, 426.788085938, 753.552307129, 757.915222168, 566.6328125, 181.040115356, 87.7472610474, 36.4907989502, 8.58533287048, 2.87113833427, 0.306506693363, 0.00124334997963, 4.92997457968e-07, 5.54469314906e-09], "median": [0.037097632885, 0.480343163013, 1.14437890053, 1.844140172, 1.00205683708, 0.980633735657, 0.904865860939, 0.917724311352, 1.12493085861, 1.561175704, 1.77414226532, 2.1475455761, 1.7071492672, 1.8648314476, 1.83000588417, 2.13216233253, 3.53275728226, 4.73125362396, 6.12109231949, 7.22114515305, 9.34856891632, 7.11163902283, 5.71526956558, 5.66642808914, 3.44960689545, 1.40612876415, 0.925184488297, 0.939746856689, 0.860617935658, 0.643620669842, 0.380096673965, 0.260188043118, 0.181433081627, 0.114857755601, 0.0508697479963, 0.0161714553833, 0.00326446164399, 0.00018020850257, 1.19565374916e-05, 1.29133341034e-05]}, "spectral_energy": {"dmean": 0.0155957182869, "dmean2": 0.0246995873749, "max": 0.414825946093, "dvar": 0.00138022121973, "mean": 0.021094083786, "dvar2": 0.00335859833285, "min": 1.08308888755e-20, "var": 0.00140173977707, "median": 0.0093831717968}, "zerocrossingrate": {"dmean": 0.0114434994757, "dmean2": 0.0138255683705, "max": 0.5107421875, "dvar": 0.000191362021724, "mean": 0.0658370107412, "dvar2": 0.000233408296481, "min": 0, "var": 0.00161456374917, "median": 0.06005859375}, "spectral_energyband_high": {"dmean": 0.000912318821065, "dmean2": 0.0013723585289, "max": 0.0409382209182, "dvar": 8.87302849151e-06, "mean": 0.001