{"tonal": {"hpcp": {"dvar": [0.0357254482806, 0.033598985523, 0.0378022938967, 0.0505477935076, 0.0574764497578, 0.0632352009416, 0.0659783259034, 0.0585622414947, 0.0522684417665, 0.047097235918, 0.0402050316334, 0.0358441993594, 0.0351926237345, 0.0342948026955, 0.0331547483802, 0.0343644060194, 0.0361421145499, 0.0354106873274, 0.0311052743345, 0.0271231159568, 0.0242088735104, 0.0269854348153, 0.0308396704495, 0.0387829057872, 0.0614330992103, 0.0770735293627, 0.0775787755847, 0.0752182155848, 0.0777824372053, 0.0759690031409, 0.0702204406261, 0.0555847808719, 0.0431571751833, 0.0387736074626, 0.0325366556644, 0.0331600084901], "var": [0.0292916465551, 0.0276528559625, 0.0391637571156, 0.059992685914, 0.0695998594165, 0.0914570242167, 0.108086124063, 0.0745452642441, 0.0490140281618, 0.0456531830132, 0.0408439673483, 0.0330660790205, 0.0323478318751, 0.0328064449131, 0.0312906317413, 0.0351602211595, 0.0377275049686, 0.0336180105805, 0.0308054890484, 0.0249962229282, 0.0212931931019, 0.0227359086275, 0.0230013020337, 0.0316560231149, 0.060313269496, 0.0714257434011, 0.093300588429, 0.124893836677, 0.0998366326094, 0.0734750702977, 0.0732327774167, 0.0582077763975, 0.0395319089293, 0.0348368957639, 0.0295865274966, 0.028405694291], "median": [0.0440633036196, 0.0438923351467, 0.0521986633539, 0.0628716647625, 0.0789263471961, 0.125695794821, 0.145219892263, 0.108391873538, 0.0636522695422, 0.0457358397543, 0.0435314327478, 0.0458907075226, 0.0610032454133, 0.0678907707334, 0.0622068531811, 0.0604906082153, 0.0605365261436, 0.0614441297948, 0.058401837945, 0.0437738224864, 0.0348091423512, 0.0328442007303, 0.0307187624276, 0.0431126728654, 0.0591158010066, 0.0665343701839, 0.0931461304426, 0.132385507226, 0.11899099499, 0.0726127699018, 0.0507930703461, 0.0463535152376, 0.0472642183304, 0.0452198646963, 0.04404117167, 0.043318323791], "max": [1, 1, 1, 1, 1, 1, 1, 1, 1, 1, 1, 1, 1, 1, 1, 1, 1, 1, 1, 1, 1, 1, 1, 1, 1, 1, 1, 1, 1, 1, 1, 1, 1, 1, 1, 1], "dmean": [0.106554500759, 0.105332009494, 0.124785795808, 0.156064584851, 0.19185064733, 0.224502176046, 0.22924913466, 0.21033205092, 0.172555983067, 0.147884070873, 0.128969982266, 0.118023782969, 0.119231536984, 0.124206438661, 0.119859412313, 0.119242958724, 0.124812282622, 0.124025776982, 0.110927738249, 0.0935684069991, 0.0826711058617, 0.0839934572577, 0.090325884521, 0.118070691824, 0.173430114985, 0.218887194991, 0.23944671452, 0.235079646111, 0.255101829767, 0.226175412536, 0.192728221416, 0.15672929585, 0.13103197515, 0.115459524095, 0.102495573461, 0.101067632437], "dmean2": [0.19144462049, 0.18831422925, 0.222528547049, 0.282155811787, 0.346411108971, 0.39569440484, 0.40271666646, 0.373641759157, 0.311685115099, 0.26719301939, 0.231556162238, 0.211390197277, 0.212895721197, 0.219856977463, 0.211206644773, 0.210314944386, 0.220022454858, 0.220698967576, 0.195445582271, 0.166063010693, 0.146882355213, 0.151171222329, 0.164354100823, 0.214521706104, 0.315891712904, 0.40075263381, 0.428577423096, 0.41190379858, 0.45411670208, 0.410899102688, 0.348080545664, 0.280693262815, 0.234680086374, 0.20618160069, 0.182390257716, 0.180591344833], "mean": [0.103708915412, 0.102817133069, 0.132851138711, 0.170292362571, 0.199685454369, 0.267452478409, 0.298540890217, 0.229563489556, 0.157056152821, 0.13738308847, 0.125827282667, 0.114919640124, 0.125080570579, 0.132214218378, 0.125967875123, 0.130000934005, 0.133742243052, 0.129447549582, 0.120456546545, 0.0986324548721, 0.082967415452, 0.0818434134126, 0.0820411294699, 0.112174898386, 0.165403097868, 0.193456709385, 0.247188776731, 0.314782232046, 0.274201691151, 0.20065779984, 0.180264875293, 0.15328900516, 0.12544618547, 0.113836027682, 0.104471512139, 0.10213778913], "dvar2": [0.0983232632279, 0.0933721959591, 0.10570948571, 0.141030162573, 0.158449470997, 0.170549586415, 0.172972887754, 0.163198933005, 0.14581130445, 0.129678457975, 0.109896227717, 0.0997523963451, 0.0967876762152, 0.093493513763, 0.0920600071549, 0.0941344201565, 0.0992273166776, 0.0982910394669, 0.0857118368149, 0.0759350731969, 0.0665646344423, 0.0737881958485, 0.0868363305926, 0.109392695129, 0.172653600574, 0.215676918626, 0.209958180785, 0.187769860029, 0.210995018482, 0.210816532373, 0.191373258829, 0.150065824389, 0.118028737605, 0.1057472229, 0.0883148014545, 0.0919448584318], "min": [0, 0, 0, 0, 0, 0, 0, 0, 0, 0, 0, 0, 0, 0, 0, 0, 0, 0, 0, 0, 0, 0, 0, 0, 0, 0, 0, 0, 0, 0, 0, 0, 0, 0, 0, 0]}, "key_key": "B", "thpcp": [1, 0.87108373642, 0.63744956255, 0.572665333748, 0.486968427896, 0.398517370224, 0.361634224653, 0.331885039806, 0.324471265078, 0.329462409019, 0.326629400253, 0.422041416168, 0.540984690189, 0.634360611439, 0.84964287281, 0.948404490948, 0.729277133942, 0.498935878277, 0.436438500881, 0.399728029966, 0.365076631308, 0.397355884314, 0.420018047094, 0.400174677372, 0.41298687458, 0.424872279167, 0.411228895187, 0.382666289806, 0.313335508108, 0.263570845127, 0.260000109673, 0.260628223419, 0.35635715723, 0.525452435017, 0.614573180676, 0.785269141197], "chords_key": "B", "tuning_equal_tempered_deviation": 0.142487213016, "tuning_frequency": 433.441375732, "tuning_diatonic_strength": 0.594947516918, "chords_histogram": [26.5986099243, 2.63717556, 1.40365803242, 0.439529269934, 0.198497086763, 0.0850701853633, 1.88572239876, 1.95661425591, 0.467886000872, 8.39359092712, 11.6262578964, 5.78477239609, 3.2326669693, 1.12009072304, 1.03502058983, 1.87154400349, 3.48787760735, 11.8389339447, 0.694739818573, 1.53126335144, 0.269388914108, 2.09839773178, 0.155962005258, 11.1867294312], "key_strength": 0.805118024349, "key_scale": "minor", "chords_strength": {"dvar": 0.000410849199397, "var": 0.0122408913448, "median": 0.511551201344, "max": 0.810496687889, "dmean": 0.0135778682306, "dmean2": 0.0172622669488, "mean": 0.511594712734, "dvar2": 0.000535363447852, "min": -1}, "chords_number_rate": 0.00241032196209, "tuning_nontempered_energy_ratio": 0.86800211668, "hpcp_entropy": {"dvar": 0.317924261093, "var": 0.785423576832, "median": 2.86847519875, "max": 4.83302974701, "dmean": 0.690339624882, "dmean2": 1.15967035294, "mean": 2.84127283096, "dvar2": 0.851359665394, "min": 0}, "chords_changes_rate": 0.0958457365632, "chords_scale": "minor"}, "rhythm": {"bpm_histogram_first_peak_spread": {"dvar": 0, "var": 0, "median": 0.381696403027, "max": 0.381696403027, "dmean": 0, "dmean2": 0, "mean": 0.381696403027, "dvar2": 0, "min": 0.381696403027}, "bpm_histogram_first_peak_weight": {"dvar": 0, "var": 0, "median": 0.451140075922, "max": 0.451140075922, "dmean": 0, "dmean2": 0, "mean": 0.451140075922, "dvar2": 0, "min": 0.451140075922}, "bpm_histogram_first_peak_bpm": {"dvar": 0, "var": 0, "median": 110, "max": 110, "dmean": 0, "dmean2": 0, "mean": 110, "dvar2": 0, "min": 110}, "bpm": 110.011383057, "bpm_histogram_second_peak_weight": {"dvar": 0, "var": 0, "median": 0.0309446249157, "max": 0.0309446249157, "dmean": 0, "dmean2": 0, "mean": 0.0309446249157, "dvar2": 0, "min": 0.0309446249157}, "beats_loudness": {"dvar": 0.000344221130945, "var": 0.000619356520474, "median": 0.0452538058162, "max": 0.158088028431, "dmean": 0.0178326237947, "dmean2": 0.0324481166899, "mean": 0.0427978746593, "dvar2": 0.00100314593874, "min": 5.87112580774e-10}, "beats_loudness_band_ratio": {"dvar": [0.0237404517829, 0.0243068560958, 0.0216017924249, 0.0114466492087, 0.00906294770539, 0.0118521023542], "var": [0.0771580860019, 0.0282698813826, 0.0237415228039, 0.0115699693561, 0.0101115247235, 0.00908526778221], "median": [0.519662976265, 0.0838801786304, 0.0499997325242, 0.0502118766308, 0.0973188057542, 0.0513977259398], "max": [0.949797689915, 0.922078311443, 0.872027099133, 0.747299075127, 0.917629539967, 0.897000730038], "dmean": [0.200539439917, 0.158818185329, 0.101045884192, 0.0774177610874, 0.0837716311216, 0.0627412199974], "dmean2": [0.36561396718, 0.294182926416, 0.18386927247, 0.139905318618, 0.148391887546, 0.114789828658], "mean": [0.491314560175, 0.151945263147, 0.111607968807, 0.0891343057156, 0.121631838381, 0.0753283575177], "dvar2": [0.0784033238888, 0.081046000123, 0.0664411708713, 0.0315696746111, 0.0247628502548, 0.0366079881787], "min": [0.00220871786587, 0.000823177222628, 0.00045219733147, 0.00140487542376, 0.000292925164104, 8.34556412883e-05]}, "bpm_histogram_second_peak_bpm": {"dvar": 0, "var": 0, "median": 120, "max": 120, "dmean": 0, "dmean2": 0, "mean": 120, "dvar2": 0, "min": 120}, "onset_rate": 3.07191848755, "beats_count": 615, "beats_position": [0.417959183455, 0.847528338432, 1.30031740665, 1.74149656296, 2.17106580734, 2.61224484444, 3.04181408882, 3.45977306366, 3.87773227692, 4.29569149017, 4.71365070343, 5.13160991669, 5.56117916107, 6.01396799088, 6.46675729752, 6.93115615845, 7.38394546509, 7.8251247406, 8.26630401611, 8.70748329163, 9.14866161346, 9.58984088898, 10.0194101334, 10.5186395645, 11.0062580109, 11.4938774109, 12.0047159195, 12.5155553818, 13.0031747818, 13.4907932281, 13.9900226593, 14.4892511368, 14.90721035, 15.3251695633, 15.7663488388, 16.2075271606, 16.6138763428, 17.0086174011, 17.4033565521, 17.8097057343, 18.181224823, 18.5527439117, 18.9242630005, 19.3306121826, 19.7137413025, 20.1200904846, 20.5264396667, 20.9211788177, 21.3159179688, 21.6874370575, 22.0473461151, 22.4072551727, 22.7555541992, 23.1154651642, 23.4985942841, 23.9165534973, 24.3345127106, 24.764081955, 25.1704311371, 25.5767803192, 26.0063495636, 26.435918808, 26.8887062073, 27.3298854828, 27.7710647583, 28.2122440338, 28.6766433716, 29.1410427094, 29.7215423584, 30.2788200378, 30.8477096558, 31.4049873352, 31.9738769531, 32.542766571, 33.1000442505, 33.6805419922, 34.2029914856, 34.7486610413, 35.2943305969, 35.8283882141, 36.362449646, 36.8848991394, 37.4073448181, 37.94140625, 38.4754638672, 39.0211334229, 39.55519104, 40.2285690308, 40.91355896, 41.6101570129, 42.2835350037, 42.9569168091, 43.6302947998, 44.3036727905, 44.9422225952, 45.5807685852, 46.2193183899, 46.8578681946, 47.4964179993, 48.1349639893, 48.7735137939, 49.3540115356, 49.9229011536, 50.4917907715, 51.0258483887, 51.5599098206, 52.1055755615, 52.6628570557, 53.2201347351, 53.7541923523, 54.2882537842, 54.8455314636, 55.3912010193, 55.936870575, 56.4825401306, 57.0282058716, 57.5854873657, 58.1311569214, 58.6768226624, 59.222492218, 59.7681617737, 60.3138313293, 60.859500885, 61.4051704407, 61.9508361816, 62.4965057373, 63.0305671692, 63.5762329102, 64.1335144043, 64.6907958984, 65.2248535156, 65.7705230713, 66.316192627, 66.8618545532, 67.3959197998, 67.9415893555, 68.4872512817, 69.0329208374, 69.5785903931, 70.1242599487, 70.6815414429, 71.238822937, 71.7728805542, 72.3069381714, 72.8526077271, 73.4098815918, 73.9555511475, 74.5128326416, 75.0585021973, 75.6041717529, 76.1382293701, 76.6838989258, 77.2295684814, 77.7752380371, 78.3209075928, 78.8665771484, 79.4122467041, 79.9811325073, 80.561630249, 81.1421279907, 81.7226257324, 82.291519165, 82.8487930298, 83.4060745239, 83.9517440796, 84.4974136353, 85.0430831909, 85.5887527466, 86.1344223022, 86.6800918579, 87.2141494751, 87.7714233398, 88.328704834, 88.8743743896, 89.4200439453, 89.9541015625, 90.5113830566, 91.0570526123, 91.602722168, 92.1483917236, 92.7056655884, 93.251335144, 93.7970046997, 94.3426742554, 94.8767318726, 95.4107894897, 95.9680709839, 96.5137405396, 97.0594100952, 97.6050796509, 98.1507492065, 98.6848068237, 99.2304763794, 99.7761459351, 100.321815491, 100.867477417, 101.413146973, 101.958816528, 102.504486084, 103.05015564, 103.595825195, 104.141494751, 104.698776245, 105.232833862, 105.778503418, 106.324172974, 106.869842529, 107.415504456, 107.961174011, 108.506843567, 109.052513123, 109.598182678, 110.143852234, 110.68952179, 111.235191345, 111.780860901, 112.326530457, 112.872200012, 113.417869568, 113.951927185, 114.50920105, 115.054870605, 115.588935852, 116.122993469, 116.668663025, 117.22593689, 117.783218384, 118.328887939, 118.874557495, 119.420227051, 119.942672729, 120.488342285, 121.022399902, 121.568069458, 122.125350952, 122.682624817, 123.239906311, 123.785575867, 124.331245422, 124.876914978, 125.434196472, 125.968254089, 126.502311707, 127.047981262, 127.593650818, 128.139312744, 128.696594238, 129.242263794, 129.799545288, 130.333602905, 130.879272461, 131.424942017, 131.958999634, 132.504669189, 133.050338745, 133.607620239, 134.153289795, 134.698959351, 135.233016968, 135.767074585, 136.312744141, 136.858413696, 137.41569519, 137.949752808, 138.495422363, 139.041091919, 139.586761475, 140.14402771, 140.701309204, 141.24697876, 141.792648315, 142.338317871, 142.883987427, 143.429656982, 143.9637146, 144.497772217, 145.043441772, 145.589111328, 146.146392822, 146.692062378, 147.237731934, 147.783401489, 148.329071045, 148.874740601, 149.420410156, 149.966079712, 150.511749268, 151.057418823, 151.603088379, 152.148742676, 152.694412231, 153.228485107, 153.774139404, 154.30821228, 154.853881836, 155.387939453, 155.933609009, 156.479278564, 157.0365448, 157.593826294, 158.151107788, 158.708389282, 159.242446899, 159.776504517, 160.333786011, 160.867843628, 161.425125122, 161.982406616, 162.516464233, 163.073745728, 163.607803345, 164.1534729, 164.699142456, 165.233200073, 165.76725769, 166.312927246, 166.858596802, 167.404266357, 167.949935913, 168.49559021, 169.052871704, 169.59854126, 170.155822754, 170.70149231, 171.247161865, 171.781219482, 172.326889038, 172.860946655, 173.383392334, 173.905853271, 174.416687012, 174.927520752, 175.449981689, 175.984039307, 176.518096924, 177.052154541, 177.597824097, 178.143493652, 178.689163208, 179.234832764, 179.780502319, 180.326171875, 180.860229492, 181.405899048, 181.951568604, 182.508834839, 183.054504395, 183.60017395, 184.157455444, 184.703125, 185.237182617, 185.782852173, 186.31690979, 186.862579346, 187.408248901, 187.953918457, 188.499588013, 189.045257568, 189.579315186, 190.124984741, 190.670654297, 191.216323853, 191.761993408, 192.307662964, 192.85333252, 193.399002075, 193.933059692, 194.490341187, 195.047622681, 195.593276978, 196.138946533, 196.684616089, 197.230285645, 197.799179077, 198.36807251, 198.948562622, 199.529067993, 200.086349487, 200.643630981, 201.200897217, 201.758178711, 202.315460205, 202.872741699, 203.418411255, 203.964080811, 204.509750366, 205.055419922, 205.589477539, 206.123535156, 206.669204712, 207.226486206, 207.772155762, 208.317825317, 208.863494873, 209.409164429, 209.954818726, 210.500488281, 211.046157837, 211.580215454, 212.11428833, 212.671554565, 213.22883606, 213.762893677, 214.296951294, 214.84262085, 215.388290405, 215.933959961, 216.479629517, 217.025299072, 217.570968628, 218.128250122, 218.685531616, 219.24281311, 219.800079346, 220.334152222, 220.868209839, 221.425476074, 221.97114563, 222.516815186, 223.062484741, 223.596542358, 224.142211914, 224.68788147, 225.233551025, 225.779220581, 226.324890137, 226.858947754, 227.40461731, 227.950286865, 228.495956421, 229.041625977, 229.598907471, 230.144577026, 230.690246582, 231.235916138, 231.781585693, 232.327255249, 232.884536743, 233.430206299, 233.975875854, 234.521530151, 235.055603027, 235.601272583, 236.1353302, 236.680999756, 237.226669312, 237.772338867, 238.329605103, 238.86366272, 239.409332275, 239.955001831, 240.500671387, 241.046340942, 241.603622437, 242.149291992, 242.694961548, 243.229019165, 243.763076782, 244.320358276, 244.866027832, 245.411697388, 245.957366943, 246.503036499, 247.048706055, 247.59437561, 248.128433228, 248.685714722, 249.231384277, 249.777053833, 250.322723389, 250.868392944, 251.402450562, 251.948120117, 252.493789673, 253.051055908, 253.585113525, 254.119186401, 254.618408203, 255.129241943, 255.640090942, 256.162536621, 256.696594238, 257.242248535, 257.78793335, 258.321990967, 258.879272461, 259.424926758, 259.970611572, 260.516265869, 261.050323486, 261.596008301, 262.141662598, 262.687347412, 263.233001709, 263.778686523, 264.32434082, 264.870025635, 265.404083252, 265.961364746, 266.51864624, 267.064300537, 267.609985352, 268.144042969, 268.689697266, 269.23538208, 269.781036377, 270.326721191, 270.872375488, 271.429656982, 271.975311279, 272.520996094, 273.066650391, 273.600708008, 274.157989502, 274.703674316, 275.249328613, 275.78338623, 276.329071045, 276.874725342, 277.420410156, 277.966064453, 278.523345947, 279.069030762, 279.614685059, 280.148742676, 280.682800293, 281.228485107, 281.774139404, 282.319824219, 282.865478516, 283.42276001, 283.968444824, 284.514099121, 285.059753418, 285.605438232, 286.13949585, 286.685150146, 287.230834961, 287.776489258, 288.333770752, 288.879455566, 289.44833374, 289.994018555, 290.539672852, 291.085357666, 291.631011963, 292.16506958, 292.710754395, 293.244812012, 293.778869629, 294.312927246, 294.846984863, 295.38104248, 295.880279541, 296.379486084, 296.878723145, 297.377960205, 297.877197266, 298.376403809, 298.864044189, 299.351654053, 299.839263916, 300.350097656, 300.860961914, 301.360168457, 301.882629395, 302.393463135, 302.904296875, 303.403533936, 303.902770996, 304.401977539, 304.9012146, 305.40045166, 305.899688721, 306.433746338, 306.967803955, 307.501861572, 308.035919189, 308.581573486, 309.127258301, 309.672912598, 310.218597412, 310.741027832, 311.26348877, 311.785949707, 312.296783447, 312.807617188, 313.318450928, 313.887329102, 314.456237793, 315.025115967, 315.593994141, 316.162902832, 316.731781006, 317.300689697, 317.881164551, 318.380401611, 318.868011475, 319.367248535, 319.820037842, 320.272827148, 320.737213135, 321.178405762, 321.619598389, 322.060760498, 322.501953125, 322.943115234, 323.384307861, 323.825469971, 324.301483154, 324.777496338, 325.253509521, 325.729522705, 326.205535889, 326.693145752], "danceability": 1.28967273235, "bpm_histogram_second_peak_spread": {"dvar": 0, "var": 0, "median": 0.536585390568, "max": 0.536585390568, "dmean": 0, "dmean2": 0, "mean": 0.536585390568, "dvar2": 0, "min": 0.536585390568}}, "lowlevel": {"spectral_flux": {"dvar": 0.000900069600902, "var": 0.00282905809581, "median": 0.101997897029, "max": 0.367504090071, "dmean": 0.0263436101377, "dmean2": 0.0416816622019, "mean": 0.103433668613, "dvar2": 0.00192254106514, "min": 6.94008184254e-11}, "spectral_rolloff": {"dvar": 659555.3125, "var": 1936327.25, "median": 2045.65429688, "max": 19250.6835938, "dmean": 692.980529785, "dmean2": 1175.42810059, "mean": 1931.01171875, "dvar2": 1582208.875, "min": 86.1328125}, "barkbands_flatness_db": {"dvar": 0.000583838846069, "var": 0.00338675826788, "median": 0.128159970045, "max": 0.417563706636, "dmean": 0.0244567524642, "dmean2": 0.0394874103367, "mean": 0.136381149292, "dvar2": 0.00148362293839, "min": 0.0146173937246}, "spectral_centroid": {"dvar": 107083.125, "var": 385796.75, "median": 1951.18554688, "max": 11431.6191406, "dmean": 305.529846191, "dmean2": 494.585601807, "mean": 1888.18884277, "dvar2": 243618.203125, "min": 226.671844482}, "melbands_skewness": {"dvar": 1.01146042347, "var": 2.44445204735, "median": 2.55059337616, "max": 12.8896551132, "dmean": 0.956994056702, "dmean2": 1.5458741188, "mean": 2.71678996086, "dvar2": 2.5735976696, "min": -4.76041698456}, "melbands": {"dvar": [7.220628504e-06, 2.65566814051e-05, 1.77036190507e-06, 4.31080081853e-07, 2.29957393572e-07, 3.64376546713e-07, 2.86671621552e-07, 1.55629820142e-07, 1.02636164456e-07, 8.3408451701e-08, 6.17622788468e-08, 3.84268403764e-08, 1.88571789295e-08, 2.29766534687e-08, 1.44985623507e-08, 9.61810631139e-09, 7.41191419351e-09, 6.81071021802e-09, 4.33796376598e-09, 2.76668954413e-09, 2.75325606758e-09, 1.88270421475e-09, 1.18500975699e-09, 7.61580909447e-10, 1.13696729809e-09, 4.66250538178e-10, 2.78542383603e-10, 1.88402043966e-10, 1.37544683976e-10, 1.08666235732e-10, 1.18615978151e-10, 1.33525440704e-10, 8.90806525766e-11, 3.15993273214e-11, 1.92221551176e-11, 1.30783908009e-11, 4.55622041831e-12, 2.13270547056e-12, 1.16768302926e-12, 8.16367318798e-13], "var": [7.7368285929e-06, 2.8758575354e-05, 2.4556079552e-06, 5.50610707251e-07, 4.26006494081e-07, 6.35671653981e-07, 3.72727186004e-07, 2.17974076122e-07, 1.35775565013e-07, 1.32406711373e-07, 1.23540971231e-07, 6.65149570978e-08, 2.80122414154e-08, 3.15705364073e-08, 2.03623287121e-08, 1.57098760667e-08, 1.0803258732e-08, 1.08035012047e-08, 6.86801016059e-09, 4.29588586925e-09, 6.11134209905e-09, 3.09690140199e-09, 1.90228433006e-09, 1.1190006699e-09, 1.64389868385e-09, 8.12975353703e-10, 3.83728659958e-10, 2.28865093543e-10, 1.55335216911e-10, 1.23204405011e-10, 1.07842026975e-10, 1.13191636619e-10, 8.17916290252e-11, 3.87804718893e-11, 2.92408181002e-11, 2.15559861627e-11, 9.5880144102e-12, 4.98134433008e-12, 2.91851005169e-12, 2.12169062701e-12], "median": [0.00101925467607, 0.00337063730694, 0.00124560808763, 0.000433697918197, 0.000245365488809, 9.56752191996e-05, 8.32157384139e-05, 4.38289789599e-05, 2.43337362917e-05, 3.60620651918e-05, 3.17698650178e-05, 2.45954870479e-05, 1.80614588317e-05, 2.35827646975e-05, 3.21987645293e-05, 2.74357316812e-05, 3.29545218847e-05, 3.99052660214e-05, 3.4499411413e-05, 4.89793092129e-05, 7.9723118688e-05, 4.95420499647e-05, 3.59056721209e-05, 2.37374006247e-05, 3.32432209689e-05, 2.92792501568e-05, 1.86582310562e-05, 1.0757349628e-05, 7.80457594374e-06, 8.81872983882e-06, 4.54561177321e-06, 2.93703033094e-06, 2.1153898615e-06, 1.41008695209e-06, 6.78947117194e-07, 3.87004774893e-07, 2.14786211927e-07, 1.4073333432e-07, 8.93403466762e-08, 5.23532293073e-08], "max": [0.02509970963, 0.0496141910553, 0.0158643741161, 0.00915783364326, 0.0151092354208, 0.0181029867381, 0.0144145181403, 0.019667590037, 0.0137679781765, 0.0120500260964, 0.0120731946081, 0.00576431630179, 0.00426864577457, 0.00592579320073, 0.00396117335185, 0.00277244136669, 0.00200656033121, 0.00212358729914, 0.00131139636505, 0.00158996484242, 0.00101582403295, 0.0017580841668, 0.000831610755995, 0.00115431495942, 0.00122393446509, 0.000619997328613, 0.000290354975732, 0.000357570039341, 0.000222389266128, 0.000129926920636, 0.000161505915457, 0.000140557574923, 0.000171898122062, 8.27861949801e-05, 6.55515250401e-05, 6.4429739723e-05, 4.20423712058e-05, 3.98219162889e-05, 3.3121152228e-05, 3.67299180652e-05], "dmean": [0.00131490430795, 0.0031252708286, 0.00094253505813, 0.000397975440137, 0.000262760120677, 0.000194795284187, 0.000182981588296, 9.83397403616e-05, 7.55439250497e-05, 8.09519406175e-05, 8.83360262378e-05, 7.15605856385e-05, 4.10093707615e-05, 4.40176590928e-05, 4.49141880381e-05, 3.88907210436e-05, 3.71451351384e-05, 3.88348489651e-05, 3.13462041959e-05, 3.04781933664e-05, 4.39238065155e-05, 2.69913707598e-05, 2.20639576582e-05, 1.44484029079e-05, 1.82840285561e-05, 1.47004147948e-05, 1.08845915747e-05, 7.60843795433e-06, 6.05263858233e-06, 5.63184858038e-06, 4.72741521662e-06, 4.70847362521e-06, 3.83535962101e-06, 2.4911237233e-06, 1.89597415101e-06, 1.47030050357e-06, 8.69257519298e-07, 5.6629755818e-07, 4.15024601352e-07, 3.20321731806e-07], "dmean2": [0.00216605793685, 0.00534819252789, 0.00161320983898, 0.000668841472361, 0.000427592400229, 0.000309913826641, 0.000293507560855, 0.000156512251124, 0.000119116244605, 0.000125836682855, 0.000135083158966, 0.000113411013444, 6.59798388369e-05, 7.0394926297e-05, 7.24771962268e-05, 6.20522187091e-05, 6.04815868428e-05, 6.35325923213e-05, 5.13849554409e-05, 5.07868389832e-05, 7.2963826824e-05, 4.48937425972e-05, 3.67230459233e-05, 2.4144701456e-05, 3.08542694256e-05, 2.50093635259e-05, 1.86468550964e-05, 1.31189508465e-05, 1.05577473732e-05, 9.8792324934e-06, 8.34146794659e-06, 8.35551782075e-06, 6.69876544634e-06, 4.25568123319e-06, 3.22352525473e-06, 2.48291257776e-06, 1.45760418491e-06, 9.17085003493e-07, 6.67343613259e-07, 5.06859350935e-07], "mean": [0.00173469202127, 0.00451968470588, 0.00156092923135, 0.000632087059785, 0.000417934672441, 0.000271703262115, 0.00024720482179, 0.000130611253553, 9.51989059104e-05, 0.000114565620606, 0.000136592891067, 0.000105601517134, 5.65342998016e-05, 6.16458200966e-05, 6.75517949276e-05, 5.99787454121e-05, 5.68538453081e-05, 6.39962527202e-05, 5.3144460253e-05, 5.9579993831e-05, 9.15553973755e-05, 5.74144360144e-05, 4.27288432547e-05, 2.84971920337e-05, 3.76479656552e-05, 3.17140256811e-05, 2.14436440729e-05, 1.3761993614e-05, 1.07493842734e-05, 1.07000550997e-05, 7.48966658648e-06, 6.53761617286e-06, 5.47245690541e-06, 3.75666309083e-06, 2.90292064165e-06, 2.23951701628e-06, 1.50068103721e-06, 1.0589158137e-06, 8.03356442702e-07, 6.13389147475e-07], "dvar2": [1.82037256309e-05, 7.36302245059e-05, 5.01353633808e-06, 1.17906336072e-06, 5.30016563971e-07, 7.78247056132e-07, 6.57220539324e-07, 3.36934334655e-07, 2.27986419077e-07, 1.66434034554e-07, 1.28924455112e-07, 9.29929839799e-08, 4.32613518342e-08, 5.28400754263e-08, 3.27215410323e-08, 2.17333564478e-08, 1.71097003232e-08, 1.61605928639e-08, 1.02704831306e-08, 7.04639502302e-09, 7.19416792805e-09, 4.88158979906e-09, 3.00898617134e-09, 1.89428650543e-09, 2.91065371805e-09, 1.1610928885e-09, 7.72427177775e-10, 5.12605236036e-10, 3.86969650767e-10, 3.07652597842e-10, 3.3734040561e-10, 3.78963027625e-10, 2.51199616663e-10, 8.52050305311e-11, 5.0812493102e-11, 3.39496764035e-11, 1.11531660643e-11, 5.00221782399e-12, 2.6866523329e-12, 1.87512310366e-12], "min": [5.41701790601e-24, 5.29487344446e-24, 5.3954457157e-24, 1.63458024208e-24, 1.03277758458e-24, 2.68858666527e-24, 3.21107843066e-24, 5.12080931357e-24, 9.68697052468e-24, 3.97931259536e-24, 3.57907652091e-24, 6.69801836442e-24, 1.09904124981e-23, 6.45495533117e-24, 7.74842531391e-24, 9.78203378578e-24, 4.79604513965e-24, 3.17938002733e-24, 4.79334605206e-24, 6.00826244915e-24, 3.74082179991e-24, 4.28826286914e-24, 4.09321109387e-24, 6.32606019242e-24, 7.94145089995e-24, 7.68812163087e-24, 5.37719265764e-24, 8.13641629495e-24, 6.66077624109e-24, 7.84433975593e-24, 4.22384961521e-24, 4.75665100377e-24, 8.39582215958e-24, 9.69284517184e-24, 9.46079069251e-24, 7.34769659583e-24, 8.58854008986e-24, 7.17575647293e-24, 7.99669404028e-24, 8.72607641097e-24]}, "spectral_decrease": {"dvar": 2.24693339817e-17, "var": 3.89271990361e-17, "median": -8.45390246695e-09, "max": 1.44190608863e-18, "dmean": 3.29570148949e-09, "dmean2": 5.43331202252e-09, "mean": -8.64544968948e-09, "dvar2": 5.79600227434e-17, "min": -4.84836988335e-08}, "barkbands_kurtosis": {"dvar": 19.9077625275, "var": 36.4817771912, "median": -0.0287925004959, "max": 232.515304565, "dmean": 2.3872885704, "dmean2": 3.96744728088, "mean": 1.6119017601, "dvar2": 45.5768280029, "min": -1.8838262558}, "silence_rate_30dB": {"dvar": 0.016180768609, "var": 0.00934212747961, "median": 1, "max": 1, "dmean": 0.0164504013956, "dmean2": 0.0329031348228, "mean": 0.990570068359, "dvar2": 0.0460037961602, "min": 0}, "gfcc": {"mean": [-10.8558549881, 100.664627075, -133.751617432, 52.964466095, -31.7407226562, -2.65349912643, -21.4550609589, -4.20497941971, -15.234038353, -3.40181255341, -17.2794761658, -0.33422139287, -11.4806375504], "cov": [[20914.8867188, -2987.49291992, 518.438293457, 1954.9498291, -825.437988281, 2137.43505859, -1711.7331543, 950.430236816, -767.95324707, -38.249584198, -369.319396973, -19.2805233002, -333.707122803], [-2987.49291992, 2086.51928711, -630.744506836, -531.435180664, 145.597351074, -832.105102539, 581.574523926, -425.677032471, 345.842834473, -96.3716125488, 123.766952515, -56.9285621643, 105.497062683], [518.438293457, -630.744506836, 708.180664062, 121.093864441, -149.280731201, 463.326477051, -309.01651001, 151.104110718, -130.908737183, 24.8777961731, -46.6139907837, 74.9698028564, -82.4941940308], [1954.9498291, -531.435180664, 121.093864441, 801.927185059, 36.2220497131, 334.692504883, -295.858184814, 166.235183716, -111.592224121, 14.22315979, -42.9468460083, -65.250617981, 9.7363910675], [-825.437988281, 145.597351074, -149.280731201, 36.2220497131, 336.300445557, -164.290557861, 180.023208618, -16.2576503754, 23.987247467, 29.1231098175, 17.4943675995, -43.0020027161, 72.1027908325], [2137.43505859, -832.105102539, 463.326477051, 334.692504883, -164.290557861, 850.849914551, -418.094238281, 338.560241699, -248.004043579, 38.6190719604, -81.0285720825, 7.00160360336, -68.6777648926], [-1711.7331543, 581.574523926, -309.01651001, -295.858184814, 180.023208618, -418.094238281, 526.361999512, -134.671127319, 144.045028687, -37.1705780029, 52.1655502319, -28.8895778656, 69.4608917236], [950.430236816, -425.677032471, 151.104110718, 166.235183716, -16.2576503754, 338.560241699, -134.671127319, 300.331390381, -117.384277344, 33.8267860413, -45.0721473694, -26.9372768402, 15.7882699966], [-767.95324707, 345.842834473, -130.908737183, -111.592224121, 23.987247467, -248.004043579, 144.045028687, -117.384277344, 197.587646484, -3.64447140694, 41.6239356995, -5.89124059677, -16.439201355], [-38.249584198, -96.3716125488, 24.8777961731, 14.22315979, 29.1231098175, 38.6190719604, -37.1705780029, 33.8267860413, -3.64447140694, 95.1643981934, 13.6741857529, -10.7011222839, 11.6941299438], [-369.319396973, 123.766952515, -46.6139907837, -42.9468460083, 17.4943675995, -81.0285720825, 52.1655502319, -45.0721473694, 41.6239356995, 13.6741857529, 77.3061752319, 17.0161266327, -7.57213354111], [-19.2805233002, -56.9285621643, 74.9698028564, -65.250617981, -43.0020027161, 7.00160360336, -28.8895778656, -26.9372768402, -5.89124059677, -10.7011222839, 17.0161266327, 87.2784347534, -20.4641971588], [-333.707122803, 105.497062683, -82.4941940308, 9.7363910675, 72.1027908325, -68.6777648926, 69.4608917236, 15.7882699966, -16.439201355, 11.6941299438, -7.57213354111, -20.4641971588, 125.510314941]], "icov": [[9.98002724373e-05, 3.13862328767e-05, 0.000205598102184, -0.000160782219609, 0.000158447277499, -9.74146823864e-05, 8.7959881057e-05, -8.94279437489e-05, 8.77325001056e-05, 3.04524892272e-05, 0.0002121583384, -0.000151331099914, 0.000201594433747], [3.13862328767e-05, 0.00124577677343, 0.00035816495074, 0.000438728573499, 5.5360931583e-05, -0.000107832369395, -4.94429186801e-05, 0.000821913941763, -0.00100680394098, 0.00119615264703, -0.00102203770075, 0.00114547542762, -0.00104735209607], [0.000205598102184, 0.00035816495074, 0.00317484140396, -0.000121878161735, 0.000321775558405, -0.00137364049442, 0.000591562245972, 2.81286866084e-05, -0.000190795835806, -0.000177243389771, 0.00103730766568, -0.00211923359893, 0.000782925460953], [-0.000160782219609, 0.000438728573499, -0.000121878161735, 0.00259499694221, -0.0012425907189, -0.000408440362662, 0.00136572949123, 0.000294976634905, -0.00089661788661, 0.00160402117763, -0.00145191047341, 0.00236180261709, -0.00134966080077], [0.000158447277499, 5.5360931583e-05, 0.000321775558405, -0.0012425907189, 0.00508634373546, 0.000641035439912, -0.00181429903023, -0.000360133417416, 0.00118898518849, -0.0020968967583, 0.000337711913744, 0.000266494142124, -0.000424270343501], [-9.74146823864e-05, -0.000107832369395, -0.00137364049442, -0.000408440362662, 0.000641035439912, 0.00466672517359, 0.000607042282354, -0.00289312237874, 0.00238578626886, -0.000637174060103, 0.000188541205716, 0.000461037125206, 0.00163216027431], [8.7959881057e-05, -4.94429186801e-05, 0.000591562245972, 0.00136572949123, -0.00181429903023, 0.000607042282354, 0.00519339600578, -0.000716526119504, -0.00135109724943, 0.00265463464893, -0.00139986758586, 0.00129312626086, -0.00114921689965], [-8.94279437489e-05, 0.000821913941763, 2.81286866084e-05, 0.000294976634905, -0.000360133417416, -0.00289312237874, -0.000716526119504, 0.00785075128078, -0.000140420743264, -0.000473066786071, -4.62322241219e-05, 0.00230835145339, -0.00250096898526], [8.77325001056e-05, -0.00100680394098, -0.000190795835806, -0.00089661788661, 0.00118898518849, 0.00238578626886, -0.00135109724943, -0.000140420743264, 0.0106739010662, -0.00261276168749, -0.000452189327916, 0.000199954767595, 0.00405832054093], [3.04524892272e-05, 0.00119615264703, -0.000177243389771, 0.00160402117763, -0.0020968967583, -0.000637174060103, 0.00265463464893, -0.000473066786071, -0.00261276168749, 0.0151975499466, -0.00570652028546, 0.00394331244752, -0.00317859882489], [0.0002121583384, -0.00102203770075, 0.00103730766568, -0.00145191047341, 0.000337711913744, 0.000188541205716, -0.00139986758586, -4.62322241219e-05, -0.000452189327916, -0.00570652028546, 0.0194977335632, -0.00663974601775, 0.00347346020862], [-0.000151331099914, 0.00114547542762, -0.00211923359893, 0.00236180261709, 0.000266494142124, 0.000461037125206, 0.00129312626086, 0.00230835145339, 0.000199954767595, 0.00394331244752, -0.00663974601775, 0.0184113215655, -0.00158802582882], [0.000201594433747, -0.00104735209607, 0.000782925460953, -0.00134966080077, -0.000424270343501, 0.00163216027431, -0.00114921689965, -0.00250096898526, 0.00405832054093, -0.00317859882489, 0.00347346020862, -0.00158802582882, 0.0128689007834]]}, "silence_rate_20dB": {"dvar": 0, "var": 0, "median": 1, "max": 1, "dmean": 0, "dmean2": 0, "mean": 1, "dvar2": 0, "min": 1}, "barkbands_skewness": {"dvar": 0.426448792219, "var": 1.09204721451, "median": 1.0717458725, "max": 13.6435871124, "dmean": 0.631810665131, "dmean2": 1.01616919041, "mean": 1.16094362736, "dvar2": 1.02500367165, "min": -6.65054702759}, "erbbands_skewness": {"dvar": 0.167457669973, "var": 0.677370905876, "median": -0.738023102283, "max": 6.63018989563, "dmean": 0.35874247551, "dmean2": 0.553058564663, "mean": -0.579696774483, "dvar2": 0.360068976879, "min": -6.15128755569}, "spectral_contrast_valleys": {"dvar": [0.103115007281, 0.131231591105, 0.110009454191, 0.0977365896106, 0.110815748572, 0.22247992456], "var": [2.10828518867, 1.48322081566, 1.57748866081, 1.89638090134, 2.45091509819, 5.28797769547], "median": [-6.61541175842, -6.85104656219, -7.1393122673, -6.80078697205, -6.44280099869, -10.3378047943], "max": [-5.11594104767, -4.6403503418, -4.64661216736, -5.54216480255, -5.18074131012, -7.73263311386], "dmean": [0.385031253099, 0.377682566643, 0.324169367552, 0.257496803999, 0.233839765191, 0.337688475847], "dmean2": [0.65582716465, 0.616232931614, 0.514240860939, 0.406086951494, 0.362139672041, 0.530368208885], "mean": [-7.07492923737, -7.07409667969, -7.37821769714, -7.26375722885, -7.02337837219, -11.0066566467], "dvar2": [0.278056681156, 0.315957337618, 0.251380711794, 0.218423992395, 0.227586776018, 0.550679624081], "min": [-27.6692428589, -27.6172466278, -27.2970657349, -27.4325485229, -27.4246444702, -27.3097057343]}, "spectral_strongpeak": {"dvar": 0.388644725084, "var": 0.530621647835, "median": 0.391398429871, "max": 8.99985313416, "dmean": 0.357109725475, "dmean2": 0.606407701969, "mean": 0.575783073902, "dvar2": 0.990329682827, "min": 0}, "erbbands_crest": {"dvar": 5.37909698486, "var": 13.6969556808, "median": 6.80349159241, "max": 31.3200531006, "dmean": 2.41107010841, "dmean2": 3.95851349831, "mean": 7.85631084442, "dvar2": 13.5320110321, "min": 2.08362174034}, "barkbands_crest": {"dvar": 7.13271665573, "var": 14.1741991043, "median": 8.74493312836, "max": 26.0307998657, "dmean": 3.08191108704, "dmean2": 5.11832761765, "mean": 9.50161647797, "dvar2": 18.6488304138, "min": 2.46342253685}, "spectral_energyband_middle_low": {"dvar": 3.49473448296e-05, "var": 7.42555348552e-05, "median": 0.00747445318848, "max": 0.123032808304, "dmean": 0.00414942810312, "dmean2": 0.00669581210241, "mean": 0.00913181062788, "dvar2": 8.12242142274e-05, "min": 1.92189235706e-22}, "spectral_contrast_coeffs": {"dvar": [0.0018632930005, 0.00172236026265, 0.000988387735561, 0.000636604847386, 0.000427774910349, 0.000717954593711], "var": [0.00572302890942, 0.00560488458723, 0.00349124497734, 0.00187232135795, 0.00166394398548, 0.00515846116468], "median": [-0.6476354599, -0.756997287273, -0.807168722153, -0.799713015556, -0.790557742119, -0.679754018784], "max": [-0.325082778931, -0.386737525463, -0.485766649246, -0.528446793556, -0.495591402054, -0.302899479866], "dmean": [0.0545691847801, 0.0510139875114, 0.0375955328345, 0.0304449871182, 0.0226403363049, 0.0238885637373], "dmean2": [0.091954447329, 0.0832405164838, 0.0613596066833, 0.0499186106026, 0.0367549285293, 0.0375420227647], "mean": [-0.650596082211, -0.748724579811, -0.79705196619, -0.79624325037, -0.787456274033, -0.675456106663], "dvar2": [0.00511691533029, 0.00437030848116, 0.00243169791065, 0.00158503442071, 0.00100354384631, 0.00162830983754], "min": [-0.959306418896, -0.987332105637, -0.994781017303, -0.987625777721, -0.98848181963, -0.961386024952]}, "hfc": {"dvar": 135.531585693, "var": 351.405456543, "median": 26.9700660706, "max": 128.470596313, "dmean": 7.54330158234, "dmean2": 12.3236961365, "mean": 28.4092559814, "dvar2": 355.021697998, "min": 1.11441597006e-16}, "spectral_energyband_high": {"dvar": 1.79060941718e-06, "var": 2.34699814428e-06, "median": 0.000803563161753, "max": 0.0145796863362, "dmean": 0.00062563130632, "dmean2": 0.0010751420632, "mean": 0.00131026317831, "dvar2": 4.9702925935e-06, "min": 7.3967807078e-21}, "erbbands_spread": {"dvar": 76.892326355, "var": 208.163040161, "median": 36.9647827148, "max": 104.080886841, "dmean": 8.85711669922, "dmean2": 14.3571281433, "mean": 37.4156417847, "dvar2": 203.402160645, "min": 1.28277921677}, "dissonance": {"dvar": 0.000261317909462, "var": 0.000829739146866, "median": 0.488500952721, "max": 0.5, "dmean": 0.0111238909885, "dmean2": 0.018236849457, "mean": 0.480009436607, "dvar2": 0.000626572873443, "min": 0.141362071037}, "spectral_kurtosis": {"dvar": 21.611995697, "var": 57.2986335754, "median": 3.4294154644, "max": 114.844963074, "dmean": 2.33283114433, "dmean2": 3.98498415947, "mean": 5.24397754669, "dvar2": 54.6305809021, "min": -1.29600167274}, "spectral_skewness": {"dvar": 0.130953550339, "var": 0.590220689774, "median": 1.04142987728, "max": 8.51449203491, "dmean": 0.255477637053, "dmean2": 0.4208804667, "mean": 1.1787211895, "dvar2": 0.315477132797, "min": -0.475814819336}, "pitch_salience": {"dvar": 0.00721534062177, "var": 0.0147213460878, "median": 0.563024938107, "max": 0.995874226093, "dmean": 0.0972462743521, "dmean2": 0.16150547564, "mean": 0.552793800831, "dvar2": 0.0196110289544, "min": 0.124675236642}, "spectral_complexity": {"dvar": 13.3323459625, "var": 225.847579956, "median": 36, "max": 64, "dmean": 3.97234630585, "dmean2": 6.38037157059, "mean": 31.3985385895, "dvar2": 31.7037830353, "min": 0}, "spectral_spread": {"dvar": 458243670016, "var": 1831918764030.0, "median": 3293176.75, "max": 48690468, "dmean": 352323.8125, "dmean2": 544912.3125, "mean": 3493246, "dvar2": 1173353922560.0, "min": 598804.9375}, "dynamic_complexity": 3.48901677132, "melbands_crest": {"dvar": 11.8490304947, "var": 28.0109100342, "median": 15.6780395508, "max": 33.4467201233, "dmean": 4.44125413895, "dmean2": 7.33520698547, "mean": 15.9181804657, "dvar2": 31.6635341644, "min": 1.00322639942}, "zerocrossingrate": {"dvar": 0.000113994181447, "var": 0.00127974664792, "median": 0.06298828125, "max": 0.53955078125, "dmean": 0.0101189473644, "dmean2": 0.0126501265913, "mean": 0.0665516853333, "dvar2": 0.000157423026394, "min": 0.0048828125}, "spectral_energyband_low": {"dvar": 0.00034309408511, "var": 0.000424199737608, "median": 0.0146595723927, "max": 0.178572073579, "dmean": 0.0111105097458, "dmean2": 0.0186933707446, "mean": 0.0182993412018, "dvar2": 0.000905725988559, "min": 4.97520846743e-23}, "melbands_kurtosis": {"dvar": 160.132843018, "var": 195.652313232, "median": 6.55716371536, "max": 282.824188232, "dmean": 7.79744672775, "dmean2": 13.0948038101, "mean": 10.561545372, "dvar2": 424.55078125, "min": -1.89983642101}, "spectral_energyband_middle_high": {"dvar": 9.91348042589e-06, "var": 3.361106792e-05, "median": 0.00702527863905, "max": 0.0836593881249, "dmean": 0.00224222871475, "dmean2": 0.00352255837061, "mean": 0.00777993770316, "dvar2": 2.19309258682e-05, "min": 1.2613715733e-21}, "barkbands_spread": {"dvar": 63.046131134, "var": 180.294006348, "median": 32.6386642456, "max": 103.113304138, "dmean": 7.63080310822, "dmean2": 12.557677269, "mean": 31.5231761932, "dvar2": 167.558700562, "min": 0.423945724964}, "mfcc": {"mean": [-638.89666748, 116.976417542, -23.6361713409, 49.869487762