{"tonal": {"chords_key": "C#", "hpcp_entropy": {"dmean": 0.73100656271, "dmean2": 1.22531831264, "max": 4.49995708466, "dvar": 0.326167136431, "mean": 2.50688433647, "dvar2": 0.881575703621, "min": 0, "var": 0.721887409687, "median": 2.56622266769}, "key_key": "F", "chords_strength": {"dmean": 0.0144725600258, "dmean2": 0.0188895910978, "max": 0.798111975193, "dvar": 0.000671178509947, "mean": 0.473148614168, "dvar2": 0.00143709010445, "min": -1, "var": 0.0293951965868, "median": 0.492404699326}, "key_scale": "minor", "chords_number_rate": 0.00272170570679, "thpcp": [1, 0.659078419209, 0.308217644691, 0.298966288567, 0.313494861126, 0.375831782818, 0.491452902555, 0.542236208916, 0.496000945568, 0.409878432751, 0.346840143204, 0.348678022623, 0.341946005821, 0.320470541716, 0.294639766216, 0.289958685637, 0.351713210344, 0.354471474886, 0.283835411072, 0.24897941947, 0.253955811262, 0.282573789358, 0.303470909595, 0.31832626462, 0.350852757692, 0.37243771553, 0.326705992222, 0.262281984091, 0.227329105139, 0.200566202402, 0.185163661838, 0.182948350906, 0.208466663957, 0.237376213074, 0.259674698114, 0.63869702816], "key_strength": 0.530050039291, "tuning_nontempered_energy_ratio": 0.829922258854, "tuning_frequency": 434.193115234, "chords_changes_rate": 0.126559317112, "tuning_diatonic_strength": 0.453044384718, "chords_scale": "major", "chords_histogram": [4.80834674835, 0, 0.0226808805019, 0.113404400647, 1.61034250259, 8.73213863373, 13.472442627, 11.3404397964, 2.88047170639, 6.66817855835, 0.408255845308, 0.72578817606, 0.181447044015, 0.521660268307, 3.74234509468, 5.6021771431, 0.340213209391, 0, 0, 0, 0.0453617610037, 1.40621459484, 7.16715812683, 30.210931778], "tuning_equal_tempered_deviation": 0.23210118711, "hpcp": {"dmean": [0.160201817751, 0.147096931934, 0.145495593548, 0.137035116553, 0.144021272659, 0.142921388149, 0.131112217903, 0.131598815322, 0.132116287947, 0.139970034361, 0.143977537751, 0.152558282018, 0.161415547132, 0.161029189825, 0.138184934855, 0.117148980498, 0.102839589119, 0.0950094908476, 0.0864946246147, 0.0816786959767, 0.0905754491687, 0.101892262697, 0.116434015334, 0.209201052785, 0.319313973188, 0.218778252602, 0.143220856786, 0.143924698234, 0.146088719368, 0.170243546367, 0.2224419415, 0.239657476544, 0.22399957478, 0.195910125971, 0.170496553183, 0.169718414545], "dmean2": [0.287444263697, 0.262136936188, 0.262958228588, 0.243969589472, 0.251454114914, 0.249867677689, 0.233598560095, 0.238767042756, 0.240426599979, 0.252294421196, 0.25640180707, 0.27360239625, 0.286549568176, 0.281948119402, 0.242778927088, 0.205625027418, 0.180886387825, 0.170026153326, 0.155453875661, 0.144957855344, 0.159011438489, 0.175918608904, 0.20555485785, 0.372853159904, 0.580708622932, 0.389149546623, 0.254852622747, 0.259604990482, 0.260759145021, 0.304295986891, 0.393816798925, 0.429191410542, 0.398062258959, 0.350166082382, 0.308194696903, 0.304089725018], "max": [1, 1, 1, 1, 1, 1, 1, 1, 1, 1, 1, 1, 1, 1, 1, 1, 1, 1, 1, 1, 1, 1, 1, 1, 1, 1, 1, 1, 1, 1, 1, 1, 1, 1, 1, 1], "dvar": [0.0513527058065, 0.0503214560449, 0.0531316846609, 0.0455959178507, 0.0474083535373, 0.047930277884, 0.0436127446592, 0.0476862564683, 0.0444909967482, 0.0476645231247, 0.046662863344, 0.0505427569151, 0.0477942228317, 0.046185337007, 0.0366647951305, 0.032946690917, 0.0278524365276, 0.0288688093424, 0.0237876083702, 0.0224158987403, 0.0244684647769, 0.0273849014193, 0.035476192832, 0.0471953861415, 0.125329434872, 0.0495825149119, 0.0437124073505, 0.0513529628515, 0.0500256754458, 0.0568002872169, 0.0770692750812, 0.0825066268444, 0.074535369873, 0.0650341808796, 0.0585782490671, 0.0589179992676], "mean": [0.142261132598, 0.133326604962, 0.122580133379, 0.120632641017, 0.146324619651, 0.147472143173, 0.118085153401, 0.103583879769, 0.105654224753, 0.117560274899, 0.126254186034, 0.132434517145, 0.145966634154, 0.15494671464, 0.135920763016, 0.109118200839, 0.0945766121149, 0.083442337811, 0.0770343616605, 0.0761127173901, 0.0867291986942, 0.0987565517426, 0.108033470809, 0.265719622374, 0.416033893824, 0.274198949337, 0.128228992224, 0.124380111694, 0.130424484611, 0.156358763576, 0.204461067915, 0.225588649511, 0.206353202462, 0.170523315668, 0.144297257066, 0.14506188035], "dvar2": [0.138917759061, 0.134714215994, 0.145756274462, 0.124783709645, 0.127112999558, 0.125418692827, 0.118943229318, 0.132224142551, 0.122401237488, 0.126995608211, 0.125105932355, 0.138285472989, 0.126524925232, 0.121993780136, 0.0972680523992, 0.0889813601971, 0.0753559991717, 0.0816160440445, 0.0669754371047, 0.0625914037228, 0.0657509863377, 0.0705386027694, 0.0964118540287, 0.114769257605, 0.269854456186, 0.120288163424, 0.118598222733, 0.139269277453, 0.133888348937, 0.150973752141, 0.203296154737, 0.212185144424, 0.198738694191, 0.175136327744, 0.155037894845, 0.158309668303], "min": [0, 0, 0, 0, 0, 0, 0, 0, 0, 0, 0, 0, 0, 0, 0, 0, 0, 0, 0, 0, 0, 0, 0, 0, 0, 0, 0, 0, 0, 0, 0, 0, 0, 0, 0, 0], "var": [0.0495817735791, 0.0476994849741, 0.0456931442022, 0.0428190641105, 0.0573179498315, 0.0587678998709, 0.0416997335851, 0.0375027917325, 0.0358390770853, 0.0422772578895, 0.0448970831931, 0.0492932908237, 0.0484302081168, 0.0511906184256, 0.0404158756137, 0.0309961754829, 0.0260312985629, 0.0236745513976, 0.0207388997078, 0.0204201452434, 0.0246099047363, 0.029795397073, 0.0343820899725, 0.0625973343849, 0.168339848518, 0.0668812021613, 0.0420157536864, 0.0466098822653, 0.0504432059824, 0.0628183558583, 0.0852286741138, 0.0902475044131, 0.0772996246815, 0.0630621612072, 0.0541751608253, 0.0557702407241], "median": [0.0459548011422, 0.041846357286, 0.0320670865476, 0.0305515509099, 0.0366133376956, 0.0388800948858, 0.0328058935702, 0.0243482459337, 0.0283830929548, 0.030230615288, 0.0326374843717, 0.0320491865277, 0.0487827397883, 0.0576296113431, 0.0527136474848, 0.0377275161445, 0.0294456165284, 0.024479649961, 0.0201042983681, 0.0207635462284, 0.0252798981965, 0.0287344641984, 0.0339429974556, 0.171208977699, 0.222189977765, 0.185729369521, 0.0408506691456, 0.0319192223251, 0.0319557785988, 0.0395257696509, 0.0569631755352, 0.0796868950129, 0.0782816782594, 0.0544018596411, 0.0404982194304, 0.0412909165025]}}, "lowlevel": {"melbands_flatness_db": {"dmean": 0.0401883199811, "dmean2": 0.0589908845723, "max": 0.557197570801, "dvar": 0.00128257612232, "mean": 0.276301234961, "dvar2": 0.0025992251467, "min": 0.00325141544454, "var": 0.00859680213034, "median": 0.281993985176}, "melbands_crest": {"dmean": 4.71260595322, "dmean2": 7.35033988953, "max": 38.8482475281, "dvar": 17.048324585, "mean": 17.7328338623, "dvar2": 36.2789459229, "min": 1.55071341991, "var": 69.5193710327, "median": 16.3122062683}, "spectral_entropy": {"dmean": 0.226689010859, "dmean2": 0.347626060247, "max": 9.83315944672, "dvar": 0.0467082411051, "mean": 7.38397169113, "dvar2": 0.105670236051, "min": 4.98497581482, "var": 0.285258829594, "median": 7.36990737915}, "melbands": {"dmean": [0.00498805288225, 0.00212356308475, 0.00110649375711, 0.00103061227128, 0.000626577995718, 0.000392173416913, 0.000183803480468, 0.000128019149997, 0.000163849632372, 0.000229982440942, 0.000132669316372, 7.36710280762e-05, 4.16663715441e-05, 3.75414419977e-05, 3.86421670555e-05, 2.33352475334e-05, 1.83166757779e-05, 1.52210814122e-05, 1.24236321426e-05, 7.84501844464e-06, 7.4568074524e-06, 5.40689461559e-06, 5.05892603542e-06, 3.6990247736e-06, 3.37771302839e-06, 2.71103999694e-06, 2.24829386752e-06, 1.5015915551e-06, 1.36399160056e-06, 1.24672044421e-06, 8.74845170529e-07, 6.8199284442e-07, 3.83153860639e-07, 2.78737189774e-07, 1.60960524909e-07, 1.26260673028e-07, 1.00006850801e-07, 8.02796691346e-08, 7.08840417474e-08, 7.14502377264e-08], "dmean2": [0.00705419108272, 0.00345231569372, 0.00180674984585, 0.00162374263164, 0.000976322975475, 0.000612005009316, 0.000296413636534, 0.000208697383641, 0.000261079578195, 0.000374813011149, 0.000211938633583, 0.000118568816106, 6.77897114656e-05, 6.05633977102e-05, 6.20359496679e-05, 3.80721430702e-05, 2.85960340989e-05, 2.31290632655e-05, 1.96391774807e-05, 1.21555740407e-05, 1.16159135359e-05, 7.9144274423e-06, 8.00595262263e-06, 5.5612072174e-06, 4.87339320898e-06, 3.90082459489e-06, 3.30894658873e-06, 2.14239435081e-06, 1.92220636563e-06, 1.70918474396e-06, 1.21727316582e-06, 9.81088874141e-07, 5.80457935939e-07, 4.43164537955e-07, 2.53069657674e-07, 1.9721960598e-07, 1.56702867571e-07, 1.3139195687e-07, 1.1204794248e-07, 1.11559543825e-07], "max": [0.0975603535771, 0.0320176407695, 0.0310202203691, 0.0485596805811, 0.0322417132556, 0.0144276842475, 0.00836803764105, 0.00839956849813, 0.00760009558871, 0.0117330374196, 0.00514811044559, 0.00265523092821, 0.0018158351304, 0.00130719842855, 0.000783326395322, 0.000481056194985, 0.000615202763584, 0.000338366517099, 0.000513987382874, 0.000291922100587, 0.000376746349502, 0.000339847407304, 0.000232712962315, 0.000152970373165, 0.000189963000594, 0.000148567385622, 0.000118813099107, 0.00010913117876, 0.000110515858978, 9.66326915659e-05, 7.08013612893e-05, 5.75656449655e-05, 2.22989838221e-05, 9.46985983319e-06, 3.9774704419e-06, 2.56720250036e-06, 2.64548589257e-06, 1.68391875377e-06, 1.53442897499e-06, 1.49677919126e-06], "dvar": [8.02825888968e-05, 1.23766303659e-05, 3.5232319533e-06, 4.54685550721e-06, 1.90429273061e-06, 6.00085058977e-07, 1.38818322171e-07, 7.70266765926e-08, 1.23736768387e-07, 3.26705986708e-07, 8.76052794752e-08, 1.80780634906e-08, 7.17855686005e-09, 5.13457232287e-09, 4.53571047387e-09, 1.76637715565e-09, 1.17595888582e-09, 6.65445143433e-10, 7.06652181215e-10, 3.02331298885e-10, 2.77304901264e-10, 1.28445157288e-10, 1.17955867296e-10, 5.74710556922e-11, 5.95837337802e-11, 3.62506240303e-11, 2.3693944376e-11, 8.9952403165e-12, 1.06943169598e-11, 1.2764931473e-11, 6.10948097668e-12, 3.64559250843e-12, 9.22337943868e-13, 4.44185432793e-13, 9.49107464713e-14, 4.47604972564e-14, 2.3450113921e-14, 1.5106055038e-14, 1.32946386579e-14, 1.37080542636e-14], "mean": [0.00758743332699, 0.00266643497162, 0.00144362531137, 0.00142402912024, 0.000837205618154, 0.000546488678083, 0.000265153357759, 0.000180678922334, 0.000232596241403, 0.000321554136463, 0.000197075220058, 0.000104458100395, 5.87599570281e-05, 5.48642856302e-05, 5.58114443265e-05, 3.31326773448e-05, 2.54035257967e-05, 2.24029390665e-05, 1.72000945895e-05, 1.12009884106e-05, 1.09822894956e-05, 8.41450400912e-06, 7.67609253671e-06, 5.84948975302e-06, 5.16685622642e-06, 4.28327530244e-06, 3.58045099347e-06, 2.53465645983e-06, 2.41567045123e-06, 2.12886970985e-06, 1.50055882386e-06, 1.08797541998e-06, 5.67135657548e-07, 3.55341512659e-07, 2.28953481951e-07, 1.98476641344e-07, 1.6079611953e-07, 1.19631721418e-07, 9.50604430727e-08, 9.60116892657e-08], "dvar2": [0.000158201117301, 3.15387005685e-05, 8.66995287652e-06, 1.01002697193e-05, 4.10627671954e-06, 1.41823625199e-06, 3.58640278364e-07, 1.97134625068e-07, 3.02077580727e-07, 8.53277981605e-07, 2.27909765727e-07, 4.73630272779e-08, 1.84859221264e-08, 1.34579156708e-08, 1.14065832335e-08, 4.5443813157e-09, 2.72641842436e-09, 1.43574085953e-09, 1.66219904507e-09, 7.09983682956e-10, 6.6225963602e-10, 2.78391615316e-10, 2.80203582559e-10, 1.24542348656e-10, 1.24156102066e-10, 7.2734845924e-11, 5.07949099449e-11, 1.79313282972e-11, 1.95156130839e-11, 2.33576838427e-11, 1.06880650164e-11, 7.16233062442e-12, 1.96006058606e-12, 1.08677845369e-12, 2.20288780164e-13, 9.75348274368e-14, 5.28915019421e-14, 3.74155120406e-14, 3.0425592872e-14, 2.98541336238e-14], "min": [5.03576409292e-25, 1.49097304467e-24, 1.13775939107e-24, 1.3193312098e-24, 7.53054410125e-25, 1.82138299748e-24, 1.44616258981e-24, 1.89946918304e-24, 1.56353947187e-24, 1.90704836141e-24, 2.9710254934e-24, 1.26194680515e-24, 2.30367638328e-24, 2.38623659347e-24, 2.06554274461e-24, 1.6635339025e-24, 2.25417792528e-24, 2.70976620007e-24, 3.45025750724e-24, 2.37407511933e-24, 3.73913718744e-24, 3.25846786903e-24, 3.33575395242e-24, 3.87874584615e-24, 3.7911645363e-24, 3.85451519458e-24, 3.8355805607e-24, 3.17233056907e-24, 5.41335128052e-24, 4.90744492124e-24, 5.22285004938e-24, 5.6051754314e-24, 5.51908349094e-24, 5.16014783476e-24, 5.68829691612e-24, 5.98722273995e-24, 5.63123900128e-24, 5.49690190558e-24, 5.29858897932e-24, 6.05981845362e-24], "var": [0.000162582437042, 1.51463991642e-05, 5.58859028388e-06, 8.51428376336e-06, 3.06757237922e-06, 1.09264180992e-06, 2.35226977452e-07, 1.15840002479e-07, 2.07345379977e-07, 5.77878552122e-07, 1.64053190588e-07, 2.94105344523e-08, 1.06104298681e-08, 7.74775443801e-09, 7.17770776149e-09, 2.31167995857e-09, 1.7384800266e-09, 1.16745402234e-09, 9.97117499679e-10, 4.59306287448e-10, 4.32298280506e-10, 2.47654535768e-10, 2.02746069933e-10, 1.13235774923e-10, 1.25194951628e-10, 8.49253861679e-11, 5.49577744424e-11, 2.28267370284e-11, 3.23833355964e-11, 3.50971092467e-11, 1.79292136693e-11, 9.30778110836e-12, 1.99953291771e-12, 5.96418693512e-13, 1.57119787016e-13, 9.84809971202e-14, 6.27247413081e-14, 3.1051140256e-14, 2.52659441898e-14, 2.74570828991e-14], "median": [0.00197309837677, 0.00113757338841, 0.000645725405775, 0.000518109300174, 0.000298305269098, 0.000162252108566, 8.59932188177e-05, 6.62059901515e-05, 6.80046505295e-05, 6.4782158006e-05, 4.34970934293e-05, 4.24385871156e-05, 2.09659938264e-05, 2.25804342335e-05, 1.99367314053e-05, 1.48787703438e-05, 1.01529731182e-05, 9.12125233299e-06, 6.26543669568e-06, 3.99806776841e-06, 3.90384684579e-06, 3.02402713714e-06, 2.92281333714e-06, 2.14724991565e-06, 1.47821276641e-06, 1.25833878428e-06, 1.01945545339e-06, 8.4416012669e-07, 7.12150381332e-07, 5.51013897621e-07, 3.75597068114e-07, 2.43252117116e-07, 1.43680097153e-07, 9.52263050635e-08, 7.2087722458e-08, 6.4032271041e-08, 5.8757930077e-08, 4.8235417438e-08, 2.66296709128e-08, 2.57429402239e-08]}, "silence_rate_60dB": {"dmean": 0.0283575318754, "dmean2": 0.0567214973271, "max": 1, "dvar": 0.0275560878217, "mean": 0.0559147112072, "dvar2": 0.066438280046, "min": 0, "var": 0.0527831017971, "median": 0}, "spectral_energyband_middle_high": {"dmean": 0.00156726723071, "dmean2": 0.00223138765432, "max": 0.0286564100534, "dvar": 5.76405136599e-06, "mean": 0.0032360481564, "dvar2": 1.16745777632e-05, "min": 1.07554058173e-21, "var": 1.443610563e-05, "median": 0.00171158404555}, "erbbands_skewness": {"dmean": 0.393963813782, "dmean2": 0.607406377792, "max": 4.45941066742, "dvar": 0.126263454556, "mean": 0.447525650263, "dvar2": 0.275334686041, "min": -2.53379154205, "var": 0.578980565071, "median": 0.392366826534}, "dynamic_complexity": 2.93657851219, "dissonance": {"dmean": 0.0207024812698, "dmean2": 0.0349412858486, "max": 0.500000119209, "dvar": 0.00044046054245, "mean": 0.464672118425, "dvar2": 0.00118780287448, "min": 0.294780433178, "var": 0.000879310246091, "median": 0.473001033068}, "spectral_skewness": {"dmean": 0.393796414137, "dmean2": 0.598855495453, "max": 7.62225580215, "dvar": 0.186950176954, "mean": 2.85142707825, "dvar2": 0.44681173563, "min": -0.081536270678, "var": 0.718377709389, "median": 2.73904132843}, "spectral_kurtosis": {"dmean": 4.88071155548, "dmean2": 7.69885921478, "max": 84.533493042, "dvar": 33.9731330872, "mean": 16.8190860748, "dvar2": 85.680809021, "min": -1.2702716589, "var": 81.4269485474, "median": 14.5521030426}, "gfcc": {"cov": [[24032.5839844, 1054.65991211, -1535.70092773, 328.001403809, -416.136688232, -324.478149414, -21.5429058075, -122.64591217, -203.723052979, -81.009765625, -221.342987061, -20.7607288361, -140.335479736], [1054.65991211, 1237.05615234, 81.1415252686, -216.285903931, 17.3785915375, 28.6515483856, 68.6512680054, -35.7233505249, 45.2803573608, -14.353351593, 98.7226104736, -21.4209423065, 77.764465332], [-1535.70092773, 81.1415252686, 518.351806641, 173.090072632, 62.2267532349, 165.278274536, -20.7622833252, 130.448562622, 14.304889679, 75.4577026367, 58.3400611877, -11.2579593658, 29.4541893005], [328.001403809, -216.285903931, 173.090072632, 422.070800781, 188.408370972, 74.2263946533, 55.4561271667, 68.5577163696, 20.9234333038, 42.8407897949, -7.62314987183, 11.2087812424, -31.7326374054], [-416.136688232, 17.3785915375, 62.2267532349, 188.408370972, 279.82901001, 117.370330811, 93.2652053833, 6.89394950867, 20.4078903198, -2.89320397377, 16.0302066803, -3.00283312798, 5.61102151871], [-324.478149414, 28.6515483856, 165.278274536, 74.2263946533, 117.370330811, 240.577041626, 44.3867454529, 85.9451599121, -13.310880661, 25.0056838989, 29.8373336792, 2.27670931816, 32.7843589783], [-21.5429058075, 68.6512680054, -20.7622833252, 55.4561271667, 93.2652053833, 44.3867454529, 192.124008179, 45.4174880981, 68.2340621948, 4.34603691101, 17.4926204681, 35.4974822998, 30.5041999817], [-122.64591217, -35.7233505249, 130.448562622, 68.5577163696, 6.89394950867, 85.9451599121, 45.4174880981, 162.412338257, 56.3335800171, 54.6216087341, 22.9466114044, 10.277338028, 28.6532516479], [-203.723052979, 45.2803573608, 14.304889679, 20.9234333038, 20.4078903198, -13.310880661, 68.2340621948, 56.3335800171, 118.242401123, 47.6590385437, 18.8033809662, 17.3490791321, 6.79936361313], [-81.009765625, -14.353351593, 75.4577026367, 42.8407897949, -2.89320397377, 25.0056838989, 4.34603691101, 54.6216087341, 47.6590385437, 78.8664703369, 39.4190979004, 12.2778301239, 9.00084877014], [-221.342987061, 98.7226104736, 58.3400611877, -7.62314987183, 16.0302066803, 29.8373336792, 17.4926204681, 22.9466114044, 18.8033809662, 39.4190979004, 70.7061004639, 32.4191207886, 29.4955806732], [-20.7607288361, -21.4209423065, -11.2579593658, 11.2087812424, -3.00283312798, 2.27670931816, 35.4974822998, 10.277338028, 17.3490791321, 12.2778301239, 32.4191207886, 73.2991485596, 43.1008338928], [-140.335479736, 77.764465332, 29.4541893005, -31.7326374054, 5.61102151871, 32.7843589783, 30.5041999817, 28.6532516479, 6.79936361313, 9.00084877014, 29.4955806732, 43.1008338928, 83.6952590942]], "mean": [-24.5963745117, 101.925247192, -76.3681869507, -2.66674733162, -20.2222957611, -10.9903936386, -6.0424079895, -10.6507539749, -9.19234371185, -7.10806035995, -6.64135980606, -5.24959039688, -2.46444630623], "icov": [[0.000130058426294, -0.000360134057701, 0.000807882461231, -0.000782714923844, 0.000594477169216, -0.000279957661405, 0.000117426629004, -0.000263125373749, 0.000441943615442, -0.000417725037551, 0.000310857547447, 3.33799325745e-05, -2.90144089377e-05], [-0.000360134057701, 0.00244480604306, -0.0024778295774, 0.0021830573678, -0.000979247968644, 0.000417457544245, -0.000806630996522, 0.00198242906481, -0.00296796113253, 0.00353497220203, -0.00451970053837, 0.00313729350455, -0.00182014110032], [0.000807882461231, -0.0024778295774, 0.00922790728509, -0.00760702230036, 0.00548929814249, -0.0040860758163, 0.00243113748729, -0.00239320704713, 0.00136303307954, -0.00138093275018, -0.00212717754766, 0.00394650222734, -0.00255392096005], [-0.000782714923844, 0.0021830573678, -0.00760702230036, 0.0129957282916, -0.0108073549345, 0.00530021777377, -0.00191132293548, -0.002173157176, 0.00302160042338, -0.005383241456, 0.00707227364182, -0.00910472497344, 0.00688231457025], [0.000594477169216, -0.000979247968644, 0.00548929814249, -0.0108073549345, 0.0154158240184, -0.00797277782112, -0.00116420164704, 0.0054123098962, -0.00558205367997, 0.00739519204944, -0.00907816365361, 0.010779033415, -0.00615522684529], [-0.000279957661405, 0.000417457544245, -0.0040860758163, 0.00530021777377, -0.00797277782112, 0.0114253265783, -0.00193888018839, -0.00577632477507, 0.00727689824998, -0.0047551151365, 0.00351934577338, -0.0040424070321, 0.00209517567419], [0.000117426629004, -0.000806630996522, 0.00243113748729, -0.00191132293548, -0.00116420164704, -0.00193888018839, 0.0105721503496, -0.00215016701259, -0.00582937523723, 0.00468024471775, -0.00088254280854, -0.00259445374832, -0.00129608844873], [-0.000263125373749, 0.00198242906481, -0.00239320704713, -0.002173157176, 0.0054123098962, -0.00577632477507, -0.00215016701259, 0.0168134644628, -0.009600690566, 0.00175863644108, -0.00457130139694, 0.00774252740666, -0.00712288869545], [0.000441943615442, -0.00296796113253, 0.00136303307954, 0.00302160042338, -0.00558205367997, 0.00727689824998, -0.00582937523723, -0.009600690566, 0.0266943052411, -0.0207113903016, 0.0135688222945, -0.0107979997993, 0.00793737825006], [-0.000417725037551, 0.00353497220203, -0.00138093275018, -0.005383241456, 0.00739519204944, -0.0047551151365, 0.00468024471775, 0.00175863644108, -0.0207113903016, 0.0432170927525, -0.029403841123, 0.013758957386, -0.00616918317974], [0.000310857547447, -0.00451970053837, -0.00212717754766, 0.00707227364182, -0.00907816365361, 0.00351934577338, -0.00088254280854, -0.00457130139694, 0.0135688222945, -0.029403841123, 0.0476439595222, -0.0261047389358, 0.00797995831817], [3.33799325745e-05, 0.00313729350455, 0.00394650222734, -0.00910472497344, 0.010779033415, -0.0040424070321, -0.00259445374832, 0.00774252740666, -0.0107979997993, 0.013758957386, -0.0261047389358, 0.0416974835098, -0.0214199554175], [-2.90144089377e-05, -0.00182014110032, -0.00255392096005, 0.00688231457025, -0.00615522684529, 0.00209517567419, -0.00129608844873, -0.00712288869545, 0.00793737825006, -0.00616918317974, 0.00797995831817, -0.0214199554175, 0.0278387274593]]}, "spectral_complexity": {"dmean": 4.00930118561, "dmean2": 5.35087919235, "max": 58, "dvar": 18.8546352386, "mean": 16.0440063477, "dvar2": 25.2825813293, "min": 0, "var": 92.3715667725, "median": 14}, "spectral_flux": {"dmean": 0.0426617637277, "dmean2": 0.0675089880824, "max": 0.456200629473, "dvar": 0.00216782861389, "mean": 0.127792984247, "dvar2": 0.00512376055121, "min": 6.38269992415e-11, "var": 0.00487162778154, "median": 0.119145296514}, "spectral_energyband_low": {"dmean": 0.0188961755484, "dmean2": 0.0259152986109, "max": 0.334087431431, "dvar": 0.000867546827067, "mean": 0.0322605781257, "dvar2": 0.00159389397595, "min": 1.78186623317e-23, "var": 0.00220036273822, "median": 0.0133054628968}, "spectral_decrease": {"dmean": 6.41215258668e-09, "dmean2": 8.6279738909e-09, "max": 8.11893996477e-10, "dvar": 6.85055498495e-17, "mean": -1.27969039809e-08, "dvar2": 1.24501190692e-16, "min": -9.18593059396e-08, "var": 1.954827899e-16, "median": -8.3705042897e-09}, "barkbands_spread": {"dmean": 5.30427742004, "dmean2": 7.67093753815, "max": 91.7172622681, "dvar": 42.4123039246, "mean": 15.9931755066, "dvar2": 74.9448776245, "min": 0.610539615154, "var": 202.60017395, "median": 11.0018520355}, "spectral_rms": {"dmean": 0.00160940911155, "dmean2": 0.00205202098005, "max": 0.0185943357646, "dvar": 2.45158344114e-06, "mean": 0.00654698070139, "dvar2": 3.88796297557e-06, "min": 3.11232138152e-12, "var": 1.18545740406e-05, "median": 0.00623914366588}, "spectral_centroid": {"dmean": 206.529891968, "dmean2": 301.531005859, "max": 11685.0615234, "dvar": 68906.84375, "mean": 981.373168945, "dvar2": 114113.3125, "min": 188.572753906, "var": 1821120.25, "median": 650.39654541}, "barkbands_skewness": {"dmean": 0.923667132854, "dmean2": 1.38452637196, "max": 12.8976020813, "dvar": 0.900288879871, "mean": 2.899507761, "dvar2": 1.90687680244, "min": -2.84183502197, "var": 4.44750976562, "median": 2.41725540161}, "spectral_rolloff": {"dmean": 3560.67797852, "dmean2": 6749.56835938, "max": 22028.4667969, "dvar": 48962088, "mean": 5584.11962891, "dvar2": 110890968, "min": 43.06640625, "var": 71946144, "median": 839.794921875}, "erbbands_spread": {"dmean": 7.0039434433, "dmean2": 10.7811841965, "max": 100.003288269, "dvar": 41.9379272461, "mean": 30.1851005554, "dvar2": 94.6233673096, "min": 2.76562952995, "var": 208.015411377, "median": 28.5713329315}, "barkbands": {"dmean": [0.00744466204196, 0.0125743411481, 0.00361596141011, 0.0021326362621, 0.00476709241048, 0.00195318739861, 0.000769455858972, 0.000809240038507, 0.00143974577077, 0.000709790852852, 0.000323151325574, 0.000347886758391, 0.000276054808637, 0.000194675129023, 0.000161697229487, 0.000115763446956, 8.91117379069e-05, 8.13407023088e-05, 7.28072845959e-05, 5.21047695656e-05, 4.54219225503e-05, 2.638296246e-05, 1.08659769467e-05, 6.98457006365e-06, 6.34417483525e-06, 9.27676774154e-06, 0.000132408022182], "dmean2": [0.0108541240916, 0.0185735598207, 0.00606228038669, 0.00354140717536, 0.00740254763514, 0.00306169199757, 0.00125764776021, 0.00130771752447, 0.00233739521354, 0.0011354663875, 0.000528265198227, 0.000557656574529, 0.000448479579063, 0.000300244340906, 0.000253937614616, 0.000180323258974, 0.000130808693939, 0.000122553756228, 0.00010126784764, 7.38004455343e-05, 6.00048697379e-05, 3.76954631065e-05, 1.71184110513e-05, 1.1013376934e-05, 9.85540555121e-06, 1.37278548209e-05, 0.000171904801391], "max": [0.198633417487, 0.208250299096, 0.0638464316726, 0.0680882036686, 0.191549003124, 0.0669372975826, 0.0379891730845, 0.0492504090071, 0.0617599003017, 0.0261974819005, 0.0124014513567, 0.0102463327348, 0.00743096414953, 0.00478982971981, 0.00520583055913, 0.00447764340788, 0.00456170830876, 0.00335293449461, 0.00389768928289, 0.00254533393309, 0.00391199998558, 0.00217367871664, 0.000258155283518, 0.000148817329318, 0.000140477757668, 0.000208507481148, 0.00284492434002], "dvar": [0.00025724968873, 0.000445440586191, 3.65488340321e-05, 1.55188063218e-05, 8.71389129316e-05, 1.32151672005e-05, 2.6947952847e-06, 3.61408888239e-06, 1.12215584522e-05, 1.80929839644e-06, 4.30039136745e-07, 3.90200000311e-07, 2.34430771684e-07, 1.19182722358e-07, 1.0624432889e-07, 7.39892627166e-08, 3.21558886185e-08, 2.67601105719e-08, 2.62149963959e-08, 1.06287165735e-08, 1.50386156861e-08, 4.62766536202e-09, 5.10737840909e-10, 1.07414112327e-10, 9.72469257898e-11, 2.43921161047e-10, 6.51599947332e-08], "mean": [0.00968719180673, 0.0190230142325, 0.00416674884036, 0.00243073492311, 0.00672626728192, 0.00274961907417, 0.00107167067472, 0.00105921598151, 0.00209130696021, 0.0010261599673, 0.000429895007983, 0.000506763113663, 0.000398270727601, 0.000275454687653, 0.000227732380154, 0.000166864308994, 0.000142605786095, 0.000132945919177, 0.000117841496831, 9.1715126473e-05, 8.37641418912e-05, 4.28498933616e-05, 1.53990149556e-05, 1.13050755317e-05, 8.64078447194e-06, 1.68428232428e-05, 0.000289684161544], "dvar2": [0.000519972469192, 0.000972194306087, 0.000101015473774, 3.89333727071e-05, 0.000190869875951, 3.13631644531e-05, 6.98626672602e-06, 8.73888893693e-06, 2.91716260108e-05, 4.6367736104e-06, 1.11774818379e-06, 1.00421038951e-06, 5.99421355219e-07, 2.68220333055e-07, 2.42464125222e-07, 1.79350152507e-07, 6.78361473661e-08, 5.64805624492e-08, 5.03913852867e-08, 2.01139016553e-08, 2.31348096236e-08, 8.75833272573e-09, 1.22240539913e-09, 2.42261710692e-10, 2.09362013837e-10, 4.97160146384e-10, 1.1280037171e-07], "min": [3.97329195962e-25, 1.07733944965e-24, 3.46308951316e-25, 1.03134846445e-24, 4.22799074054e-24, 6.15323615087e-24, 5.14039199668e-24, 7.63387718844e-24, 1.39050208289e-23, 1.64557867888e-23, 9.52191557976e-24, 2.09283283542e-23, 2.24683378802e-23, 1.48483690984e-23, 4.31435949229e-23, 4.30762956213e-23, 5.20778233277e-23, 7.90095251657e-23, 1.1464433494e-22, 1.27531709424e-22, 2.66003367126e-22, 3.51435690497e-22, 3.4909356878e-22, 5.83259973897e-22, 7.6750390354e-22, 1.16692445042e-21, 1.75902178692e-21], "var": [0.000430664629675, 0.00085151696112, 4.6535194997e-05, 1.94985877897e-05, 0.00016627459263, 2.43230242631e-05, 4.00987755711e-06, 5.20845105711e-06, 2.16686385102e-05, 3.16697241942e-06, 6.2319816152e-07, 6.2100679088e-07, 3.34128685608e-07, 1.90666938238e-07, 1.59522969057e-07, 1.0662340344e-07, 6.67144490762e-08, 5.50256515908e-08, 6.48277307391e-08, 3.12456052143e-08, 5.05913213544e-08, 1.2477374689e-08, 7.73599073689e-10, 2.84150702967e-10, 2.00355218527e-10, 6.91042501e-10, 1.83334734061e-07], "median": [0.00105286994949, 0.00671483995393, 0.00134914845694, 0.000921592698433, 0.00254817772657, 0.00085761200171, 0.000370657682652, 0.000332253199304, 0.000438340590335, 0.000335998629453, 0.00014527561143, 0.000197444911464, 0.000170741681359, 0.000108667678433, 8.67559501785e-05, 6.00607781962e-05, 5.27585398231e-05, 5.11349680892e-05, 3.4801534639e-05, 2.92454587907e-05, 2.28854532907e-05, 1.02538742794e-05, 4.72403098684e-06, 4.20609012508e-06, 2.61482841779e-06, 5.43643000128e-06, 0.000117812240205]}, "melbands_kurtosis": {"dmean": 14.0505399704, "dmean2": 21.5736503601, "max": 529.185119629, "dvar": 672.594238281, "mean": 24.13829422, "dvar2": 1518.13879395, "min": -1.73846888542, "var": 1585.46655273, "median": 9.537068367}, "erbbands_crest": {"dmean": 2.85872411728, "dmean2": 4.7141251564, "max": 29.4687652588, "dvar": 7.29813289642, "mean": 8.41760063171, "dvar2": 18.4999065399, "min": 2.4048204422, "var": 17.1078338623, "median": 7.35602378845}, "melbands_skewness": {"dmean": 1.07399499416, "dmean2": 1.61236858368, "max": 19.0571708679, "dvar": 1.30957341194, "mean": 3.24104571342, "dvar2": 2.77833795547, "min": -1.18485224247, "var": 6.08361530304, "median": 2.59345698357}, "spectral_energyband_middle_low": {"dmean": 0.00832925271243, "dmean2": 0.0125167062506, "max": 0.220962911844, "dvar": 0.00014019732771, "mean": 0.0165440924466, "dvar2": 0.00029940600507, "min": 1.0314976696e-22, "var": 0.00037703171256, "median": 0.00977570470423}, "spectral_contrast_coeffs": {"dmean": [0.0627846941352, 0.049496229738, 0.0398762449622, 0.0274861976504, 0.0198718141764, 0.0361467935145], "dmean2": [0.100702777505, 0.0819212645292, 0.0667227953672, 0.0455303527415, 0.0322693288326, 0.0560918115079], "max": [-0.284792214632, -0.469165951014, -0.513746500015, -0.666818380356, -0.670432448387, -0.434103965759], "dvar": [0.00245100189932, 0.00156368582975, 0.00106712419074, 0.000474947824841, 0.000262297980953, 0.00115298375022], "mean": [-0.668305337429, -0.778737723827, -0.799304485321, -0.823103427887, -0.837960541248, -0.768373191357], "dvar2": [0.00625786697492, 0.00421778392047, 0.0028576143086, 0.0012808686588, 0.00067659659544, 0.00270449439995], "min": [-0.984950840473, -0.975080430508, -0.98153924942, -0.971942782402, -0.970799684525, -0.964006841183], "var": [0.0104166017845, 0.00466663716361, 0.00381209840998, 0.00153563194908, 0.000975573435426, 0.00440047355369], "median": [-0.673393964767, -0.786244690418, -0.808958411217, -0.825518667698, -0.835787653923, -0.771355390549]}, "spectral_contrast_valleys": {"dmean": [0.492813646793, 0.410013437271, 0.371059209108, 0.34699934721, 0.382032126188, 0.633853018284], "dmean2": [0.737722694874, 0.636680305004, 0.548528432846, 0.500148296356, 0.516149163246, 0.991831541061], "max": [-4.83134126663, -4.52351617813, -5.00912189484, -5.72009563446, -5.62285804749, -9.03230381012], "dvar": [0.200042635202, 0.13407561183, 0.119969628751, 0.126992210746, 0.165414482355, 0.341821700335], "mean": [-7.02755355835, -6.73624181747, -7.22509670258, -7.82653284073, -8.09924316406, -11.1682806015], "dvar2": [0.373226940632, 0.275381684303, 0.215227812529, 0.209900647402, 0.277366667986, 0.862589001656], "min": [-28.6491832733, -28.0350112915, -28.0300521851, -27.6444702148, -27.5783824921, -27.4407558441], "var": [7.12563657761, 6.94499921799, 6.57158041, 6.20215559006, 6.27206754684, 4.74857139587], "median": [-6.56873083115, -6.40961694717, -6.93198347092, -7.5387840271, -7.76842689514, -10.8358621597]}, "silence_rate_20dB": {"dmean": 0, "dmean2": 0, "max": 1, "dvar": 0, "mean": 1, "dvar2": 0, "min": 1, "var": 0, "median": 1}, "silence_rate_30dB": {"dmean": 0.0934664234519, "dmean2": 0.186954051256, "max": 1, "dvar": 0.0847266837955, "mean": 0.845752537251, "dvar2": 0.160847261548, "min": 0, "var": 0.130460813642, "median": 1}, "spectral_strongpeak": {"dmean": 1.47634589672, "dmean2": 2.77628087997, "max": 103.367637634, "dvar": 33.7508277893, "mean": 1.26936101913, "dvar2": 99.1908340454, "min": 0, "var": 22.9148044586, "median": 0.345500558615}, "spectral_spread": {"dmean": 583794.6875, "dmean2": 928287.5, "max": 42616976, "dvar": 474278232064, "mean": 4520617.5, "dvar2": 1139782713340.0, "min": 1497984.875, "var": 20342674292700.0, "median": 3995345.5}, "barkbands_flatness_db": {"dmean": 0.0335110127926, "dmean2": 0.0488239303231, "max": 0.407686442137, "dvar": 0.000902806292288, "mean": 0.165975391865, "dvar2": 0.00183058774564, "min": 0.0192049629986, "var": 0.00504811480641, "median": 0.165295049548}, "pitch_salience": {"dmean": 0.0945485010743, "dmean2": 0.148052379489, "max": 0.969578564167, "dvar": 0.00709627522156, "mean": 0.546863496304, "dvar2": 0.0161469709128, "min": 0.0629103928804, "var": 0.0263997297734, "median": 0.572731673717}, "erbbands_kurtosis": {"dmean": 1.24564838409, "dmean2": 1.9998717308, "max": 28.9905319214, "dvar": 2.73312568665, "mean": 1.14235508442, "dvar2": 6.80423021317, "min": -1.68707609177, "var": 5.90178489685, "median": 0.318996429443}, "average_loudness": 0.932656109333, "barkbands_crest": {"dmean": 3.11436843872, "dmean2": 5.11152935028, "max": 25.1891746521, "dvar": 7.12043857574, "mean": 11.0268383026, "dvar2": 18.4798965454, "min": 2.36562943459, "var": 19.0466804504, "median": 10.6241827011}, "hfc": {"dmean": 30.9792842865, "dmean2": 46.8892021179, "max": 611.037536621, "dvar": 1360.8873291, "mean": 85.8506851196, "dvar2": 3355.93945312, "min": 1.06854059947e-16, "var": 4797.47705078, "median": 67.7873840332}, "barkbands_kurtosis": {"dmean": 10.6616859436, "dmean2": 16.3275661469, "max": 254.987487793, "dvar": 311.746185303, "mean": 19.1956882477, "dvar2": 717.850769043, "min": -1.62851548195, "var": 759.123596191, "median": 9.09172153473}, "erbbands": {"dmean": [0.736073732376, 1.94464981556, 3.96744942665, 5.66078472137, 11.835401535, 16.8810653687, 16.3372154236, 18.3585948944, 12.5625343323, 10.8177843094, 19.6493721008, 35.4063262939, 26.8872451782, 17.2590656281, 11.9737043381, 14.0369510651, 12.7388944626, 9.22606945038, 8.71044254303, 6.96617412567, 6.17348098755, 4.89976787567, 4.40329313278, 3.95613622665, 3.35245943069, 2.3099398613, 2.08226752281, 1.59429609776, 1.03271198273, 0.536144375801, 0.268730163574, 0.168759465218, 0.107557371259, 0.0810180902481, 0.0372949466109, 0.0306457448751, 0.0187003426254, 0.0173528064042, 0.0146626736969, 0.00351921864785], "dmean2": [1.07246243954, 3.19525718689, 6.56196737289, 9.4762840271, 18.6042728424, 26.7770843506, 25.5403842926, 28.6319465637, 20.1249351501, 17.640422821, 31.3367652893, 57.5236091614, 42.8267822266, 27.6860961914, 19.2156391144, 22.2230243683, 20.4019317627, 14.1916370392, 13.0599660873, 10.5454139709, 9.41613769531, 7.08727312088, 6.63470840454, 5.58764028549, 4.69385480881, 3.20034170151, 2.80530047417, 2.13534355164, 1.4476159811, 0.820749461651, 0.417648553848, 0.260484457016, 0.172673508525, 0.125417619944, 0.0586226768792, 0.0464955829084, 0.0274245645851, 0.0227083973587, 0.0186318010092, 0.00479596108198], "max": [14.8954524994, 37.8460273743, 73.4358978271, 188.356674194, 771.241638184, 734.885070801, 739.929748535, 703.416687012, 588.440856934, 533.739440918, 1123.70666504, 1825.54724121, 1052.42871094, 621.140258789, 510.803009033, 458.638793945, 331.918701172, 319.272369385, 196.514816284, 236.222229004, 275.390869141, 306.408569336, 212.249038696, 201.154510498, 181.346817017, 135.616043091, 177.950012207, 133.118682861, 81.3644180298, 24.5266437531, 5.76356458664, 3.71628475189, 2.26745533943, 1.72172379494, 0.911098122597, 0.799721479416, 0.519366919994, 0.643007874489, 0.420133084059, 0.0657395496964], "dvar": [1.9958615303, 12.2159872055, 43.3963470459, 96.4351425171, 722.226501465, 1406.8112793, 1209.77160645, 1400.29223633, 652.058288574, 527.573547363, 1988.0267334, 7607.74316406, 3619.58984375, 986.128967285, 572.094177246, 624.832763672, 469.601745605, 288.414154053, 225.937774658, 215.86932373, 190.116134644, 103.732597351, 82.9633331299, 75.9170455933, 51.8308792114, 19.7639980316, 27.5251178741, 19.4648780823, 7.63124847412, 1.56825208664, 0.256157189608, 0.0657189190388, 0.0271699279547, 0.0167390443385, 0.00312502216548, 0.00245177745819, 0.000922835024539, 0.00137450406328, 0.000944167317357, 3.27461712004e-05], "mean": [1.03718304634, 2.4325273037, 4.71912908554, 6.87390565872, 15.7946653366, 22.3030433655, 21.4169368744, 25.1460800171, 18.0781650543, 15.6555395126, 27.8184490204, 49.6590194702, 40.9062423706, 25.6645851135, 17.957113266, 21.0143795013, 19.2797756195, 13.7515802383, 13.3593730927, 10.3452568054, 9.43509864807, 8.12724685669, 7.40377759933, 6.43194961548, 5.60284423828, 4.11149978638, 3.81087493896, 2.86564040184, 1.70671641827, 0.756093859673, 0.402035623789, 0.279024034739, 0.161955446005, 0.112325198948, 0.0486596189439, 0.0474306829274, 0.0354775264859, 0.0329007692635, 0.028823889792, 0.00937155820429], "dvar2": [4.11789274216, 31.7466564178, 112.757263184, 262.07723999, 1468.77075195, 3402.97729492, 2591.81860352, 3298.63232422, 1659.56958008, 1393.86975098, 4787.65722656, 19765.5371094, 9403.09082031, 2582.88549805, 1456.11376953, 1571.79394531, 1186.26245117, 655.041320801, 469.514251709, 478.83807373, 445.780273438, 217.596908569, 176.690353394, 147.534088135, 100.786979675, 35.1655044556, 47.0492744446, 30.5017719269, 13.9791412354, 3.54278326035, 0.581823945045, 0.142026051879, 0.0648608207703, 0.0361246019602, 0.00698839966208, 0.00521670049056, 0.00180436600931, 0.00238832691684, 0.00156205135863, 6.11391660641e-05], "min": [6.49601775009e-23, 4.08446074894e-22, 1.58856411667e-21, 4.76085821039e-21, 9.13250936332e-21, 2.0864858701e-20, 1.71333887966e-20, 8.31721317128e-20, 9.9163323024e-20, 1.78826160375e-19, 2.16595084973e-19, 3.42313884802e-19, 6.14069676944e-19, 4.24416316887e-19, 8.26249982665e-19, 1.39461307108e-18, 1.26570555461e-18, 1.4918732777e-18, 2.27356919292e-18, 3.1704006878e-18, 3.31263439412e-18, 3.32240422434e-18, 4.91541242944e-18, 5.64426856412e-18, 6.64896006817e-18, 5.69105183161e-18, 9.59036676353e-18, 1.10763073985e-17, 1.14159932529e-17, 1.09375478507e-17, 1.04255486941e-17, 1.05152977906e-17, 9.4546777102e-18, 7.42461187806e-18, 5.84951688951e-18, 4.29722272096e-18, 2.01893673739e-18, 8.75804667103e-19, 2.32816290655e-19, 2.56486703656e-20], "var": [3.48065114021, 13.755616188, 54.1689682007, 118.601135254, 1534.55651855, 2140.38452148, 1897.65100098, 2472.30639648, 1118.49536133, 787.397705078, 3146.87744141, 13444.9335938, 6979.10302734, 1651.0703125, 882.93560791, 1011.44586182, 725.191223145, 449.502563477, 413.657531738, 350.368408203, 308.263183594, 217.176010132, 171.521987915, 177.015106201, 134.200363159, 60.2103805542, 87.0761795044, 63.6790733337, 21.6388645172, 2.79232192039, 0.458423525095, 0.181431785226, 0.0590693578124, 0.0352914705873, 0.00581037811935, 0.00602522445843, 0.00307583506219, 0.00387121154927, 0.00277200713754, 9.19593294384e-05], "median": [0.197604417801, 1.07640361786, 1.63079667091, 3.10973596573, 5.10958862305, 8.02680873871, 7.71152591705, 7.38153266907, 5.8524274826, 6.09724378586, 8.47624206543, 10.5127859116, 8.96593093872, 10.7145118713, 7.027759552, 8.23377418518, 8.34416770935, 6.0980963707, 5.62211513519, 3.86285877228, 3.44257116318, 3.01795077324, 2.91174149513, 1.98566675186, 1.63943946362, 1.35284543037, 1.1146556139, 0.748459458351, 0.399832606316, 0.203462764621, 0.126981958747, 0.0963618904352, 0.0597735121846, 0.0316171310842, 0.0167055781931, 0.0140650263056, 0.0115136941895, 0.0079836929217, 0.00717926491052, 0.00610054796562]}, "spectral_energy": {"dmean": 0.025343272835, "dmean2": 0.0336956493556, "max": 0.354393064976, "dvar": 0.00100488087628, "mean": 0.0560854226351, "dvar2": 0.00180966791231, "min": 9.92870705361e-21, "var": 0.00301379524171, "median": 0.0399000830948}, "zerocrossingrate": {"dmean": 0.0409047417343, "dmean2": 0.0476876012981, "max": 0.609375, "dvar": 0.0014692703262, "mean": 0.191368922591, "dvar2": 0.00179784779903, "min": 0.00927734375, "var": 0.0109686087817, "median": 0.1748046875}, "spectral_energyband_high": {"dmean": 0.000214448125917, "dmean2": 0.000270725082373, "max": 0.00777446571738, "dvar": 1.80515058901e-07, "mean": 0.000455386092653, "dvar2": 2.81516150835e-07, "min": 6.73402930308e-21, "var": 6.4043