{"tonal": {"hpcp": {"dvar": [0.0502015203238, 0.0444108620286, 0.0507447198033, 0.0585167743266, 0.0471898317337, 0.0361043177545, 0.0353757105768, 0.0386584624648, 0.051103617996, 0.0493693165481, 0.0415143817663, 0.0322582572699, 0.0268994681537, 0.0234979577363, 0.0251899342984, 0.0305986758322, 0.0336322076619, 0.0388374552131, 0.039566680789, 0.0322460494936, 0.0300750471652, 0.0252461507916, 0.0249785222113, 0.0441747382283, 0.0508024506271, 0.0441248491406, 0.0414224416018, 0.0330900549889, 0.026342952624, 0.0335605032742, 0.0389047674835, 0.037071429193, 0.0495728291571, 0.0577675886452, 0.0521267727017, 0.0510644353926], "var": [0.0369266010821, 0.0358101502061, 0.0675744339824, 0.10441852361, 0.0541239865124, 0.024515029043, 0.0220290068537, 0.0257611405104, 0.0587590523064, 0.0836244449019, 0.0442972816527, 0.037244874984, 0.04180226475, 0.0226334892213, 0.023093925789, 0.0285740531981, 0.0292754732072, 0.0495802499354, 0.0648121833801, 0.0309435352683, 0.0310547184199, 0.0264900922775, 0.0198275186121, 0.0645912438631, 0.0831994339824, 0.0484107919037, 0.0444019064307, 0.026926971972, 0.0171486772597, 0.0352724902332, 0.0621929392219, 0.0386201702058, 0.0806952193379, 0.139128953218, 0.0736794173717, 0.0426645092666], "median": [0.0339418649673, 0.0322150103748, 0.0701546445489, 0.101986795664, 0.0671394243836, 0.0238958708942, 0.0179691202939, 0.0261493735015, 0.0759528577328, 0.111811622977, 0.0728069096804, 0.0297805592418, 0.0222851876169, 0.0282199420035, 0.0429023317993, 0.0434078350663, 0.0420479886234, 0.0896618515253, 0.121070593596, 0.0690035000443, 0.0215242560953, 0.0183251705021, 0.0261048469692, 0.0610695332289, 0.0932935476303, 0.0721857473254, 0.035030182451, 0.0224053729326, 0.0151443341747, 0.0418298505247, 0.0619645789266, 0.0648755654693, 0.142810836434, 0.205717146397, 0.128789260983, 0.0455578751862], "max": [1, 1, 1, 1, 1, 1, 1, 1, 1, 1, 1, 1, 1, 1, 1, 1, 1, 1, 1, 1, 1, 1, 1, 1, 1, 1, 1, 1, 1, 1, 1, 1, 1, 1, 1, 1], "dmean": [0.129434153438, 0.126976296306, 0.15711094439, 0.172827064991, 0.147879943252, 0.0966527163982, 0.086501583457, 0.104164049029, 0.155304655433, 0.164867371321, 0.135478615761, 0.0956263020635, 0.0764129087329, 0.0759814679623, 0.0867350324988, 0.0957700386643, 0.102550908923, 0.134337365627, 0.146700516343, 0.113958194852, 0.0840291306376, 0.0720308423042, 0.0801865905523, 0.134028270841, 0.159270748496, 0.139719113708, 0.115354418755, 0.0931163430214, 0.070269048214, 0.102904543281, 0.123176619411, 0.131967306137, 0.182674080133, 0.187718153, 0.183977127075, 0.142578914762], "dmean2": [0.239299997687, 0.231614902616, 0.27289840579, 0.297211199999, 0.258921861649, 0.178702875972, 0.16341803968, 0.194363519549, 0.269977420568, 0.278042703867, 0.234303697944, 0.170539498329, 0.134027436376, 0.135667279363, 0.152478188276, 0.169342428446, 0.18124063313, 0.228760421276, 0.244920760393, 0.200401559472, 0.151756465435, 0.129081502557, 0.145254999399, 0.23256239295, 0.272392868996, 0.239268139005, 0.196002259851, 0.166033551097, 0.1302382797, 0.180342361331, 0.210389614105, 0.231548905373, 0.312946856022, 0.3173404634, 0.320127189159, 0.259964078665], "mean": [0.104504987597, 0.106341645122, 0.190224155784, 0.256942212582, 0.169656470418, 0.0765559002757, 0.0634866431355, 0.0809095650911, 0.181592911482, 0.238969713449, 0.157025545835, 0.10289491713, 0.094306871295, 0.0798264145851, 0.0934435725212, 0.100754000247, 0.100590743124, 0.176182225347, 0.217811599374, 0.134011074901, 0.0826800093055, 0.0726662278175, 0.0774353146553, 0.174153968692, 0.224045440555, 0.162460252643, 0.11719018966, 0.0798453837633, 0.0541521981359, 0.11656922102, 0.166709408164, 0.145561054349, 0.264029800892, 0.374939411879, 0.246381357312, 0.125683754683], "dvar2": [0.141100421548, 0.123918302357, 0.134194269776, 0.141921386123, 0.125858172774, 0.103439338505, 0.102280586958, 0.112009644508, 0.138326212764, 0.119761347771, 0.112922109663, 0.0882968977094, 0.0703378394246, 0.0668284520507, 0.0717319622636, 0.0858464092016, 0.0942772254348, 0.101512335241, 0.0999092534184, 0.0910874679685, 0.0831194445491, 0.0711207985878, 0.0711138173938, 0.113919652998, 0.126930803061, 0.117085427046, 0.102955900133, 0.0893746241927, 0.0751430094242, 0.0905126258731, 0.0965771824121, 0.101032964885, 0.134371876717, 0.140496343374, 0.136630117893, 0.14072932303], "min": [0, 0, 0, 0, 0, 0, 0, 0, 0, 0, 0, 0, 0, 0, 0, 0, 0, 0, 0, 0, 0, 0, 0, 0, 0, 0, 0, 0, 0, 0, 0, 0, 0, 0, 0, 0]}, "key_key": "G#", "thpcp": [1, 0.657123148441, 0.335210829973, 0.278724998236, 0.283623546362, 0.507346391678, 0.685289978981, 0.452490359545, 0.204182058573, 0.169325068593, 0.215793699026, 0.484326004982, 0.637355566025, 0.418802440166, 0.274430781603, 0.251525640488, 0.212904840708, 0.249223127961, 0.26872074604, 0.26828533411, 0.46989518404, 0.580924808979, 0.357420623302, 0.220515653491, 0.193807914853, 0.206527546048, 0.464485615492, 0.597551047802, 0.433297336102, 0.312557667494, 0.21295543015, 0.144429191947, 0.310901492834, 0.444630265236, 0.388225525618, 0.704193234444], "chords_key": "G#", "tuning_equal_tempered_deviation": 0.0459168702364, "tuning_frequency": 440.763122559, "tuning_diatonic_strength": 0.654559254646, "chords_histogram": [38.7601737976, 3.13087034225, 12.1686496735, 0.521811723709, 5.28073453903, 0.0834898799658, 1.87852227688, 0, 1.23147571087, 0.229597166181, 0.375704437494, 0.0208724699914, 0, 0, 0.64704656601, 0.0417449399829, 0, 0, 0, 0.438321858644, 0, 3.6944270134, 3.6944270134, 27.8021297455], "key_strength": 0.770934820175, "key_scale": "major", "chords_strength": {"dvar": 0.000936152762733, "var": 0.0219719707966, "median": 0.49041223526, "max": 0.832813918591, "dmean": 0.0108851669356, "dmean2": 0.0120844040066, "mean": 0.487604767084, "dvar2": 0.00180865079165, "min": -1}, "chords_number_rate": 0.00187852222007, "tuning_nontempered_energy_ratio": 0.698830962181, "hpcp_entropy": {"dvar": 0.321740329266, "var": 0.741829156876, "median": 2.05634379387, "max": 4.50678634644, "dmean": 0.662545740604, "dmean2": 1.10680782795, "mean": 2.02256894112, "dvar2": 0.872259438038, "min": 0}, "chords_changes_rate": 0.0578167401254, "chords_scale": "major"}, "rhythm": {"bpm_histogram_first_peak_spread": {"dvar": 0, "var": 0, "median": 0.17512691021, "max": 0.17512691021, "dmean": 0, "dmean2": 0, "mean": 0.17512691021, "dvar2": 0, "min": 0.17512691021}, "bpm_histogram_first_peak_weight": {"dvar": 0, "var": 0, "median": 0.816582918167, "max": 0.816582918167, "dmean": 0, "dmean2": 0, "mean": 0.816582918167, "dvar2": 0, "min": 0.816582918167}, "bpm_histogram_first_peak_bpm": {"dvar": 0, "var": 0, "median": 108, "max": 108, "dmean": 0, "dmean2": 0, "mean": 108, "dvar2": 0, "min": 108}, "bpm": 107.946846008, "bpm_histogram_second_peak_weight": {"dvar": 0, "var": 0, "median": 0.0100502511486, "max": 0.0100502511486, "dmean": 0, "dmean2": 0, "mean": 0.0100502511486, "dvar2": 0, "min": 0.0100502511486}, "beats_loudness": {"dvar": 0.00083632406313, "var": 0.00161866110284, "median": 0.0713548958302, "max": 0.168746158481, "dmean": 0.0337143540382, "dmean2": 0.0595958270133, "mean": 0.0681586414576, "dvar2": 0.00255004339851, "min": 0}, "beats_loudness_band_ratio": {"dvar": [0.0259112026542, 0.00724183674902, 0.00415532663465, 0.00797506514937, 0.00269478117116, 0.00667358702049], "var": [0.0590889379382, 0.00875680521131, 0.00887078791857, 0.00986447930336, 0.00418724818155, 0.00410045543686], "median": [0.763469099998, 0.0527824349701, 0.0513089932501, 0.0533260293305, 0.0481639876962, 0.0305626560003], "max": [0.983721971512, 0.596029222012, 0.612474024296, 0.654935896397, 0.511804521084, 0.822713136673], "dmean": [0.17190566659, 0.089770168066, 0.0625238344073, 0.0692746043205, 0.0453436300159, 0.0365480743349], "dmean2": [0.306843459606, 0.165745809674, 0.106762729585, 0.121583096683, 0.0800204724073, 0.0657146722078], "mean": [0.670224845409, 0.094151891768, 0.0862500816584, 0.0897658765316, 0.0663181319833, 0.0421075597405], "dvar2": [0.0718302577734, 0.0238757841289, 0.0120727606118, 0.022117741406, 0.00764039857313, 0.0195590741932], "min": [0, 0, 0, 0, 0, 0]}, "bpm_histogram_second_peak_bpm": {"dvar": 0, "var": 0, "median": 103, "max": 103, "dmean": 0, "dmean2": 0, "mean": 103, "dvar2": 0, "min": 103}, "onset_rate": 4.06431055069, "beats_count": 399, "beats_position": [0.522448956966, 1.05650794506, 1.60217678547, 2.15945577621, 2.71673464775, 3.27401351929, 3.83129239082, 4.38857126236, 4.94585037231, 5.4915189743, 6.03718805313, 6.59446716309, 7.1517457962, 7.70902490616, 8.26630401611, 8.82358264923, 9.38086128235, 9.93814086914, 10.4954195023, 11.0526981354, 11.6099767685, 12.1672563553, 12.7245349884, 13.2702035904, 13.8158731461, 14.3731517792, 14.9304304123, 15.4877090454, 16.0449886322, 16.602268219, 17.1595458984, 17.7168254852, 18.2741031647, 18.8313827515, 19.3886623383, 19.9343299866, 20.4799995422, 21.037279129, 21.5945568085, 22.1518363953, 22.7091159821, 23.2663936615, 23.8236732483, 24.3809528351, 24.9382305145, 25.4955101013, 26.0527877808, 26.5984573364, 27.1441268921, 27.7014045715, 28.2586841583, 28.8159637451, 29.3732414246, 29.9305210114, 30.4878005981, 31.0450782776, 31.6023578644, 32.1596374512, 32.7169151306, 33.2741928101, 33.8314743042, 34.3887519836, 34.9460296631, 35.4916992188, 36.0373687744, 36.5946464539, 37.151927948, 37.7092056274, 38.2664833069, 38.823764801, 39.3810424805, 39.9383201599, 40.4956016541, 41.0528793335, 41.6101570129, 42.1558265686, 42.713104248, 43.2587738037, 43.8160552979, 44.3733329773, 44.9306106567, 45.4878921509, 46.0451698303, 46.6024475098, 47.1597251892, 47.7053947449, 48.262676239, 48.8199539185, 49.3656234741, 49.9229011536, 50.480178833, 51.0374603271, 51.5947380066, 52.152015686, 52.7092971802, 53.2665748596, 53.8238525391, 54.3811340332, 54.9384117126, 55.4956893921, 56.0529708862, 56.5986366272, 57.1443061829, 57.701587677, 58.2588653564, 58.8161430359, 59.37342453, 59.9307022095, 60.4879798889, 61.0452613831, 61.6025390625, 62.1598167419, 62.7170982361, 63.2743759155, 63.831653595, 64.3889312744, 64.9346008301, 65.4802703857, 66.0375518799, 66.5948257446, 67.1521072388, 67.7093887329, 68.2666625977, 68.8239440918, 69.3812255859, 69.9384994507, 70.4957809448, 71.053062439, 71.6103363037, 72.1676177979, 72.7132873535, 73.2589569092, 73.8162307739, 74.3735122681, 74.9307937622, 75.488067627, 76.0453491211, 76.6026306152, 77.15990448, 77.7171859741, 78.2744674683, 78.831741333, 79.3890228271, 79.9463043213, 80.491973877, 81.0492477417, 81.5949172974, 82.1521987915, 82.7094802856, 83.2667541504, 83.8240356445, 84.3813171387, 84.9385910034, 85.4958724976, 86.0531539917, 86.598815918, 87.1444854736, 87.7017669678, 88.2590484619, 88.8163223267, 89.3736038208, 89.9308853149, 90.4881591797, 91.0454406738, 91.602722168, 92.1599960327, 92.7172775269, 93.274559021, 93.8318328857, 94.3891143799, 94.946395874, 95.4920654297, 96.037727356, 96.5950088501, 97.1522903442, 97.709564209, 98.2668457031, 98.8241271973, 99.381401062, 99.9386825562, 100.49596405, 101.041633606, 101.598907471, 102.156188965, 102.701858521, 103.259140015, 103.816413879, 104.373695374, 104.930976868, 105.488250732, 106.045532227, 106.602806091, 107.160087585, 107.71736908, 108.274642944, 108.8203125, 109.365982056, 109.92326355, 110.480545044, 111.037818909, 111.595100403, 112.152381897, 112.698051453, 113.255325317, 113.82421875, 114.381492615, 114.938774109, 115.496055603, 116.053329468, 116.610610962, 117.156280518, 117.701950073, 118.259223938, 118.816505432, 119.373786926, 119.931060791, 120.488342285, 121.045623779, 121.602897644, 122.160179138, 122.717460632, 123.274734497, 123.820404053, 124.377685547, 124.923355103, 125.480628967, 126.037910461, 126.595191956, 127.15246582, 127.709747314, 128.267028809, 128.824310303, 129.381591797, 129.938858032, 130.496139526, 131.053421021, 131.599090576, 132.15637207, 132.713653564, 133.25932312, 133.816589355, 134.37387085, 134.931152344, 135.488433838, 136.045715332, 136.602996826, 137.160263062, 137.705932617, 138.251602173, 138.808883667, 139.366165161, 139.923446655, 140.480728149, 141.037994385, 141.595275879, 142.152557373, 142.709838867, 143.267120361, 143.824401855, 144.381668091, 144.938949585, 145.496231079, 146.053512573, 146.610794067, 147.156463623, 147.702133179, 148.259414673, 148.816680908, 149.373962402, 149.931243896, 150.488525391, 151.045806885, 151.603088379, 152.160354614, 152.717636108, 153.274917603, 153.832199097, 154.377868652, 154.935150146, 155.480819702, 156.038085938, 156.595367432, 157.152648926, 157.70993042, 158.267211914, 158.824493408, 159.381759644, 159.939041138, 160.496322632, 161.053604126, 161.61088562, 162.156555176, 162.702224731, 163.259490967, 163.816772461, 164.374053955, 164.931335449, 165.488616943, 166.034286499, 166.591567993, 167.160446167, 167.717727661, 168.275009155, 168.832290649, 169.377960205, 169.923629761, 170.480911255, 171.03817749, 171.595458984, 172.152740479, 172.710021973, 173.267303467, 173.824569702, 174.381851196, 174.93913269, 175.496414185, 176.053695679, 176.610977173, 177.156646729, 177.702316284, 178.25958252, 178.816864014, 179.374145508, 179.931427002, 180.488708496, 181.04598999, 181.603256226, 182.16053772, 182.717819214, 183.275100708, 183.832382202, 184.378051758, 184.923721313, 185.480987549, 186.038269043, 186.595550537, 187.152832031, 187.710113525, 188.26739502, 188.824661255, 189.381942749, 189.939224243, 190.496505737, 191.053787231, 191.599456787, 192.156738281, 192.702392578, 193.259674072, 193.816955566, 194.374237061, 194.931518555, 195.488800049, 196.046066284, 196.603347778, 197.160629272, 197.717910767, 198.275192261, 198.832473755, 199.38973999, 199.935409546, 200.481079102, 201.038360596, 201.59564209, 202.152923584, 202.710205078, 203.267486572, 203.824752808, 204.382034302, 204.939315796, 205.49659729, 206.053878784, 206.611160278, 207.156814575, 207.702484131, 208.259765625, 208.805435181, 209.362716675, 209.919998169, 210.477279663, 211.034561157, 211.591827393, 212.137496948, 212.694778442, 213.252059937, 213.809341431, 214.366622925, 214.92388916, 215.481170654, 216.038452148, 216.595733643, 217.164627075, 217.733505249, 218.302398682, 218.871292114, 219.451782227, 220.020675659, 220.60118103, 221.181671143, 221.762176514], "danceability": 1.399964571, "bpm_histogram_second_peak_spread": {"dvar": 0, "var": 0, "median": 0, "max": 0, "dmean": 0, "dmean2": 0, "mean": 0, "dvar2": 0, "min": 0}}, "lowlevel": {"spectral_flux": {"dvar": 0.00181586085819, "var": 0.0037638603244, "median": 0.0785177201033, "max": 0.387051552534, "dmean": 0.0316928774118, "dmean2": 0.0490930639207, "mean": 0.0946529433131, "dvar2": 0.00374145130627, "min": 6.40893518811e-11}, "spectral_rolloff": {"dvar": 1263426.375, "var": 5921250, "median": 1851.85546875, "max": 19659.8144531, "dmean": 652.711853027, "dmean2": 1098.99035645, "mean": 2296.14770508, "dvar2": 2779673.5, "min": 86.1328125}, "barkbands_flatness_db": {"dvar": 0.000659522076603, "var": 0.00378152821213, "median": 0.0866187363863, "max": 0.533969759941, "dmean": 0.0209729317576, "dmean2": 0.0334678664804, "mean": 0.104489251971, "dvar2": 0.00163552816957, "min": 0.0165150146931}, "spectral_centroid": {"dvar": 174194.828125, "var": 1403101, "median": 1779.36474609, "max": 11891.5224609, "dmean": 318.459320068, "dmean2": 517.044189453, "mean": 1854.4432373, "dvar2": 443068.6875, "min": 167.897109985}, "melbands_skewness": {"dvar": 1.36565387249, "var": 2.65447831154, "median": 1.59821200371, "max": 17.1699924469, "dmean": 0.815596342087, "dmean2": 1.25837123394, "mean": 1.98427546024, "dvar2": 3.1526196003, "min": -1.11694085598}, "melbands": {"dvar": [2.85665419142e-06, 3.02063999698e-05, 1.13354371933e-05, 2.41458860728e-06, 8.56612203393e-08, 4.46498589213e-08, 1.16456895682e-07, 1.04446556293e-07, 2.16889155524e-08, 2.07030605992e-08, 2.01907202069e-08, 1.27739596678e-08, 1.26147030599e-08, 1.63781823659e-08, 1.71954823713e-08, 1.22649161938e-08, 1.35821203173e-08, 1.91588771514e-08, 8.86150353097e-09, 2.71187916567e-09, 1.75021930282e-09, 1.43335465719e-09, 8.28144830489e-10, 4.08535344443e-10, 2.7049040785e-10, 3.62812890842e-10, 4.1352371527e-10, 4.05374900314e-10, 5.39563504987e-10, 2.44645803615e-10, 1.21266385822e-10, 8.1205576985e-11, 4.06765385264e-11, 3.62861546366e-11, 4.28979352041e-11, 4.36298740192e-11, 2.92041633931e-11, 2.6349471216e-11, 1.24318914538e-11, 7.57322243111e-12], "var": [4.63872856926e-06, 3.0959770811e-05, 7.96512722445e-06, 2.04087268685e-06, 1.39658766329e-07, 8.31412805269e-08, 3.11354369842e-07, 2.39753973119e-07, 3.81022147167e-08, 6.64084751634e-08, 6.30195131635e-08, 2.83888272889e-08, 2.62923176564e-08, 3.38152901236e-08, 4.28294804067e-08, 3.73904462947e-08, 4.27166675365e-08, 3.04366629678e-08, 1.49335406263e-08, 5.0269748364e-09, 2.95657498484e-09, 3.03344349639e-09, 1.6088028687e-09, 8.09699141069e-10, 3.08206571376e-10, 4.6685288968e-10, 5.28311117076e-10, 3.55150936437e-10, 3.7665862096e-10, 1.89506660364e-10, 1.01320916934e-10, 7.22553059052e-11, 5.25495931492e-11, 4.76534055271e-11, 7.26500526405e-11, 7.41627176337e-11, 4.55182558312e-11, 3.51541538934e-11, 1.64700943855e-11, 8.85964478864e-12], "median": [0.000635899952613, 0.000754115986638, 0.00037993650767, 0.000252854370046, 0.000116374976642, 0.00010166951688, 0.000167311634868, 7.26811194909e-05, 5.68696850678e-05, 5.89479168411e-05, 7.94184597908e-05, 7.57729503675e-05, 6.73437607475e-05, 4.94125488331e-05, 6.37400298729e-05, 3.43510691891e-05, 6.05226159678e-05, 5.35833605682e-05, 3.11921685352e-05, 2.37274398387e-05, 3.1830084481e-05, 4.27023478551e-05, 2.70058390015e-05, 2.21212849283e-05, 1.0294810636e-05, 1.04294040284e-05, 1.04545215436e-05, 7.92712035036e-06, 6.80837820255e-06, 5.17187800142e-06, 3.47165018866e-06, 2.80811582343e-06, 2.74010244539e-06, 2.18652849071e-06, 1.64182358731e-06, 1.42270459946e-06, 1.26702695979e-06, 1.07344396838e-06, 8.68572669788e-07, 6.44854821985e-07], "max": [0.0213681198657, 0.0472737252712, 0.034383520484, 0.0183557868004, 0.00597283989191, 0.00470077013597, 0.00970690138638, 0.0090905809775, 0.0044068871066, 0.00369966169819, 0.00277776340954, 0.00276082195342, 0.00225197197869, 0.00462929904461, 0.00537639250979, 0.00290946639143, 0.00238334247842, 0.00239971210249, 0.00235052150674, 0.00152887543663, 0.000734323053621, 0.000859822088387, 0.000606335175689, 0.000321809377056, 0.000334988813847, 0.000260960281594, 0.000227706652367, 0.00040079082828, 0.000349758454831, 0.00019843094924, 0.000127335617435, 0.000179867784027, 0.00012515365961, 0.000142527525895, 0.000168886777828, 0.000239331711782, 0.0001276115363, 0.000182196803507, 0.000127931096358, 7.67634555814e-05], "dmean": [0.000851972727105, 0.00205326778814, 0.00125004199799, 0.000575124577153, 0.000137387003633, 0.000107383304567, 0.000186795383343, 0.000139470590511, 7.01701646904e-05, 6.75833071e-05, 8.18805929157e-05, 6.62863385514e-05, 6.37665070826e-05, 5.10549107275e-05, 6.42003797111e-05, 5.19130881003e-05, 6.90948654665e-05, 7.11755637894e-05, 4.42732125521e-05, 2.56132716459e-05, 2.55821378232e-05, 2.82513574348e-05, 1.88004505617e-05, 1.41246628118e-05, 8.65416041052e-06, 9.86249142443e-06, 1.08469339466e-05, 8.87712667463e-06, 8.85993358679e-06, 6.53188408251e-06, 4.4587800403e-06, 3.58102715836e-06, 2.96651182907e-06, 2.5878937322e-06, 2.07754965231e-06, 1.95844063455e-06, 1.65005747021e-06, 1.34409663133e-06, 1.01478053693e-06, 8.27684914384e-07], "dmean2": [0.00134003313724, 0.00328914239071, 0.00222726166248, 0.000985417515039, 0.000225432551815, 0.000172384709003, 0.00028625165578, 0.000211767968722, 0.000109703651106, 0.000101239798823, 0.000126006954815, 0.000104449318314, 0.000100866440334, 8.00634152256e-05, 0.000101662131783, 8.08378899819e-05, 0.000107942403702, 0.00011548159091, 7.35669673304e-05, 4.26752994827e-05, 4.26937222073e-05, 4.71388993901e-05, 3.13968666887e-05, 2.38731718127e-05, 1.50497089635e-05, 1.68739006767e-05, 1.84802775038e-05, 1.54856006702e-05, 1.5820887711e-05, 1.16307610369e-05, 7.83701216278e-06, 6.27769850325e-06, 5.01100157635e-06, 4.28625162385e-06, 3.2778007153e-06, 3.02770968119e-06, 2.58118006968e-06, 2.08745473174e-06, 1.59914168307e-06, 1.28989995574e-06], "mean": [0.00144959508907, 0.00237423065118, 0.00121268071234, 0.000698664633092, 0.00022530053684, 0.000191227489267, 0.000373910152121, 0.000267197465291, 0.000119836011436, 0.000134815083584, 0.000173498076038, 0.000124861384393, 0.000116390030598, 9.23284824239e-05, 0.000122619676404, 9.48844390223e-05, 0.000125625578221, 0.00011171172082, 6.41847000225e-05, 4.09914027841e-05, 4.4792319386e-05, 5.46768205822e-05, 3.60616249964e-05, 2.81415250356e-05, 1.47384907905e-05, 1.67357975442e-05, 1.7889560695e-05, 1.29726477098e-05, 1.13968417281e-05, 8.72299642651e-06, 5.99902341492e-06, 5.00646956425e-06, 4.68636289952e-06, 4.06599747294e-06, 3.37247502102e-06, 3.11821372634e-06, 2.66577399088e-06, 2.18675131691e-06, 1.6555388811e-06, 1.29958505113e-06], "dvar2": [6.98373150954e-06, 6.75807677908e-05, 3.15204342769e-05, 6.54943551126e-06, 2.0953063995e-07, 1.0762165914e-07, 2.6862542768e-07, 2.32540486422e-07, 5.04218853337e-08, 4.33665654498e-08, 4.73064361017e-08, 2.98090263584e-08, 2.97022282325e-08, 3.71107766739e-08, 4.26966479949e-08, 2.64178883214e-08, 3.02656069096e-08, 4.67007836846e-08, 2.20635225645e-08, 6.60361054727e-09, 4.46806236454e-09, 3.6821523608e-09, 2.15276396709e-09, 1.10410047771e-09, 7.48627604352e-10, 1.01196473423e-09, 1.15098508502e-09, 1.14941600682e-09, 1.55482204889e-09, 6.96940116729e-10, 3.39085814982e-10, 2.29114185957e-10, 1.07993405885e-10, 9.22302720308e-11, 9.03780800199e-11, 8.95750487673e-11, 6.36886515748e-11, 5.8064199282e-11, 2.7081812487e-11, 1.81719934239e-11], "min": [9.3832608511e-25, 7.04391700946e-25, 9.72915959475e-25, 1.82182298465e-24, 9.27969426109e-25, 1.56867840763e-24, 2.24581028044e-24, 1.75972484027e-24, 1.38289042318e-24, 1.55590990502e-24, 1.28258330782e-24, 1.9404574096e-24, 1.91376314543e-24, 3.17247236681e-24, 2.898171625e-24, 2.31802024112e-24, 3.36453159824e-24, 1.71723777799e-24, 3.40738252261e-24, 3.77995718942e-24, 3.62629536812e-24, 3.58539884664e-24, 3.93384896367e-24, 2.93281464887e-24, 3.06371645255e-24, 3.99334327542e-24, 4.26786174284e-24, 4.10307658835e-24, 5.13851214114e-24, 5.05461678387e-24, 4.30720578606e-24, 3.62903153217e-24, 4.27713795822e-24, 5.55304040304e-24, 5.33542562815e-24, 4.97448310983e-24, 5.70636104199e-24, 5.84958505022e-24, 5.94043027207e-24, 5.35921372875e-24]}, "spectral_decrease": {"dvar": 3.26460493768e-17, "var": 4.33205637189e-17, "median": -5.85432191613e-09, "max": 5.90151883949e-18, "dmean": 3.03209835018e-09, "dmean2": 4.70763650284e-09, "mean": -7.28907245673e-09, "dvar2": 7.1305258438e-17, "min": -5.16624822922e-08}, "barkbands_kurtosis": {"dvar": 42.7905082703, "var": 47.5772209167, "median": -0.276933908463, "max": 213.707077026, "dmean": 2.24246549606, "dmean2": 3.77915906906, "mean": 1.35758757591, "dvar2": 108.972061157, "min": -1.94427001476}, "silence_rate_30dB": {"dvar": 0.0388694293797, "var": 0.0226342435926, "median": 1, "max": 1, "dmean": 0.040505271405, "dmean2": 0.0810189992189, "mean": 0.97682672739, "dvar2": 0.109131231904, "min": 0}, "gfcc": {"mean": [14.751531601, 74.5146713257, -123.643737793, 29.1172237396, -46.9897232056, 17.5687427521, -32.4979171753, 8.28798389435, -20.5619621277, 3.54077291489, -13.4920330048, -0.599935114384, -11.0119171143], "cov": [[24602.625, -1001.63085938, -1536.90283203, 844.989990234, -981.651855469, 515.27154541, -677.192871094, 544.64239502, -453.909851074, 254.496170044, -387.716796875, 203.422058105, -333.576538086], [-1001.63085938, 2122.96630859, -428.985290527, -315.005310059, 386.223632812, -152.059463501, 168.979324341, -233.737838745, 98.9695587158, -177.147613525, 103.870223999, -170.408828735, 72.1849975586], [-1536.90283203, -428.985290527, 898.811157227, 108.705383301, 84.1164627075, 96.088684082, 18.3120136261, 41.8824081421, -15.8566007614, 15.7559394836, -40.5831413269, 24.1998348236, -7.2773270607], [844.989990234, -315.005310059, 108.705383301, 434.528381348, -71.3545913696, 88.8046569824, 15.6590261459, 54.7669715881, 2.74699807167, 14.1510791779, -61.2657165527, 9.42311477661, 5.3363609314], [-981.651855469, 386.223632812, 84.1164627075, -71.3545913696, 427.758972168, -21.7873420715, 94.8487472534, -18.4331684113, 73.8705596924, -48.6052131653, 6.21213054657, -19.2650432587, 27.4782657623], [515.27154541, -152.059463501, 96.088684082, 88.8046569824, -21.7873420715, 208.916748047, 60.8704071045, 66.8500595093, -10.5452699661, 23.3263053894, -2.48462581635, 12.6066036224, -2.50498580933], [-677.192871094, 168.979324341, 18.3120136261, 15.6590261459, 94.8487472534, 60.8704071045, 230.047531128, 45.4122924805, 43.1163902283, -10.3629608154, 44.5476150513, -7.26025772095, 22.7752685547], [544.64239502, -233.737838745, 41.8824081421, 54.7669715881, -18.4331684113, 66.8500595093, 45.4122924805, 166.22265625, 33.4107513428, 36.6275939941, 1.44542908669, 38.1410064697, -5.18641424179], [-453.909851074, 98.9695587158, -15.8566007614, 2.74699807167, 73.8705596924, -10.5452699661, 43.1163902283, 33.4107513428, 127.746017456, 27.3219642639, 24.8747291565, 1.7467097044, 24.7951011658], [254.496170044, -177.147613525, 15.7559394836, 14.1510791779, -48.6052131653, 23.3263053894, -10.3629608154, 36.6275939941, 27.3219642639, 103.192237854, 36.990070343, 22.861782074, -7.95021486282], [-387.716796875, 103.870223999, -40.5831413269, -61.2657165527, 6.21213054657, -2.48462581635, 44.5476150513, 1.44542908669, 24.8747291565, 36.990070343, 100.269378662, 23.2079048157, 14.9685020447], [203.422058105, -170.408828735, 24.1998348236, 9.42311477661, -19.2650432587, 12.6066036224, -7.26025772095, 38.1410064697, 1.7467097044, 22.861782074, 23.2079048157, 95.3417205811, 23.7220287323], [-333.576538086, 72.1849975586, -7.2773270607, 5.3363609314, 27.4782657623, -2.50498580933, 22.7752685547, -5.18641424179, 24.7951011658, -7.95021486282, 14.9685020447, 23.7220287323, 70.4646377563]], "icov": [[0.000111996414489, -0.000171679319465, 0.000228470584261, -0.000200326641789, 4.07893276133e-05, -0.000247722142376, 0.000319265906001, -0.000451127794804, 0.000455708330264, -0.00049614085583, 0.000553613353986, -0.000463314499939, 0.00040575658204], [-0.000171679319465, 0.00150076556019, 6.48749773973e-05, 0.000607782276347, -0.000664017745294, 0.000325127359247, -0.000745213415939, 0.00161051587202, -0.00137366587296, 0.00245530786924, -0.00239789253101, 0.00244033779018, -0.00131133780815], [0.000228470584261, 6.48749773973e-05, 0.0018863104051, -0.000511021527927, -0.000579137529712, -0.00096502044471, 0.000553581281565, -0.000610814546235, 0.00106937123928, -0.000933398085181, 0.00118938484229, -0.000772647676058, 0.000742127303965], [-0.000200326641789, 0.000607782276347, -0.000511021527927, 0.00349328829907, 0.000417504372308, -0.000420781580033, -0.00120291579515, 0.000913326104637, -0.00149541464634, 0.000625768094324, 0.00116064143367, 0.000970797147602, -0.00158658972941], [4.07893276133e-05, -0.000664017745294, -0.000579137529712, 0.000417504372308, 0.00369872478768, 8.35424798424e-05, -0.000926995358896, 2.54864989984e-05, -0.00171739771031, 0.000615884899162, 0.00144215812907, -0.00107253948227, 0.000372538226657], [-0.000247722142376, 0.000325127359247, -0.00096502044471, -0.000420781580033, 8.35424798424e-05, 0.0073108766228, -0.0025106004905, -0.000988149549812, 0.00089173449669, -0.000462020136183, -0.000792411447037, 0.00124221364968, -0.00122328975704], [0.000319265906001, -0.000745213415939, 0.000553581281565, -0.00120291579515, -0.000926995358896, -0.0025106004905, 0.00806647818536, -0.00356237683445, 0.000652209622785, 0.000886543362867, -0.0026705537457, 0.000555726059247, 7.66271186876e-05], [-0.000451127794804, 0.00161051587202, -0.000610814546235, 0.000913326104637, 2.54864989984e-05, -0.000988149549812, -0.00356237683445, 0.012049227953, -0.00527107296512, 0.00144920125604, -0.00075016671326, -0.00128914706875, 0.000687144463882], [0.000455708330264, -0.00137366587296, 0.00106937123928, -0.00149541464634, -0.00171739771031, 0.00089173449669, 0.000652209622785, -0.00527107296512, 0.0144988968968, -0.00722306454554, 0.00211352598853, -0.000316571298754, -0.00236837286502], [-0.00049614085583, 0.00245530786924, -0.000933398085181, 0.000625768094324, 0.000615884899162, -0.000462020136183, 0.000886543362867, 0.00144920125604, -0.00722306454554, 0.0205922108144, -0.0115682082251, 0.00309811718762, 0.000835156999528], [0.000553613353986, -0.00239789253101, 0.00118938484229, 0.00116064143367, 0.00144215812907, -0.000792411447037, -0.0026705537457, -0.00075016671326, 0.00211352598853, -0.0115682082251, 0.0223691985011, -0.00844168104231, 0.00137076887768], [-0.000463314499939, 0.00244033779018, -0.000772647676058, 0.000970797147602, -0.00107253948227, 0.00124221364968, 0.000555726059247, -0.00128914706875, -0.000316571298754, 0.00309811718762, -0.00844168104231, 0.019680602476, -0.00902997516096], [0.00040575658204, -0.00131133780815, 0.000742127303965, -0.00158658972941, 0.000372538226657, -0.00122328975704, 7.66271186876e-05, 0.000687144463882, -0.00236837286502, 0.000835156999528, 0.00137076887768, -0.00902997516096, 0.0211659278721]]}, "silence_rate_20dB": {"dvar": 0, "var": 0, "median": 1, "max": 1, "dmean": 0, "dmean2": 0, "mean": 1, "dvar2": 0, "min": 1}, "barkbands_skewness": {"dvar": 0.616841256618, "var": 1.2047752142, "median": 0.650479316711, "max": 11.5186948776, "dmean": 0.567406535149, "dmean2": 0.885778665543, "mean": 0.848398804665, "dvar2": 1.46985292435, "min": -2.49903821945}, "erbbands_skewness": {"dvar": 0.128229379654, "var": 0.427919328213, "median": -0.0875515937805, "max": 3.44073629379, "dmean": 0.313606828451, "dmean2": 0.480361044407, "mean": -0.0824550837278, "dvar2": 0.28807914257, "min": -3.80583620071}, "spectral_contrast_valleys": {"dvar": [0.128763705492, 0.16539953649, 0.129040241241, 0.152953386307, 0.177462875843, 0.176356166601], "var": [5.79095125198, 5.80696964264, 5.72995996475, 5.70228338242, 6.12791585922, 5.58112668991], "median": [-7.07698249817, -6.71591758728, -6.90388011932, -7.01879024506, -6.84721851349, -9.34929656982], "max": [-5.44505023956, -4.62782716751, -4.97376060486, -5.24017286301, -5.2343711853, -7.25045061111], "dmean": [0.387972801924, 0.380228102207, 0.328813821077, 0.320559889078, 0.293650537729, 0.299873441458], "dmean2": [0.630544900894, 0.62142342329, 0.525847554207, 0.505284070969, 0.454191148281, 0.42004096508], "mean": [-7.49782514572, -7.07668542862, -7.35164546967, -7.50850057602, -7.44840335846, -9.97734642029], "dvar2": [0.28193166852, 0.368625104427, 0.26323017478, 0.316392064095, 0.372304797173, 0.348847657442], "min": [-28.356344223, -27.9925994873, -27.8513698578, -27.6323127747, -27.5337772369, -27.4093265533]}, "spectral_strongpeak": {"dvar": 1.12033975124, "var": 2.00605678558, "median": 0.539407491684, "max": 9.60756587982, "dmean": 0.638845443726, "dmean2": 1.09421539307, "mean": 1.11820840836, "dvar2": 2.78325200081, "min": 0}, "erbbands_crest": {"dvar": 5.02593994141, "var": 15.845281601, "median": 7.44795703888, "max": 29.1553955078, "dmean": 2.35250377655, "dmean2": 3.78156399727, "mean": 8.43420791626, "dvar2": 12.3141784668, "min": 2.45971655846}, "barkbands_crest": {"dvar": 5.8452911377, "var": 14.2864303589, "median": 7.99681282043, "max": 25.3133945465, "dmean": 2.41428732872, "dmean2": 3.91984081268, "mean": 8.79876422882, "dvar2": 14.6512794495, "min": 2.02393746376}, "spectral_energyband_middle_low": {"dvar": 0.000143832716276, "var": 0.000127698614961, "median": 0.00725259492174, "max": 0.151959449053, "dmean": 0.00503921089694, "dmean2": 0.00847798306495, "mean": 0.00980237033218, "dvar2": 0.000391548412153, "min": 1.51190026625e-22}, "spectral_contrast_coeffs": {"dvar": [0.0025212506298, 0.00180949957576, 0.0011171894148, 0.000884284556378, 0.000477262685308, 0.000502897542901], "var": [0.00913357082754, 0.00787519756705, 0.00580417225137, 0.00442405929789, 0.00231670681387, 0.00212925695814], "median": [-0.662408411503, -0.736500382423, -0.768589675426, -0.762910306454, -0.778638005257, -0.762698411942], "max": [-0.321511864662, -0.334570735693, -0.394485831261, -0.449878782034, -0.562334299088, -0.599214017391], "dmean": [0.0549532473087, 0.0480636358261, 0.0384558588266, 0.0335527695715, 0.0233246851712, 0.0210262648761], "dmean2": [0.0886204689741, 0.076927728951, 0.0612326934934, 0.0526259690523, 0.0373453721404, 0.0342506356537], "mean": [-0.654922962189, -0.726804792881, -0.758800566196, -0.756687998772, -0.774748504162, -0.763373076916], "dvar2": [0.00611763773486, 0.00425770739093, 0.00252302712761, 0.00194091745652, 0.00106981885619, 0.00128670653794], "min": [-0.983116388321, -0.978265941143, -0.97675716877, -0.970336973667, -0.966717660427, -0.966787099838]}, "hfc": {"dvar": 261.648681641, "var": 441.879272461, "median": 27.4995040894, "max": 247.158981323, "dmean": 9.31774425507, "dmean2": 14.80037117, "mean": 29.3578491211, "dvar2": 661.886901855, "min": 1.0507440402e-16}, "spectral_energyband_high": {"dvar": 3.27116003973e-06, "var": 4.1176481318e-06, "median": 0.000915740150958, "max": 0.02952892147, "dmean": 0.00079701282084, "dmean2": 0.00132528552786, "mean": 0.00143612525426, "dvar2": 8.37691186462e-06, "min": 7.07324969072e-21}, "erbbands_spread": {"dvar": 110.140411377, "var": 277.551971436, "median": 31.4812355042, "max": 173.50630188, "dmean": 8.34986591339, "dmean2": 12.6977205276, "mean": 34.878364563, "dvar2": 257.671813965, "min": 2.6638250351}, "dissonance": {"dvar": 0.000365585903637, "var": 0.000899371516425, "median": 0.480134218931, "max": 0.5, "dmean": 0.0148569745943, "dmean2": 0.0248440243304, "mean": 0.471290022135, "dvar2": 0.000981987221166, "min": 0.175200730562}, "spectral_kurtosis": {"dvar": 83.9642333984, "var": 239.402450562, "median": 3.68815135956, "max": 313.945800781, "dmean": 2.25267601013, "dmean2": 3.62938785553, "mean": 5.9074473381, "dvar2": 178.308547974, "min": -1.31386244297}, "spectral_skewness": {"dvar": 0.244722500443, "var": 0.728432774544, "median": 1.43556284904, "max": 13.5933170319, "dmean": 0.241127163172, "dmean2": 0.393849223852, "mean": 1.52429020405, "dvar2": 0.574820816517, "min": -0.0946007966995}, "pitch_salience": {"dvar": 0.00598355894908, "var": 0.0135966772214, "median": 0.551698565483, "max": 0.954319000244, "dmean": 0.0755915939808, "dmean2": 0.121649987996, "mean": 0.547248721123, "dvar2": 0.0155968880281, "min": 0.106283932924}, "spectral_complexity": {"dvar": 25.3703746796, "var": 147.84703064, "median": 28, "max": 63, "dmean": 4.44054698944, "dmean2": 6.98600959778, "mean": 26.5434246063, "dvar2": 57.3939437866, "min": 0}, "spectral_spread": {"dvar": 683063640064, "var": 17916787425300.0, "median": 4535790, "max": 51104828, "dmean": 510594.375, "dmean2": 737141.5, "mean": 5026761, "dvar2": 1380375986180.0, "min": 246070.859375}, "dynamic_complexity": 2.14490461349, "melbands_crest": {"dvar": 11.4001302719, "var": 29.8165416718, "median": 12.4767999649, "max": 30.5013046265, "dmean": 3.47640752792, "dmean2": 5.66095876694, "mean": 13.326789856, "dvar2": 28.0675544739, "min": 1.54256772995}, "zerocrossingrate": {"dvar": 0.000260231841821, "var": 0.00377000449225, "median": 0.07373046875, "max": 0.58056640625, "dmean": 0.0119950296357, "dmean2": 0.0141843715683, "mean": 0.0823712646961, "dvar2": 0.000329955772031, "min": 0.00390625}, "spectral_energyband_low": {"dvar": 0.000390262925066, "var": 0.000438864401076, "median": 0.00504396669567, "max": 0.188146203756, "dmean": 0.00820548180491, "dmean2": 0.0130918351933, "mean": 0.0112871900201, "dvar2": 0.000879768223967, "min": 1.50451409849e-23}, "melbands_kurtosis": {"dvar": 379.038024902, "var": 432.770751953, "median": 2.4293243885, "max": 453.445495605, "dmean": 7.06776285172, "dmean2": 11.5988016129, "mean": 7.81690216064, "dvar2": 927.731079102, "min": -1.85700774193}, "spectral_energyband_middle_high": {"dvar": 1.31695805976e-05, "var": 3.3601274481e-05, "median": 0.00821793824434, "max": 0.0692633241415, "dmean": 0.00265991175547, "dmean2": 0.00429712422192, "mean": 0.00879679992795, "dvar2": 3.42390740116e-05, "min": 1.15199935356e-21}, "barkbands_spread": {"dvar": 82.7731552124, "var": 196.253829956, "median": 28.9957046509, "max": 109.650024414, "dmean": 7.0125746727, "dmean2": 11.1964616776, "mean": 30.1264247894, "dvar2": 198.839477539, "min": 1.01742362976}, "mfcc": {"mean": [-616.665405273, 105.186691284, -11.7609214783, 16.7198238373, 7.03105449677, 9.81984806061, 3.39770627022, 4.42475366592, 0.973837196827, 2.3294878006, -0.0207277685404, 2.39340758324, -1.26396894455], "cov": [[8906.23046875, -706.699768066, -160.120651245, 346.773834229, 12.0799198151, -2.48166489601, 37.2000465393, 131.361923218, 84.3544616699, 92.0421524048, 39.772693634, 80.4166793823, 66.0352554321], [-706.699768066, 1659.39941406, -293.075805664, -137.187301636, 115.485321045, 73.8470230103, 53.9577903748, 12.3425092697, -20.6194934845, -29.3316669464, 14.5279340744, -12.1914157867, -20.5416049957], [-160.120651245, -293.075805664, 643.149963379, 58.9516525269, 27.931268692, 73.2415618896, 36.985004425, 6.88879013062, 14.6056528091, 15.1177330017, -17.4653644562, -2.21509742737, 3.06124901772], [346.773834229, -137.187301636, 58.9516525269, 281.388793945, 40.3393592834, 31.2924365997, -2.74995565414, 31.0669441223, 59.4964447021, 16.6557445526, -14.7935552597, 2.29336261749, 6.63228178024], [12.0799198151, 115.485321045, 27.931268692, 40.3393592834, 238.32244873, 42.2636260986, -3.8689956665, 17.7816905975, 40.960357666, -2.23213005066, -12.3507165909, -4.22737169266, 3.51245975494], [-2.48166489601, 73.8470230103, 73.2415618896, 31.2924365997, 42.2636260986, 145.021987915, 53.4622268677, 25.193107605, 27.3507175446, 12.0823783875, 5.83575201035, 4.12425279617, -13.5314455032], [37.2000465393, 53.9577903748, 36.985004425, -2.74995565414, -3.8689956665, 53.4622268677, 161.556854248, 66.5403289795, 22.2451381683, 21.9521160126, 26.1565361023, 15.7249517441, -4.14055490494], [131.361923218, 12.3425092697, 6.88879013062, 31.0669441223, 17.7816905975, 25.193107605, 66.5403289795, 135.204269409, 68.696395874, 16.3172779083, 15.330868721, 16.2220783234, 8.2303237915], [84.3544616699, -20.6194934845, 14.6056528091, 59.4964447021, 40.960357666, 27.3507175446, 22.2451381683, 68.696395874, 112.357627869, 39.8193092346, 9.05867195129, 9.23303031921, 2.22028136253], [92.0421524048, -29.3316669464, 15.1177330017, 16.6557445526, -2.23213005066, 12.0823783875, 21.9521160126, 16.3172779083, 39.8193092346, 99.6769332886, 38.4306640625, 14.8528308868, 3.36368751526], [39.772693634, 14.5279340744, -17.4653644562, -14.7935552597, -12.3507165909, 5.83575201035, 26.1565361023, 15.330868721, 9.05867195129, 38.4306640625, 78.9328079224, 33.6092796326, 7.72728443146], [80.4166793823, -12.1914157867, -2.21509742737, 2.29336261749, -4.22737169266, 4.12425279617, 15.7249517441, 16.2220783234, 9.23303031921, 14.8528308868, 33.6092796326, 78.8344650269, 36.853767395], [66.0352554321, -20.5416049957, 3.06124901772, 6.63228178024, 3.51245975494, -13.5314455032, -4.14055490494, 8.2303237915, 2.22028136253, 3.36368751526, 7.72728443146, 36.853767395, 80.1502609253]], "icov": [[0.00012644600065, 5.82659049542e-05, 7.59573304094e-05, -0.000139870695421, -2.83686222247e-05, -1.73114458448e-05, -9.95113259705e-06, -0.000124377984321, 0.000114021029731, -0.000101513964182, 8.96051278687e-06, -6.65508414386e-05, -3.91552966903e-05], [5.82659049542e-05, 0.00079526490299, 0.000431373307947, 0.000291327683954, -0.000435280497186, -0.000516110856552, -0.000218313507503, -9.41119651543e-05, 0.000236157109612, 0.000107160012703, -0.000101176905446, 0.00013802437752, -1.91910366993e-05], [7.59573304094e-05, 0.000431373307947, 0.00195648777299, -0.00016125520051, -0.000265827256953, -0.00103882024996, -0.000410283100791, 8.02212525741e-05, 0.000318372796755, -0.000367846572772, 0.00057969032