{"tonal": {"chords_key": "D", "hpcp_entropy": {"dmean": 0.618222594261, "dmean2": 1.05115938187, "max": 4.72379779816, "dvar": 0.282383978367, "mean": 2.32711791992, "dvar2": 0.761344373226, "min": 0, "var": 0.936654031277, "median": 2.42655968666}, "key_key": "C#", "chords_strength": {"dmean": 0.00909043848515, "dmean2": 0.00947229191661, "max": 0.774537503719, "dvar": 0.000233770522755, "mean": 0.427672892809, "dvar2": 0.000408347696066, "min": -1, "var": 0.0622960552573, "median": 0.458010882139}, "key_scale": "major", "chords_number_rate": 0.00139725790359, "thpcp": [1, 0.9768871665, 0.86798286438, 0.814967155457, 0.643942713737, 0.45560926199, 0.260340422392, 0.165384456515, 0.200853481889, 0.248771741986, 0.216190651059, 0.168779954314, 0.207765683532, 0.264786630869, 0.288776695728, 0.340663999319, 0.553023695946, 0.837651908398, 0.713683366776, 0.350005865097, 0.186053648591, 0.152490258217, 0.226238548756, 0.401101022959, 0.400370270014, 0.195021703839, 0.127676144242, 0.159384191036, 0.139556244016, 0.42624527216, 0.72683185339, 0.436407476664, 0.143434867263, 0.167359992862, 0.251527488232, 0.592725396156], "key_strength": 0.651649296284, "tuning_nontempered_energy_ratio": 0.887222290039, "tuning_frequency": 434.193115234, "chords_changes_rate": 0.0723080933094, "tuning_diatonic_strength": 0.405268490314, "chords_scale": "major", "chords_histogram": [2.20068120956, 2.37533831596, 11.5361099243, 0.532704591751, 0.829621851444, 1.30119645596, 0.637498915195, 2.87311148643, 3.26609039307, 3.32722043991, 0.157191514969, 0.0436643101275, 9.58868217468, 2.79451584816, 19.2908916473, 12.3220682144, 4.82053947449, 15.8501443863, 0.192122966051, 2.14828395844, 0.139725789428, 1.37105929852, 2.12208533287, 0.279451578856], "tuning_equal_tempered_deviation": 0.260262042284, "hpcp": {"dmean": [0.129255488515, 0.112123899162, 0.0912893712521, 0.0677959620953, 0.0477954298258, 0.0464075878263, 0.0470476150513, 0.0443077608943, 0.0375459529459, 0.0425917617977, 0.0478426814079, 0.0494207255542, 0.0520559884608, 0.0835503265262, 0.0933853983879, 0.0881372392178, 0.0705747380853, 0.0453765578568, 0.0335123986006, 0.0386674590409, 0.0526196733117, 0.0584936514497, 0.0430032163858, 0.0331735722721, 0.0394766367972, 0.033764578402, 0.0664551258087, 0.0770121887326, 0.0678303614259, 0.0444556958973, 0.0440711900592, 0.0587860234082, 0.100583665073, 0.118513397872, 0.134368285537, 0.139124810696], "dmean2": [0.222549334168, 0.193681642413, 0.158593684435, 0.120567724109, 0.0877124518156, 0.0827063843608, 0.0833350718021, 0.0783790647984, 0.0667051970959, 0.0750478506088, 0.0829456299543, 0.0868391692638, 0.0911856815219, 0.143518954515, 0.157944604754, 0.148263350129, 0.122461557388, 0.0816193446517, 0.0606603659689, 0.0678692832589, 0.0891429632902, 0.0995908454061, 0.0750549435616, 0.060787897557, 0.0729044526815, 0.0618187598884, 0.114893846214, 0.132096961141, 0.119216442108, 0.0826418176293, 0.0817780867219, 0.106468215585, 0.175414457917, 0.207127556205, 0.2355145365, 0.24404771626], "max": [1, 1, 1, 1, 1, 1, 1, 1, 1, 1, 1, 1, 1, 1, 1, 1, 1, 1, 1, 1, 1, 1, 1, 1, 1, 1, 1, 1, 1, 1, 1, 1, 1, 1, 1, 1], "dvar": [0.0473633930087, 0.0426841154695, 0.0398341938853, 0.027806924656, 0.0182054303586, 0.0166717786342, 0.0155273955315, 0.0130042834207, 0.0107078496367, 0.015481794253, 0.0194836910814, 0.0203722324222, 0.0184143353254, 0.0260743517429, 0.0314254313707, 0.0291052944958, 0.0249638482928, 0.0179654899985, 0.0129047110677, 0.0128672691062, 0.0191317144781, 0.0208668205887, 0.0109825851396, 0.0088190920651, 0.0178186353296, 0.008943608962, 0.0206299815327, 0.0353238880634, 0.0241268482059, 0.0200980696827, 0.0216756053269, 0.0251243580133, 0.0384162031114, 0.0521212555468, 0.0443369410932, 0.0507914312184], "mean": [0.183396875858, 0.144910231233, 0.102528445423, 0.0585859417915, 0.0372174419463, 0.0451992452145, 0.0559825748205, 0.0486506596208, 0.0379815511405, 0.0467547401786, 0.0595864988863, 0.0649851262569, 0.076661631465, 0.124450184405, 0.188501760364, 0.160604387522, 0.0787638872862, 0.041868750006, 0.0343157835305, 0.0509117953479, 0.0902621299028, 0.0900976881385, 0.043886885047, 0.0287317167968, 0.0358671657741, 0.0314051657915, 0.0959204882383, 0.163563266397, 0.0982073545456, 0.0322779938579, 0.0376620069146, 0.0566027164459, 0.133384495974, 0.225035905838, 0.219834685326, 0.195327311754], "dvar2": [0.124357022345, 0.112289771438, 0.0979994311929, 0.0742079690099, 0.0509395860136, 0.0444588027894, 0.0420933961868, 0.0360242240131, 0.0296606253833, 0.0410370826721, 0.0512987412512, 0.0535871125758, 0.0485893301666, 0.0679602175951, 0.0767063498497, 0.0734018310905, 0.0663850307465, 0.0485656820238, 0.0365871340036, 0.034951467067, 0.0489771664143, 0.053884409368, 0.03150536865, 0.0252842511982, 0.0512599572539, 0.0255001410842, 0.0553465932608, 0.0862932279706, 0.0664127320051, 0.0578282698989, 0.059744887054, 0.0695349946618, 0.102783121169, 0.126961916685, 0.118815466762, 0.133939146996], "min": [0, 0, 0, 0, 0, 0, 0, 0, 0, 0, 0, 0, 0, 0, 0, 0, 0, 0, 0, 0, 0, 0, 0, 0, 0, 0, 0, 0, 0, 0, 0, 0, 0, 0, 0, 0], "var": [0.0870733782649, 0.0695491507649, 0.0562789216638, 0.0273289103061, 0.0145797803998, 0.0169297438115, 0.0193806812167, 0.0137054389343, 0.0115510514006, 0.0220947936177, 0.0338286161423, 0.0372192785144, 0.0446356013417, 0.0584334097803, 0.0974189341068, 0.0811621770263, 0.0344236344099, 0.0187136363238, 0.0163996201009, 0.0262720603496, 0.0516695566475, 0.0474464744329, 0.0119887627661, 0.00721110356972, 0.0155263449997, 0.00840864051133, 0.0358854755759, 0.101016931236, 0.0400539748371, 0.0136839579791, 0.0196822471917, 0.0287383534014, 0.0659490674734, 0.132134154439, 0.104538470507, 0.0944905132055], "median": [0.0204621441662, 0.0121090337634, 0.00410050619394, 0.00174049194902, 0.0026062305551, 0.00423751026392, 0.00604015635327, 0.0070678209886, 0.00751558598131, 0.00563622778282, 0.00315945595503, 0.00133784813806, 0.00326868589036, 0.0160936508328, 0.0271130874753, 0.0178894493729, 0.00684530707076, 0.00184621394146, 0.000922827923205, 0.00162806280423, 0.00442625116557, 0.00596937537193, 0.00454729702324, 0.00259021692909, 0.00133661972359, 0.00374589045532, 0.00990257225931, 0.008658840321, 0.00543140200898, 0.00134962098673, 0.00126198655926, 0.00334160798229, 0.00677619315684, 0.0112017681822, 0.0250777304173, 0.0287085026503]}}, "lowlevel": {"melbands_flatness_db": {"dmean": 0.0480051077902, "dmean2": 0.0765803232789, "max": 0.668780863285, "dvar": 0.00177133025136, "mean": 0.38779053092, "dvar2": 0.0050554885529, "min": 0.0026810890995, "var": 0.0120743401349, "median": 0.400724589825}, "melbands_crest": {"dmean": 2.70618152618, "dmean2": 4.08424472809, "max": 38.2413139343, "dvar": 7.31916713715, "mean": 22.5060863495, "dvar2": 19.3392772675, "min": 1.48577606678, "var": 45.0004043579, "median": 23.0004196167}, "spectral_entropy": {"dmean": 0.4897159338, "dmean2": 0.780999541283, "max": 9.82723522186, "dvar": 0.201470300555, "mean": 6.38887214661, "dvar2": 0.563216030598, "min": 3.59402728081, "var": 1.12967276573, "median": 6.27848052979}, "melbands": {"dmean": [0.000361355720088, 0.000273403158644, 0.000764081836678, 0.00121384358499, 0.00011784612434, 3.11776529998e-05, 0.000109686807264, 3.43060055457e-05, 1.32611912704e-05, 3.50709979102e-06, 1.93287951333e-06, 2.11566430153e-06, 1.71766384938e-06, 1.08995322989e-06, 9.58744180934e-07, 7.91506636233e-07, 4.98711358432e-07, 3.75028776034e-07, 2.8729624546e-07, 2.67775760676e-07, 2.69969660849e-07, 2.25918967089e-07, 1.68212380913e-07, 1.56725207034e-07, 1.42921564361e-07, 1.4333538445e-07, 1.2047055975e-07, 9.3718895755e-08, 7.0059066104e-08, 1.02474970731e-07, 4.65672869154e-08, 3.70904764679e-08, 2.71730034029e-08, 2.11176338638e-08, 1.71519900505e-08, 1.47004044493e-08, 1.26182646554e-08, 1.10792957031e-08, 9.72238733965e-09, 8.69250627034e-09], "dmean2": [0.00052300048992, 0.000405978847994, 0.00108542281669, 0.00167554058135, 0.000174071959918, 4.55644876638e-05, 0.000153288914589, 4.8947018513e-05, 1.78546797542e-05, 5.28637292518e-06, 3.06051492771e-06, 3.16834757541e-06, 2.51744495472e-06, 1.69463874045e-06, 1.50968060098e-06, 1.2373059235e-06, 7.76239005518e-07, 6.06573451023e-07, 4.56060575971e-07, 4.19246447336e-07, 4.21840326226e-07, 3.55540294095e-07, 2.67598721848e-07, 2.45958716505e-07, 2.25962196509e-07, 2.30369323617e-07, 1.96818035647e-07, 1.51022561568e-07, 1.12187990453e-07, 1.66768458598e-07, 7.36934282486e-08, 5.92380224873e-08, 4.34925198078e-08, 3.36513075183e-08, 2.72188405148e-08, 2.32337491468e-08, 2.00139087525e-08, 1.75429200056e-08, 1.53599266639e-08, 1.37041631376e-08], "max": [0.0632878392935, 0.0385878011584, 0.0818989574909, 0.144306182861, 0.0224620699883, 0.00552023993805, 0.0502754338086, 0.0122103048488, 0.011836011894, 0.00106038548984, 0.000255881488556, 0.000812160666101, 0.000863525434397, 0.000114154106996, 8.09046032373e-05, 0.000194267384359, 5.14769017173e-05, 6.50361398584e-05, 2.84088546323e-05, 5.56246086489e-05, 4.93539591844e-05, 4.1786031943e-05, 6.02289437666e-05, 9.83589197858e-05, 2.00494669116e-05, 1.67397265614e-05, 3.42483035638e-05, 1.61595526151e-05, 1.51484528033e-05, 3.16190926242e-05, 2.23473980441e-05, 1.4442977772e-05, 6.67189033265e-06, 2.6130412607e-06, 1.92153743228e-06, 1.80081963208e-06, 1.64026073435e-06, 1.451773187e-06, 1.20016204619e-06, 1.07919549919e-06], "dvar": [2.72666170531e-06, 7.56759504839e-07, 5.04566514792e-06, 1.70051007444e-05, 1.21150236509e-07, 9.77832215199e-09, 5.33379932222e-07, 5.69555673735e-08, 1.16935181538e-08, 1.92443797009e-10, 3.54316333218e-11, 8.51747145036e-11, 9.9678432175e-11, 1.14024770528e-11, 7.84879453097e-12, 6.97582920248e-12, 2.16276085582e-12, 1.47627320524e-12, 7.83736736534e-13, 1.02137016292e-12, 1.00886725189e-12, 6.9684834075e-13, 4.02408277056e-13, 6.5023637516e-13, 2.30129175265e-13, 3.14460073649e-13, 3.42385597955e-13, 1.37319382211e-13, 7.07802279244e-14, 4.19392033038e-13, 5.4621570125e-14, 2.85503737351e-14, 1.15517751953e-14, 4.96498695835e-15, 3.00493768357e-15, 2.20556156278e-15, 1.65666261362e-15, 1.28929320121e-15, 9.77487138439e-16, 7.73245260241e-16], "mean": [0.000549587304704, 0.000539529835805, 0.00170981674455, 0.00240576872602, 0.000257274805335, 5.74730147491e-05, 0.000226222415222, 6.6004031396e-05, 2.01959319384e-05, 5.00227451994e-06, 2.6016175525e-06, 3.4695924569e-06, 2.67656923825e-06, 1.66905169863e-06, 1.52903680828e-06, 1.20375023016e-06, 7.26330029011e-07, 5.24263612078e-07, 4.06292230082e-07, 3.71428001245e-07, 3.75771946892e-07, 3.08071918198e-07, 2.41212347873e-07, 2.2480085704e-07, 2.01140849754e-07, 1.81897604534e-07, 1.53262504909e-07, 1.2115422976e-07, 8.91740370434e-08, 1.18083079315e-07, 6.09218631098e-08, 4.57606361692e-08, 3.23679181236e-08, 2.4236753049e-08, 1.95251423918e-08, 1.70485652262e-08, 1.42719782659e-08, 1.24391865697e-08, 1.0789902305e-08, 9.55687351478e-09], "dvar2": [5.72657791054e-06, 1.75911520728e-06, 1.05712088043e-05, 3.20263170579e-05, 2.57281328686e-07, 2.07731147839e-08, 9.72294628809e-07, 1.225450319e-07, 1.56854493838e-08, 3.47550432878e-10, 8.37423394517e-11, 1.55593232742e-10, 1.57706264714e-10, 2.57410481819e-11, 1.86136817765e-11, 1.59400860567e-11, 5.07512391487e-12, 3.78464187073e-12, 1.85742545476e-12, 2.1472693415e-12, 2.32347084281e-12, 1.63827458544e-12, 8.51529621555e-13, 1.26647835014e-12, 5.54509563266e-13, 8.10583967569e-13, 9.29958258837e-13, 3.58510503186e-13, 1.68864230867e-13, 1.07625995789e-12, 1.39280920781e-13, 6.65261370839e-14, 2.72745083354e-14, 1.20430238115e-14, 7.20281158258e-15, 5.20350084839e-15, 3.94977985458e-15, 3.06434984504e-15, 2.31383418454e-15, 1.83215111139e-15], "min": [9.84157227374e-25, 5.13252725067e-25, 9.73495575025e-25, 1.09940674879e-24, 7.6996482692e-25, 8.50483563693e-25, 9.38244240791e-25, 1.02542530234e-24, 1.55797208603e-24, 1.09296481203e-24, 1.14695760783e-24, 2.13127122688e-24, 1.49691356172e-24, 1.15634219298e-24, 1.71388452749e-24, 2.81655430081e-24, 1.65143366368e-24, 1.68300476457e-24, 2.65379257454e-24, 2.07120676591e-24, 3.47487825053e-24, 2.77962160817e-24, 3.08084222837e-24, 3.27874119986e-24, 3.05055785822e-24, 3.59352253624e-24, 3.34788111112e-24, 3.24491839412e-24, 4.02994366041e-24, 3.74746519202e-24, 3.2880673107e-24, 5.09791223136e-24, 4.88667184703e-24, 4.34687207895e-24, 4.45786954148e-24, 5.02643788348e-24, 5.14227895197e-24, 5.38856605974e-24, 5.01485582767e-24, 5.67886766172e-24], "var": [4.6903483053e-06, 1.69712416209e-06, 1.57592021424e-05, 5.54599864699e-05, 4.75508414866e-07, 2.57376502333e-08, 2.13235375668e-06, 1.7718677725e-07, 3.1515696719e-08, 4.30639635063e-10, 5.39240492536e-11, 3.57279927865e-10, 3.56499441079e-10, 2.12721385645e-11, 1.60181017755e-11, 1.45019638659e-11, 3.78041955379e-12, 2.13727191327e-12, 1.27791494834e-12, 1.87808861345e-12, 1.6371385584e-12, 1.00301939063e-12, 7.42998165163e-13, 1.20705073541e-12, 3.90609284284e-13, 3.97381346579e-13, 3.95709127358e-13, 1.7328637982e-13, 9.75518968447e-14, 4.22118557556e-13, 5.86628727366e-14, 3.43649669268e-14, 1.44028313446e-14, 6.27619988993e-15, 3.7459714455e-15, 2.79025252441e-15, 2.00433003968e-15, 1.54340467358e-15, 1.16591671146e-15, 9.23948832821e-16], "median": [2.31927733694e-05, 0.000100778808701, 0.000426790735219, 0.00027304852847, 3.47455497831e-05, 7.88900797488e-06, 4.37448989032e-06, 2.04242428481e-06, 1.42354838317e-06, 7.16881572771e-07, 4.12764222801e-07, 3.97457938561e-07, 2.5969106332e-07, 2.51998926615e-07, 2.1713091769e-07, 1.47931658034e-07, 1.09125565473e-07, 9.00550674032e-08, 6.66075692379e-08, 5.3995648841e-08, 4.72995544953e-08, 3.78706062065e-08, 3.03347960084e-08, 2.46564120232e-08, 2.02234033964e-08, 1.58573456588e-08, 1.32576918332e-08, 1.07256088455e-08, 8.15475864613e-09, 7.17852799426e-09, 5.85552850652e-09, 4.86530327137e-09, 4.02889543949e-09, 3.36015837377e-09, 2.91026536203e-09, 2.70084932197e-09, 2.36064368053e-09, 2.1114030524e-09, 1.82131876247e-09, 1.52245527296e-09]}, "silence_rate_60dB": {"dmean": 0.028909560293, "dmean2": 0.0578216426075, "max": 1, "dvar": 0.0280760470778, "mean": 0.351441055536, "dvar2": 0.0620653107762, "min": 0, "var": 0.227938681841, "median": 0}, "spectral_energyband_middle_high": {"dmean": 5.4180927691e-05, "dmean2": 8.02020804258e-05, "max": 0.00902214366943, "dvar": 2.85115611121e-08, "mean": 0.000101443256426, "dvar2": 5.76728709234e-08, "min": 9.91870131859e-22, "var": 8.83613111569e-08, "median": 1.62976939464e-05}, "erbbands_skewness": {"dmean": 1.06288599968, "dmean2": 1.66596865654, "max": 15.8878660202, "dvar": 1.2275326252, "mean": 3.45009112358, "dvar2": 3.29968976974, "min": -5.53412723541, "var": 5.44463920593, "median": 3.2553062439}, "dynamic_complexity": 9.64667224884, "dissonance": {"dmean": 0.0290562119335, "dmean2": 0.0475144386292, "max": 0.500000119209, "dvar": 0.000857169448864, "mean": 0.432976901531, "dvar2": 0.00233015348203, "min": 0, "var": 0.00215239287354, "median": 0.440719127655}, "spectral_skewness": {"dmean": 0.685662567616, "dmean2": 1.12349462509, "max": 11.0786533356, "dvar": 0.588975012302, "mean": 3.28342413902, "dvar2": 1.66109609604, "min": -0.0892474651337, "var": 1.57262706757, "median": 3.16735124588}, "spectral_kurtosis": {"dmean": 7.88956451416, "dmean2": 13.1005792618, "max": 167.09262085, "dvar": 109.821456909, "mean": 18.5422172546, "dvar2": 307.885131836, "min": -1.27592647076, "var": 176.706848145, "median": 15.3670835495}, "gfcc": {"cov": [[40319.9648438, 5688.65625, -1215.5579834, -192.180450439, -438.271270752, -1295.25488281, -657.344482422, -893.787780762, -705.747070312, -489.589233398, -104.504638672, -628.929016113, -0.588303208351], [5688.65625, 1695.25500488, 218.29258728, -74.6142120361, 123.552909851, -245.062454224, -75.8843154907, -239.000869751, -108.704399109, -157.59727478, 14.144990921, -210.834121704, -9.61867427826], [-1215.5579834, 218.29258728, 490.195587158, 93.4752807617, 117.894828796, 93.0970001221, 13.6944799423, -18.678401947, 0.504733562469, -37.9323158264, -7.26244258881, -49.1757125854, -22.142496109], [-192.180450439, -74.6142120361, 93.4752807617, 288.912628174, 136.345535278, 157.188278198, 74.3459396362, 60.3113670349, 14.0085058212, 14.1558008194, -31.3038730621, 6.88295841217, -44.1576347351], [-438.271270752, 123.552909851, 117.894828796, 136.345535278, 256.741668701, 110.819458008, 94.4607620239, 23.7694416046, 28.6030883789, -14.1273212433, 4.92897319794, -25.1382484436, -18.020608902], [-1295.25488281, -245.062454224, 93.0970001221, 157.188278198, 110.819458008, 300.003204346, 89.8780288696, 127.121520996, 32.6188659668, 35.2748184204, -24.1795139313, 17.1331939697, -51.2977523804], [-657.344482422, -75.8843154907, 13.6944799423, 74.3459396362, 94.4607620239, 89.8780288696, 167.349029541, 91.0460357666, 79.0696640015, 58.4497146606, 28.5289211273, 19.674949646, -16.4983329773], [-893.787780762, -239.000869751, -18.678401947, 60.3113670349, 23.7694416046, 127.121520996, 91.0460357666, 156.949569702, 85.2394561768, 75.1351852417, 6.23027706146, 30.1860294342, -19.2859668732], [-705.747070312, -108.704399109, 0.504733562469, 14.0085058212, 28.6030883789, 32.6188659668, 79.0696640015, 85.2394561768, 109.870002747, 78.1214828491, 36.6777305603, 24.6680316925, -6.09773635864], [-489.589233398, -157.59727478, -37.9323158264, 14.1558008194, -14.1273212433, 35.2748184204, 58.4497146606, 75.1351852417, 78.1214828491, 116.321228027, 62.0365066528, 56.3457794189, 6.52132797241], [-104.504638672, 14.144990921, -7.26244258881, -31.3038730621, 4.92897319794, -24.1795139313, 28.5289211273, 6.23027706146, 36.6777305603, 62.0365066528, 86.6583557129, 51.3868675232, 34.1613845825], [-628.929016113, -210.834121704, -49.1757125854, 6.88295841217, -25.1382484436, 17.1331939697, 19.674949646, 30.1860294342, 24.6680316925, 56.3457794189, 51.3868675232, 94.6747207642, 46.1606826782], [-0.588303208351, -9.61867427826, -22.142496109, -44.1576347351, -18.020608902, -51.2977523804, -16.4983329773, -19.2859668732, -6.09773635864, 6.52132797241, 34.1613845825, 46.1606826782, 83.0006637573]], "mean": [-234.251113892, 94.0698928833, -27.9329090118, 10.3100624084, -23.1393966675, -16.9481678009, -22.8175563812, -22.960187912, -19.7723884583, -18.0608921051, -12.2260904312, -12.0993270874, -9.05453300476], "icov": [[0.000110585744551, -0.000461240793811, 0.0004559996014, -0.000382798054488, 0.000318545033224, 2.50636185228e-05, 0.000120570759464, -0.000121887096611, 0.000317611760693, -0.000214659419726, 4.66356868856e-05, 0.000139905168908, -0.000111180394015], [-0.000461240793811, 0.00338300899602, -0.00205023097806, 0.000981929129921, -0.00138630333822, 0.000429439445725, -0.000713614688721, 0.00100673944689, -0.000744115503039, 0.00181073811837, -0.00380006036721, 0.00414628814906, -0.000518129847478], [0.0004559996014, -0.00205023097806, 0.00481687951833, -0.00258375005797, 0.00158320507035, -0.00180600909516, 0.00113987259101, 0.00100966251921, -0.00106110470369, 0.00107521552127, -0.00210496387444, 0.00286386488006, -0.00152401207015], [-0.000382798054488, 0.000981929129921, -0.00258375005797, 0.00920211710036, -0.00532326521352, -0.000399576965719, -0.00127934687771, 4.62658426841e-05, 0.00209850608371, -0.00448440015316, 0.00852058455348, -0.00795711297542, 0.00409615086392], [0.000318545033224, -0.00138630333822, 0.00158320507035, -0.00532326521352, 0.0111254239455, -0.00382579932921, -0.00307949027047, 0.00280006113462, -0.0044565750286, 0.00680867768824, -0.00747930305079, 0.00676209339872, -0.00402336986735], [2.50636185228e-05, 0.000429439445725, -0.00180600909516, -0.000399576965719, -0.00382579932921, 0.0104829221964, -0.00036746810656, -0.0085058491677, 0.00751559995115, -0.00255569419824, 0.00276602641679, -0.0042557772249, 0.00493568787351], [0.000120570759464, -0.000713614688721, 0.00113987259101, -0.00127934687771, -0.00307949027047, -0.00036746810656, 0.0134764360264, -0.00422475952655, -0.00446420395747, 0.000501803180669, -0.00285518798046, -0.000623918662313, 0.00149773387238], [-0.000121887096611, 0.00100673944689, 0.00100966251921, 4.62658426841e-05, 0.00280006113462, -0.0085058491677, -0.00422475952655, 0.0248322337866, -0.0135260643438, -0.0048470934853, 0.00633755140007, 0.00192013161723, -0.00359818525612], [0.000317611760693, -0.000744115503039, -0.00106110470369, 0.00209850608371, -0.0044565750286, 0.00751559995115, -0.00446420395747, -0.0135260643438, 0.0337822884321, -0.0163265932351, 0.00155891862232, 0.00109565479215, 0.00291012856178], [-0.000214659419726, 0.00181073811837, 0.00107521552127, -0.00448440015316, 0.00680867768824, -0.00255569419824, 0.000501803180669, -0.0048470934853, -0.0163265932351, 0.0402865335345, -0.0263411924243, 0.000124737474835, 0.00338898366317], [4.66356868856e-05, -0.00380006036721, -0.00210496387444, 0.00852058455348, -0.00747930305079, 0.00276602641679, -0.00285518798046, 0.00633755140007, 0.00155891862232, -0.0263411924243, 0.0502237565815, -0.0260136686265, 0.000502719311044], [0.000139905168908, 0.00414628814906, 0.00286386488006, -0.00795711297542, 0.00676209339872, -0.0042557772249, -0.000623918662313, 0.00192013161723, 0.00109565479215, 0.000124737474835, -0.0260136686265, 0.0483589880168, -0.0199451446533], [-0.000111180394015, -0.000518129847478, -0.00152401207015, 0.00409615086392, -0.00402336986735, 0.00493568787351, 0.00149773387238, -0.00359818525612, 0.00291012856178, 0.00338898366317, 0.000502719311044, -0.0199451446533, 0.0262315478176]]}, "spectral_complexity": {"dmean": 0.742303133011, "dmean2": 1.24989080429, "max": 29, "dvar": 1.2561173439, "mean": 2.71707415581, "dvar2": 2.86668896675, "min": 0, "var": 6.11107349396, "median": 2}, "spectral_flux": {"dmean": 0.0144551619887, "dmean2": 0.0229776576161, "max": 0.503437280655, "dvar": 0.000738051021472, "mean": 0.0407034680247, "dvar2": 0.00178305839654, "min": 6.29056182144e-11, "var": 0.00240804557689, "median": 0.0232722070068}, "spectral_energyband_low": {"dmean": 0.00201354385354, "dmean2": 0.002875180915, "max": 0.220170155168, "dvar": 4.1925257392e-05, "mean": 0.00438397424296, "dvar2": 9.08108559088e-05, "min": 7.13699815893e-24, "var": 0.000101417899714, "median": 0.00101555674337}, "spectral_decrease": {"dmean": 1.69543190598e-09, "dmean2": 2.33856067844e-09, "max": 1.54137271835e-08, "dvar": 2.23173875206e-17, "mean": -3.2721365617e-09, "dvar2": 4.33633488089e-17, "min": -1.69440966147e-07, "var": 7.33849029945e-17, "median": -6.2885163743e-10}, "barkbands_spread": {"dmean": 1.95417308807, "dmean2": 3.18623590469, "max": 132.3697052, "dvar": 18.1715736389, "mean": 5.75281572342, "dvar2": 52.1995315552, "min": 0.0977653712034, "var": 99.5325546265, "median": 2.22474479675}, "spectral_rms": {"dmean": 0.000552674639039, "dmean2": 0.000721172371414, "max": 0.025834877044, "dvar": 9.39528263189e-07, "mean": 0.00335292541422, "dvar2": 1.65337814906e-06, "min": 3.06414290642e-12, "var": 9.91116030491e-06, "median": 0.00262520415708}, "spectral_centroid": {"dmean": 59.9867553711, "dmean2": 95.1528167725, "max": 12022.0097656, "dvar": 19866.2636719, "mean": 693.018859863, "dvar2": 47314.8476562, "min": 110.675117493, "var": 3310649.75, "median": 240.597015381}, "barkbands_skewness": {"dmean": 1.72998142242, "dmean2": 2.747215271, "max": 33.6830596924, "dvar": 3.16770577431, "mean": 6.2626581192, "dvar2": 8.05629062653, "min": -2.76944208145, "var": 15.2258443832, "median": 5.7402009964}, "spectral_rolloff": {"dmean": 3068.69995117, "dmean2": 6057.52880859, "max": 22050, "dvar": 53607812, "mean": 15882.3896484, "dvar2": 131008104, "min": 21.533203125, "var": 90272568, "median": 21834.6679688}, "erbbands_spread": {"dmean": 7.22261476517, "dmean2": 11.4477462769, "max": 141.189743042, "dvar": 60.9588737488, "mean": 20.4146556854, "dvar2": 151.265670776, "min": 0.535019755363, "var": 428.088134766, "median": 13.6896381378}, "barkbands": {"dmean": [0.000274302787147, 0.00113447220065, 0.000671260117088, 0.00144391844515, 0.00466844066978, 0.000179178401595, 0.000505773175973, 7.25705831428e-05, 2.77397120954e-05, 1.27275752675e-05, 1.40810889206e-05, 9.66319657891e-06, 8.43072393764e-06, 5.04217678099e-06, 3.85776138501e-06, 3.88866692447e-06, 3.80718006454e-06, 3.26324789057e-06, 3.54662506652e-06, 3.07285768031e-06, 3.0800267723e-06, 1.5984850279e-06, 1.07105961433e-06, 9.67360506365e-07, 9.55759446697e-07, 1.17878482797e-06, 8.03597231425e-06], "dmean2": [0.000478859408759, 0.0016579880612, 0.00100879883394, 0.00212900689803, 0.00644520530477, 0.000264886388322, 0.000704800477251, 0.000100792356534, 4.23557503382e-05, 2.01978709811e-05, 2.03289600904e-05, 1.50654022946e-05, 1.32911836772e-05, 7.90923968452e-06, 6.15830822426e-06, 6.07118727203e-06, 6.02251202508e-06, 5.11132066094e-06, 5.67104962101e-06, 4.94948380947e-06, 4.94881942359e-06, 2.54425890489e-06, 1.69781174009e-06, 1.53226994826e-06, 1.50427933931e-06, 1.82617361588e-06, 1.21022249004e-05], "max": [0.045119497925, 0.178293034434, 0.12139827013, 0.148616954684, 0.544682085514, 0.0191609822214, 0.221230924129, 0.0478491485119, 0.0094926264137, 0.00152101973072, 0.00880038458854, 0.0011146113975, 0.00155680603348, 0.000635606993455, 0.000388134503737, 0.000846114824526, 0.000820212590043, 0.00195204128977, 0.000399527285481, 0.000769704405684, 0.000608739384916, 0.000459855655208, 0.000125785954879, 0.000122338678921, 0.000117443916679, 0.000128715895698, 0.000905704509933], "dvar": [1.0833663282e-06, 2.37421027123e-05, 4.85474174639e-06, 1.64061402756e-05, 0.000243180926191, 2.69874590231e-07, 1.19817204904e-05, 2.3173173247e-07, 1.66285811787e-08, 1.43148060072e-09, 8.70419825105e-09, 9.10609199156e-10, 7.46010531127e-10, 2.30176294691e-10, 1.32668070973e-10, 2.11159728591e-10, 2.16010112575e-10, 2.57571713957e-10, 1.65392144424e-10, 1.76957767883e-10, 2.20153117958e-10, 4.0462105888e-11, 1.18061324605e-11, 9.75226843725e-12, 9.1679372427e-12, 1.12031885505e-11, 5.49550072115e-10], "mean": [0.000300697225612, 0.00174816942308, 0.0012476737611, 0.00291379727423, 0.009272813797, 0.000342537241522, 0.00104742706753, 0.000107524407213, 3.85666971852e-05, 1.82326330105e-05, 2.24736686505e-05, 1.49252273332e-05, 1.28748533825e-05, 7.20186244507e-06, 5.44430213267e-06, 5.56064287593e-06, 5.21938272868e-06, 4.79301661471e-06, 4.81848883283e-06, 4.04713637181e-06, 3.84917575502e-06, 1.98396810447e-06, 1.23500910831e-06, 1.09499035261e-06, 1.06251457055e-06, 1.55258726409e-06, 1.58094662766e-05], "dvar2": [2.70984219242e-06, 5.01922040712e-05, 1.12631760203e-05, 3.73739931092e-05, 0.000453970802482, 5.81664323818e-07, 2.23133174586e-05, 3.33233600713e-07, 3.45181199179e-08, 3.4793554704e-09, 1.35404354396e-08, 2.03144701061e-09, 1.77252534872e-09, 5.53457613073e-10, 3.18332860072e-10, 4.42740982765e-10, 5.14472020541e-10, 5.02219321685e-10, 4.17479079085e-10, 4.70577687928e-10, 5.46620082531e-10, 9.37525890254e-11, 2.82125191264e-11, 2.31736452944e-11, 2.1694963534e-11, 2.62614392038e-11, 1.19373810836e-09], "min": [8.74374906461e-26, 1.99148251067e-24, 7.3631754273e-25, 6.01636503673e-25, 5.65268024068e-24, 4.30332143496e-24, 4.79679337422e-24, 3.53584063242e-24, 8.03711921737e-24, 6.0894776515e-24, 4.80513755044e-24, 1.34733687634e-23, 2.03357060655e-23, 1.35593388248e-23, 3.74182065559e-23, 4.77429695447e-23, 5.56569893844e-23, 7.77193715542e-23, 1.00902472635e-22, 1.43478071929e-22, 2.1225455023e-22, 2.72099860906e-22, 3.31377444167e-22, 4.91042108833e-22, 7.84662600105e-22, 1.10537956733e-21, 1.81418863493e-21], "var": [1.47577225107e-06, 4.18793206336e-05, 1.03217334981e-05, 4.08532068832e-05, 0.000803181668743, 8.84756275354e-07, 4.71661915071e-05, 5.97119537815e-07, 3.05502823039e-08, 2.27277729969e-09, 3.62443870472e-08, 1.76190773082e-09, 1.52030799061e-09, 3.7473973924e-10, 2.15274728599e-10, 3.99370508886e-10, 2.98089775086e-10, 4.86613638273e-10, 2.41808489898e-10, 2.17727488816e-10, 2.6062987879e-10, 5.25207273505e-11, 1.50089506795e-11, 1.17773993683e-11, 1.10774618645e-11, 1.65500651378e-11, 1.44993705931e-09], "median": [1.60082126968e-05, 8.54167010402e-05, 0.000206035678275, 0.000686900573783, 0.00110123213381, 4.67726822535e-05, 1.82980074896e-05, 7.60353486839e-06, 5.27234760739e-06, 2.86316094389e-06, 1.87227158222e-06, 2.19099092647e-06, 1.60951208272e-06, 1.16968180919e-06, 9.06740410755e-07, 7.85695306149e-07, 6.39472034436e-07, 5.45902366866e-07, 4.44718267545e-07, 3.61613729183e-07, 2.96022506063e-07, 2.30103168519e-07, 1.82035606144e-07, 1.86347364206e-07, 1.73912283685e-07, 3.28528471982e-07, 2.73534715234e-06]}, "melbands_kurtosis": {"dmean": 34.3794288635, "dmean2": 53.447479248, "max": 1092.65710449, "dvar": 1629.91064453, "mean": 94.1265945435, "dvar2": 4007.03466797, "min": -1.75736105442, "var": 8158.65576172, "median": 68.8712463379}, "erbbands_crest": {"dmean": 2.8066573143, "dmean2": 4.38274049759, "max": 34.390083313, "dvar": 7.10837125778, "mean": 16.9709033966, "dvar2": 19.0046615601, "min": 2.21963024139, "var": 38.5179023743, "median": 17.786315918}, "melbands_skewness": {"dmean": 1.53135168552, "dmean2": 2.46889138222, "max": 24.240152359, "dvar": 2.19976902008, "mean": 5.02448415756, "dvar2": 6.26039886475, "min": -4.66169214249, "var": 9.6476020813, "median": 4.72922515869}, "spectral_energyband_middle_low": {"dmean": 0.00591280451044, "dmean2": 0.00808388367295, "max": 0.656343221664, "dvar": 0.000315237761242, "mean": 0.0137274637818, "dvar2": 0.000587311806157, "min": 1.34739512583e-22, "var": 0.0011722833151, "median": 0.0032407885883}, "spectral_contrast_coeffs": {"dmean": [0.0449786968529, 0.040415789932, 0.0284640360624, 0.0283085294068, 0.0237337313592, 0.0171497520059], "dmean2": [0.0704121738672, 0.0662267208099, 0.0471600294113, 0.0468060895801, 0.0387936905026, 0.0275363530964], "max": [-0.202189266682, -0.374622166157, -0.539147675037, -0.711725592613, -0.727272093296, -0.586298704147], "dvar": [0.00155158480629, 0.00120659114327, 0.00056860136101, 0.000587466114666, 0.000436289032223, 0.000443815719336], "mean": [-0.588675737381, -0.809907734394, -0.887417852879, -0.898988366127, -0.901327073574, -0.852467179298], "dvar2": [0.00383576867171, 0.00327319186181, 0.00151962845121, 0.00156703602988, 0.00112716737203, 0.00108594552148], "min": [-0.987520575523, -0.993647933006, -0.979886949062, -0.989049971104, -0.973289430141, -0.96597635746], "var": [0.0167512707412, 0.00739637762308, 0.00217625405639, 0.00210034265183, 0.00181745516602, 0.00157706101891], "median": [-0.573991060257, -0.823424518108, -0.893010139465, -0.901969254017, -0.905482828617, -0.859913170338]}, "spectral_contrast_valleys": {"dmean": [0.399700343609, 0.461698025465, 0.512199938297, 0.532558500767, 0.534483611584, 0.532932937145], "dmean2": [0.631484270096, 0.719601929188, 0.814680695534, 0.853713512421, 0.856391310692, 0.843666553497], "max": [-4.95097827911, -4.53189373016, -5.60281658173, -6.06740427017, -6.337454319, -8.67273426056], "dvar": [0.111825980246, 0.138715162873, 0.183282509446, 0.232798293233, 0.254384368658, 0.237846657634], "mean": [-8.96015357971, -8.83326435089, -9.72008419037, -10.2247543335, -10.2598438263, -12.5131864548], "dvar2": [0.271285653114, 0.350529670715, 0.490068376064, 0.636382937431, 0.703984797001, 0.65810573101], "min": [-28.3298244476, -28.1381988525, -27.9134521484, -27.7798976898, -27.5889110565, -27.5072517395], "var": [11.9209241867, 11.6592416763, 10.3702745438, 9.76645278931, 9.48589897156, 7.19176435471], "median": [-8.24698066711, -8.08472824097, -9.03412246704, -9.54148387909, -9.66604232788, -12.0878505707]}, "silence_rate_20dB": {"dmean": 0.00218350137584, "dmean2": 0.00436719367281, "max": 1, "dvar": 0.00217839819379, "mean": 0.99742358923, "dvar2": 0.00495851784945, "min": 0, "var": 0.00257010594942, "median": 1}, "silence_rate_30dB": {"dmean": 0.0206995941699, "dmean2": 0.0414009951055, "max": 1, "dvar": 0.0202704463154, "mean": 0.954366803169, "dvar2": 0.0441391021013, "min": 0, "var": 0.0435482412577, "median": 1}, "spectral_strongpeak": {"dmean": 5.13914203644, "dmean2": 9.33069801331, "max": 279.817230225, "dvar": 314.929779053, "mean": 6.79325675964, "dvar2": 781.162475586, "min": 0, "var": 414.194641113, "median": 0.410443663597}, "spectral_spread": {"dmean": 778240.0625, "dmean2": 1258591.375, "max": 42862820, "dvar": 550315687936, "mean": 5626892.5, "dvar2": 1473930330110.0, "min": 1065966.125, "var": 36047551463400.0, "median": 4453158}, "barkbands_flatness_db": {"dmean": 0.0422744378448, "dmean2": 0.0673633664846, "max": 0.512423694134, "dvar": 0.00134800141677, "mean": 0.270654410124, "dvar2": 0.00379164540209, "min": 0.0477298609912, "var": 0.00556479813531, "median": 0.27176874876}, "pitch_salience": {"dmean": 0.0654500648379, "dmean2": 0.094545096159, "max": 0.987982094288, "dvar": 0.00350851588883, "mean": 0.392016530037, "dvar2": 0.00869022123516, "min": 0.0528246872127, "var": 0.0259189605713, "median": 0.392017006874}, "erbbands_kurtosis": {"dmean": 14.4183988571, "dmean2": 23.300163269, "max": 351.515869141, "dvar": 473.323150635, "mean": 23.5390033722, "dvar2": 1259.02246094, "min": -1.7860352993, "var": 940.484008789, "median": 13.1706867218}, "average_loudness": 0.0295279044658, "barkbands_crest": {"dmean": 2.18933010101, "dmean2": 3.38198590279, "max": 26.7785968781, "dvar": 5.12650966644, "mean": 17.1521453857, "dvar2": 13.2182016373, "min": 3.78879284859, "var": 28.9285755157, "median": 16.8328399658}, "hfc": {"dmean": 36.0468292236, "dmean2": 51.0365219116, "max": 2948.45385742, "dvar": 8791.19726562, "mean": 102.891990662, "dvar2": 19104.5234375, "min": 1.06543708398e-16, "var": 37200.359375, "median": 39.2657051086}, "barkbands_kurtosis": {"dmean": 42.949382782, "dmean2": 65.9725112915, "max": 1408.81445312, "dvar": 3948.68969727, "mean": 104.229911804, "dvar2": 8953.91992188, "min": -1.81862843037, "var": 12443.1132812, "median": 70.8905715942}, "erbbands": {"dmean": [0.0457859002054, 0.216345310211, 0.583270668983, 2.72514653206, 16.0198154449, 11.6712779999, 2.59113049507, 1.35173475742, 6.96525430679, 3.78754353523, 1.70619285107, 0.656151950359, 0.393743306398, 0.528135120869, 0.413705468178, 0.417837828398, 0.399094521999, 0.270932167768, 0.222907438874, 0.195316419005, 0.220794811845, 0.196619182825, 0.172513797879, 0.174498260021, 0.178535923362, 0.145294412971, 0.127944037318, 0.0997481793165, 0.0611046738923, 0.0407412685454, 0.029263978824, 0.021494243294, 0.0155248008668, 0.0106130968779, 0.00685496767983, 0.00408920831978, 0.00227914750576, 0.00133238197304, 0.00089890928939, 0.00103291100822], "dmean2": [0.0662966147065, 0.324346154928, 0.874300539494, 3.92828893661, 22.4409751892, 16.2098636627, 3.85135030746, 1.96702361107, 9.81896209717, 5.3337726593, 2.30238866806, 0.953043460846, 0.618337273598, 0.786174237728, 0.618721187115, 0.646730482578, 0.629448652267, 0.417127370834, 0.357104539871, 0.30678653717, 0.343389213085, 0.307303845882, 0.269964486361, 0.273504108191, 0.28576374054, 0.233104079962, 0.20559386909, 0.158683821559, 0.0971068516374, 0.0648501887918, 0.0463356003165, 0.0340451896191, 0.0245694387704, 0.0167361535132, 0.0107653811574, 0.00638569379225, 0.00352665036917, 0.00205037696287, 0.00136982661206, 0.00142723752651], "max": [8.92974662781, 27.7827129364, 96.2713088989, 330.813110352, 2088.84301758, 2361.91381836, 266.196502686, 272.439086914, 3307.73754883, 1295.29260254, 1381.43811035, 305.469207764, 52.8852386475, 217.722381592, 136.636734009, 57.4525527954, 67.8754272461, 27.7610034943, 28.9652938843, 22.7627429962, 45.5974807739, 25.767868042, 95.2109222412, 35.0374450684, 29.8129119873, 28.1974277496, 20.0697021484, 28.570930481, 22.7382049561, 6.80690813065, 3.35080599785, 2.71815490723, 2.00160813332, 1.31808555126, 0.830553770065, 0.489276468754, 0.249971330166, 0.144277825952, 0.192280292511, 0.106884025037], "dvar": [0.0514421015978, 0.705806791782, 3.72179222107, 56.5989456177, 2862.34570312, 1617.7644043, 58.5171661377, 17.9876651764, 2048.12133789, 727.536071777, 164.311431885, 10.2958393097, 1.45888757706, 5.85382413864, 3.36653423309, 1.81894254684, 1.63068342209, 0.636051297188, 0.470586836338, 0.40146112442, 0.666442155838, 0.406031310558, 0.658029258251, 0.35879060626, 0.568490564823, 0.349055707455, 0.296196550131, 0.200545504689, 0.0725274085999, 0.0197080206126, 0.00870568584651, 0.00476294290274, 0.0025245717261, 0.00115657155402, 0.000461246847408, 0.000151770262164, 4.08453051932e-05, 1.54519293574e-05, 1.47827468027e-05, 7.21740707377e-06], "mean": [0.0663767755032, 0.347305893898, 1.15931653976, 6.359770298, 31.1427974701, 23.3804779053, 5.83407974243, 2.70125770569, 14.1941213608, 7.5411324501, 2.73801660538, 0.988777458668, 0.550991892815, 0.879986763, 0.653429806232, 0.665414571762, 0.62187308073, 0.417750567198, 0.325688183308, 0.282143622637, 0.318239539862, 0.282806873322, 0.257795900106, 0.252233803272, 0.235572695732, 0.19155625999, 0.161592274904, 0.130269795656, 0.077026873827, 0.0480062067509, 0.033716160804, 0.0245970487595, 0.0174529105425, 0.0117230415344, 0.0077219302766, 0.00492644729093, 0.00308913155459, 0.0021263200324, 0.00182405509986, 0.00318649434485], "dvar2": [0.110467478633, 1.56096947193, 8.64256286621, 126.282745361, 5549.00146484, 2999.59082031, 138.500976562, 37.2079849243, 3726.52563477, 1537.82336426, 215.966415405, 15.9445409775, 3.40039634705, 10.5266771317, 5.94568729401, 3.95371055603, 3.96581315994, 1.450294137, 1.17730784416, 0.903867125511, 1.45941090584, 0.944724917412, 1.27981948853, 0.84194880724, 1.48866045475, 0.92262673378, 0.719387173653, 0.495863318443, 0.167539075017, 0.0471991710365, 0.0207403749228, 0.0113166878, 0.00599020346999, 0.00273917824961, 0.00108965660911, 0.000357422075467, 9.5697127108e-05, 3.66666499758e-05, 3.54598923877e-05, 1.46270913319e-05], "min": [5.93861052773e-23, 2.7688212504e-22, 9.16450283533e-22, 3.03270302346e-21, 7.49394131024e-21, 1.57524269199e-20, 2.27163425591e-20, 3.59993817033e-20, 7.58643205807e-20, 1.29729152385e-19, 1.75325570797e-19, 2.10145777456e-19, 2.99830353831e-19, 6.49415259615e-19, 5.24834052847e-19, 6.32264806987e-19, 1.04751940066e-18, 1.34015284372e-18, 1.69352533198e-18, 2.03884904269e-18, 3.43146054348e-18, 3.97289182022e-18, 3.9650038259e-18, 4.43671308278e-18, 5.62617522899e-18, 6.63276387178e-18, 7.82153614935e-18, 7.01036561755e-18, 1.02924131474e-17, 9.93582468429e-18, 9.32124520559e-18, 1.00765785645e-17, 8.89007979284e-18, 7.15695360263e-18, 5.99206327011e-18, 3.79525478367e-18, 2.19058953579e-18, 8.51257772233e-19, 2.39639910323e-19, 2.5935921758e-20], "var": [0.0806314796209, 1.28837561607, 8.43453025818, 180.651000977, 8856.18066406, 5520.75830078, 234.972976685, 54.3007202148, 8163.84130859, 2382.02539062, 455.220123291, 26.1790504456, 2.33119225502, 25.3595504761, 10.3052072525, 3.68876338005, 3.18339133263, 1.2290558815, 0.732611835003, 0.698791027069, 1.19370257854, 0.671073973179, 1.27854239941, 0.646706402302, 0.725704908371, 0.448988288641, 0.381166577339, 0.249494880438, 0.0905018225312, 0.025565257296, 0.0110205309466, 0.00585201196373, 0.00302503583953, 0.00138304952998, 0.000565646914765, 0.000196916051209, 6.29704009043e-05, 2.95516783808e-05, 2.46681684075e-05, 3.72473296011e-05], "median": [0.00210679974407, 0.0274421889335, 0.228372186422, 1.75519800186, 4.02006149292, 2.62972021103, 0.818932652473, 0.381530791521, 0.322961032391, 0.205153346062, 0.185650959611, 0.128516331315, 0.0899271219969, 0.099944755435, 0.0815560445189, 0.0945717766881, 0.0831250473857, 0.0640930235386, 0.0569184571505, 0.04661796242, 0.0429861620069, 0.0366991609335, 0.0304937325418, 0.0258604437113, 0.02092124708, 0.0172448977828, 0.0131400246173, 0.010916011408, 0.00850854627788, 0.00649021845311, 0.00509656593204, 0.00405973289162, 0.00297259516083, 0.00190221099183, 0.00130552705377, 0.000977510819212, 0.000666976789944, 0.000394857837819, 0.000355536147254, 0.00116509629879]}, "spectral_energy": {"dmean": 0.00756336236373, "dmean2": 0.0100209442899, "max": 0.684126913548, "dvar": 0.000417417031713, "mean": 0.0216823779047, "dvar2": 0.000