{"metadata": {"audio_properties": {"downmix": "mix", "bit_rate": 161881, "lossless": false, "md5_encoded": "788a98eebadcfcbe012e037a75c93bfd", "analysis_sample_rate": 44100, "sample_rate": 44100, "replay_gain": -4.90907669067, "equal_loudness": 0, "codec": "mp3", "length": 333.636993408}, "tags": {"musicbrainz_albumid": ["98585d9f-4b7e-4916-80e5-4047ad37c28c"], "musicbrainz_recordingid": ["2fba6f14-1793-4149-8769-dcac8c2c9f8e"], "tracknumber": ["04/11"], "artist": ["Bombay Dub Orchestra"], "acoustid_id": ["e8673f26-eee7-4f1a-8a01-2787d76e84b9"], "composer": ["Garry Hughes", "Andrew T. Mackay"], "barcode": ["0657036115323"], "musicbrainz album type": ["Album"], "musicbrainz release track id": ["e0161cad-c2f6-3c54-9e0c-c66dd4575898"], "url:discogs_release": ["http://www.discogs.com/release/1615060"], "albumartist": ["Bombay Dub Orchestra"], "asin": ["B001FES0H0"], "country": ["United States"], "media": ["CD"], "language": ["eng"], "file_name": "04-bombay_dub_orchestra_-_junoon-upe.mp3", "originalalbum": ["3 Cities"], "musicbrainz album release country": ["US"], "musicbrainz_artistid": ["20db01e0-20a4-49fe-a82e-dfadf117f36f"], "catalognumber": ["657036 1153-2-3"], "musicbrainz album status": ["Official"], "musicbrainz original album id": ["98585d9f-4b7e-4916-80e5-4047ad37c28c"], "script": ["Latin"], "label": ["Six Degrees"], "album": ["3 Cities"], "date": ["2008"], "title": ["Junoon"], "musicbrainz_albumartistid": ["20db01e0-20a4-49fe-a82e-dfadf117f36f"], "discnumber": ["01/01"], "artists": ["Bombay Dub Orchestra"], "acoustid_fingerprint": ["AQADtNKkREqSLCKePMg19LCD5yj-ofDRFz2aF0dz9MXRw06hH-LRG_2R9ujxkWiO-kcuaEa64xuPY5-MIzlCVmFwHW0v-GmOH8kZxghP8JTwovnQL8fxD_eOmEeiG8_R49jhH-F1yEce7ONxfMFVPCHyaMHz4kevDT5zHCLzIRXe4ME5fPgPXkQuHmp6YuqDozl64x20RFaUEbn24XiOCzhyQUeO88STVzj8HUUPd9nRB7-h63iOH0cPXxP6SsOJH903hNnx4zx-XGjqGEfFH_-hVrhO_BSa56gNHacXWA-PXA_Rq0RzXJvxG80m9PiOo2bg_EFznEdERYe4C38OHXn0wNNRRkfzK8UdBh-OpkdV_DgPs0Z-0IZ-9A9AHfBxHEeNHmmNHqfQ4wiPM0i8Bz88GQ-O75gu5BRx4REc6TjEoa_wHKEPz2mLqcGjGcUvHZu04zeu44oCV5kBj0TTLcPxHKeYCckySbqQ48RxAAEgfAAAATgOAALE4zB0HEDYmEMfGPmw_dCR8ijqG9SD4ojQHTdyb4Un4_BDHe6Po_aPB_0x5Tke_2BtfCmmH67hHResbUe_4_hQ8RZMHZfGwkcfIow8aHhSCTvC7_CQ-zCFzxl-wxFCC2_xKDt-BZ-O10PzC7XDDO8evGC4Br6Pbs2RX9AysyTCRTgr_Ch_bBWPHlexJ8cnZoKf4j48KdGRhwl-9EL6oV9wjOGR88eP5ofGH3mkPHhy7IJj5FKD50J2CSmf48dfnGkCkZyR48eU4zvRHD_hG__xL8W1oPkRHnKoiNFxphW0Zh9u5fji4TzCnHiUEnGiE5OU9dDyIo_wdMHjBl96PMSPH-mL504xZq9wUdC6KBbC5MoTPDo-HoerPvgiXcK3C30qhLlUJF9S4gyuB3_h57h0_KgdLXBMB7XyAHPwXCXufKilB95XJE-mS0j9ob7wBz_KUA_hXjIYLhqJJ0pMPPjB5HRQuSfWRbgSHc2u4JHQ__i2Bk944m6OJ8epB67C4Up44DB_PHlwKT-uI30IHWecID_e7HAkMSyenPiHOiH85SiavujF4yI-I9yVQcvXCDFzBscPP6wyXHyGZ5fwHM17hA-U58jx8MEonkOjJMeZfDl-5Bx0IvQT7Fk3PNLwc_Azgad85Ip06Ffw36iOJlkSB6z0HI8E7UKkTM5xPeiHxscRJ_ogBjmzBxeD75hPPGPi4NpRES_DBLnsIfmOR_MChx9-XDt2KcekRZeF468Q5hcYfwLzvGgcHlePJ7uI99AeQQiZF2enJLg7tE_QRH3wMjF-PSAu8DHOLAhDp4d2AdsuBnsZHK56PPg_lEuWBj60fsU7R8gXuD4-El0u-Ee4jTWU45jzIp-GLYk-vEIfJSWaUT_y45WFk0GfHFqY48kvxOaB-nhE5IWPWhLx6IdKPcETfmgu_AjDFN_x6nBw6xFiHZqdFLl4uPJxS8eDnk5wWnhe_Mc_OA6P7zgTEQ-qo5Ge5Ih9JVCZZEFu_Dd-bBETE48aB3ny4VLQPEd146meQU9y-OGDWSu8JEeeB82NnsOv408Z4Yq2opJ--EiInMSU_PhxPri040fJ5EibHK8YKPuD9D0qxw3QTG5QRmEoXLThHw_-431wpUHTI9wF7QhZHo_l4FIuCg_2fEKY5A-qBzqp40H0w8uFnE8SfMvwtnimI7zRvLhHPNqDJ_nQMGJQJd1RPUf6HM2zQn8QH2P24zF6-LnQ7gnyqzn2JjX0THhwDs3zoMwPvQ9CUWjO41lwlAzMu0juIGWDo9mLC80_hCQ9aN0Db8eHh5D_Io_Q77hy5Ar0NLBf_MiRJysqaTlE60V4PHywH95_5GIe6FFGfD0cQvdxiVbwJEyKNJYk4tkD53nwLJgTEVeO9_CNR8uHP0gqKkcutOvRdMNxXGQOP5Px8MP1o-GCkDwOzVniI8yT4T_8HBcfPOEcnEXTHPUP_Dyu5Kgk6biOU8gNUT2DUAvj4aXw54DPBz_x7Mi1BH0Hq0SfCof-QMc_XET7EFOqXMUTHr-G5yKh5SnR6-g2amhSI1fGgzl87eiPXDqegyF5NN1xt0fIo1GyVhEe_Idt7MePSwmayMcffMeN9D30HBGpHg1V43pwXBmaakeeHGL2EOUtxA-as5ioPClyNNnCoHsO_XAmMdCTJ8g1R5geBc2NP4Af4kZyrjrS43tmfP8Qivtx6PoypFWi1GjHG_kMnSO2j4iXjQpyHn8G09DXEH8z5J8SBJN-uMop9IfGa8YzHf3x8fiF_0H7wVM8YvqPB_qFPC488sGz4xQdWMPxBfMDrVlynDBDgZGYbcIVoemNStPRHc6O9ykoLkd5XIkRXQmSHc2y42LopHiOozF6XBfxJJexPwiSG00z5ULLD0_QcBlq4Rf65oEjiRe2Hz9yBQ_EB-HxHS9jfLB9HOeCR0mOWg9U9ZgPH4y4OZiXDz9uXDm0UPlwKZlFOEb34FR2_EKf-WieAyUgZooJIAhgQjCClADEOAwFAIggwwiTSAgECAUCUSUEOEwY6pBjTi1AgDjAIYoUNApoBQQImBpOhFACCUCUdIYYR8T2wBMgBBNEESMIYIQpQbkCDCEgJAFQMUYGEEQQwgwyJBChDCHECCaUFQZTYxRSgjngsADIAUicMQgqpAi2VgkMELOKM2WoGAgY6YxRFDAEgFPAIKuYIkBII8UY5yJQkkYCCmCgRIgioIASgBokARHAEeQMYMJ5wABSDhRhgCBCGcGMIQQJQEASghlnICNGIaIEAEwYYwQiAAoEKCKCECOIk0woAAAlRjJpGSIIMYQUA0hhIhQAhDDGhEKKAQYZMQQUDgACAAiAiAAoCACIQgQIBhBQRCgqBQFEEACIsoAYYAiYgABgFBVEICQAcYQY4ogASBGAqEAKOSEIoUwIJoAgAAiCwAAAAYEMcEIJx4BQAAiqGEICOoOAEEIwAggywBuhDNOOCYQUUUQx4QghCiCEgBKiEEGMAggYIQBlhhBEBBACGUIIQDAwAYRgRAigrCBYCGaEAQYqAggDCDiFsCZAEGAwYQQhIogkQgjiCEMGKUGUEApAp4AxAgApDAIEOQMEIgBARRABAgpAAJPMKKQEAsIIaBCBACAgmAAGEYUQAwYQcIQBwBhnBBMGAQAsI0YoISBBAAEojUBWACUEEIRygJgABCBGgoREIYEQAkE44oAUECFAHQJaGIKEAAYIohQChAljGEECIWSQE04wEQQAlBBgkAAMAASAEg4CBABjAimEgFBIAQGYQMAYQQYkkEAAgEIQAUSBIQIQgoSBQhgAJEgAIYoAooohRJVAAAkGlFICCCuMcYIwRAxBzABAgFFAACAAGIRIRQACwBBhAEJEIEIMUYQIBoBhRgiQnBLEAOYkEdwxBRkgEBmoACAIEMCAUQQQUA0AQhBHHETEMIEQAgooahFAFiIECAFGGQGQAA"], "musicbrainz_releasegroupid": ["91f7ef6e-f612-3494-92d8-512171455db4"]}, "version": {"essentia_build_sha": "5a811adb4c06fd6d02ca903f7349a26d851abfa8", "essentia_git_sha": "v2.1_beta1-34-gf95df8b", "extractor": "music 1.0", "essentia": "2.1-beta1"}}, "tonal": {"chords_scale": "minor", "hpcp": {"dmean": [0.134742185473, 0.122530542314, 0.114327467978, 0.121944062412, 0.132419347763, 0.132681548595, 0.113969132304, 0.106462717056, 0.11362425983, 0.113649830222, 0.0997393131256, 0.103507786989, 0.139574334025, 0.156177669764, 0.143101096153, 0.104931786656, 0.0834821909666, 0.0673737004399, 0.0610732920468, 0.0653134584427, 0.0658398196101, 0.0642519965768, 0.0506858229637, 0.132835030556, 0.228143930435, 0.144184574485, 0.06748778373, 0.0547255016863, 0.050548594445, 0.071960747242, 0.141970783472, 0.194445759058, 0.203553169966, 0.206960111856, 0.157399788499, 0.13868637383], "dvar2": [0.151245743036, 0.142128437757, 0.132393151522, 0.125376775861, 0.122057393193, 0.120435096323, 0.112305089831, 0.106594897807, 0.123254828155, 0.119826622307, 0.106736838818, 0.111223891377, 0.132821530104, 0.151559874415, 0.126137629151, 0.0970161110163, 0.08427413553, 0.0700859874487, 0.0611139051616, 0.0635324418545, 0.05868960917, 0.0624961443245, 0.0415772050619, 0.0849737823009, 0.252422809601, 0.0883067324758, 0.0490471869707, 0.0474755503237, 0.0433365702629, 0.0686072185636, 0.141374632716, 0.174290716648, 0.174373567104, 0.193102732301, 0.163993492723, 0.159222871065], "mean": [0.105347760022, 0.0963095799088, 0.0863994881511, 0.113372437656, 0.157394245267, 0.13956014812, 0.0899749100208, 0.0803217589855, 0.0973585247993, 0.0985812172294, 0.0770245939493, 0.0763751193881, 0.139446526766, 0.207925826311, 0.166611865163, 0.0923158824444, 0.0690705254674, 0.0511293932796, 0.0479758419096, 0.0689297541976, 0.073241494596, 0.0550763383508, 0.0419733561575, 0.162127718329, 0.292590737343, 0.190047621727, 0.0658602565527, 0.044665042311, 0.0369881168008, 0.0543798059225, 0.125257506967, 0.224321380258, 0.257201492786, 0.203336283565, 0.139607131481, 0.110549099743], "var": [0.0448554754257, 0.0412134155631, 0.0373691990972, 0.0482493415475, 0.075159072876, 0.0588512681425, 0.0315658226609, 0.0295386929065, 0.0429684445262, 0.0434860996902, 0.0315988473594, 0.0319691002369, 0.0595470331609, 0.101144939661, 0.0699781775475, 0.0320199131966, 0.0250801742077, 0.0186608005315, 0.0186503492296, 0.0320115983486, 0.0310763027519, 0.0182840339839, 0.0130861559883, 0.0455983020365, 0.144454106688, 0.053171146661, 0.0209201928228, 0.012469583191, 0.0110626947135, 0.0195226948708, 0.052478197962, 0.0942091792822, 0.110208459198, 0.0874804034829, 0.065665319562, 0.0505712032318], "dmean2": [0.247850224376, 0.225653678179, 0.21111984551, 0.218311876059, 0.233327612281, 0.234608396888, 0.208130344748, 0.196976706386, 0.205810263753, 0.207243576646, 0.183038040996, 0.190455198288, 0.248588100076, 0.275451987982, 0.250262469053, 0.188135489821, 0.152188941836, 0.124585792422, 0.112005338073, 0.116386272013, 0.116757005453, 0.116253890097, 0.0932088047266, 0.239053487778, 0.413620054722, 0.254440695047, 0.118757992983, 0.0990220531821, 0.0930364653468, 0.131934538484, 0.256011396646, 0.341977834702, 0.358029812574, 0.371838182211, 0.287515878677, 0.25582203269], "dvar": [0.0536104924977, 0.051084626466, 0.0473647713661, 0.0457896478474, 0.0466951802373, 0.0449598953128, 0.0395580306649, 0.0380322895944, 0.0441436357796, 0.0435866862535, 0.0380675941706, 0.0396025516093, 0.0486346520483, 0.0578011423349, 0.0471232421696, 0.0346038937569, 0.0303911529481, 0.0250331778079, 0.0219353921711, 0.0232412088662, 0.0214563477784, 0.0217242632061, 0.0145631730556, 0.0326409190893, 0.0988440662622, 0.034209612757, 0.018306851387, 0.0168036073446, 0.015544699505, 0.0242338068783, 0.0515416413546, 0.0664130151272, 0.0673202201724, 0.0730799734592, 0.0601095966995, 0.0561853460968], "min": [0, 0, 0, 0, 0, 0, 0, 0, 0, 0, 0, 0, 0, 0, 0, 0, 0, 0, 0, 0, 0, 0, 0, 0, 0, 0, 0, 0, 0, 0, 0, 0, 0, 0, 0, 0], "median": [0.0191796310246, 0.0176395177841, 0.0132474852726, 0.0157285071909, 0.0252209715545, 0.0287880301476, 0.0202059503645, 0.0131013216451, 0.0141432937235, 0.0137453405187, 0.0104152448475, 0.00908232666552, 0.0243024565279, 0.0432927682996, 0.0391500629485, 0.0225494466722, 0.0146101750433, 0.00815752707422, 0.00518782436848, 0.0085024414584, 0.01384742558, 0.012512518093, 0.00872099213302, 0.0426146686077, 0.0730975344777, 0.0717164576054, 0.017032423988, 0.0101060941815, 0.00578979589045, 0.0062632355839, 0.0235849618912, 0.0673038810492, 0.0848767906427, 0.0484288707376, 0.0181716792285, 0.0131136681885], "max": [1, 1, 1, 1, 1, 1, 1, 1, 1, 1, 1, 1, 1, 1, 1, 1, 1, 1, 1, 1, 1, 1, 1, 1, 1, 1, 1, 1, 1, 1, 1, 1, 1, 1, 1, 1]}, "tuning_equal_tempered_deviation": 0.177625373006, "chords_key": "D", "chords_strength": {"dmean": 0.0107320258394, "dvar2": 0.000617524085101, "mean": 0.469587594271, "var": 0.0292737931013, "dmean2": 0.0125022074208, "dvar": 0.000340826169122, "min": -1, "median": 0.487265884876, "max": 0.778463065624}, "tuning_diatonic_strength": 0.407170891762, "thpcp": [1, 0.649533987045, 0.225093439221, 0.152653649449, 0.126415878534, 0.185856208205, 0.428097993135, 0.766672849655, 0.879048645496, 0.694951176643, 0.477141320705, 0.377828419209, 0.360051602125, 0.329161405563, 0.295291274786, 0.387477874756, 0.537933111191, 0.476980745792, 0.307511150837, 0.274519145489, 0.332746446133, 0.336925297976, 0.263250291348, 0.261030554771, 0.476592421532, 0.71063709259, 0.56943655014, 0.315511971712, 0.23606531322, 0.174747139215, 0.163969099522, 0.235584199429, 0.250320613384, 0.188236773014, 0.143454149365, 0.554110884666], "chords_histogram": [12.3712778091, 0.250487059355, 4.4391875267, 0.598385751247, 8.75313091278, 9.56025600433, 15.502366066, 7.72335100174, 0.487058162689, 6.8466463089, 0.52880603075, 9.57417201996, 1.23851931095, 1.41942667961, 1.02978014946, 4.24436426163, 2.115224123, 0.153075426817, 0.375730574131, 0.347898691893, 0, 0.166991367936, 4.60617876053, 7.66768693924], "tuning_nontempered_energy_ratio": 0.851593136787, "tuning_frequency": 434.193115234, "key_strength": 0.468504190445, "chords_changes_rate": 0.0766768753529, "key_scale": "minor", "hpcp_entropy": {"dmean": 0.683314621449, "dvar2": 0.866866409779, "mean": 2.22455644608, "var": 0.627201974392, "dmean2": 1.1593900919, "dvar": 0.315788060427, "min": 0, "median": 2.26911258698, "max": 4.42918205261}, "key_key": "F", "chords_number_rate": 0.00208739214577}, "lowlevel": {"melbands_skewness": {"dmean": 1.07297849655, "dvar2": 3.69871711731, "mean": 3.66550159454, "var": 4.86921691895, "dmean2": 1.68481957912, "dvar": 1.51461338997, "min": -1.26764976978, "median": 3.284512043, "max": 25.6969184875}, "melbands_kurtosis": {"dmean": 17.3512077332, "dvar2": 2868.95288086, "mean": 33.1015357971, "var": 1767.72558594, "dmean2": 28.0242652893, "dvar": 1116.69824219, "min": -1.75208425522, "median": 21.4392776489, "max": 878.904663086}, "barkbands_kurtosis": {"dmean": 15.005273819, "dvar2": 1571.13598633, "mean": 29.9587135315, "var": 1290.93017578, "dmean2": 24.5115184784, "dvar": 601.471679688, "min": -1.91304945946, "median": 19.788734436, "max": 1090.98388672}, "hfc": {"dmean": 26.8757858276, "dvar2": 4232.63769531, "mean": 84.398765564, "var": 7173.47802734, "dmean2": 43.3127288818, "dvar": 1611.85253906, "min": 1.26150046203e-16, "median": 59.8988342285, "max": 842.250183105}, "silence_rate_20dB": {"dmean": 0.00765536911786, "dvar2": 0.0178601313382, "mean": 0.99345856905, "var": 0.00649890396744, "dmean2": 0.0153118036687, "dvar": 0.00759750930592, "min": 0, "median": 1, "max": 1}, "erbbands_flatness_db": {"dmean": 0.029869267717, "dvar2": 0.00174430070911, "mean": 0.156805694103, "var": 0.00248760753311, "dmean2": 0.0467451289296, "dvar": 0.000679107441101, "min": 0.0485040023923, "median": 0.152856469154, "max": 0.372711241245}, "spectral_flux": {"dmean": 0.0324172787368, "dvar2": 0.00434347055852, "mean": 0.106680504978, "var": 0.00621377676725, "dmean2": 0.0524205602705, "dvar": 0.00185899529606, "min": 1.06143489831e-10, "median": 0.09110032022, "max": 0.748086750507}, "spectral_energyband_low": {"dmean": 0.0172632504255, "dvar2": 0.00458957254887, "mean": 0.0322857610881, "var": 0.00279024103656, "dmean2": 0.0277387239039, "dvar": 0.00182188861072, "min": 7.27086091257e-23, "median": 0.0144279617816, "max": 1.0233861208}, "spectral_rolloff": {"dmean": 2682.24316406, "dvar2": 114470504, "mean": 6653.42480469, "var": 92564600, "dmean2": 5248.54589844, "dvar": 44853656, "min": 21.533203125, "median": 409.130859375, "max": 22050}, "spectral_entropy": {"dmean": 0.356050878763, "dvar2": 0.255485773087, "mean": 6.95661449432, "var": 0.399913549423, "dmean2": 0.554402530193, "dvar": 0.0995349884033, "min": 4.46264839172, "median": 6.96726894379, "max": 9.79183101654}, "spectral_energy": {"dmean": 0.023399585858, "dvar2": 0.00575734861195, "mean": 0.0570518001914, "var": 0.00479558622465, "dmean2": 0.0371006987989, "dvar": 0.0023276025895, "min": 1.12664406655e-20, "median": 0.0368006005883, "max": 1.1574524641}, "spectral_centroid": {"dmean": 138.999893188, "dvar2": 86943.0546875, "mean": 564.520690918, "var": 413063.6875, "dmean2": 204.258804321, "dvar": 49075.0742188, "min": 97.270690918, "median": 402.69342041, "max": 11008.6132812}, "barkbands_flatness_db": {"dmean": 0.0426711849868, "dvar2": 0.00432465411723, "mean": 0.225856587291, "var": 0.00402801390737, "dmean2": 0.068784750998, "dvar": 0.00144110328984, "min": 0.0517492666841, "median": 0.221823364496, "max": 0.57191836834}, "spectral_rms": {"dmean": 0.00127915584017, "dvar2": 6.61903186483e-06, "mean": 0.00637368112803, "var": 1.50361674969e-05, "dmean2": 0.00198445213027, "dvar": 2.82404766949e-06, "min": 3.31536556021e-12, "median": 0.00599191337824, "max": 0.0336038954556}, "melbands": {"dmean": [0.00439834501594, 0.00155803491361, 0.00108554726467, 0.000922122912016, 0.000305946479784, 0.000243693837547, 0.000169478604221, 7.38112503313e-05, 4.63063843199e-05, 3.01752043015e-05, 2.20262973016e-05, 2.72130237136e-05, 2.06981840165e-05, 1.57250688062e-05, 9.53823746386e-06, 5.61395199838e-06, 6.82151130604e-06, 6.97241739545e-06, 4.47877027909e-06, 2.40306803789e-06, 1.59554474521e-06, 1.80571100827e-06, 1.91707636077e-06, 1.59130865995e-06, 1.74137505837e-06, 1.41851558055e-06, 1.1335345107e-06, 1.05833669295e-06, 9.55767291089e-07, 8.1229876514e-07, 6.44947476758e-07, 4.34202235056e-07, 2.54166394598e-07, 1.93931029457e-07, 1.58254579219e-07, 1.0125283012e-07, 6.35901002966e-08, 5.16199527567e-08, 3.74416728732e-08, 3.17945385575e-08], "dvar2": [0.000417296861997, 2.94300334645e-05, 1.03420534288e-05, 8.60380259837e-06, 8.07257890756e-07, 7.6469814303e-07, 6.90399133418e-07, 2.60640888428e-07, 4.89879283805e-08, 1.50954058142e-08, 7.89447973659e-09, 3.06921670301e-08, 3.20307798063e-08, 1.40396645421e-08, 3.09309933222e-09, 7.35631111581e-10, 1.36218247793e-09, 1.82276627125e-09, 4.49750792164e-10, 5.82418280271e-11, 2.38200431601e-11, 3.35115303562e-11, 4.54753630585e-11, 4.48446176027e-11, 4.73006078749e-11, 3.14966178139e-11, 1.85083927351e-11, 1.18573284871e-11, 2.21672246531e-11, 1.71555009781e-11, 1.46987214067e-11, 4.531710944e-12, 2.97367642663e-12, 6.32487389286e-13, 3.00400085666e-13, 9.21450822545e-14, 3.83321033335e-14, 2.93159390535e-14, 1.48381656219e-14, 1.13778183449e-14], "mean": [0.00679433485493, 0.00240009790286, 0.00213104858994, 0.00176684197504, 0.000582449545618, 0.000478697329527, 0.000309709081193, 0.000132197557832, 7.57250163588e-05, 4.9592810683e-05, 3.37746205332e-05, 4.16926668549e-05, 2.89089330181e-05, 2.26961710723e-05, 1.36532971737e-05, 8.31856868899e-06, 1.03473821582e-05, 1.0632024896e-05, 7.15444684829e-06, 3.80567053071e-06, 2.34895469475e-06, 2.42829946728e-06, 2.31172361964e-06, 1.95259030988e-06, 2.11625683733e-06, 1.91148160411e-06, 1.59489468388e-06, 1.53191444952e-06, 1.36156131703e-06, 1.1124905086e-06, 8.07366234312e-07, 5.7325371472e-07, 3.34632289878e-07, 2.43401501621e-07, 1.84203301501e-07, 1.19101997598e-07, 7.4553319962e-08, 5.48866516681e-08, 3.65020476067e-08, 3.0319291966e-08], "var": [0.000191992105101, 2.16472417378e-05, 1.28731671794e-05, 9.60700253927e-06, 1.02728313323e-06, 1.39139160638e-06, 6.73414717767e-07, 4.29220818887e-07, 6.55005649719e-08, 1.91048528109e-08, 6.98956847955e-09, 2.3782552816e-08, 2.4444018365e-08, 8.00227617503e-09, 2.46262477077e-09, 5.78177672406e-10, 1.02109909417e-09, 1.47106060666e-09, 3.59277302353e-10, 5.11611274179e-11, 2.0292550626e-11, 2.5423548683e-11, 3.09766379214e-11, 2.86685016004e-11, 3.26701825315e-11, 2.62986420835e-11, 1.33105601194e-11, 1.10286562868e-11, 1.65305200084e-11, 2.33314860487e-11, 2.21802402833e-11, 9.70472834039e-12, 3.19237800257e-12, 7.92127756617e-13, 2.17529526293e-13, 6.00394503537e-14, 2.30755203763e-14, 1.41698066515e-14, 5.90284301337e-15, 4.3632954102e-15], "dmean2": [0.00721897277981, 0.00256943679415, 0.00174621364567, 0.00145695602987, 0.0004831252445, 0.000365305371815, 0.000257912557572, 0.00011302283383, 7.03664845787e-05, 4.88059995405e-05, 3.521540566e-05, 4.35050242231e-05, 3.21175939462e-05, 2.50686443906e-05, 1.50426403707e-05, 8.99300630408e-06, 1.09764987428e-05, 1.09090606202e-05, 7.15024634701e-06, 3.82948883271e-06, 2.45876708505e-06, 2.80726067103e-06, 2.89885247184e-06, 2.33862851928e-06, 2.49461459134e-06, 2.05378455576e-06, 1.66443157923e-06, 1.54605368152e-06, 1.37903180075e-06, 1.1874823258e-06, 9.16464841794e-07, 6.20684772912e-07, 3.78042329885e-07, 2.91466164981e-07, 2.45663329679e-07, 1.58841132247e-07, 1.0243022075e-07, 8.51855688211e-08, 6.37949426618e-08, 5.45345919534e-08], "dvar": [0.000159926974447, 1.1531365999e-05, 4.24603331339e-06, 3.39376902048e-06, 3.42123541941e-07, 3.79468417577e-07, 2.94103898568e-07, 1.21370476336e-07, 2.47838016776e-08, 6.95954804897e-09, 3.38932015786e-09, 1.33651099077e-08, 1.55902384336e-08, 5.36864819267e-09, 1.38436917485e-09, 3.20208998206e-10, 5.45782585792e-10, 7.95103483053e-10, 1.7777357364e-10, 2.38744440884e-11, 1.09331536879e-11, 1.53690567217e-11, 2.10085004948e-11, 2.12122194809e-11, 2.30947847651e-11, 1.62543988685e-11, 8.29460198443e-12, 5.78074220436e-12, 1.00984984264e-11, 9.33291898625e-12, 1.01337965797e-11, 3.62946695268e-12, 1.54514725667e-12, 3.5343247968e-13, 1.39210244352e-13, 4.15847776136e-14, 1.61939790733e-14, 1.18159901826e-14, 5.60505164011e-15, 4.27320625648e-15], "min": [1.05772134669e-23, 7.03192583066e-24, 6.94323577681e-24, 3.18112321272e-24, 1.06667113143e-23, 6.27607086572e-24, 1.42825917463e-23, 8.76377212932e-24, 8.20985845637e-24, 7.55635661615e-24, 6.69558551739e-24, 1.22175700443e-23, 1.24743521576e-23, 1.40375368392e-23, 1.02557857801e-23, 8.71011538827e-24, 1.04408486042e-23, 6.55260408389e-24, 9.91104804253e-24, 7.23319343544e-24, 9.78908541341e-24, 8.1524972245e-24, 8.03754677998e-24, 8.9052779985e-24, 7.10071529046e-24, 6.05239487807e-24, 9.51714376014e-24, 5.53899434019e-24, 6.86610174636e-24, 8.202413976e-24, 5.63191032191e-24, 6.88571046188e-24, 9.24285287909e-24, 8.81906733447e-24, 1.14550318498e-23, 1.01927589493e-23, 8.50664055068e-24, 1.04213337631e-23, 8.87257103651e-24, 9.9880101013e-24], "median": [0.00192286411766, 0.000895908044185, 0.0008093098877, 0.000682574813254, 0.000242491791141, 0.000138624018291, 8.26734176371e-05, 3.59986406693e-05, 2.43215217779e-05, 1.78813825187e-05, 1.24258958749e-05, 1.24468842841e-05, 8.01353780844e-06, 6.20074661128e-06, 3.58414035873e-06, 2.68747385235e-06, 2.51395113082e-06, 2.14932651943e-06, 1.82390215286e-06, 1.21154016597e-06, 7.85852876106e-07, 5.32292631306e-07, 3.75660164309e-07, 4.0809550228e-07, 3.63186984487e-07, 3.36417201652e-07, 3.42577294532e-07, 3.28451505993e-07, 2.81650869738e-07, 1.82910326885e-07, 1.39627076123e-07, 1.0568068376e-07, 7.6583688724e-08, 5.59358568353e-08, 4.20383443611e-08, 3.18678630151e-08, 1.99239913456e-08, 1.32378819018e-08, 8.90214835181e-09, 7.46981498878e-09], "max": [0.304697275162, 0.0942889600992, 0.0476953312755, 0.0452570319176, 0.0151946442202, 0.0270235612988, 0.0167716741562, 0.0260406266898, 0.00968334823847, 0.00369530729949, 0.002181972377, 0.00588237354532, 0.0111045967788, 0.0031951633282, 0.00152959814295, 0.000771654944401, 0.00105761759914, 0.00121375371236, 0.000505383708514, 0.000103097729152, 8.07277974673e-05, 7.06611172063e-05, 0.000113331559987, 0.000304406596115, 0.000194653563085, 0.000217110704398, 0.000137839509989, 9.97034512693e-05, 0.000306347879814, 0.000286275229882, 0.00031355410465, 0.000173138920218, 0.000109569860797, 4.55359477201e-05, 1.61051957548e-05, 4.94240248372e-06, 2.40867439061e-06, 2.10094071917e-06, 1.61726870829e-06, 1.40656652547e-06]}, "barkbands_crest": {"dmean": 3.16436624527, "dvar2": 22.2900829315, "mean": 12.9288787842, "var": 18.4833011627, "dmean2": 5.30727863312, "dvar": 7.52390956879, "min": 2.86866641045, "median": 12.279088974, "max": 26.2260951996}, "mfcc": {"icov": [[0.00015220187197, -9.38332159421e-05, 0.000196988534299, -0.000372375012375, 1.34346764753e-05, 4.18080799136e-06, -4.47260972578e-05, 5.76584425289e-05, 3.3462743886e-05, -0.000246428971877, 0.000191696526599, -0.000346336659277, 1.13151354526e-05], [-9.38332159421e-05, 0.00097300321795, -0.00040696313954, 0.000300824322039, -0.000115231036034, -0.000372957118088, 6.07151851e-05, 0.000564887246583, -0.000259824679233, 0.000390597560909, -0.000175885710632, 0.00105908163823, -0.000626470486168], [0.000196988534299, -0.00040696313954, 0.00327885523438, -0.000378933706088, -0.00113484740723, 0.000982358236797, -0.00100575387478, 0.000151330750668, -0.000808527402114, -0.000313537166221, -8.76382546267e-05, -0.000310608971631, 0.000802544876933], [-0.000372375012375, 0.000300824322039, -0.000378933706088, 0.00439901091158, 0.000564780726563, -0.00206370488741, 0.00122975057457, -0.00253985193558, 0.001199632301, -0.00121665431652, 0.000751654675696, 0.000525475014001, -0.000920324528124], [1.34346764753e-05, -0.000115231036034, -0.00113484740723, 0.000564780726563, 0.00767620326951, -0.00151541258674, -0.00142885535024, -0.000288661423838, -0.000836661143694, 0.00401500007138, -0.00442923419178, -0.000107503452455, -0.000272485456662], [4.18080799136e-06, -0.000372957118088, 0.000982358236797, -0.00206370488741, -0.00151541258674, 0.0116066653281, -0.00584545359015, 0.00100975774694, 0.00330381537788, -0.00394378602505, 0.00351991388015, -0.00254890671931, 0.00163108180277], [-4.47260972578e-05, 6.07151851e-05, -0.00100575387478, 0.00122975057457, -0.00142885535024, -0.00584545359015, 0.0141595005989, -0.0037301001139, -0.00107570167165, 0.00190823723096, -0.00257810158655, 0.00374726438895, -0.00233627762645], [5.76584425289e-05, 0.000564887246583, 0.000151330750668, -0.00253985193558, -0.000288661423838, 0.00100975774694, -0.0037301001139, 0.0126299625263, -0.00715372990817, 0.00255204574205, -0.000608887290582, -0.0045632943511, 0.00346627552062], [3.3462743886e-05, -0.000259824679233, -0.000808527402114, 0.001199632301, -0.000836661143694, 0.00330381537788, -0.00107570167165, -0.00715372990817, 0.0195254962891, -0.0122603690252, 0.00340997125022, 0.00284767756239, -0.00255042035133], [-0.000246428971877, 0.000390597560909, -0.000313537166221, -0.00121665431652, 0.00401500007138, -0.00394378602505, 0.00190823723096, 0.00255204574205, -0.0122603690252, 0.0246160048991, -0.0110895708203, 0.00251166475937, 9.09294612939e-05], [0.000191696526599, -0.000175885710632, -8.76382546267e-05, 0.000751654675696, -0.00442923419178, 0.00351991388015, -0.00257810158655, -0.000608887290582, 0.00340997125022, -0.0110895708203, 0.0278383903205, -0.0140703013167, 0.000402996520279], [-0.000346336659277, 0.00105908163823, -0.000310608971631, 0.000525475014001, -0.000107503452455, -0.00254890671931, 0.00374726438895, -0.0045632943511, 0.00284767756239, 0.00251166475937, -0.0140703013167, 0.0320872291923, -0.0134787224233], [1.13151354526e-05, -0.000626470486168, 0.000802544876933, -0.000920324528124, -0.000272485456662, 0.00163108180277, -0.00233627762645, 0.00346627552062, -0.00255042035133, 9.09294612939e-05, 0.000402996520279, -0.0134787224233, 0.0253690537065]], "mean": [-744.25390625, 172.420211792, 24.4091186523, 35.1740837097, 3.54024934769, 16.098783493, 3.8606300354, 0.914688646793, -0.536091446877, 2.24440574646, -3.9374871254, -1.84180033207, -0.427949219942], "cov": [[11271.3193359, 254.510543823, -714.247741699, 1210.34130859, -283.071624756, 313.618133545, -48.4420890808, 113.356430054, -17.6498737335, 204.112167358, -45.6669883728, 138.279785156, 96.2954711914], [254.510543823, 1283.7923584, 137.864990234, -105.888214111, 49.9958076477, 22.4665622711, 15.7114229202, -103.003417969, -14.5959215164, -28.6082191467, -23.2071037292, -54.3072662354, 8.1493806839], [-714.247741699, 137.864990234, 419.621826172, -79.2059707642, 91.0740127563, -32.1912460327, 41.7288703918, 14.6182260513, 36.2097930908, -4.01969861984, 21.3773708344, -9.32399082184, -9.17033958435], [1210.34130859, -105.888214111, -79.2059707642, 435.446929932, -56.0853843689, 86.1189804077, -0.17225009203, 78.7867965698, 6.91143846512, 45.342464447, -10.8948802948, 22.078338623, 10.6634483337], [-283.071624756, 49.9958076477, 91.0740127563, -56.0853843689, 196.450912476, 15.4093027115, 46.6882133484, 13.0970058441, -2.96294856071, -26.7096138, 36.2715911865, 17.1857261658, 8.42709255219], [313.618133545, 22.4665622711, -32.1912460327, 86.1189804077, 15.4093027115, 141.983886719, 48.0071601868, 7.91523981094, -18.270816803, 9.86232852936, -6.06305408478, 6.13810539246, 0.419157624245], [-48.4420890808, 15.7114229202, 41.7288703918, -0.17225009203, 46.6882133484, 48.0071601868, 111.084197998, 36.6236724854, 13.1666870117, -0.938660562038, 11.4322013855, 0.893732607365, 3.34432148933], [113.356430054, -103.003417969, 14.6182260513, 78.7867965698, 13.0970058441, 7.91523981094, 36.6236724854, 145.343460083, 56.0383071899, 21.1621437073, 16.1701564789, 20.6799507141, -0.764431715012], [-17.6498737335, -14.5959215164, 36.2097930908, 6.91143846512, -2.96294856071, -18.270816803, 13.1666870117, 56.0383071899, 106.126586914, 48.918132782, 9.35947322845, -2.63842797279, 2.39473152161], [204.112167358, -28.6082191467, -4.01969861984, 45.342464447, -26.7096138, 9.86232852936, -0.938660562038, 21.1621437073, 48.918132782, 83.0192565918, 22.9307384491, 7.66436386108, 5.40385532379], [-45.6669883728, -23.2071037292, 21.3773708344, -10.8948802948, 36.2715911865, -6.06305408478, 11.4322013855, 16.1701564789, 9.35947322845, 22.9307384491, 70.8426208496, 37.0089569092, 17.3950538635], [138.279785156, -54.3072662354, -9.32399082184, 22.078338623, 17.1857261658, 6.13810539246, 0.893732607365, 20.6799507141, -2.63842797279, 7.66436386108, 37.0089569092, 66.3004760742, 31.085018158], [96.2954711914, 8.1493806839, -9.17033958435, 10.6634483337, 8.42709255219, 0.419157624245, 3.34432148933, -0.764431715012, 2.39473152161, 5.40385532379, 17.3950538635, 31.085018158, 57.1900367737]]}, "spectral_decrease": {"dmean": 6.11830497377e-09, "dvar2": 4.02897521169e-16, "mean": -1.30878463622e-08, "var": 3.1184857324e-16, "dmean2": 9.71796332294e-09, "dvar": 1.61974351795e-16, "min": -2.97585017961e-07, "median": -7.61528085036e-09, "max": 4.99812147225e-09}, "zerocrossingrate": {"dmean": 0.0388867817819, "dvar2": 0.00175175268669, "mean": 0.201515644789, "var": 0.0178286656737, "dmean2": 0.0482909418643, "dvar": 0.00119074434042, "min": 0.00146484375, "median": 0.16748046875, "max": 0.8408203125}, "spectral_contrast_coeffs": {"dmean": [0.0541865490377, 0.0489021241665, 0.037864163518, 0.0318980254233, 0.0270781610161, 0.0360866449773], "dvar2": [0.00488979136571, 0.00392475211993, 0.00247675133869, 0.00184566201642, 0.0013669145992, 0.00304233841598], "mean": [-0.650345206261, -0.755371928215, -0.820371568203, -0.846318900585, -0.86607593298, -0.798162996769], "var": [0.009485963732, 0.00630203215405, 0.0031175010372, 0.00256764004007, 0.00210857344791, 0.00531424907967], "dmean2": [0.088109023869, 0.0799273923039, 0.062999971211, 0.0527477450669, 0.0440952479839, 0.0551860518754], "dvar": [0.00186691165436, 0.00151256821118, 0.000924058898818, 0.000683701713569, 0.000532638689037, 0.00139599875547], "min": [-0.969588458538, -0.964499771595, -0.970221281052, -0.98492026329, -0.97655069828, -0.960965812206], "median": [-0.655322432518, -0.763037860394, -0.824885070324, -0.847726404667, -0.860822796822, -0.817807972431], "max": [-0.333834409714, -0.418231368065, -0.526032447815, -0.591467022896, -0.639537453651, -0.439340054989]}, "spectral_skewness": {"dmean": 0.629910230637, "dvar2": 1.36816215515, "mean": 2.95955848694, "var": 1.51134502888, "dmean2": 0.977328836918, "dvar": 0.515757501125, "min": -0.000283378816675, "median": 2.70398807526, "max": 11.5702924728}, "spectral_energyband_middle_high": {"dmean": 0.000547588220797, "dvar2": 4.15922704633e-06, "mean": 0.0011597428238, "var": 5.1031138355e-06, "dmean2": 0.00081085623242, "dvar": 1.90731236671e-06, "min": 1.65430498248e-21, "median": 0.000465660908958, "max": 0.0796140432358}, "gfcc": {"icov": [[0.000134781148518, -0.000466542231152, 0.000476695975522, -0.000502370065078, 0.000129547785036, 3.90277782572e-05, 0.000118763804494, -0.000257947394857, 0.00036700439523, -0.000388461659895, 0.000404314341722, -0.000344174186466, 7.11206885171e-05], [-0.000466542231152, 0.00389185757376, -0.00279369298369, 0.00216811290011, -0.00151355937123, 0.00129913771525, -0.00137202511542, 0.0018364120042, -0.00169792782981, 0.0025663706474, -0.00453391810879, 0.00507375504822, -0.00315743102692], [0.000476695975522, -0.00279369298369, 0.00613522250205, -0.00355857796967, 0.00247451569885, -0.00313794240355, 0.00229790550657, -0.00154519174248, -0.000508600962348, 0.00232708873227, -0.000928479828872, 0.00094856636133, -0.000924239109736], [-0.000502370065078, 0.00216811290011, -0.00355857796967, 0.00761896371841, -0.00452231429517, 0.0034771298524, -0.0033470466733, -0.00104557513259, 0.00419098092243, -0.00614909594879, 0.00611697463319, -0.00638167653233, 0.00402578990906], [0.000129547785036, -0.00151355937123, 0.00247451569885, -0.00452231429517, 0.0117960320786, -0.00648938212544, 0.000377237680368, 0.00326753524132, -0.00651882728562, 0.00942609738559, -0.00952582061291, 0.00602048356086, -0.00198092358187], [3.90277782572e-05, 0.00129913771525, -0.00313794240355, 0.0034771298524, -0.00648938212544, 0.0122667010874, -0.00174238916952, -0.00578754302114, 0.00892627146095, -0.00906810443848, 0.00541176693514, -0.00385643146001, 0.00255791773088], [0.000118763804494, -0.00137202511542, 0.00229790550657, -0.0033470466733, 0.000377237680368, -0.00174238916952, 0.00884142052382, 0.000446591788204, -0.00546253705397, 0.00396742392331, 9.32943476073e-06, 0.000689396692906, -0.00115970347542], [-0.000257947394857, 0.0018364120042, -0.00154519174248, -0.00104557513259, 0.00326753524132, -0.00578754302114, 0.000446591788204, 0.0110931610689, -0.00843864213675, 0.0048472690396, -0.00345472572371, 0.00292759994045, -0.00364568689838], [0.00036700439523, -0.00169792782981, -0.000508600962348, 0.00419098092243, -0.00651882728562, 0.00892627146095, -0.00546253705397, -0.00843864213675, 0.0239383764565, -0.0170144625008, 0.0123145272955, -0.0122664542869, 0.00638970453292], [-0.000388461659895, 0.0025663706474, 0.00232708873227, -0.00614909594879, 0.00942609738559, -0.00906810443848, 0.00396742392331, 0.0048472690396, -0.0170144625008, 0.0326134972274, -0.0266798939556, 0.0182149168104, -0.00987264234573], [0.000404314341722, -0.00453391810879, -0.000928479828872, 0.00611697463319, -0.00952582061291, 0.00541176693514, 9.32943476073e-06, -0.00345472572371, 0.0123145272955, -0.0266798939556, 0.0431812182069, -0.0295911263674, 0.0107961157337], [-0.000344174186466, 0.00507375504822, 0.00094856636133, -0.00638167653233, 0.00602048356086, -0.00385643146001, 0.000689396692906, 0.00292759994045, -0.0122664542869, 0.0182149168104, -0.0295911263674, 0.0381998717785, -0.0148580223322], [7.11206885171e-05, -0.00315743102692, -0.000924239109736, 0.00402578990906, -0.00198092358187, 0.00255791773088, -0.00115970347542, -0.00364568689838, 0.00638970453292, -0.00987264234573, 0.0107961157337, -0.0148580223322, 0.0212120115757]], "mean": [-79.4533004761, 116.967140198, -55.5388526917, 8.24523735046, -25.3850536346, -11.0323514938, -9.38143157959, -16.6771087646, -10.1711454391, -6.3280787468, -6.80120849609, -4.89065217972, -2.67219614983], "cov": [[19724.953125, 1667.83789062, -805.315124512, 1106.86376953, 196.277542114, -623.005615234, 447.282836914, -267.641845703, -12.5229406357, 130.510803223, 24.554933548, 77.2016983032, 114.971748352], [1667.83789062, 1301.6763916, 150.736709595, -283.67086792, 145.354736328, -169.948974609, 58.8622016907, -205.944717407, -7.6647143364, -80.643447876, 41.6859207153, -124.516899109, 106.800201416], [-805.315124512, 150.736709595, 398.03503418, -7.17177295685, -0.400162607431, 109.974746704, -57.2396354675, 72.0841064453, -27.2316169739, -19.2567138672, -0.651177346706, -22.5916824341, 23.5495243073], [1106.86376953, -283.67086792, -7.17177295685, 472.546417236, 42.9028625488, 11.445353508, 100.955932617, 62.175579071, 14.6043272018, 34.4623260498, -15.8425607681, 72.4074783325, -46.678440094], [196.277542114, 145.354736328, -0.400162607431, 42.9028625488, 183.431930542, 24.6857299805, 52.1768722534, -33.2233314514, 11.7092266083, -22.8117713928, 22.2743320465, -5.24130582809, -5.03836536407], [-623.005615234, -169.948974609, 109.974746704, 11.445353508, 24.6857299805, 228.057327271, -35.913482666, 107.754325867, -26.9392662048, 31.5508575439, 8.62179756165, 8.85166835785, -4.6166472435], [447.282836914, 58.8622016907, -57.2396354675, 100.955932617, 52.1768722534, -35.913482666, 199.566131592, -0.0330392718315, 54.0973815918, -16.4639015198, -14.0241031647, 12.4937515259, -2.35334634781], [-267.641845703, -205.944717407, 72.0841064453, 62.175579071, -33.2233314514, 107.754325867, -0.0330392718315, 213.863250732, 46.6031074524, 34.6811828613, -0.202277690172, 35.0296096802, 8.98385715485], [-12.5229406357, -7.6647143364, -27.2316169739, 14.6043272018, 11.7092266083, -26.9392662048, 54.0973815918, 46.6031074524, 111.70349884, 37.8259391785, 14.2011260986, 25.6722145081, 4.96318149567], [130.510803223, -80.643447876, -19.2567138672, 34.4623260498, -22.8117713928, 31.5508575439, -16.4639015198, 34.6811828613, 37.8259391785, 107.901504517, 49.8412628174, 26.1585731506, 11.0859613419], [24.554933548, 41.6859207153, -0.651177346706, -15.8425607681, 22.2743320465, 8.62179756165, -14.0241031647, -0.202277690172, 14.2011260986, 49.8412628174, 85.4857254028, 42.286781311, 14.3705272675], [77.2016983032, -124.516899109, -22.5916824341, 72.4074783325, -5.24130582809, 8.85166835785, 12.4937515259, 35.0296096802, 25.6722145081, 26.1585731506, 42.286781311, 90.3396148682, 17.8248729706], [114.971748352, 106.800201416, 23.5495243073, -46.678440094, -5.03836536407, -4.6166472435, -2.35334634781, 8.98385715485, 4.96318149567, 11.0859613419, 14.3705272675, 17.8248729706, 82.8777084351]]}, "erbbands_spread": {"dmean": 8.48593997955, "dvar2": 166.984832764, "mean": 30.1244983673, "var": 292.206237793, "dmean2": 12.5955181122, "dvar": 81.8782272339, "min": 1.51762115955, "median": 26.6186714172, "max": 148.655029297}, "erbbands_kurtosis": {"dmean": 2.14888381958, "dvar2": 27.4326057434, "mean": 2.92195677757, "var": 25.8873100281, "dmean2": 3.38465952873, "dvar": 11.1659059525, "min": -1.84571802616, "median": 1.42666745186, "max": 73.0233535767}, "dynamic_complexity": 4.21325778961, "erbbands_crest": {"dmean": 2.90225839615, "dvar2": 16.11743927, "mean": 10.7273645401, "var": 24.7526473999, "dmean2": 4.6010594368, "dvar": 6.92664051056, "min": 2.29021859169, "median": 9.74358940125, "max": 30.514415741}, "erbbands": {"dmean": [0.619196236134, 1.52711117268, 2.9304792881, 5.97714138031, 11.4501142502, 12.7496042252, 7.74331045151, 10.8788557053, 11.7691450119, 7.04602622986, 5.75681304932, 4.96150350571, 4.31854534149, 6.49069213867, 5.9467716217, 5.23769378662, 2.85348629951, 3.28846693039, 4.15954494476, 2.36037302017, 1.37637269497, 1.75123548508, 1.84281504154, 2.05269479752, 1.75362169743, 1.51688814163, 1.4651222229, 1.15340149403, 0.672247767448, 0.375807195902, 0.252986133099, 0.118802174926, 0.0689675658941, 0.039210204035, 0.0244145840406, 0.0146088935435, 0.0102904047817, 0.00780690507963, 0.00348128098994, 0.00102929235436], "dvar2": [9.08138275146, 51.55727005, 108.63256073, 368.372314453, 1327.33410645, 1799.0916748, 605.219665527, 1667.91296387, 3366.33935547, 1827.03979492, 805.648681641, 458.458374023, 290.585968018, 1686.72180176, 1842.37585449, 1398.34033203, 210.869293213, 268.417907715, 698.528259277, 74.934173584, 14.7713279724, 30.6663551331, 42.3554382324, 59.4481010437, 46.9321098328, 22.1491947174, 39.6932449341, 42.1645584106, 11.5990390778, 2.6498708725, 0.696187674999, 0.118839308619, 0.0491855479777, 0.0170812401921, 0.0066420212388, 0.00213290075772, 0.000821097986773, 0.000816504121758, 0.000177360052476, 5.31495925316e-06], "mean": [0.858364403248, 1.91222608089, 4.58368682861, 10.9572238922, 21.8531093597, 22.683259964, 14.7697181702, 20.8095264435, 21.6850261688, 12.8354625702, 9.67811584473, 8.47100448608, 6.85619497299, 10.1350851059, 8.70060539246, 7.7959985733, 4.41527366638, 5.37929821014, 6.60577058792, 3.99906826019, 2.22043037415, 2.38694953918, 2.29887413979, 2.59983968735, 2.48631715775, 2.29731082916, 2.13090014458, 1.52110481262, 0.913781404495, 0.491215020418, 0.300340205431, 0.142276152968, 0.0733131095767, 0.0380326285958, 0.0236276630312, 0.0152693251148, 0.012957627885, 0.0110002718866, 0.0058980747126, 0.003785276087], "var": [3.5850455761, 20.6379089355, 104.877632141, 467.657043457, 1660.36901855, 1754.78674316, 836.686706543, 2973.37841797, 3406.65429688, 2651.52856445, 1276.7734375, 615.469421387, 266.331176758, 1292.29992676, 1401.40771484, 1098.25109863, 154.338729858, 232.2940979, 563.619750977, 72.6183013916, 15.5487279892, 25.172416687, 32.6532211304, 46.9651222229, 38.3724937439, 23.9121112823, 43.204372406, 69.7135696411, 24.5458030701, 4.13293409348, 0.539012670517, 0.0803075358272, 0.0234543923289, 0.00660439534113, 0.00256195245311, 0.000897712656297, 0.000618907331955, 0.00141547177918, 0.000238589054788, 1.62245105457e-05], "dmean2": [1.04079318047, 2.55968284607, 4.89766025543, 9.67218208313, 18.1066017151, 20.3613033295, 12.2139396667, 16.4309616089, 17.8352527618, 10.9503355026, 8.76291751862, 7.98573303223, 6.88406801224, 10.3552932739, 9.28136348724, 8.19143104553, 4.55891227722, 5.22400712967, 6.46493291855, 3.74587631226, 2.09146881104, 2.69437026978, 2.68231248856, 2.90404105186, 2.49269104004, 2.14819049835, 2.0837161541, 1.63674902916, 0.948593378067, 0.553710281849, 0.390221089125, 0.187682390213, 0.114385262132, 0.0671121552587, 0.0418311282992, 0.0246371179819, 0.0159744676203, 0.0110528552905, 0.0048010237515, 0.00156941940077], "dva