{"tonal": {"chords_number_rate": 0.00374251487665, "thpcp": [1, 0.629127025604, 0.174853697419, 0.125628694892, 0.184091150761, 0.419103056192, 0.527779996395, 0.304278761148, 0.273918181658, 0.439550131559, 0.375482797623, 0.422973960638, 0.50239354372, 0.314373910427, 0.384978443384, 0.55609446764, 0.344269782305, 0.130130425096, 0.120447918773, 0.185504004359, 0.461256980896, 0.609875202179, 0.344726622105, 0.148329809308, 0.177750736475, 0.222961843014, 0.441969752312, 0.671940207481, 0.515486419201, 0.62608063221, 0.878423273563, 0.507008731365, 0.162746340036, 0.175268501043, 0.259346783161, 0.641691446304], "hpcp": {"dvar": [0.0475739687681, 0.0293059945107, 0.021175570786, 0.0235570352525, 0.0352272614837, 0.0359554253519, 0.0423435345292, 0.0331794954836, 0.0167270582169, 0.0192589070648, 0.0245027393103, 0.0312124080956, 0.0278287027031, 0.019811630249, 0.0159532986581, 0.0336410142481, 0.0272627193481, 0.0275578051805, 0.0297048110515, 0.0169502254575, 0.020003631711, 0.0272343885154, 0.0243090819567, 0.0128345983103, 0.0184756685048, 0.0189349353313, 0.0229328982532, 0.0277381055057, 0.0211509112269, 0.0144088231027, 0.0228981208056, 0.0328393913805, 0.032289378345, 0.0458691455424, 0.0404434651136, 0.0361653454602], "mean": [0.279480904341, 0.161310911179, 0.0517797023058, 0.0557637773454, 0.0825142934918, 0.204161837697, 0.318161994219, 0.200164318085, 0.055631801486, 0.0399702750146, 0.0585708096623, 0.133342668414, 0.167919531465, 0.09680993855, 0.0871503576636, 0.139848142862, 0.119464360178, 0.134574234486, 0.159842535853, 0.100021831691, 0.122485511005, 0.176928132772, 0.109533563256, 0.0414025560021, 0.0383219495416, 0.0590203218162, 0.146754443645, 0.194039106369, 0.109678909183, 0.0471929088235, 0.0565535277128, 0.0709379836917, 0.140617981553, 0.213785842061, 0.164008185267, 0.199195057154], "min": [0, 0, 0, 0, 0, 0, 0, 0, 0, 0, 0, 0, 0, 0, 0, 0, 0, 0, 0, 0, 0, 0, 0, 0, 0, 0, 0, 0, 0, 0, 0, 0, 0, 0, 0, 0], "median": [0.0443908572197, 0.0241733640432, 0.00921762548387, 0.00797577016056, 0.0142898838967, 0.0667836815119, 0.100763440132, 0.0587303042412, 0.0117333028466, 0.00555660482496, 0.00759793352336, 0.0236932262778, 0.0322032831609, 0.0197116918862, 0.0190795827657, 0.0198252759874, 0.0210640244186, 0.0343106016517, 0.0312246847898, 0.0263842772692, 0.0340963825583, 0.0441890843213, 0.0259725749493, 0.0056222663261, 0.00357036222704, 0.00795247126371, 0.0424476377666, 0.0570881441236, 0.0315819010139, 0.0068945181556, 0.00456664338708, 0.00593079533428, 0.0288775581867, 0.0371451601386, 0.041569031775, 0.0606670044363], "dvar2": [0.112342372537, 0.0750912874937, 0.0573900714517, 0.0651580318809, 0.0970111712813, 0.0964756309986, 0.100132323802, 0.0832298696041, 0.0476496964693, 0.0525670200586, 0.0663082674146, 0.0805846005678, 0.0667005628347, 0.0478961803019, 0.0401142127812, 0.0762289762497, 0.0652564466, 0.0719833448529, 0.0752983689308, 0.0429776869714, 0.0492108985782, 0.0635394230485, 0.0641229078174, 0.0342541001737, 0.0517790131271, 0.0511367619038, 0.0534822940826, 0.0630962103605, 0.0533866621554, 0.038992844522, 0.0576339475811, 0.0892990007997, 0.0866459608078, 0.116688430309, 0.105097554624, 0.0911813005805], "var": [0.145672038198, 0.0601321347058, 0.0179101154208, 0.0223941598088, 0.0330385416746, 0.0712881237268, 0.141330853105, 0.0704097151756, 0.0140896132216, 0.0150934234262, 0.0228378307074, 0.058361761272, 0.0825880765915, 0.0368061102927, 0.0236650947481, 0.0700175985694, 0.0464936085045, 0.050149101764, 0.0693765357137, 0.0274789854884, 0.0387074314058, 0.071368612349, 0.0342241860926, 0.0111619690433, 0.0138342939317, 0.0192580968142, 0.0563557222486, 0.0826723501086, 0.0345974862576, 0.0131391268224, 0.0249328948557, 0.0316511839628, 0.0503159426153, 0.102735884488, 0.0611211806536, 0.0701415166259], "dmean2": [0.207109838724, 0.170318081975, 0.101291775703, 0.107462152839, 0.161285609007, 0.213136225939, 0.224477931857, 0.204900875688, 0.106822520494, 0.0855964124203, 0.115328751504, 0.153578355908, 0.141941100359, 0.11949416995, 0.1132555902, 0.151047930121, 0.148854166269, 0.157253742218, 0.164012491703, 0.126205846667, 0.135340437293, 0.165032252669, 0.153585597873, 0.0906984731555, 0.0901472568512, 0.110364623368, 0.142044022679, 0.159666270018, 0.136722251773, 0.0898582264781, 0.10553779453, 0.139543652534, 0.180336937308, 0.214617878199, 0.214180618525, 0.216926261783], "max": [1, 1, 1, 1, 1, 1, 1, 1, 1, 1, 1, 1, 1, 1, 1, 1, 1, 1, 1, 1, 1, 1, 1, 1, 1, 1, 1, 1, 1, 1, 1, 1, 1, 1, 1, 1], "dmean": [0.120804138482, 0.101349070668, 0.0573291741312, 0.0598871298134, 0.0898296684027, 0.124910399318, 0.132880464196, 0.122412875295, 0.0597868785262, 0.0474130511284, 0.0652907341719, 0.0896078124642, 0.0851993858814, 0.0715234950185, 0.0668516084552, 0.0904812216759, 0.0878175124526, 0.0930981040001, 0.0967495292425, 0.0755934491754, 0.0820967853069, 0.100659884512, 0.0891536176205, 0.0512880049646, 0.0499073527753, 0.0633064508438, 0.0867656245828, 0.0967480018735, 0.0808404609561, 0.0511420965195, 0.0593221746385, 0.0787324979901, 0.105026014149, 0.124471023679, 0.123996682465, 0.127073705196]}, "key_strength": 0.689330220222, "chords_strength": {"dvar": 0.000809371995274, "mean": 0.534861862659, "min": -1, "median": 0.568336963654, "dvar2": 0.00164739275351, "var": 0.0463703684509, "dmean2": 0.0101275295019, "max": 0.784003913403, "dmean": 0.0113416379318}, "tuning_equal_tempered_deviation": 0.0285225510597, "chords_key": "A", "tuning_frequency": 452.631469727, "chords_scale": "major", "chords_changes_rate": 0.0508982017636, "key_scale": "major", "tuning_diatonic_strength": 0.53255623579, "hpcp_entropy": {"dvar": 0.241722613573, "mean": 1.56852054596, "min": 0, "median": 1.62468600273, "dvar2": 0.595050871372, "var": 0.487975805998, "dmean2": 0.911765575409, "max": 3.90395355225, "dmean": 0.53399169445}, "chords_histogram": [18.1137733459, 13.9221553802, 3.51796412468, 0.0374251492321, 0, 0, 0, 0.67365270853, 4.19161653519, 0, 0, 0.486526936293, 0.261976033449, 0.0374251492321, 0, 0.67365270853, 0, 0, 4.45359277725, 10.7784433365, 11.4520959854, 7.97155666351, 22.193113327, 1.23502993584], "tuning_nontempered_energy_ratio": 0.669604897499, "key_key": "E"}, "metadata": {"version": {"extractor": "music 1.0", "essentia_build_sha": "cead25079874084f62182a551b7393616cd33d87", "essentia": "2.1-beta2", "essentia_git_sha": "v2.1_beta2-1-ge3940c0"}, "audio_properties": {"sample_rate": 44100, "length": 124.029388428, "lossless": false, "analysis_sample_rate": 44100, "downmix": "mix", "bit_rate": 160000, "equal_loudness": 0, "md5_encoded": "09a1d335db459075d2487124dcd480fc", "codec": "mp3", "replay_gain": -11.5330696106}, "tags": {"catalognumber": ["CD SF 40008"], "musicbrainz_recordingid": ["d1b9d793-5a2d-4284-9e97-28c9ccc20b84"], "title": ["Rivers of the Blood"], "artist": ["Phil Ochs"], "discnumber": ["1/1"], "artistsort": ["Ochs, Phil"], "originaldate": ["1989"], "musicbrainz_artistid": ["80cd255d-995c-47f1-a5bc-cc34669a37a0"], "tracknumber": ["9/16"], "musicbrainz_albumartistid": ["80cd255d-995c-47f1-a5bc-cc34669a37a0"], "barcode": ["093074000823"], "musicbrainz album status": ["official"], "date": ["1989"], "acoustid_id": ["b8079891-e647-49d9-9942-5fc5c456e141"], "albumartistsort": ["Ochs, Phil"], "media": ["CD"], "musicbrainz album release country": ["US"], "label": ["Smithsonian Folkways"], "musicbrainz album type": ["compilation"], "asin": ["B000001DG7"], "script": ["Latn"], "musicbrainz_albumid": ["e31e52a7-84ee-4700-8322-c647924af1ca"], "file_name": "09 Rivers of the Blood.mp3", "album": ["The Broadside Tapes 1"], "albumartist": ["Phil Ochs"]}}, "lowlevel": {"melbands": {"dvar": [5.17786291274e-12, 3.09670830645e-11, 1.55542227986e-08, 8.77513528508e-08, 8.33700486425e-09, 2.23072671446e-08, 3.55707129529e-07, 8.26409745969e-07, 2.34682417499e-07, 1.09590935438e-07, 1.74191171709e-07, 1.03462888035e-07, 3.62480108151e-08, 1.82420230033e-08, 1.85818400666e-08, 2.79754814869e-08, 1.93595894871e-08, 6.78455469583e-09, 1.08287734335e-09, 3.90369320202e-10, 3.81264353422e-10, 7.46755227099e-11, 2.53418987184e-11, 1.50287907119e-11, 2.80218795216e-12, 1.03270196214e-11, 2.61798048518e-11, 1.55472995589e-11, 2.29954141666e-12, 5.83594967057e-13, 7.70591544134e-13, 3.84123126102e-13, 3.12792028606e-13, 2.79141591569e-13, 8.76379860609e-14, 9.71195441234e-14, 2.93319649168e-14, 6.4509724331e-15, 2.50126754093e-15, 2.55169903558e-15], "mean": [8.27890562505e-06, 8.52429002407e-06, 0.000105664788862, 0.000409620668506, 0.000147412822116, 7.67500532675e-05, 0.000464203709271, 0.00071625149576, 0.000536719919182, 0.000411105516832, 0.000364974228432, 0.000246932060691, 0.000153660133947, 0.000112327936222, 0.0001153075209, 0.000113517511636, 0.000106948165921, 4.26740807598e-05, 1.69249142346e-05, 1.07002242657e-05, 6.63213222651e-06, 3.22786581819e-06, 3.59484124601e-06, 3.22214145854e-06, 1.55205714236e-06, 1.66549398273e-06, 2.33632749769e-06, 1.62272090165e-06, 6.77560592521e-07, 3.13061633506e-07, 3.09878373628e-07, 2.07485328474e-07, 1.58838460607e-07, 1.29710130636e-07, 8.09004845337e-08, 7.51508011376e-08, 4.81773092531e-08, 2.12634088115e-08, 1.36763222969e-08, 9.79292380521e-09], "min": [1.04571312849e-24, 6.36488082643e-25, 6.00774426615e-25, 1.81668316142e-24, 1.41610422831e-24, 9.04776816887e-25, 2.12714765371e-24, 1.19117710726e-24, 1.35873234682e-24, 1.98194537955e-24, 1.12424107616e-24, 2.6911774817e-24, 2.43183472594e-24, 2.25862650914e-24, 2.11656094315e-24, 2.4954492582e-24, 1.53130779858e-24, 2.27552430416e-24, 3.43937556549e-24, 3.7628172141e-24, 3.71942434228e-24, 4.19649231345e-24, 4.22899890477e-24, 4.54834675972e-24, 2.99664710395e-24, 3.55225209469e-24, 5.36561296841e-24, 5.14252231555e-24, 5.24992730552e-24, 3.92712313559e-24, 4.60824891255e-24, 5.9839166239e-24, 4.99253698051e-24, 5.88667255682e-24, 4.69511866987e-24, 5.99945797259e-24, 5.0838452637e-24, 5.40631464125e-24, 6.95655253775e-24, 5.61006242471e-24], "median": [8.26064297144e-06, 6.57037526253e-06, 5.19801396877e-05, 0.000248351279879, 8.96979981917e-05, 3.41606719303e-05, 7.93890503701e-05, 0.000172214509803, 0.000180719303899, 7.09968007868e-05, 4.07364241255e-05, 2.53855960182e-05, 2.2442682166e-05, 1.61522912094e-05, 1.33740741148e-05, 8.53804340295e-06, 6.67151107336e-06, 4.74072248835e-06, 3.09354572892e-06, 2.74059311778e-06, 1.77996844286e-06, 8.3286215613e-07, 7.20154957889e-07, 9.04936541701e-07, 7.20119373909e-07, 5.34494631665e-07, 4.71027846061e-07, 3.46533568063e-07, 1.65038102296e-07, 5.41534426191e-08, 3.81945532979e-08, 2.86197074928e-08, 1.76205112723e-08, 1.15814691171e-08, 8.98663632398e-09, 8.88384477093e-09, 6.43486774976e-09, 3.5645399965e-09, 2.18941154095e-09, 1.58730539823e-09], "dvar2": [1.31044246635e-11, 8.54391349336e-11, 3.49536932731e-08, 2.01769324804e-07, 1.95681444382e-08, 5.84529473713e-08, 6.86210228196e-07, 1.68722726812e-06, 4.12350829038e-07, 2.08222829201e-07, 3.08059952658e-07, 1.45458557199e-07, 7.75299753286e-08, 2.53097169889e-08, 2.96556965651e-08, 4.65236595915e-08, 3.31197576031e-08, 1.21404104547e-08, 2.01497241115e-09, 5.90817006429e-10, 8.75515770993e-10, 1.53712959028e-10, 4.01287093832e-11, 2.55547093903e-11, 5.73062647682e-12, 2.10444370263e-11, 4.85654745586e-11, 2.88955439437e-11, 5.2423616663e-12, 1.29833871518e-12, 1.58666244206e-12, 8.68798902178e-13, 7.16315570227e-13, 6.4016001701e-13, 2.03152165229e-13, 2.37233247369e-13, 6.2771863445e-14, 1.52745112565e-14, 6.37584823398e-15, 7.1141424796e-15], "var": [2.00856917904e-11, 5.50995186976e-11, 2.89339769921e-08, 2.71853053846e-07, 3.19079838107e-08, 2.44329161347e-08, 9.55826180871e-07, 2.19790513256e-06, 1.13547389446e-06, 5.12570522915e-07, 6.89091223194e-07, 4.87259626425e-07, 1.47704895426e-07, 9.24073901842e-08, 7.79954802965e-08, 1.00069975417e-07, 9.18787605997e-08, 2.25897558437e-08, 3.12590087148e-09, 1.39566624924e-09, 1.12159148635e-09, 1.82681911265e-10, 1.25517374272e-10, 6.22384574434e-11, 7.2590483971e-12, 2.46048060398e-11, 7.68635988191e-11, 4.38209989129e-11, 3.16618129284e-12, 8.35394416403e-13, 1.18815309154e-12, 5.66619505222e-13, 4.02197616574e-13, 3.41723584108e-13, 9.66715450095e-14, 9.68829983144e-14, 4.11345796021e-14, 7.81771430361e-15, 2.30578715979e-15, 1.78612715269e-15], "dmean2": [3.46324350176e-06, 6.52429662296e-06, 9.15534983505e-05, 0.000255102029769, 8.81893283804e-05, 6.88117579557e-05, 0.000308152229991, 0.000441813695943, 0.000282370659988, 0.000179970957106, 0.000167091202457, 0.000115376213216, 7.09085943527e-05, 5.28388773091e-05, 5.81676868023e-05, 6.22129446128e-05, 5.89011287957e-05, 3.01123000099e-05, 1.19396145237e-05, 7.04892090653e-06, 4.69258429803e-06, 2.23378833653e-06, 2.20958804675e-06, 2.03055537895e-06, 1.12522639029e-06, 1.35003483592e-06, 1.93464393305e-06, 1.44687453485e-06, 6.58665271658e-07, 3.41545273841e-07, 3.66661055295e-07, 2.67620066552e-07, 2.36784714502e-07, 2.1255864624e-07, 1.34370694127e-07, 1.2543354444e-07, 6.5033397334e-08, 3.07150784806e-08, 2.17679598791e-08, 1.66945728353e-08], "max": [4.14728419855e-05, 0.000122350582387, 0.00198370753787, 0.0072106346488, 0.00182430865243, 0.00649855658412, 0.0119875809178, 0.0215166639537, 0.0132506517693, 0.00771766761318, 0.0094369770959, 0.00684375362471, 0.00567214470357, 0.00442759692669, 0.00314690801315, 0.00436484441161, 0.00281067239121, 0.00255986186676, 0.000967119063716, 0.000944810046349, 0.00117573537864, 0.000522707472555, 0.000181943643838, 0.000151956715854, 4.4143103878e-05, 0.000112526948215, 0.000172545667738, 0.000179546172149, 4.12007684645e-05, 1.60736290127e-05, 2.00174072233e-05, 1.92164043256e-05, 1.34017982418e-05, 1.15615466711e-05, 5.66182234252e-06, 8.41168093757e-06, 3.50832328877e-06, 2.0355205379e-06, 9.46116358591e-07, 2.07722473533e-06], "dmean": [2.12854092752e-06, 3.89797151001e-06, 5.95257261011e-05, 0.000172253741766, 5.87455615459e-05, 4.36513364548e-05, 0.000218157307245, 0.000317956582876, 0.000206547076232, 0.000139332871186, 0.000133518944494, 9.72709676716e-05, 5.64079236938e-05, 4.3296993681e-05, 4.66762248834e-05, 5.21259426023e-05, 4.64664080937e-05, 2.25457024499e-05, 9.11964434636e-06, 5.47134459339e-06, 3.28064311361e-06, 1.61382195074e-06, 1.64510004197e-06, 1.48264564359e-06, 7.73518593178e-07, 9.26890322717e-07, 1.39111136832e-06, 1.01162163446e-06, 4.52331136103e-07, 2.30848144156e-07, 2.47584665658e-07, 1.74694449129e-07, 1.49817381612e-07, 1.32492928628e-07, 8.42085725594e-08, 7.72258701431e-08, 4.18455634588e-08, 1.92480076322e-08, 1.34087345671e-08, 1.00670458636e-08]}, "spectral_decrease": {"dvar": 3.34152057509e-18, "mean": -4.52662529682e-09, "min": -2.7431637406e-08, "median": -2.64846611309e-09, "dvar2": 4.91656221049e-18, "var": 2.21378893277e-17, "dmean2": 1.30672350718e-09, "max": 2.19056716322e-28, "dmean": 1.08371278618e-09}, "spectral_rolloff": {"dvar": 407118.84375, "mean": 1526.51037598, "min": 21.533203125, "median": 947.4609375, "dvar2": 842593.375, "var": 7889138, "dmean2": 418.580871582, "max": 19767.4804688, "dmean": 247.581039429}, "melbands_crest": {"dvar": 7.47418308258, "mean": 14.2109870911, "min": 1.54732346535, "median": 13.5291500092, "dvar2": 18.8251228333, "var": 27.4635887146, "dmean2": 4.20826196671, "max": 37.8352813721, "dmean": 2.70299458504}, "barkbands_skewness": {"dvar": 0.224970236421, "mean": 1.18011450768, "min": -2.20783996582, "median": 1.22878861427, "dvar2": 0.516539096832, "var": 1.1246432066, "dmean2": 0.545013964176, "max": 20.7701034546, "dmean": 0.371486693621}, "spectral_centroid": {"dvar": 94502.546875, "mean": 1074.09277344, "min": 247.066589355, "median": 772.845397949, "dvar2": 183754.546875, "var": 2356983.75, "dmean2": 218.905899048, "max": 11827.9814453, "dmean": 147.005615234}, "spectral_energyband_middle_low": {"dvar": 3.35084623657e-05, "mean": 0.0120526412502, "min": 1.75386044041e-22, "median": 0.00820394046605, "dvar2": 5.85750167374e-05, "var": 0.000152476612129, "dmean2": 0.0044054784812, "max": 0.101797372103, "dmean": 0.00333473691717}, "erbbands_crest": {"dvar": 6.38853883743, "mean": 11.9581699371, "min": 2.42150211334, "median": 11.3603382111, "dvar2": 15.0742959976, "var": 22.8026390076, "dmean2": 3.76258134842, "max": 29.1550788879, "dmean": 2.45298194885}, "dynamic_complexity": 5.7323179245, "spectral_energyband_low": {"dvar": 8.19917378436e-09, "mean": 0.000112164336315, "min": 1.31416077877e-23, "median": 7.0556801802e-05, "dvar2": 1.77412537994e-08, "var": 2.02898835511e-08, "dmean2": 7.17902657925e-05, "max": 0.00205973209813, "dmean": 4.71987987112e-05}, "silence_rate_60dB": {"dvar": 0.0489962510765, "mean": 0.240875914693, "min": 0, "median": 0, "dvar2": 0.104278214276, "var": 0.182870090008, "dmean2": 0.103351429105, "max": 1, "dmean": 0.0516660436988}, "erbbands_kurtosis": {"dvar": 1.4110660553, "mean": 1.01224553585, "min": -1.79231095314, "median": 0.559953212738, "dvar2": 3.49952936172, "var": 3.59566283226, "dmean2": 1.4134850502, "max": 17.6245422363, "dmean": 0.91679006815}, "spectral_complexity": {"dvar": 3.77416276932, "mean": 9.68538284302, "min": 0, "median": 10, "dvar2": 6.58284521103, "var": 26.864156723, "dmean2": 2.55495214462, "max": 42, "dmean": 1.71621119976}, "barkbands_crest": {"dvar": 4.80855131149, "mean": 11.2959251404, "min": 2.51574158669, "median": 10.5974292755, "dvar2": 12.0384731293, "var": 15.7606153488, "dmean2": 3.40830993652, "max": 24.3341751099, "dmean": 2.19116163254}, "spectral_energy": {"dvar": 5.49324322492e-05, "mean": 0.0184069480747, "min": 9.94644700813e-21, "median": 0.0106588574126, "dvar2": 7.9879835539e-05, "var": 0.000370838912204, "dmean2": 0.00527221010998, "max": 0.109873689711, "dmean": 0.00439504161477}, "spectral_spread": {"dvar": 641331167232, "mean": 3435475.75, "min": 934399.75, "median": 2354399.5, "dvar2": 1250971222020.0, "var": 31893686845400.0, "dmean2": 687359.375, "max": 43286860, "dmean": 466805.5}, "spectral_contrast_valleys": {"dvar": [0.0677831545472, 0.117800593376, 0.105436749756, 0.0993192270398, 0.128329128027, 0.162184983492], "mean": [-9.43128871918, -7.64844751358, -8.44711494446, -9.05627632141, -9.45045375824, -12.4797735214], "min": [-28.0941181183, -28.0614147186, -27.6207675934, -27.7810878754, -27.5246696472, -27.399023056], "median": [-8.9240322113, -7.07091712952, -7.90199279785, -8.51160240173, -8.95579051971, -12.2716350555], "dvar2": [0.143699482083, 0.23267647624, 0.198280513287, 0.167375326157, 0.214428827167, 0.281618356705], "var": [7.66866111755, 9.56055450439, 8.79396533966, 8.35540771484, 8.17025375366, 5.52940702438], "dmean2": [0.466485857964, 0.543757498264, 0.490945070982, 0.448629915714, 0.472934901714, 0.490386098623], "max": [-7.74899721146, -4.86927747726, -4.9351568222, -5.96429729462, -6.18433618546, -9.35266399384], "dmean": [0.27916264534, 0.351824134588, 0.324167430401, 0.308592289686, 0.349734663963, 0.352502524853]}, "spectral_rms": {"dvar": 5.53360678168e-07, "mean": 0.00357683096081, "min": 3.11510040853e-12, "median": 0.00322473025881, "dvar2": 7.47434512505e-07, "var": 5.16423551744e-06, "dmean2": 0.000613770855125, "max": 0.0103534460068, "dmean": 0.000509083853103}, "barkbands_spread": {"dvar": 27.4953613281, "mean": 9.8140745163, "min": 0.744908213615, "median": 7.4280295372, "dvar2": 53.3637771606, "var": 84.5234909058, "dmean2": 3.94162344933, "max": 123.705436707, "dmean": 2.63433480263}, "pitch_salience": {"dvar": 0.00319880992174, "mean": 0.613477826118, "min": 0.0709949433804, "median": 0.616675436497, "dvar2": 0.00764159020036, "var": 0.0136633515358, "dmean2": 0.0867914259434, "max": 0.931275606155, "dmean": 0.0569226294756}, "erbbands_skewness": {"dvar": 0.118562400341, "mean": 0.576790750027, "min": -2.23844480515, "median": 0.601964533329, "dvar2": 0.263788878918, "var": 0.47756972909, "dmean2": 0.472110778093, "max": 3.81180953979, "dmean": 0.319955915213}, "spectral_energyband_middle_high": {"dvar": 1.58840903168e-05, "mean": 0.00638219760731, "min": 1.22843490132e-21, "median": 0.00156114646234, "dvar2": 2.04753323487e-05, "var": 0.000114690505143, "dmean2": 0.00205700169317, "max": 0.0733418762684, "dmean": 0.00183097703848}, "erbbands": {"dvar": [4.01263413607e-08, 6.62650973027e-06, 0.000295251171337, 0.17810960114, 6.60947465897, 25.7248344421, 4.28744935989, 37.4506149292, 1276.86193848, 7747.26171875, 4077.48706055, 2937.06030273, 6687.14697266, 5294.70019531, 2498.12548828, 1529.6472168, 4720.24658203, 5081.64599609, 1706.42590332, 345.396911621, 174.20652771, 40.7362365723, 25.8502140045, 4.50122261047, 22.6595172882, 35.347568512, 3.75425577164, 1.96697878838, 1.03233981133, 0.878680467606, 0.252377688885, 0.0969920828938, 0.00939210318029, 0.00325395283289, 0.000435472436948, 1.63650092873e-05, 6.90536921866e-07, 5.12873015168e-08, 8.10778597038e-11, 7.38379357657e-11], "mean": [0.000909785390832, 0.00656205881387, 0.0222427919507, 0.367204248905, 2.88601016998, 7.032807827, 3.10271692276, 3.77495956421, 27.0523319244, 63.8743743896, 68.3963394165, 64.5794677734, 74.8346633911, 60.4464378357, 46.5322647095, 37.2612457275, 55.4095153809, 59.9276733398, 26.0213985443, 10.5239744186, 6.09710025787, 3.42440867424, 3.97308588028, 2.1725692749, 2.63037872314, 2.68949365616, 0.95269793272, 0.541334569454, 0.358751744032, 0.250552207232, 0.143287599087, 0.0911253169179, 0.0297834631056, 0.0129348440096, 0.00388346146792, 0.00129283347633, 0.000390804343624, 0.000114185495477, 1.72311938513e-05, 2.19106714212e-05], "min": [8.01411619114e-23, 5.98197541076e-22, 9.57360382886e-22, 2.95703053769e-21, 1.00063255141e-20, 2.3055640091e-20, 2.66786297817e-20, 5.73340596052e-20, 1.48439680573e-19, 1.43809420772e-19, 1.97280702013e-19, 2.84292231313e-19, 3.38632491637e-19, 8.08702586741e-19, 6.68325538996e-19, 1.3214870996e-18, 1.26314667139e-18, 1.35657320606e-18, 2.45357196602e-18, 3.18852566258e-18, 3.91060181137e-18, 4.73480457372e-18, 5.03204158708e-18, 4.33026486412e-18, 6.75764291527e-18, 9.38033733419e-18, 9.61058967514e-18, 9.08805968219e-18, 1.09661376942e-17, 1.17416799027e-17, 1.22233951498e-17, 1.03184594105e-17, 8.98671682226e-18, 7.41378325666e-18, 6.24102312779e-18, 4.4043289618e-18, 2.15120271054e-18, 1.04692538158e-18, 2.3977698966e-19, 2.63285772862e-20], "median": [0.000928836583626, 0.00620194198564, 0.0146397547796, 0.17535457015, 1.67210507393, 4.31428432465, 1.77776324749, 1.98654735088, 4.87737607956, 16.4697589874, 22.7329139709, 16.6509666443, 10.2588090897, 8.2351140976, 7.43939590454, 5.99971580505, 5.53239250183, 4.45593357086, 3.41694688797, 2.56061911583, 1.79211342335, 0.960662305355, 0.953283846378, 0.990379333496, 0.761609852314, 0.591713905334, 0.243601024151, 0.0814463123679, 0.0507504791021, 0.0257110688835, 0.0170435365289, 0.0122716771439, 0.0051707723178, 0.0021894145757, 0.00101307686418, 0.000491606944706, 0.000201576607651, 6.56671836623e-05, 1.54983063112e-05, 1.26388858916e-05], "dvar2": [9.11380126922e-08, 1.78154896275e-05, 0.000744071148802, 0.380731970072, 15.5069046021, 61.3050041199, 9.46858882904, 96.9707107544, 2531.89111328, 16243.3808594, 6856.50097656, 5667.04248047, 11844.0097656, 7706.21777344, 5127.94189453, 2296.57250977, 6488.45214844, 8609.82226562, 2987.81347656, 521.084106445, 327.502655029, 69.4383468628, 43.4802207947, 8.3419008255, 40.4085845947, 65.1481552124, 8.32075881958, 4.09407949448, 2.25751018524, 1.98534750938, 0.580104708672, 0.209284856915, 0.0212041381747, 0.00886513758451, 0.00123603944667, 4.37235539721e-05, 1.78385312211e-06, 1.33318863504e-07, 2.0771104281e-10, 1.05979780507e-10], "var": [2.26147733429e-07, 1.59913925017e-05, 0.000612921023276, 0.386234760284, 14.1700563431, 80.5441207886, 18.7156066895, 43.4374275208, 3590.84301758, 19328.3730469, 21930.0683594, 13264.2382812, 27160.9453125, 25295.859375, 10889.2783203, 7356.80761719, 19874.1113281, 25706.7480469, 6287.55322266, 1228.55554199, 657.17980957, 166.932128906, 122.602294922, 14.8657941818, 66.0074539185, 109.375213623, 5.72296714783, 3.03406143188, 1.56143939495, 1.12807130814, 0.286836355925, 0.131758630276, 0.0121807092801, 0.00248263566755, 0.000280295440461, 1.28978463181e-05, 5.85346754178e-07, 4.15996979086e-08, 1.31128080616e-10, 5.03068142699e-10], "dmean2": [0.00029631567304, 0.00380470626988, 0.0177930481732, 0.297715723515, 2.09515881538, 4.50369977951, 1.86144423485, 3.15452218056, 17.7052307129, 41.16588974, 34.690612793, 28.8501625061, 32.8095932007, 25.9315910339, 20.1632118225, 16.7040653229, 26.7458724976, 30.1194038391, 15.4779949188, 6.04764842987, 3.59997534752, 1.96861886978, 2.32175922394, 1.38545465469, 1.92109155655, 2.2284014225, 0.859882593155, 0.602865338326, 0.452054142952, 0.388188123703, 0.229079812765, 0.129405394197, 0.0413772203028, 0.0209242478013, 0.00583906052634, 0.00171959912404, 0.000469382444862, 0.000134418631205, 8.17929321784e-06, 6.1456585172e-06], "max": [0.00394255062565, 0.0481506697834, 0.382132321596, 8.84449100494, 48.1472663879, 128.75944519, 57.2176513672, 267.19934082, 870.81854248, 1958.75048828, 1961.56262207, 1274.9786377, 1925.67456055, 1695.14709473, 1377.6907959, 1301.91918945, 2225.50805664, 1559.63647461, 1197.95239258, 828.634643555, 876.024108887, 400.202026367, 205.207214355, 63.926486969, 124.049720764, 267.457336426, 47.8711433411, 27.3663387299, 24.4805908203, 22.2601184845, 10.4104127884, 7.2162899971, 2.08991622925, 2.09617209435, 0.978586256504, 0.149970442057, 0.0154010644183, 0.00405583856627, 0.000182147065061, 0.000127227147459], "dmean": [0.000189493759535, 0.00228714337572, 0.0109936483204, 0.19703117013, 1.37723469734, 2.99587035179, 1.21894085407, 2.01628708839, 12.617483139, 29.1539039612, 25.5566101074, 22.2123603821, 26.2482948303, 22.4340782166, 16.098733902, 13.7328042984, 22.8667640686, 24.4509086609, 12.1574268341, 4.84167385101, 2.61728668213, 1.49799060822, 1.75058841705, 0.982438206673, 1.39899230003, 1.59555852413, 0.606268882751, 0.410232573748, 0.296940982342, 0.245139792562, 0.145033448935, 0.0821045637131, 0.0262447483838, 0.0128175513819, 0.00360723375343, 0.00105992192402, 0.000286464870442, 8.07492324384e-05, 5.30696252099e-06, 5.14774592375e-06]}, "dissonance": {"dvar": 0.00126318878029, "mean": 0.403568118811, "min": 0.108759783208, "median": 0.412824422121, "dvar2": 0.00325487600639, "var": 0.00370286521502, "dmean2": 0.0604448318481, "max": 0.500000059605, "dmean": 0.0365645699203}, "erbbands_flatness_db": {"dvar": 0.000617129320744, "mean": 0.25887709856, "min": 0.0427676476538, "median": 0.25319725275, "dvar2": 0.000966414634604, "var": 0.00584578234702, "dmean2": 0.0287100933492, "max": 0.420016407967, "dmean": 0.0215541236103}, "melbands_kurtosis": {"dvar": 99.7719268799, "mean": 5.17635822296, "min": -1.71470201015, "median": 3.574862957, "dvar2": 245.792526245, "var": 110.707939148, "dmean2": 3.88793873787, "max": 614.557006836, "dmean": 2.53614640236}, "melbands_spread": {"dvar": 61.5582351685, "mean": 15.5614805222, "min": 0.533942699432, "median": 10.9485492706, "dvar2": 133.077896118, "var": 420.520599365, "dmean2": 5.5826830864, "max": 168.127807617, "dmean": 3.6713244915}, "melbands_skewness": {"dvar": 0.234511196613, "mean": 1.39488661289, "min": -0.923313558102, "median": 1.36628496647, "dvar2": 0.547536969185, "var": 1.24317359924, "dmean2": 0.593701243401, "max": 18.7911052704, "dmean": 0.40709644556}, "spectral_entropy": {"dvar": 0.0538561455905, "mean": 6.76820802689, "min": 4.92920446396, "median": 6.68882894516, "dvar2": 0.0945041775703, "var": 0.518007993698, "dmean2": 0.292079985142, "max": 9.8176279068, "dmean": 0.216152906418}, "zerocrossingrate": {"dvar": 0.000121206176118, "mean": 0.0516062006354, "min": 0.01123046875, "median": 0.0361328125, "dvar2": 0.000180465169251, "var": 0.00530183594674, "dmean2": 0.00747625250369, "max": 0.53369140625, "dmean": 0.00614958349615}, "average_loudness": 0.806577205658, "spectral_contrast_coeffs": {"dvar": [0.00103221251629, 0.00170988193713, 0.00134277855977, 0.0009785736911, 0.000508860568516, 0.000261602428509], "mean": [-0.560701549053, -0.673302650452, -0.69170665741, -0.729324936867, -0.780355513096, -0.788540959358], "min": [-0.983179152012, -0.977629363537, -0.977303922176, -0.974322974682, -0.966568171978, -0.965342462063], "median": [-0.544839560986, -0.669589877129, -0.713159501553, -0.741583943367, -0.774347603321, -0.785558581352], "dvar2": [0.00265833432786, 0.0036517183762, 0.00252030720003, 0.00174416357186, 0.00099562050309, 0.000521027250215], "var": [0.00920491851866, 0.0097941160202, 0.0136473132297, 0.00892402883619, 0.00337712513283, 0.00261911284178], "dmean2": [0.0622089356184, 0.0677607655525, 0.0548958331347, 0.0474110804498, 0.0376507081091, 0.0257789604366], "max": [-0.352984815836, -0.364440143108, -0.390689820051, -0.492722958326, -0.563134908676, -0.608207583427], "dmean": [0.0380638949573, 0.0434414818883, 0.0370209999382, 0.0332545414567, 0.0255593061447, 0.0176023840904]}, "barkbands_flatness_db": {"dvar": 0.000545789953321, "mean": 0.211692199111, "min": 0.037830747664, "median": 0.211036995053, "dvar2": 0.000986496335827, "var": 0.00388425309211, "dmean2": 0.030178738758, "max": 0.398673057556, "dmean": 0.0215175040066}, "silence_rate_30dB": {"dvar": 0.000374248425942, "mean": 0.999625682831, "min": 0, "median": 1, "dvar2": 0.000748350401409, "var": 0.000374178402126, "dmean2": 0.000748923397623, "max": 1, "dmean": 0.000374391616788}, "spectral_energyband_high": {"dvar": 1.4502755441e-08, "mean": 5.7441113313e-05, "min": 7.08866319977e-21, "median": 1.32264149215e-05, "dvar2": 2.9764560594e-08, "var": 2.46589113573e-08, "dmean2": 5.69631374674e-05, "max": 0.00311901699752, "dmean": 3.94589806092e-05}, "melbands_flatness_db": {"dvar": 0.00073598662857, "mean": 0.26414707303, "min": 0.00246544298716, "median": 0.273309320211, "dvar2": 0.00137021753471, "var": 0.00498226750642, "dmean2": 0.0335507690907, "max": 0.494303286076, "dmean": 0.0242130998522}, "barkbands": {"dvar": [4.06947458858e-14, 9.25054616241e-11, 3.16658754773e-10, 8.32049877886e-08, 1.25890574054e-06, 3.68175676613e-07, 1.34727706609e-05, 1.26891145555e-05, 5.62716968489e-06, 7.28262102712e-06, 2.00433669306e-06, 1.11308270334e-06, 2.68539292847e-06, 2.05186393032e-06, 3.33391284357e-07, 8.45679650752e-08, 1.73112155721e-08, 6.65527899457e-09, 4.44722525472e-09, 1.44805705204e-08, 1.38996647525e-09, 7.77127973084e-10, 4.60481486275e-10, 7.47416156743e-11, 1.59350917878e-11, 3.66055628734e-13, 7.50062582574e-15], "mean": [2.19107519683e-07, 2.86212252831e-05, 1.84522432392e-05, 0.000206112788874, 0.00168432015926, 0.000336496566888, 0.00288401171565, 0.00309798726812, 0.00316371279769, 0.002193124732, 0.00101942487527, 0.000851372897159, 0.00118450541049, 0.00103747786488, 0.000299455423374, 0.000146437552758, 5.29339013156e-05, 6.93363690516e-05, 4.06247709179e-05, 5.80097766942e-05, 1.51885642481e-05, 9.43882514548e-06, 5.95367191636e-06, 2.61693912762e-06, 8.30188071177e-07, 2.42520172833e-07, 5.93133790971e-08], "min": [4.86271562045e-25, 2.37254453195e-24, 4.94033312403e-25, 4.68805589958e-25, 9.61248391142e-24, 6.80779388141e-24, 9.08964268066e-24, 5.8322675812e-24, 1.24003522715e-23, 1.20852567713e-23, 9.89173830529e-24, 2.61380478138e-23, 2.43502239453e-23, 2.43036653747e-23, 4.56058159793e-23, 5.73650941252e-23, 6.70895718305e-23, 8.184284848e-23, 1.00750272967e-22, 2.092525369e-22, 2.42864145644e-22, 2.80883984858e-22, 3.83332706909e-22, 5.42943855252e-22, 8.38351185894e-22, 1.33632017505e-21, 1.90700492357e-21], "median": [1.784994339e-07, 2.7903535738e-05, 1.08690874185e-05, 7.65332806623e-05, 0.00110071559902, 0.000157494345331, 0.000415961607359, 0.000635282427538, 0.000607818132266, 0.000292614131467, 0.000124799145851, 0.000117225725262, 0.000105010927655, 7.95246305643e-05, 3.99169293814e-05, 4.132135291e-05, 1.26146251205e-05, 1.94971798919e-05, 1.52864195115e-05, 1.29781337819e-05, 2.8399203984e-06, 1.25152371311e-06, 6.50492438581e-07, 4.11690280089e-07, 1.60125011917e-07, 1.10432644362e-07, 3.21216688803e-08], "dvar2": [1.13585281859e-13, 2.42126790839e-10, 8.38363545252e-10, 1.80037574182e-07, 2.93552147923e-06, 9.69612415247e-07, 2.68986550509e-05, 2.4059214411e-05, 1.06182787931e-05, 1.18657326311e-05, 4.46883132099e-06, 1.77343554242e-06, 4.3599457058e-06, 4.02201703764e-06, 6.35616288491e-07, 1.76511761651e-07, 3.34891190334e-08, 1.08120117304e-08, 8.89071483101e-09, 2.764015683e-08, 3.02805336361e-09, 1.68013813973e-09, 1.05325459465e-09, 1.57669877154e-10, 4.42364304909e-11, 9.62510128023e-13, 1.98252923274e-14], "var": [4.39522922994e-14, 2.6952048926e-10, 5.06596820049e-10, 1.64652306012e-07, 3.91111052522e-06, 4.02189414217e-07, 3.21661755152e-05, 4.8172150855e-05, 2.5988498237e-05, 2.75456004601e-05, 6.95901326253e-06, 4.73067120765e-06, 9.67591495282e-06, 7.99523513706e-06, 1.0605215266e-06, 2.8101661087e-07, 4.67692942152e-08, 3.07529397503e-08, 1.13990266115e-08, 4.3391999327e-08, 2.00266314643e-09, 1.17341636408e-09, 5.36342248392e-10, 1.07433437146e-10, 1.12954897172e-11, 3.00588465793e-13, 7.0996840507e-15], "dmean2": [2.3382865777e-07, 1.44458681461e-05, 1.86589295481e-05, 0.000198967129108, 0.00101170840207, 0.000292003969662, 0.00197404925711, 0.00183896312956, 0.0014154498931, 0.00115718937013, 0.000535008206498, 0.000463760195998, 0.000672848836984, 0.000638831290416, 0.000219952315092, 9.65075232671e-05, 4.04261591029e-05, 4.2284373194e-05, 3.12397205562e-05, 4.77803550893e-05, 1.60696454259e-05, 1.24399557535e-05, 9.51631591306e-06, 3.47901095665e-06, 1.33215064579e-06, 3.02916532746e-07, 5.91845932263e-08], "max": [4.93543393532e-06, 0.000171701947693, 0.000333918491378, 0.00581740215421, 0.0267710182816, 0.0287055168301, 0.0805219560862, 0.0832034051418, 0.0397275611758, 0.0571005828679, 0.0375291742384, 0.029832104221, 0.0400130115449, 0.0274797789752, 0.0156799033284, 0.0127239087597, 0.00634890655056, 0.00309249875136, 0.00210118340328, 0.00457034166902, 0.000958902703132, 0.000591002055444, 0.000406540493714, 0.000182594230864, 0.000163212680491, 1.80973347597e-05, 1.60977208452e-06], "dmean": [1.35856254246e-07, 8.77022102941e-06, 1.13237010737e-05, 0.000129163716338, 0.000678058422636, 0.000185404293006, 0.00136209779885, 0.00131455191877, 0.0010795716662, 0.000920614926144, 0.000412826193497, 0.000359135912731, 0.000551040866412, 0.000469405378681, 0.000163089760463, 6.93660767865e-05, 2.82470919046e-05, 3.13689488394e-05, 2.15659692913e-05, 3.42920975527e-05, 1.10689561552e-05, 8.12784219306e-06, 6.00059183853e-06, 2.22546555051e-06, 8.11393078948e-07, 1.86026909432e-07, 3.51612676752e-08]}, "erbbands_spread": {"dvar": 53.8742446899, "mean": 19.3333473206, "min": 3.07643699646, "median": 16.0101127625, "dvar2": 113.810546875, "var": 186.085632324, "dmean2": 6.67792272568, "max": 107.260566711, "dmean": 4.55884933472}, "barkbands_kurtosis": {"dvar": 79.7165527344, "mean": 3.47243142128, "min": -1.87060201168, "median": 2.50231170654, "dvar2": 197.02494812, "var": 79.6104736328, "dmean2": 2.9534330368, "max": 543.606872559, "dmean": 1.92067229748}, "spectral_flux": {"dvar": 0.000621334242169, "mean": 0.0479267239571, "min": 6.28895477361e-11, "median": 0.0344169810414, "dvar2": 0.00127199827693, "var": 0.00205511623062, "dmean2": 0.0283894725144, "max": 0.301807403564, "dmean": 0.0191392358392}, "silence_rate_20dB": {"dvar": 0, "mean": 1, "min": 1, "median": 1, "dvar2": 0, "var": 0, "dmean2": 0, "max": 1, "dmean": 0}, "gfcc": {"cov": [[31231.6191406, 3989.79248047, -5571.04980469, -385.762329102, -2099.70825195, -411.288482666, -536.756530762, -227.937179565, -488.946777344, -308.155914307, -155.75743103, -783.905822754, -335.283966064], [3989.79248047, 1231.90698242, -844.865844727, -553.108825684, -77.6117172241, -149.948455811, 27.5746498108, -33.3714942932, -43.3217353821, -71.2818984985, 70.2239761353, -148.745361328, -65.0883483887], [-5571.04980469, -844.865844727, 1522.03662109, 290.893005371, 276.113006592, 100.503639221, -46.9231719971, 34.9164390564, 10.5492095947, 72.5750045776, -110.488426208, 250.674789429, 64.3129119873], [-385.762329102, -553.108825684, 290.893005371, 798.225646973, -90.6821975708, -60.3930358887, -210.469421387, -8.82315349579, -24.4184818268, -0.20235350728, -189.488632202, 42.8447341919, 61.2979393005], [-2099.70825195, -77.6117172241, 276.113006592, -90.6821975708, 353.584533691, -30.8785305023, -15.3869361877, 13.700304985, 60.980304718, 29.9741325378, 8.01366043091, 21.2537326813, 26.3325386047], [-411.288482666, -149.948455811, 100.503639221, -60.3930358887, -30.8785305023, 198.121795654, 75.9103088379, -45.5443725586, -41.8173713684, -4.25249528885, -5.72983026505, 7.68819093704, -9.81824207306], [-536.756530762, 27.5746498108, -46.9231719971, -210.469421387, -15.3869361877, 75.9103088379, 241.52671814, 9.7834148407, -37.7844161987, -39.7363166809, 83.5636672974, -6.05799770355, -11.9748840332], [-227.937179565, -33.3714942932, 34.9164390564, -8.82315349579, 13.700304985, -45.5443725586, 9.7834148407, 100.451507568, 38.1847991943, -11.8317089081, 8.2683763504, 13.6234207153, -3.452709198], [-488.946777344, -43.3217353821, 10.5492095947, -24.4184818268, 60.980304718, -41.8173713684, -37.7844161987, 38.1847991943, 129.495697021, 38.8196029663, 22.9198646545, -16.7951850891, -6.09747838974], [-308.155914307, -71.2818984985, 72.5750045776, -0.20235350728, 29.9741325378, -4.25249528885, -39.7363166809, -11.8317089081, 38.8196029663, 85.873260498, 20.5523300171, 2.18616962433, -7.12891626358], [-155.75743103, 70.2239761353, -110.488426208, -189.488632202, 8.01366043091, -5.72983026505, 83.5636672974, 8.2683763504, 22.9198646545, 20.5523300171, 154.017425537, -7.13023948669, -32.7052497864], [-783.905822754, -148.745361328, 250.674789429, 42.8447341919, 21.2537326813, 7.68819093704, -6.05799770355, 13.6234207153, -16.7951850891, 2.18616962433, -7.13023948669, 108.389343262, 22.7530097961], [-335.283966064, -65.0883483887, 64.3129119873, 61.2979393005, 26.3325386047, -9.81824207306, -11.9748840332, -3.452709198, -6.09747838974, -7.12891626358, -32.7052497864, 22.7530097961, 64.4551696777]], "mean": [-133.807617188, 133.21421814, -144.541687012, -18.6521072388, -63.7626914978, -12.6834087372, -29.5960273743, -5.7389330864, -22.670753479, -4.93845367432, -13.116314888, -12.7191305161, -10.5349731445], "icov": [[0.000635978707578, -0.000962418445852, 0.00174286670517, 6.57078680888e-06, 0.00202234718017, -0.000430841726484, 0.00183775695041, -0.000827800948173, 0.00161856238265, -0.000927529705223, 0.00132387119811, -0.00076467852341, 0.000988561543636], [-0.000962418445852, 0.00537996087223, -0.00187565642409, 0.00366684328765, -0.00227986555547, 0.00493557238951, -0.001252984046, 0.00345804682001, -0.000478830479551, 0.00362619687803, 0.000239670698647, 0.00278406776488, -5.89458904869e-05], [0.00174286670517, -0.00187565642409, 0.0067744795233, 1.85915414477e-05, 0.00426194118336, -0.00145804719068, 0.00462645990774, -0.00248094531707, 0.00466522667557, -0.003689665813, 0.00518943928182, -0.00545429298654, 0.00374995847233], [6.57078680888e-06, 0.00366684328765, 1.85915414477e-05, 0.00594078330323, 0.00202200631611, 0.00485469773412, 0.00283371703699, 0.00227075559087, 0.00210640043952, 0.00236602989025, 0.00356911146082, 0.00231615034863, 8.45917311381e-05], [0.00202234718017, -0.00227986555547, 0.00426194118336, 0.00202200631611, 0.0112249087542, 0.000808353826869, 0.0066983201541, -0.00138661020901, 0.00410237256438, -0.00201063090935, 0.00442473823205, -0.000156037829584, 0.00121555058286], [-0.000430841726484, 0.00493557238951, -0.00145804719068, 0.00485469773412, 0.000808353826869, 0.0131918145344, -0.00242265989073, 0.00695352023467, 0.00119605008513, 0.00269735231996, 0.00375349353999, 0.00286223040894, 0.00248809717596], [0.00183775695041, -0.001252984046, 0.00462645990774, 0.00283371703699, 0.0066983201541, -0.00242265989073, 0.0147762047127, -0.00381207372993, 0.00773367006332, 0.002117510885, -0.000201473783818, 0.000851588090882, 0.000981628079899], [-0.000827800948173, 0.00345804682001, -0.00248094531707, 0.002270755