{"metadata": {"audio_properties": {"downmix": "mix", "bit_rate": 192000, "lossless": false, "md5_encoded": "2de5ee65dc84b6a90aa4b3686db0b9f6", "analysis_sample_rate": 44100, "sample_rate": 44100, "replay_gain": -10.4211444855, "equal_loudness": 0, "codec": "mp3", "length": 399.830200195}, "tags": {"musicbrainz_albumid": ["1ddaf2a4-5518-4815-b4f8-28e6f3e6de90"], "musicbrainz_recordingid": ["42f9ac0f-76db-472e-8539-f9a77a37c207"], "tracknumber": ["08/12"], "artist": ["Julian Fane"], "acoustid_id": ["dabe4ac2-14ea-4e1f-9cca-250c9ecc27f2"], "musicbrainz album release country": ["GB"], "barcode": ["600116809124"], "album": ["Special Forces"], "musicbrainz album type": ["Album"], "originalartist": ["Julian Fane"], "originaldate": ["2004-09-20"], "albumartist": ["Julian Fane"], "asin": ["B0002K0Z4E"], "contentgroup": ["Experimental,IDM,Leftfield"], "media": ["CD"], "language": ["eng"], "file_name": "08 - The Birthday Boys.mp3", "originalalbum": ["Special Forces"], "bpm": ["109.82"], "musicbrainz_artistid": ["3c656cc6-c748-42bc-a9cc-33018b716307"], "catalognumber": ["ZIQ091CD"], "albumartistsort": ["Fane, Julian", "Fane, Julian"], "script": ["Latin"], "label": ["Planet Mu"], "musicip_puid": ["138424d1-0283-c5a0-a801-aa01b4e893ba"], "musicbrainz album status": ["Official"], "date": ["2004-09-20"], "title": ["The Birthday Boys"], "musicbrainz_albumartistid": ["3c656cc6-c748-42bc-a9cc-33018b716307"], "discnumber": ["01/01"], "artistsort": ["Fane, Julian"], "acoustid_fingerprint": ["AQABz9kkJZOyBA-uA0c_NJ0SHDp-NM_xbGie48Nx9FZwfEdPvIhO3fjRlDoKICBx3IeOPsfBH4eJ4_hxaD9-oHmgNT7kB_3xHS_xHfukwg-Ov-j047xwVBSas8N1lIefmTj84GjMBMcPdN7RHEcP48aNMDrwI_pRGz4t4McPHQ8OHId-HM_RHzl13Af6IdVjFD_04wbzgzd-GCeOQ8ePHj-g5WjzoTtE9_BxHT_2SUX6IEf54vpxXgGaUNDe4Ud5-JmJw0fzBDq-A_fRPCh6HC5eWA-KY0e9w9-Fgwc5HC8OHccB_Tieo3WO_LiPo0eqxygO_XjAHDyNw8RxHIe-o-CPHs2DK88QHj94XC9-fDr8DPnR3pBDWjhO-FmK7yj3wI9yCM4xhNETHMeP6U_QPDj64jRyFsn0BMSf4LoC1CKoh6jYIN-LHfLRnDnyDM2DF5i-I0_wA0UeHH_RfAZz_HhAohmPZ49wGUavIw-HP0FveCXCHz_CJ4P4w0eo8fg_hKmDZMejoyp1_Ojxo-pxiCf64Dr-gJ9hNTz-4M2OyaIN70iuHnkUo_qQF_KOsGhGBh9xicMfhDk6pjiLTkdz4Dm-7EjmH9uHfsd3fEf549fQfC9-HNE5-NBxPyj04EeoVzGe5MVFxkAP30bf4Tfe48dv_MLFoYePUFeO5PiHyjzSV9CR4_iHX3IM_ziOCxdCG7pwhKIPKz9GB9QxXTMuBNBp1ArRpIAQcsl-OMZfvIPtoh6P_vDx5QhVYteRxzpBJjv-B5eK5kYvHhfG4_bRfEdlHc9CfMcZfEHlGl6PrsgDQ8-LIw-O7yhf-ETZhfiOH909NGdw5vgRdjnEEz8-4T9-HPqHczGRKmRx_Ea1EWeC_vDx4Cz64fjxo8lDoYp39Jdh9DgTfDNuHD8eNGpxoz9-hD-gH_pwhKKNzjv8DtV-9LLg40OoXUiO5wByGCJGQYeUQcYRp8jAhgBACADFcESsMeRZC5wiDiEkFVHGECWEJQQAYsxQSAiAqECCKKuQIkohJBAQQBpSnCJQOCWIIYYQ4pihyDiHjLXgKeWQcpJgAwgUghIBADFMMSGAMkYIoRCjiiiOBLDOGgSKUwQKJ5gixilCmJHckGctWcQghQRTynEDCEFACCdMAI4oYZBQCFhikGoAEGYMAsQYABBBhAiRlCAICCOZMwRBJARxShhJBCIeEQG0I0AA4ihCQjEBKHYIAmIUIAJxR5EjBACFDAIAEGAEA8IARwARCChFAGMECQcEElQ4wABQAgCigFACAoVEEBAAYBBTjJtAgAIIAcAQAYpwZIQCxABBHBYAVGEUgkwqwohERHRiDARGEUgAQYAQACgjQhAqlDCkAMIIaYzLppw0TgjNHCNASKEckIooRMRQABjlmBgS"], "musicbrainz_releasegroupid": ["ee03e843-e658-31ab-b8da-35f81d7f572f"], "genre": ["Electronic"]}, "version": {"essentia_build_sha": "2d9f1f26377add8aeb1075a9c2973f962c4f09fd", "essentia_git_sha": "v2.1_beta2-1-ge3940c0", "extractor": "music 1.0", "essentia": "2.1-beta2"}}, "tonal": {"chords_scale": "major", "hpcp": {"dmean": [0.0303399525583, 0.0347145162523, 0.0920517668128, 0.13020414114, 0.107353433967, 0.0890224799514, 0.113101616502, 0.0958522185683, 0.0551258809865, 0.0512196496129, 0.0466457381845, 0.0841398686171, 0.131124764681, 0.107687331736, 0.0469007007778, 0.0372980237007, 0.0446596033871, 0.0927649065852, 0.112902842462, 0.0997218415141, 0.0515691675246, 0.0428976044059, 0.0639392063022, 0.120795167983, 0.139889657497, 0.128238216043, 0.124587766826, 0.14791893959, 0.120562851429, 0.0666176229715, 0.0451026707888, 0.0376686565578, 0.072510831058, 0.103103980422, 0.0872458666563, 0.0406405590475], "dvar2": [0.0100609418005, 0.0123650208116, 0.0332451984286, 0.0612450316548, 0.0399239435792, 0.0320673026145, 0.0620464943349, 0.0404652617872, 0.0248466264457, 0.0233806036413, 0.0197701305151, 0.0314862951636, 0.0622359998524, 0.0433127768338, 0.0172817595303, 0.0177372507751, 0.0176254976541, 0.0462806634605, 0.0693794339895, 0.049176491797, 0.0234106760472, 0.0233377888799, 0.0389568693936, 0.0601586848497, 0.0753504484892, 0.0588406212628, 0.0529093928635, 0.082332007587, 0.0546270646155, 0.0397825539112, 0.0228205360472, 0.0208291914314, 0.0341707058251, 0.0558059215546, 0.0421594716609, 0.0164788290858], "mean": [0.0341557599604, 0.0355325266719, 0.184911206365, 0.34575381875, 0.221031278372, 0.163848549128, 0.281244874001, 0.186637192965, 0.0614014677703, 0.060633148998, 0.0540366172791, 0.14525680244, 0.289735764265, 0.204909056425, 0.0565846972167, 0.0377237200737, 0.0469740331173, 0.181480646133, 0.319096267223, 0.205051138997, 0.059005305171, 0.0415295809507, 0.0614821650088, 0.236310884356, 0.402722626925, 0.258405476809, 0.234704822302, 0.393378645182, 0.25463488698, 0.0724550634623, 0.0448749661446, 0.0405413322151, 0.137009993196, 0.261322408915, 0.184783130884, 0.0576168894768], "var": [0.00302073312923, 0.00348111381754, 0.0364664271474, 0.114987827837, 0.0458193011582, 0.0319958589971, 0.12080155313, 0.0502490885556, 0.00722594792023, 0.00816527567804, 0.00662532402202, 0.0250631775707, 0.0917815566063, 0.0482933968306, 0.00603441474959, 0.00479099433869, 0.00638322159648, 0.0468797199428, 0.132132828236, 0.0556543506682, 0.00909200869501, 0.00729669397697, 0.0127183273435, 0.0544724836946, 0.138786703348, 0.0603488832712, 0.0463140197098, 0.129736080766, 0.0619344525039, 0.0146581344306, 0.00611164793372, 0.00600325362757, 0.032232504338, 0.103605404496, 0.0565453693271, 0.00911131501198], "dmean2": [0.0542258955538, 0.0622073933482, 0.150771319866, 0.211288318038, 0.176706880331, 0.148398503661, 0.186163172126, 0.158353194594, 0.0985997766256, 0.0912201926112, 0.0827272683382, 0.140514612198, 0.214785814285, 0.176769927144, 0.081389144063, 0.0670420452952, 0.0782835185528, 0.154495239258, 0.18692907691, 0.163440048695, 0.0892268121243, 0.0758848935366, 0.114478170872, 0.205452919006, 0.234494686127, 0.215883240104, 0.208245009184, 0.243602067232, 0.1986887604, 0.117908723652, 0.0815358534455, 0.0673778727651, 0.121435418725, 0.168966114521, 0.143493771553, 0.0704796686769], "dvar": [0.00345027400181, 0.00414768233895, 0.0125620719045, 0.0261648241431, 0.0153389694169, 0.012148829177, 0.0260266847908, 0.0159339103848, 0.0081482026726, 0.00801319163293, 0.00699063856155, 0.0118516739458, 0.026093930006, 0.0170958377421, 0.00618818914518, 0.00611396599561, 0.00633636303246, 0.0173575524241, 0.02817113325, 0.0184854418039, 0.00856173317879, 0.00846520159394, 0.0137492921203, 0.0216479916126, 0.0311747267842, 0.0218981634825, 0.0195002127439, 0.0334956198931, 0.0207091271877, 0.0138570163399, 0.00776708777994, 0.00695657869801, 0.0124596869573, 0.0232603996992, 0.0161401629448, 0.0057386783883], "min": [0, 0, 0, 0, 0, 0, 0, 0, 0, 0, 0, 0, 0, 0, 0, 0, 0, 0, 0, 0, 0, 0, 0, 0, 0, 0, 0, 0, 0, 0, 0, 0, 0, 0, 0, 0], "median": [0.0168844982982, 0.0153737524524, 0.10649946332, 0.200728595257, 0.137048780918, 0.088753528893, 0.0980034172535, 0.0779936239123, 0.0339416489005, 0.0304432362318, 0.0276444870979, 0.0846270024776, 0.161024704576, 0.117842122912, 0.0303343348205, 0.01712141186, 0.0191977042705, 0.0815855413675, 0.130892112851, 0.0955365300179, 0.0268894545734, 0.0141302291304, 0.0214886106551, 0.148329854012, 0.242593586445, 0.166093721986, 0.164231777191, 0.275535166264, 0.175876155496, 0.0307403989136, 0.0194044616073, 0.015557218343, 0.0617162026465, 0.113335005939, 0.0806331783533, 0.0279089659452], "max": [0.959435939789, 0.873681247234, 1, 1, 1, 1, 1, 1, 1, 1, 1, 1, 1, 1, 0.937920689583, 1, 1, 1, 1, 1, 1, 1, 1, 1, 1, 1, 1, 1, 1, 1, 1, 1, 1, 1, 1, 1]}, "tuning_equal_tempered_deviation": 0.018242828548, "chords_key": "B", "chords_strength": {"dmean": 0.00564746232703, "dvar2": 1.976976273e-05, "mean": 0.554109692574, "var": 0.0108569357544, "dmean2": 0.00467638252303, "dvar": 2.69742740784e-05, "min": 0.255515784025, "median": 0.564076006413, "max": 0.814394772053}, "tuning_diatonic_strength": 0.569872736931, "thpcp": [1, 0.641646265984, 0.582795202732, 0.976797997952, 0.632283508778, 0.179913073778, 0.111428968608, 0.100668124855, 0.340209335089, 0.648889303207, 0.458834737539, 0.143068417907, 0.0848121196032, 0.088230766356, 0.459152758121, 0.858540832996, 0.548842489719, 0.406852096319, 0.698358774185, 0.463438570499, 0.152465894818, 0.150558084249, 0.134178251028, 0.360686957836, 0.719442486763, 0.508809387684, 0.140505388379, 0.0936717167497, 0.116641156375, 0.450634330511, 0.792347490788, 0.509162187576, 0.146515995264, 0.10312204808, 0.152666285634, 0.586783230305], "chords_histogram": [20.0325164795, 24.5267677307, 10.2194862366, 0.33677855134, 0, 0, 0, 0, 0.77807456255, 0, 0, 0, 0, 0, 0, 0, 0, 0, 0, 0, 0, 9.15108585358, 27.6158409119, 7.33944940567], "tuning_nontempered_energy_ratio": 0.618821203709, "tuning_frequency": 438.984558105, "key_strength": 0.754694104195, "chords_changes_rate": 0.0219486709684, "key_scale": "major", "hpcp_entropy": {"dmean": 0.515568196774, "dvar2": 0.535970449448, "mean": 1.79578578472, "var": 0.4082454741, "dmean2": 0.867437243462, "dvar": 0.197447195649, "min": 0, "median": 1.79755115509, "max": 3.88545632362}, "key_key": "F#", "chords_number_rate": 0.000696783186868}, "lowlevel": {"melbands_skewness": {"dmean": 0.364768564701, "dvar2": 0.284272640944, "mean": 1.47920358181, "var": 0.700665950775, "dmean2": 0.578028678894, "dvar": 0.124664410949, "min": -2.30235028267, "median": 1.43867230415, "max": 8.96457004547}, "melbands_kurtosis": {"dmean": 2.0993719101, "dvar2": 18.0209541321, "mean": 5.83041715622, "var": 91.1384277344, "dmean2": 3.21421504021, "dvar": 10.2666845322, "min": -1.52634692192, "median": 3.77250766754, "max": 142.882705688}, "barkbands_kurtosis": {"dmean": 1.06570184231, "dvar2": 3.4389231205, "mean": 2.39183616638, "var": 19.324426651, "dmean2": 1.64927792549, "dvar": 1.7224496603, "min": -1.49529623985, "median": 1.18504834175, "max": 51.9307365417}, "hfc": {"dmean": 2.78651070595, "dvar2": 20.2849369049, "mean": 19.255853653, "var": 134.253448486, "dmean2": 4.28422737122, "dvar": 8.57003307343, "min": 1.15844381622e-16, "median": 19.817035675, "max": 64.075340271}, "silence_rate_20dB": {"dmean": 0, "dvar2": 0, "mean": 1, "var": 0, "dmean2": 0, "dvar": 0, "min": 1, "median": 1, "max": 1}, "erbbands_flatness_db": {"dmean": 0.0111470008269, "dvar2": 0.000227537122555, "mean": 0.159742102027, "var": 0.00309365615249, "dmean2": 0.017155751586, "dvar": 9.72612688201e-05, "min": 0.0604541040957, "median": 0.143640503287, "max": 0.452170282602}, "spectral_flux": {"dmean": 0.012495030649, "dvar2": 0.000417714007199, "mean": 0.0747662559152, "var": 0.00127983000129, "dmean2": 0.0211107358336, "dvar": 0.000147299928358, "min": 1.04995429018e-10, "median": 0.0811591744423, "max": 0.216546654701}, "spectral_energyband_low": {"dmean": 0.00228642951697, "dvar2": 2.19923604163e-05, "mean": 0.00449775718153, "var": 1.63563272508e-05, "dmean2": 0.00399164482951, "dvar": 7.31386535335e-06, "min": 4.73175652575e-23, "median": 0.00368863227777, "max": 0.0396074019372}, "spectral_rolloff": {"dmean": 210.704437256, "dvar2": 152759.328125, "mean": 1242.31958008, "var": 213935.5625, "dmean2": 359.410339355, "dvar": 75718.390625, "min": 258.3984375, "median": 1248.92578125, "max": 18540.0878906}, "spectral_entropy": {"dmean": 0.0809688344598, "dvar2": 0.0117486063391, "mean": 7.54517316818, "var": 0.133094698191, "dmean2": 0.124096728861, "dvar": 0.00540015567094, "min": 5.65132284164, "median": 7.65582132339, "max": 9.81318187714}, "spectral_energy": {"dmean": 0.00533431116492, "dvar2": 8.56587139424e-05, "mean": 0.0271451994777, "var": 0.000333217176376, "dmean2": 0.0085594560951, "dvar": 3.30064685841e-05, "min": 1.04593490711e-20, "median": 0.0268374234438, "max": 0.10762797296}, "spectral_centroid": {"dmean": 130.540817261, "dvar2": 39865.4882813, "mean": 1226.42736816, "var": 113653.289063, "dmean2": 210.659851074, "dvar": 21944.5273438, "min": 339.414245605, "median": 1202.45300293, "max": 11571.2431641}, "barkbands_flatness_db": {"dmean": 0.012299449183, "dvar2": 0.000276705803117, "mean": 0.105714529753, "var": 0.00267293374054, "dmean2": 0.0196536425501, "dvar": 0.000114010079415, "min": 0.0351323410869, "median": 0.0906628146768, "max": 0.392130881548}, "spectral_rms": {"dmean": 0.000472664629342, "dvar2": 5.07284084961e-07, "mean": 0.00470419600606, "var": 4.35370429841e-06, "dmean2": 0.000755519256927, "dvar": 1.90662404975e-07, "min": 3.19440806272e-12, "median": 0.00511691812426, "max": 0.010247092694}, "melbands": {"dmean": [0.000376599869924, 0.000458978116512, 0.000377929536626, 0.000241825691774, 0.000132313347422, 0.000199602654902, 0.000246341165621, 0.00030225343653, 0.000218508284888, 0.000233992279391, 8.82863678271e-05, 6.96677525411e-05, 6.14393647993e-05, 4.75176748296e-05, 3.68436158169e-05, 6.09641101619e-05, 3.55727388524e-05, 2.95857862511e-05, 2.41031793848e-05, 1.83505162568e-05, 1.3029613001e-05, 6.88187810738e-06, 5.62443528906e-06, 7.71718168835e-06, 3.74323008145e-06, 5.25367204318e-06, 4.41706015408e-06, 1.72068007487e-06, 2.01761554308e-06, 1.23633628846e-06, 8.15813564259e-07, 8.62090985265e-07, 5.52512403829e-07, 3.78488721253e-07, 2.96280347811e-07, 2.64447237441e-07, 1.9296790299e-07, 1.85308252298e-07, 1.02767828025e-07, 7.56591376216e-08], "dvar2": [7.1713327543e-07, 1.19429944334e-06, 7.03635350874e-07, 3.75363271132e-07, 9.40350020073e-08, 2.76416102452e-07, 2.90641850142e-07, 4.57761672124e-07, 2.37951212512e-07, 2.41825233616e-07, 3.57327181177e-08, 2.45839668622e-08, 2.06722834406e-08, 1.36339304291e-08, 1.23259304985e-08, 1.4992966868e-08, 5.74401948228e-09, 5.37472422124e-09, 2.95534885453e-09, 2.50626519538e-09, 1.20611254317e-09, 3.23421872617e-10, 2.17883211473e-10, 4.08784062156e-10, 8.57080934002e-11, 2.42657893779e-10, 1.3167590629e-10, 2.41885088348e-11, 2.50552009695e-11, 1.09038941071e-11, 3.07283495524e-12, 3.20534983105e-12, 1.21799825e-12, 6.30664682803e-13, 3.67635202879e-13, 2.80909057951e-13, 1.46978580023e-13, 1.18693642697e-13, 4.06755351786e-14, 2.32415879619e-14], "mean": [0.000564935035072, 0.000695104245096, 0.000800363777671, 0.000521596637554, 0.000332776253344, 0.000468929327326, 0.000650894944556, 0.000735504669137, 0.000441944808699, 0.000475265231216, 0.000199021204025, 0.000140141855809, 0.000121504373965, 8.05930467322e-05, 6.0264410422e-05, 0.000108298081614, 6.79178920109e-05, 5.37053965672e-05, 3.98254160245e-05, 3.12297561322e-05, 2.23711467697e-05, 1.13584565042e-05, 9.69909797277e-06, 1.41113951031e-05, 7.46709383748e-06, 9.69323718891e-06, 8.36586605146e-06, 3.84740587833e-06, 4.28555404142e-06, 2.85499936581e-06, 2.13259954762e-06, 2.15104000745e-06, 1.52359814365e-06, 1.17809133826e-06, 9.50667413235e-07, 8.34504987779e-07, 6.53737970424e-07, 6.42298743969e-07, 4.20902409815e-07, 3.12217736109e-07], "var": [3.79253776828e-07, 8.21894275305e-07, 1.01314697076e-06, 3.65366076949e-07, 1.42470995002e-07, 4.32448644005e-07, 8.77564787061e-07, 1.18488833323e-06, 3.92577987895e-07, 3.20575111346e-07, 6.30726901818e-08, 2.74542699685e-08, 2.14348574445e-08, 1.16359064606e-08, 7.39664862692e-09, 1.09395799086e-08, 5.43279332632e-09, 6.06749450682e-09, 1.79370540643e-09, 1.32556166044e-09, 7.49810380452e-10, 1.79484885288e-10, 1.21595358782e-10, 2.52720760985e-10, 5.48558976021e-11, 1.39733349891e-10, 9.03680463793e-11, 1.63770403488e-11, 1.77068498752e-11, 7.68960416175e-12, 2.76343965072e-12, 2.83678028984e-12, 1.26341038326e-12, 8.01187783651e-13, 4.60288166089e-13, 3.86258164125e-13, 2.36167314004e-13, 2.02387667172e-13, 9.96769466553e-14, 5.57000395785e-14], "dmean2": [0.000655639683828, 0.000816387066152, 0.000620387552772, 0.000402768026106, 0.000211371807382, 0.000317413941957, 0.000353866431396, 0.000447617901955, 0.00033094122773, 0.000352813629434, 0.000131382999825, 0.000108632484626, 9.73392525339e-05, 7.582402759e-05, 6.13859010627e-05, 9.94901420199e-05, 5.67622228118e-05, 4.6716468205e-05, 4.0927559894e-05, 3.16118203045e-05, 2.22985472647e-05, 1.18086527436e-05, 9.78866319201e-06, 1.34667297971e-05, 6.50923266221e-06, 9.09402842808e-06, 7.65692766436e-06, 2.99018961414e-06, 3.50139794136e-06, 2.14950659938e-06, 1.40853251196e-06, 1.47765990732e-06, 9.45690317167e-07, 6.56011309275e-07, 5.163667538e-07, 4.55898856444e-07, 3.35424033437e-07, 3.08355254219e-07, 1.7611070291e-07, 1.29649990299e-07], "dvar": [2.4394833531e-07, 3.84111075391e-07, 2.62692424258e-07, 1.29769418322e-07, 3.5837476986e-08, 1.03140216368e-07, 1.52464821213e-07, 2.14752617467e-07, 1.15946534152e-07, 1.13231394039e-07, 1.72481087191e-08, 1.07538395966e-08, 8.30018986875e-09, 5.74070213588e-09, 4.63720972732e-09, 5.78837866527e-09, 2.44051379106e-09, 2.50483656039e-09, 1.05879649492e-09, 8.71451688589e-10, 4.24706270152e-10, 1.14993049805e-10, 7.57854334843e-11, 1.4134259041e-10, 2.9330333301e-11, 8.46778064334e-11, 4.58619982269e-11, 8.11825780211e-12, 8.67333461996e-12, 3.69534654612e-12, 1.02392638639e-12, 1.11407692967e-12, 4.29525067857e-13, 2.17720820214e-13, 1.22552684147e-13, 9.66136553897e-14, 4.98644704629e-14, 4.3888266773e-14, 1.40176693698e-14, 7.93180879457e-15], "min": [2.35290899516e-24, 3.37360349865e-24, 7.74174129546e-24, 4.07607506285e-24, 1.31585736219e-24, 1.12423470611e-23, 1.27352308255e-23, 6.93476419955e-24, 1.84729435665e-23, 2.02352824945e-23, 2.32961858691e-23, 6.45301315562e-24, 1.18157329767e-23, 1.64076110533e-23, 1.00734468928e-23, 8.40681572515e-24, 8.18876983779e-24, 9.5587459177e-24, 8.71517908642e-24, 8.2283469894e-24, 4.23567503461e-24, 4.28931560402e-24, 7.72545920638e-24, 6.82966268342e-24, 9.16905730799e-24, 6.01198508377e-24, 5.51364192842e-24, 1.15870067015e-23, 9.22278820197e-24, 8.93360678247e-24, 6.38449782499e-24, 9.30037740516e-24, 8.68593443494e-24, 7.66976010444e-24, 9.57495858702e-24, 6.78818043272e-24, 1.01091988579e-23, 7.4673013197e-24, 8.12825631775e-24, 1.17129507116e-23], "median": [0.000392477959394, 0.000416108901845, 0.00049775314983, 0.000330364186084, 0.000208349374589, 0.000243033893639, 0.000300696003251, 0.000361932354281, 0.000242873342359, 0.000286349037196, 0.000122706303955, 9.26120628719e-05, 7.82997522037e-05, 4.59311413579e-05, 3.42131024809e-05, 7.96302920207e-05, 4.75371598441e-05, 3.23174790537e-05, 2.75339134532e-05, 2.12017712329e-05, 1.34800338856e-05, 7.38695644031e-06, 6.48191144137e-06, 9.21177343116e-06, 5.67411780139e-06, 6.19275033387e-06, 5.45094280824e-06, 2.86358090307e-06, 3.30344755639e-06, 2.17087290366e-06, 1.8859506099e-06, 1.85112969575e-06, 1.36840856158e-06, 1.07102960101e-06, 8.77943818978e-07, 7.57620398417e-07, 6.08109473887e-07, 6.05250306762e-07, 4.14276456695e-07, 3.09107235807e-07], "max": [0.00713821453974, 0.0109615502879, 0.011156165041, 0.00767947314307, 0.00377030274831, 0.0072543094866, 0.0125960167497, 0.0135657386854, 0.00712495017797, 0.00589843280613, 0.00250859186053, 0.00220141140744, 0.00174526998308, 0.00136393529829, 0.00280408188701, 0.0011553093791, 0.00093402818311, 0.00241192290559, 0.000593430479057, 0.000438002607552, 0.000410978362197, 0.000170693310793, 0.000141768119647, 0.00032817517058, 9.4519542472e-05, 0.000138806470204, 0.0001333476539, 6.05026434641e-05, 9.51195033849e-05, 3.18135607813e-05, 1.94180593098e-05, 2.50767188845e-05, 1.62556007126e-05, 9.58440159593e-06, 5.23668813912e-06, 5.94271932641e-06, 3.7348454498e-06, 3.86460715163e-06, 2.16758803617e-06, 1.63286188126e-06]}, "barkbands_crest": {"dmean": 2.01305651665, "dvar2": 8.40828514099, "mean": 8.20881271362, "var": 16.5673522949, "dmean2": 3.27344322205, "dvar": 3.16122603416, "min": 2.50814938545, "median": 7.1075925827, "max": 25.9999351501}, "mfcc": {"icov": [[0.000171463601873, -0.000226319360081, 0.000277468789136, -0.00038723659236, 9.83517747954e-05, -0.000504020019434, 0.000407994142734, -0.000476220942801, 0.000362324499292, -0.000715583271813, 0.000602214131504, -0.000113129339297, 8.74540637597e-05], [-0.000226319360081, 0.00220391456969, -0.000753527507186, -0.00019963226805, 0.00120891933329, 0.000676168652717, 0.000754928507376, -0.000517133099493, -0.000131220469484, -5.16497239005e-05, 0.000211715523619, -0.000139811003464, -0.000542417052202], [0.000277468789136, -0.000753527507186, 0.00485286535695, -0.000984141137451, -0.0012325210264, -0.000656280084513, 0.00231866911054, -0.0033101986628, 0.00123770080972, -0.00288022169843, 0.004396493081, -0.00158237828873, 0.00289369397797], [-0.00038723659236, -0.00019963226805, -0.000984141137451, 0.00857076048851, -0.00155682605691, 0.00392650347203, -0.000344264990417, -0.000492192804813, 0.00163671525661, -0.000806848227512, 0.00217747106217, 0.000181508730748, -0.00125982018653], [9.83517747954e-05, 0.00120891933329, -0.0012325210264, -0.00155682605691, 0.0176875051111, -0.00920830387622, 0.00133805256337, 0.00337680592202, -0.00253065652214, 0.00410629389808, -0.00331441219896, 0.00156735966448, 0.00149102089927], [-0.000504020019434, 0.000676168652717, -0.000656280084513, 0.00392650347203, -0.00920830387622, 0.0261207334697, -0.0145871872082, 0.0057303099893, -0.000237825224758, 0.00184223975521, -0.00291086500511, 0.00120037328452, 0.00177616928704], [0.000407994142734, 0.000754928507376, 0.00231866911054, -0.000344264990417, 0.00133805256337, -0.0145871872082, 0.0319725349545, -0.0151431746781, 0.00476867798716, -0.00266949879006, 0.00260449270718, -0.00111141847447, 0.000858563173097], [-0.000476220942801, -0.000517133099493, -0.0033101986628, -0.000492192804813, 0.00337680592202, 0.0057303099893, -0.0151431746781, 0.0295005124062, -0.0136837167665, 0.0059464792721, 0.00274955783971, -0.00106237782165, -0.000950935529545], [0.000362324499292, -0.000131220469484, 0.00123770080972, 0.00163671525661, -0.00253065652214, -0.000237825224758, 0.00476867798716, -0.0136837167665, 0.032282423228, -0.0195177420974, 0.00722758984193, -0.000638448575046, 0.00169395341072], [-0.000715583271813, -5.16497239005e-05, -0.00288022169843, -0.000806848227512, 0.00410629389808, 0.00184223975521, -0.00266949879006, 0.0059464792721, -0.0195177420974, 0.0396764501929, -0.0184034574777, 0.00909935217351, -0.00456836307421], [0.000602214131504, 0.000211715523619, 0.004396493081, 0.00217747106217, -0.00331441219896, -0.00291086500511, 0.00260449270718, 0.00274955783971, 0.00722758984193, -0.0184034574777, 0.0359091497958, -0.0192810539156, 0.0104943141341], [-0.000113129339297, -0.000139811003464, -0.00158237828873, 0.000181508730748, 0.00156735966448, 0.00120037328452, -0.00111141847447, -0.00106237782165, -0.000638448575046, 0.00909935217351, -0.0192810539156, 0.0368079021573, -0.017385147512], [8.74540637597e-05, -0.000542417052202, 0.00289369397797, -0.00125982018653, 0.00149102089927, 0.00177616928704, 0.000858563173097, -0.000950935529545, 0.00169395341072, -0.00456836307421, 0.0104943141341, -0.017385147512, 0.0311301201582]], "mean": [-639.746398926, 120.301101685, -7.32616996765, 5.55740213394, -4.62799835205, 3.44588375092, -3.48039746284, -3.45928144455, -1.41133415699, 7.65745687485, 5.85887479782, 0.209631949663, -3.07228636742], "cov": [[12754.3349609, 2112.41772461, 311.594085693, 883.16015625, -478.32901001, -346.032989502, -140.257736206, 432.48135376, 173.161834717, 178.770401001, -464.75177002, -101.409439087, 184.337371826], [2112.41772461, 1008.29315186, 229.020614624, 230.360702515, -182.503814697, -166.521347046, -65.4775848389, 137.012710571, 64.3213806152, 40.634185791, -139.777633667, -17.9685821533, 63.4506225586], [311.594085693, 229.020614624, 354.560211182, 96.2345275879, -34.9486122131, -53.3301353455, -19.7858867645, 75.2853851318, 36.2839851379, 12.7964515686, -80.8191070557, -26.2587413788, -5.90232849121], [883.16015625, 230.360702515, 96.2345275879, 217.606033325, -54.9137916565, -73.3410110474, -24.7237758636, 53.1747627258, 17.3634548187, 10.4547920227, -67.1956558228, -12.7225885391, 26.6513519287], [-478.32901001, -182.503814697, -34.9486122131, -54.9137916565, 119.511787415, 72.1399841309, 18.2005901337, -44.7470664978, -19.1445770264, -14.2077083588, 40.0781784058, -0.260056197643, -27.2182579041], [-346.032989502, -166.521347046, -53.3301353455, -73.3410110474, 72.1399841309, 107.970573425, 40.3550033569, -35.5645484924, -19.6165714264, -10.8239564896, 39.2367134094, 1.10716104507, -24.8849983215], [-140.257736206, -65.4775848389, -19.7858867645, -24.7237758636, 18.2005901337, 40.3550033569, 59.6387863159, 14.0307245255, -2.06102466583, -5.51465272903, 5.69382858276, -0.339413672686, -7.10484313965], [432.48135376, 137.012710571, 75.2853851318, 53.1747627258, -44.7470664978, -35.5645484924, 14.0307245255, 92.5223922729, 38.2641563416, 8.08701133728, -47.9964141846, -9.35466861725, 12.9983892441], [173.161834717, 64.3213806152, 36.2839851379, 17.3634548187, -19.1445770264, -19.6165714264, -2.06102466583, 38.2641563416, 62.5614700317, 27.5157012939, -19.5365352631, -9.79846858978, 2.97362089157], [178.770401001, 40.634185791, 12.7964515686, 10.4547920227, -14.2077083588, -10.8239564896, -5.51465272903, 8.08701133728, 27.5157012939, 48.8422584534, 9.11989879608, -3.84345459938, 1.58609867096], [-464.75177002, -139.777633667, -80.8191070557, -67.1956558228, 40.0781784058, 39.2367134094, 5.69382858276, -47.9964141846, -19.5365352631, 9.11989879608, 88.1225357056, 27.6657886505, -13.9734506607], [-101.409439087, -17.9685821533, -26.2587413788, -12.7225885391, -0.260056197643, 1.10716104507, -0.339413672686, -9.35466861725, -9.79846858978, -3.84345459938, 27.6657886505, 50.2717666626, 20.2885246277], [184.337371826, 63.4506225586, -5.90232849121, 26.6513519287, -27.2182579041, -24.8849983215, -7.10484313965, 12.9983892441, 2.97362089157, 1.58609867096, -13.9734506607, 20.2885246277, 53.766708374]]}, "spectral_decrease": {"dmean": 1.36967859277e-09, "dvar2": 5.71891954645e-18, "mean": -6.72949118652e-09, "var": 2.09464117559e-17, "dmean2": 2.20561546804e-09, "dvar": 2.18824571953e-18, "min": -2.72810822821e-08, "median": -6.62892540859e-09, "max": 2.82704819032e-29}, "zerocrossingrate": {"dmean": 0.00495602656156, "dvar2": 5.26247895323e-05, "mean": 0.0578760579228, "var": 0.00032024687971, "dmean2": 0.00673294439912, "dvar": 3.18874444929e-05, "min": 0.01171875, "median": 0.05615234375, "max": 0.52001953125}, "spectral_contrast_coeffs": {"dmean": [0.0499529801309, 0.0421317443252, 0.0368398241699, 0.0287564937025, 0.0187745150179, 0.012348706834], "dvar2": [0.00430964445695, 0.00298552610911, 0.00214756093919, 0.00134357786737, 0.000620604667347, 0.000300174870063], "mean": [-0.658229112625, -0.736689448357, -0.750758111477, -0.762101233006, -0.775242269039, -0.762067258358], "var": [0.00585556775331, 0.00489739142358, 0.00390720879659, 0.00205311109312, 0.00264762784354, 0.00160110113211], "dmean2": [0.0854126662016, 0.069073304534, 0.0593602694571, 0.0479663275182, 0.0322431027889, 0.0210239831358], "dvar": [0.00149656983558, 0.00109115906525, 0.000822651549242, 0.00047999585513, 0.00021197735623, 0.000102972000604], "min": [-0.967091917992, -0.986578345299, -0.972508311272, -0.969360053539, -0.964102208614, -0.960004687309], "median": [-0.654675841331, -0.737043559551, -0.752399325371, -0.762774884701, -0.778517603874, -0.759493231773], "max": [-0.378912597895, -0.470971047878, -0.513225972652, -0.603692412376, -0.614602029324, -0.666459321976]}, "spectral_skewness": {"dmean": 0.160538718104, "dvar2": 0.37711712718, "mean": 1.90331435204, "var": 1.08807170391, "dmean2": 0.275819420815, "dvar": 0.122909337282, "min": -0.0213558413088, "median": 1.7042952776, "max": 11.4712219238}, "spectral_energyband_middle_high": {"dmean": 0.00138976227026, "dvar2": 5.52776555196e-06, "mean": 0.00572652369738, "var": 1.41785740198e-05, "dmean2": 0.00216473033652, "dvar": 2.26209817811e-06, "min": 1.33868206247e-21, "median": 0.00565639790148, "max": 0.0301719494164}, "gfcc": {"icov": [[0.000302607193589, -0.000357059703674, 0.000874116492923, -0.000985222286545, 0.000426147831604, -0.000631980889011, 0.000830939912703, -0.000880404259078, 0.00074308202602, -0.000770315877162, 0.00091934640659, -0.00062609341694, 0.000807445903774], [-0.000357059703674, 0.00235136621632, -0.00216159131378, 0.000821431633085, -0.000127526524011, 0.00282152020372, -0.00226772623137, 0.000219270747039, -0.00303657283075, 0.00564811797813, -0.00328679732047, 0.00245364732109, -0.00283555965871], [0.000874116492923, -0.00216159131378, 0.00710252812132, -0.00212993845344, 0.000844009162392, -0.00344117800705, 0.00427231239155, -0.00227654189803, 0.00210603489541, -0.00244575366378, 0.00650111585855, -0.00414293492213, 0.00519555620849], [-0.000985222286545, 0.000821431633085, -0.00212993845344, 0.008395396173, 0.00027932607918, 0.00255899806507, -0.00191649852786, -0.000764180265833, 0.00298628956079, -0.00119173259009, -0.000995083712041, 0.000951223773882, -0.00220890622586], [0.000426147831604, -0.000127526524011, 0.000844009162392, 0.00027932607918, 0.0103033212945, -0.0052979150787, 0.00097314856248, 0.00333396089263, -0.0018287145067, 0.00157990481239, -0.00353242526762, 0.00492651341483, -0.00104633113369], [-0.000631980889011, 0.00282152020372, -0.00344117800705, 0.00255899806507, -0.0052979150787, 0.0211066789925, -0.010704417713, 0.00156615418382, 0.00284012919292, -0.00451743323356, 0.00764464540407, -0.00760354427621, 0.00420869933441], [0.000830939912703, -0.00226772623137, 0.00427231239155, -0.00191649852786, 0.00097314856248, -0.010704417713, 0.0268963668495, -0.0115158129483, 0.000537001236808, 0.00466150045395, -0.00654125213623, 0.0058358325623, -0.00193279725499], [-0.000880404259078, 0.000219270747039, -0.00227654189803, -0.000764180265833, 0.00333396089263, 0.00156615418382, -0.0115158129483, 0.027105730027, -0.0129006393254, 0.0027511601802, 0.00578779727221, -0.00588614074513, -0.00142376462463], [0.00074308202602, -0.00303657283075, 0.00210603489541, 0.00298628956079, -0.0018287145067, 0.00284012919292, 0.000537001236808, -0.0129006393254, 0.0368678793311, -0.0218579974025, 0.00163172511384, 0.00462109176442, -0.00268403650261], [-0.000770315877162, 0.00564811797813, -0.00244575366378, -0.00119173259009, 0.00157990481239, -0.00451743323356, 0.00466150045395, 0.0027511601802, -0.0218579974025, 0.042023152113, -0.0197232123464, 0.00661755772308, -0.00197022315115], [0.00091934640659, -0.00328679732047, 0.00650111585855, -0.000995083712041, -0.00353242526762, 0.00764464540407, -0.00654125213623, 0.00578779727221, 0.00163172511384, -0.0197232123464, 0.0399458482862, -0.0247766003013, 0.0104444101453], [-0.00062609341694, 0.00245364732109, -0.00414293492213, 0.000951223773882, 0.00492651341483, -0.00760354427621, 0.0058358325623, -0.00588614074513, 0.00462109176442, 0.00661755772308, -0.0247766003013, 0.0464486256242, -0.0218077376485], [0.000807445903774, -0.00283555965871, 0.00519555620849, -0.00220890622586, -0.00104633113369, 0.00420869933441, -0.00193279725499, -0.00142376462463, -0.00268403650261, -0.00197022315115, 0.0104444101453, -0.0218077376485, 0.0344507843256]], "mean": [-2.62129855156, 85.2444992065, -123.126113892, 10.2455015182, -59.4058074951, 12.5132169724, -36.228931427, 7.23498010635, -19.8904705048, 9.2007188797, -17.3601207733, -4.42002916336, -17.4811840057], "cov": [[18908.5585938, 229.843276978, -651.594116211, 2183.01245117, -1301.89025879, -8.88458824158, -79.699836731, 712.795349121, -344.184844971, -25.4278202057, -337.54095459, 250.150726318, 32.9248657227], [229.843276978, 2300.36035156, 212.758560181, 1.14304900169, -178.585678101, -357.136291504, 171.627990723, 210.126907349, 102.394172668, -298.215270996, -13.6862421036, -19.0173015594, 191.489440918], [-651.594116211, 212.758560181, 335.365966797, -31.698595047, 0.997491121292, 13.6266336441, -12.4925470352, 5.6589384079, -11.9736881256, -51.4535064697, -58.5195083618, -16.4017009735, -18.4438648224], [2183.01245117, 1.14304900169, -31.698595047, 393.391571045, -169.997451782, -8.69804096222, -9.45701026917, 88.1574707031, -54.9389953613, -4.1667175293, -43.7261161804, 34.0506668091, 8.23778915405], [-1301.89025879, -178.585678101, 0.997491121292, -169.997451782, 232.461990356, 53.6600265503, -3.95944905281, -87.9119033813, 19.1085033417, 28.0902805328, 33.8657493591, -30.7358627319, -25.2144069672], [-8.88458824158, -357.136291504, 13.6266336441, -8.69804096222, 53.6600265503, 138.251663208, -5.5051817894, -27.7767848969, -25.9104766846, 39.8391113281, -17.0158100128, 2.62114238739, -41.4385795593], [-79.699836731, 171.627990723, -12.4925470352, -9.45701026917, -3.95944905281, -5.5051817894, 76.8537597656, 37.954536438, 16.8666286469, -23.7938156128, 6.90517950058, -1.23620808125, 20.7818412781], [712.795349121, 210.126907349, 5.6589384079, 88.1574707031, -87.9119033813, -27.7767848969, 37.954536438, 109.994911194, 17.121219635, -25.6737251282, -21.5348949432, 15.1217794418, 28.7529163361], [-344.184844971, 102.394172668, -11.9736881256, -54.9389953613, 19.1085033417, -25.9104766846, 16.8666286469, 17.121219635, 68.6215133667, 19.1339683533, 22.4027557373, -6.40786886215, 15.7699184418], [-25.4278202057, -298.215270996, -51.4535064697, -4.1667175293, 28.0902805328, 39.8391113281, -23.7938156128, -25.6737251282, 19.1339683533, 91.2848434448, 33.1578292847, 6.62793731689, -22.0121803284], [-337.54095459, -13.6862421036, -58.5195083618, -43.7261161804, 33.8657493591, -17.0158100128, 6.90517950058, -21.5348949432, 22.4027557373, 33.1578292847, 75.8584899902, 19.2579231262, 8.24538612366], [250.150726318, -19.0173015594, -16.4017009735, 34.0506668091, -30.7358627319, 2.62114238739, -1.23620808125, 15.1217794418, -6.40786886215, 6.62793731689, 19.2579231262, 49.8651733398, 22.1370983124], [32.9248657227, 191.489440918, -18.4438648224, 8.23778915405, -25.2144069672, -41.4385795593, 20.7818412781, 28.7529163361, 15.7699184418, -22.0121803284, 8.24538612366, 22.1370983124, 65.4598083496]]}, "erbbands_spread": {"dmean": 3.8700261116, "dvar2": 27.7241096497, "mean": 27.4988307953, "var": 106.788078308, "dmean2": 6.05672550201, "dvar": 11.2945404053, "min": 1.854585886, "median": 28.2722377777, "max": 80.0205764771}, "erbbands_kurtosis": {"dmean": 0.947826623917, "dvar2": 5.73910284042, "mean": 2.02599716187, "var": 35.3239021301, "dmean2": 1.42798185349, "dvar": 2.98626375198, "min": -1.30075490475, "median": 0.394211739302, "max": 79.1012954712}, "dynamic_complexity": 4.48582267761, "erbbands_crest": {"dmean": 2.1649916172, "dvar2": 9.03458690643, "mean": 9.26163387299, "var": 25.2303714752, "dmean2": 3.45064926147, "dvar": 3.73872709274, "min": 2.83278465271, "median": 7.72007465363, "max": 29.8269577026}, "erbbands": {"dmean": [0.0339229032397, 0.330224841833, 0.951021552086, 1.95388996601, 3.61265587807, 3.68255496025, 3.83330893517, 9.75249481201, 12.5602884293, 30.1518745422, 25.5606594086, 35.0485115051, 17.6904621124, 17.6680316925, 15.1959371567, 13.5164413452, 19.0329418182, 20.0746746063, 14.8265018463, 12.5603046417, 12.0897779465, 5.34302616119, 7.90974330902, 4.60257053375, 5.97956180573, 2.81313180923, 2.27841210365, 1.62051033974, 1.18054687977, 0.609973371029, 0.419805258512, 0.26246920228, 0.203166335821, 0.0807019323111, 0.0406801253557, 0.0177827645093, 0.00554295117036, 0.00182087253779, 0.000231569836615, 9.20123056858e-06], "dvar2": [0.00668437033892, 0.726186394691, 5.37202453613, 18.116979599, 81.9615859985, 99.5471572876, 83.8479614258, 711.936950684, 729.606018066, 5375.77783203, 3012.01000977, 5680.70947266, 1335.52954102, 1581.85900879, 1067.55163574, 954.651184082, 1568.42370605, 1802.15673828, 1091.13818359, 734.490844727, 944.826416016, 177.221862793, 346.050262451, 118.002288818, 223.854751587, 63.7420158386, 29.0925197601, 13.5836811066, 5.30505037308, 1.46560835838, 0.659551680088, 0.264049321413, 0.139506474137, 0.0277638360858, 0.00692736078054, 0.00113441247959, 0.00012161124323, 1.34206547955e-05, 2.64426631702e-07, 2.07005995678e-10], "mean": [0.0482503846288, 0.435224026442, 1.40972423553, 3.74393439293, 7.14943981171, 7.92602968216, 9.2659406662, 22.0172939301, 35.3289794922, 72.4684448242, 54.8321723938, 71.5757827759, 41.783870697, 35.9959640503, 30.845407486, 26.0374221802, 37.5093536377, 40.3522872925, 30.7002563477, 25.5434589386, 21.9714679718, 10.7577228546, 14.8806629181, 10.7037172318, 12.4459848404, 7.31826877594, 5.83142328262, 4.40837478638, 3.53117537498, 2.26633524895, 1.63043928146, 1.14057850838, 0.844357073307, 0.404658079147, 0.20295676589, 0.0934845209122, 0.0303201787174, 0.00686782365665, 0.000435853609815, 4.23304663855e-05], "var": [0.0034661970567, 0.363266319036, 3.73486948013, 19.8525028229, 92.3948364258, 127.329711914, 110.632392883, 1024.16455078, 2635.36865234, 13353.1484375, 4951.50341797, 7153.67236328, 2439.18774414, 1746.40136719, 1070.53088379, 784.631408691, 1123.04370117, 1628.75854492, 1268.43005371, 541.970275879, 587.885803223, 109.444694519, 222.023620605, 92.4707717896, 156.308609009, 45.9254989624, 24.6867332458, 11.8703231812, 6.14801979065, 2.43552064896, 1.23625338078, 0.638511776924, 0.33987402916, 0.0887409076095, 0.0221241731197, 0.00464308727533, 0.000507890596054, 2.82609235001e-05, 2.07315977718e-07, 4.1777226123e-10], "dmean2": [0.0588657185435, 0.582803726196, 1.69937229156, 3.25079751015, 5.97498416901, 5.9721622467, 6.11765241623, 15.6613283157, 17.7648868561, 44.6012268066, 38.81483078, 53.3077049255, 26.2922897339, 27.492401123, 24.216583252, 21.8382110596, 31.3859462738, 32.0813980103, 23.6331005096, 21.3161907196, 20.6945915222, 9.16747951508, 13.756187439, 7.9784784317, 10.3259944916, 4.87759685516, 3.94500160217, 2.8068614006, 2.0109770298, 1.05351924896, 0.725442349911, 0.451374590397, 0.338286608458, 0.137780532241, 0.070174112916, 0.0294121373445, 0.0092849843204, 0.00302409334108, 0.000386964093195, 1.50143478095e-05], "dvar": [0.00230925809592, 0.23941603303, 1.6967215538, 6.68078708649, 29.4999256134, 37.184463501, 32.1986198425, 261.166900635, 407.69934082, 2483.67504883, 1427.38586426, 2606.0847168, 647.030090332, 704.057373047, 421.827758789, 376.251708984, 587.602844238, 756.66809082, 493.914459229, 259.47088623, 332.097198486, 62.8754844666, 119.773582458, 40.5553016663, 78.1638641357, 21.3444423676, 10.0784358978, 4.54358005524, 1.84612119198, 0.499865531921, 0.223625943065, 0.0896444618702, 0.0517959184945, 0.00942439865321, 0.00231839786284, 0.000408619176596, 4.18867603003e-05, 4.89269541504e-06, 1.0101306458e-07, 7.74499422929e-11], "min": [2.89955531859e-22, 9.03765602125e-22, 9.27179074572e-21, 3.88024447676e-20, 5.9730537549e-20, 5.59513432007e-20, 3.72426761692e-20, 4.25970175667e-19, 9.04994216559e-19, 6.10284446762e-19, 2.32867472456e-18, 3.11250817788e-18, 4.7831201933e-18, 1.7426112635e-18, 3.27156694466e-18, 6.24378549745e-18, 3.48785172058e-18, 4.71813440284e-18, 6.31107622669e-18, 7.78020441568e-18, 4.04332335425e-18, 5.01374352475e-18, 7.09891033904e-18, 1.09326832015e-17, 8.24656967222e-18, 1.83769455822e-17, 1.53134226266e-17, 1.28647107603e-17, 1.79461879695e-17, 1.48286186871e-17, 1.6094982574e-17, 1.4245125483e-17, 1.11050477889e-17, 1.31680660151e-17, 5.75415578618e-18, 5.33023771637e-18, 3.08467954733e-18, 1.35320130769e-18, 3.51272561029e-19, 3.6689915956e-20], "median": [0.0291576087475, 0.210616409779, 0.834328770638, 2.31465435028, 4.09097623825, 4.1553106308, 5.78528356552, 11.0451526642, 16.1289958954, 32.2084159851, 32.5450935364, 43.889591217, 27.7083206177, 24.0362548828, 21.7880573273, 18.5497970581, 29.268693924, 29.6088275909, 21.9787044525, 20.3615837097, 14.9831295013, 8.43131065369, 10.8366794586, 8.63144397736, 8.69407558441, 6.12165784836, 4.93257379532, 3.92813038826, 3.17953157425, 2.11773681641, 1.5473293066, 1.08710360527, 0.817485451698, 0.410753756762, 0.209288552403, 0.0968361496925, 0.0321168601513, 0.00686933239922, 0.000305360008497, 4.24631070928e-05], "max": [0.918953359127, 6.72792577744, 25.94556427, 48.6455192566, 105.962677002, 140.057479858, 110.493736267, 