{"lowlevel": {"erbbands": {"mean": [0.0367399938405, 0.286612391472, 1.29797768593, 3.68223571777, 3.73324155807, 6.35970926285, 21.6050052643, 35.9736213684, 29.3758106232, 40.9678993225, 33.1407279968, 29.4672393799, 35.1368179321, 42.5255889893, 31.3015098572, 43.7013320923, 68.1481018066, 43.9917221069, 64.5522689819, 42.5062141418, 10.0048570633, 6.58214950562, 5.08800983429, 4.06283950806, 3.35651922226, 3.18795633316, 3.35067725182, 2.61242341995, 1.44576931, 0.85513728857, 0.44496396184, 0.106819905341, 0.0260182004422, 0.0164336562157, 0.0104267159477, 0.00655649928376, 0.0174850411713, 0.0278208758682, 0.0143696907908, 0.00756733445451], "dvar": [0.00107557093725, 0.107818059623, 3.83920121193, 36.9966316223, 34.0403938293, 149.523406982, 2088.83154297, 1871.80761719, 2423.91064453, 3816.50195312, 2436.92211914, 1579.76843262, 6054.31494141, 5275.90136719, 2497.10253906, 3314.77783203, 6252.22607422, 1998.390625, 5609.59423828, 2289.59326172, 140.464950562, 118.778434753, 68.8302154541, 39.4499092102, 27.1634807587, 26.1569194794, 34.0581130981, 19.7776756287, 4.59543132782, 1.20063471794, 0.316307038069, 0.0164571236819, 0.00225386861712, 0.0010258583352, 0.000399270909838, 0.000125143429614, 0.000560622429475, 0.00147392915096, 0.000421441363869, 9.62944068306e-06], "min": [1.00745135905e-22, 8.00648784308e-22, 5.66076851674e-21, 8.35650360414e-20, 1.32569962027e-19, 9.37018307179e-20, 8.16584622777e-20, 7.03178587311e-19, 4.78217617343e-19, 9.58258340755e-19, 2.24137821861e-18, 5.72240528555e-18, 2.65808885695e-18, 1.61033402002e-18, 2.19741377585e-18, 4.80915777103e-18, 3.98753705297e-18, 4.07051857125e-18, 4.85015573732e-18, 8.88715736374e-18, 1.30929464349e-17, 8.44990803758e-18, 9.86932019022e-18, 1.28657687243e-17, 1.37905169445e-17, 2.06847943805e-17, 1.63751569193e-17, 2.7652374908e-17, 3.33371124565e-17, 1.59487188438e-17, 1.82834989884e-17, 1.45654528295e-17, 1.01111563685e-17, 1.45566185406e-17, 1.01416520361e-17, 4.77288424681e-18, 2.81700927778e-18, 1.28144152839e-18, 3.17300434217e-19, 4.02400846722e-20], "dmean": [0.0173655692488, 0.167905047536, 0.973170161247, 2.80980300903, 2.79583477974, 5.25255918503, 14.5934534073, 18.1210956573, 17.9297370911, 25.7243843079, 21.9950256348, 19.9661388397, 26.6062240601, 30.35572052, 21.396062851, 27.7028160095, 40.5184402466, 24.1008758545, 38.562664032, 25.0962543488, 5.87864494324, 4.28777980804, 3.31012225151, 2.57774710655, 2.16764354706, 2.06328558922, 2.18558287621, 1.69996452332, 0.909512042999, 0.567633926868, 0.298219740391, 0.0746639817953, 0.024468485266, 0.0162820033729, 0.0102049885318, 0.00587657978758, 0.0115902461112, 0.0168337915093, 0.00769335404038, 0.00231647724286], "dmean2": [0.0278065893799, 0.26974979043, 1.59627068043, 4.74920415878, 4.7120051384, 8.59040737152, 23.1225624084, 27.1571674347, 26.2464084625, 38.2977790833, 34.1085166931, 31.7298851013, 42.3508872986, 47.50207901, 34.2116355896, 43.8490104675, 64.274269104, 38.4555625916, 60.2072105408, 39.356048584, 9.5496931076, 6.89152431488, 5.15394544601, 4.01626396179, 3.32011222839, 3.17057919502, 3.33922076225, 2.57997846603, 1.35845482349, 0.856805562973, 0.455234467983, 0.116212598979, 0.0404769703746, 0.0269795637578, 0.0168848317116, 0.00968007463962, 0.017829887569, 0.0249352902174, 0.0112408259884, 0.00361656909809], "dvar2": [0.00251837214455, 0.256134331226, 9.61166286469, 101.878997803, 89.4998016357, 373.034088135, 4672.95947266, 3998.54492188, 5045.0625, 7649.07324219, 5453.85498047, 3729.47924805, 12164.4521484, 11569.2773438, 6218.60400391, 8161.22753906, 15693.7871094, 4744.20849609, 13457.3691406, 5649.98388672, 360.169830322, 313.1824646, 173.362564087, 94.7852630615, 63.6846580505, 60.5884857178, 78.9835739136, 44.3513031006, 9.62233543396, 2.67548131943, 0.725604712963, 0.0369091331959, 0.00550967687741, 0.00251305638812, 0.000977576593868, 0.000305107882014, 0.00128311244771, 0.00314277526923, 0.00094403361436, 2.44276234298e-05], "max": [0.558005094528, 5.69444704056, 42.8865737915, 152.093154907, 129.825424194, 225.789794922, 2053.47119141, 1097.15002441, 1688.93884277, 1906.09143066, 1086.16430664, 859.918334961, 4061.41015625, 2279.54907227, 1427.46569824, 1371.13769531, 1553.89050293, 984.330749512, 1746.94372559, 798.898193359, 316.480285645, 319.866516113, 147.619491577, 174.121246338, 128.130279541, 99.6470413208, 144.91003418, 113.743690491, 47.8989181519, 21.804359436, 12.8616065979, 3.60456776619, 0.927370071411, 0.59272480011, 0.365386664867, 0.20939655602, 0.666420221329, 1.03985726833, 0.486733108759, 0.0612476281822], "median": [0.0102922152728, 0.0995693653822, 0.569589853287, 1.43354392052, 1.64759099483, 2.21430277824, 4.78952121735, 6.31043720245, 6.95956611633, 9.88090705872, 8.07402038574, 10.2178020477, 10.8369808197, 11.0622406006, 11.0556964874, 17.1734161377, 25.7974586487, 20.1839962006, 23.9853172302, 14.2995958328, 5.09337043762, 2.86345553398, 1.92962241173, 1.66960310936, 1.36631631851, 1.31715893745, 1.2106345892, 0.902970910072, 0.553890824318, 0.358972609043, 0.185067027807, 0.0485982447863, 0.00880352780223, 0.0045536570251, 0.00297500612214, 0.00243736803532, 0.00780244776979, 0.0112724527717, 0.00638298271224, 0.00660002231598], "var": [0.00346365827136, 0.234335392714, 5.22167205811, 51.5555496216, 46.6186218262, 173.988037109, 5233.86474609, 8267.13964844, 5856.35009766, 11161.7470703, 5208.58789062, 3012.51782227, 10841.4501953, 12048.3076172, 3542.56860352, 5346.67822266, 13614.1669922, 5070.62109375, 12166.6875, 4916.73339844, 246.103210449, 157.715438843, 118.093406677, 66.3877639771, 47.4785385132, 43.873664856, 63.9308891296, 45.3765258789, 11.6687479019, 2.58277082443, 0.682144880295, 0.0339966714382, 0.00260129058734, 0.00117087748367, 0.000459329108708, 0.000148873514263, 0.00118537759408, 0.00370527198538, 0.00101654184982, 3.90566201531e-05]}, "gfcc": {"icov": [[0.000133356646984, -0.000506134994794, 0.000987804494798, -0.000739091658033, 0.000562029250432, -0.000291676318739, 0.000269654323347, 4.71924176964e-05, 0.0002204439661, -0.000225493029575, 0.000207075383514, -3.11692165269e-05, 0.000101190285932], [-0.000506134994794, 0.00452259834856, -0.00617196271196, 0.0056050135754, -0.00399121409282, 0.00211931625381, -0.00121349224355, 0.0014873027103, -0.00266005564481, 0.00293059740216, -0.00265710265376, 0.00148662354331, -0.000453648681287], [0.000987804494798, -0.00617196271196, 0.0139091573656, -0.0127080511302, 0.00922480039299, -0.00596722401679, 0.00320213567466, -0.00134288880508, 0.00219265604392, -0.00105443340726, -0.00118557864334, 0.00264401477762, -0.00129400228616], [-0.000739091658033, 0.0056050135754, -0.0127080511302, 0.0165799129754, -0.0132235232741, 0.00800371356308, -0.00221954891458, -0.00191499455832, 0.00203580060042, -0.0033563952893, 0.00655667716637, -0.00820977520198, 0.0057375705801], [0.000562029250432, -0.00399121409282, 0.00922480039299, -0.0132235232741, 0.0167533587664, -0.00987958721817, 0.00216015870683, 0.00424809614196, -0.00708251073956, 0.00962154380977, -0.00955317728221, 0.008958267048, -0.00581342726946], [-0.000291676318739, 0.00211931625381, -0.00596722401679, 0.00800371356308, -0.00987958721817, 0.0117385685444, -0.00149790639989, -0.00425729388371, 0.00702176382765, -0.0065084756352, 0.00656628515571, -0.00524444784969, 0.00252888048999], [0.000269654323347, -0.00121349224355, 0.00320213567466, -0.00221954891458, 0.00216015870683, -0.00149790639989, 0.00651776324958, 0.00016349433281, -0.00108294631355, 0.00328089343384, 0.000692185945809, -0.00153599434998, 0.00256211590022], [4.71924176964e-05, 0.0014873027103, -0.00134288880508, -0.00191499455832, 0.00424809614196, -0.00425729388371, 0.00016349433281, 0.00929444376379, -0.0068189795129, 0.0061095575802, -0.00656006066129, 0.00578554300591, -0.00362844229676], [0.0002204439661, -0.00266005564481, 0.00219265604392, 0.00203580060042, -0.00708251073956, 0.00702176382765, -0.00108294631355, -0.0068189795129, 0.0189114604145, -0.0190547183156, 0.0149453459308, -0.0100621720776, 0.00628602085635], [-0.000225493029575, 0.00293059740216, -0.00105443340726, -0.0033563952893, 0.00962154380977, -0.0065084756352, 0.00328089343384, 0.0061095575802, -0.0190547183156, 0.0348029322922, -0.0256794840097, 0.0175877697766, -0.00814354978502], [0.000207075383514, -0.00265710265376, -0.00118557864334, 0.00655667716637, -0.00955317728221, 0.00656628515571, 0.000692185945809, -0.00656006066129, 0.0149453459308, -0.0256794840097, 0.0363694317639, -0.0217523649335, 0.00879761017859], [-3.11692165269e-05, 0.00148662354331, 0.00264401477762, -0.00820977520198, 0.008958267048, -0.00524444784969, -0.00153599434998, 0.00578554300591, -0.0100621720776, 0.0175877697766, -0.0217523649335, 0.0233821254224, -0.0103573137894], [0.000101190285932, -0.000453648681287, -0.00129400228616, 0.0057375705801, -0.00581342726946, 0.00252888048999, 0.00256211590022, -0.00362844229676, 0.00628602085635, -0.00814354978502, 0.00879761017859, -0.0103573137894, 0.0158939473331]], "mean": [-58.4339485168, 100.463447571, -104.693389893, -15.0852661133, -23.0873985291, -17.7389640808, -3.00002241135, -32.0804252625, -0.244518071413, -3.21654844284, -9.05009651184, -4.88973522186, -11.8126535416], "cov": [[26343.4042969, 1401.78088379, -3105.01635742, -1434.75500488, -174.818283081, -908.170349121, 277.043426514, -1332.76062012, 331.907806396, -68.9597854614, -201.577804565, -99.251739502, -250.630477905], [1401.78088379, 908.885253906, 67.1635894775, -223.531890869, 72.7323455811, -19.5765914917, -68.4942092896, -105.930023193, 61.7201347351, 32.958442688, 31.5204219818, -111.710342407, 21.9875621796], [-3105.01635742, 67.1635894775, 851.246398926, 424.130645752, 43.0286979675, 199.414672852, -154.263473511, 247.438079834, -96.5849914551, 27.8916416168, 45.0406608582, -8.24108219147, 25.4356002808], [-1434.75500488, -223.531890869, 424.130645752, 590.581237793, 174.040740967, 47.1009788513, 35.4597244263, 99.3706970215, -32.1882781982, -67.0749282837, -9.17817020416, 96.339012146, -56.5536117554], [-174.818283081, 72.7323455811, 43.0286979675, 174.040740967, 275.782531738, 83.0861587524, 14.9494104385, -24.2864055634, 13.0815505981, -47.5846824646, -4.86061191559, 9.54620838165, 2.91882419586], [-908.170349121, -19.5765914917, 199.414672852, 47.1009788513, 83.0861587524, 264.710357666, -50.6111793518, 101.101150513, -86.4164199829, -3.53715515137, 9.60210895538, -13.740653038, 42.0625152588], [277.043426514, -68.4942092896, -154.263473511, 35.4597244263, 14.9494104385, -50.6111793518, 297.306243896, -63.0855674744, 12.0897493362, -94.3649978638, -40.789352417, 60.2823600769, -69.1562042236], [-1332.76062012, -105.930023193, 247.438079834, 99.3706970215, -24.2864055634, 101.101150513, -63.0855674744, 265.492034912, 11.4979562759, 39.0694923401, 17.5291728973, -22.237953186, 26.8208522797], [331.907806396, 61.7201347351, -96.5849914551, -32.1882781982, 13.0815505981, -86.4164199829, 12.0897493362, 11.4979562759, 187.910720825, 69.1112747192, -8.31941795349, -20.1641731262, -24.8277397156], [-68.9597854614, 32.958442688, 27.8916416168, -67.0749282837, -47.5846824646, -3.53715515137, -94.3649978638, 39.0694923401, 69.1112747192, 135.380386353, 47.336353302, -46.0974578857, 20.9430847168], [-201.577804565, 31.5204219818, 45.0406608582, -9.17817020416, -4.86061191559, 9.60210895538, -40.789352417, 17.5291728973, -8.31941795349, 47.336353302, 91.8431930542, 41.6509780884, 20.2834968567], [-99.251739502, -111.710342407, -8.24108219147, 96.339012146, 9.54620838165, -13.740653038, 60.2823600769, -22.237953186, -20.1641731262, -46.0974578857, 41.6509780884, 160.187423706, 18.5663871765], [-250.630477905, 21.9875621796, 25.4356002808, -56.5536117554, 2.91882419586, 42.0625152588, -69.1562042236, 26.8208522797, -24.8277397156, 20.9430847168, 20.2834968567, 18.5663871765, 120.693855286]]}, "spectral_skewness": {"mean": 2.89082574844, "dvar": 0.157937914133, "min": 0.00053544860566, "dmean": 0.415324568748, "dmean2": 0.603789865971, "dvar2": 0.371680051088, "max": 7.41356706619, "median": 2.88861584663, "var": 0.618340492249}, "spectral_energyband_low": {"mean": 0.00367195112631, "dvar": 1.36312091854e-05, "min": 3.11792097861e-23, "dmean": 0.00205343868583, "dmean2": 0.00335221621208, "dvar2": 3.5483364627e-05, "max": 0.060310088098, "median": 0.00195012427866, "var": 2.45203500526e-05}, "spectral_energyband_middle_low": {"mean": 0.0128615321591, "dvar": 7.29428356863e-05, "min": 5.071364364e-22, "dmean": 0.00576185714453, "dmean2": 0.00864331610501, "dvar2": 0.000157746078912, "max": 0.251181393862, "median": 0.00736246490851, "var": 0.000261663575657}, "mfcc": {"icov": [[0.000210603568121, -0.000257762498222, 0.000429334817454, -0.000103670841781, 7.93507497292e-05, -5.94354351051e-05, 0.000207902048714, 5.55080223421e-05, 0.000203910443815, 5.32340673089e-05, 0.000239755972871, -0.000272055942332, 0.000291097792797], [-0.000257762498222, 0.00117858301383, -0.000472199579235, 0.000399020063924, -1.30015141622e-05, -0.000538178603165, 5.31005798621e-06, 0.000501997827087, -0.000248607888352, 0.000106006998976, -0.000913504161872, 0.000757731031626, -0.000554777274374], [0.000429334817454, -0.000472199579235, 0.00310579594225, -0.000963672646321, -0.000954720191658, 0.00134972238448, -0.0012363626156, 0.000792782171629, 0.000202218812774, 0.000274109508609, 0.000192493534996, -0.00135079340544, 0.00133511272725], [-0.000103670841781, 0.000399020063924, -0.000963672646321, 0.00354506797157, -0.000502553710248, -0.00131770444568, 0.00203111814335, -0.00269838003442, 0.00137408066075, -0.000705076265149, 0.000638603465632, -0.0010336387204, 0.000815381470602], [7.93507497292e-05, -1.30015141622e-05, -0.000954720191658, -0.000502553710248, 0.00344988727011, -0.00108190975152, -0.000502843176946, 0.00151579850353, -0.00173925154377, 0.0010282114381, -0.000899117731024, 0.000517021806445, -0.00151604658458], [-5.94354351051e-05, -0.000538178603165, 0.00134972238448, -0.00131770444568, -0.00108190975152, 0.0075148884207, -0.00214563589543, -0.00128218648024, 0.00236090319231, -0.00154996186029, 0.00215868325904, 0.000897916848771, 0.000523633032572], [0.000207902048714, 5.31005798621e-06, -0.0012363626156, 0.00203111814335, -0.000502843176946, -0.00214563589543, 0.009058826603, -0.00318177836016, -0.000448194768978, 0.00307215494104, -0.000619055354036, 0.00050178397214, 0.00224756007083], [5.55080223421e-05, 0.000501997827087, 0.000792782171629, -0.00269838003442, 0.00151579850353, -0.00128218648024, -0.00318177836016, 0.00921747274697, -0.00423596985638, 0.00310985487886, -0.000454115128377, -0.000918822770473, -0.0010124000255], [0.000203910443815, -0.000248607888352, 0.000202218812774, 0.00137408066075, -0.00173925154377, 0.00236090319231, -0.000448194768978, -0.00423596985638, 0.0137603515759, -0.00743582611904, 0.00404864037409, -0.00119457649998, 0.000553950027097], [5.32340673089e-05, 0.000106006998976, 0.000274109508609, -0.000705076265149, 0.0010282114381, -0.00154996186029, 0.00307215494104, 0.00310985487886, -0.00743582611904, 0.014685981907, -0.0078336680308, 0.0022497959435, 0.000197764034965], [0.000239755972871, -0.000913504161872, 0.000192493534996, 0.000638603465632, -0.000899117731024, 0.00215868325904, -0.000619055354036, -0.000454115128377, 0.00404864037409, -0.0078336680308, 0.0191804450005, -0.00859506241977, 0.00480632018298], [-0.000272055942332, 0.000757731031626, -0.00135079340544, -0.0010336387204, 0.000517021806445, 0.000897916848771, 0.00050178397214, -0.000918822770473, -0.00119457649998, 0.0022497959435, -0.00859506241977, 0.0182535015047, -0.00889318529516], [0.000291097792797, -0.000554777274374, 0.00133511272725, 0.000815381470602, -0.00151604658458, 0.000523633032572, 0.00224756007083, -0.0010124000255, 0.000553950027097, 0.000197764034965, 0.00480632018298, -0.00889318529516, 0.0195819661021]], "mean": [-709.491394043, 163.344497681, -24.4131813049, 17.5727539062, -13.5657396317, 24.5769557953, -8.51381778717, -3.58871483803, -5.57816410065, 5.0357208252, 1.38199675083, -2.00751447678, 0.178914129734], "cov": [[14243.4931641, 2438.06518555, -2431.98608398, -160.92515564, -1078.17590332, 490.971466064, -694.703125, -278.275390625, -385.313323975, 63.6199531555, -130.473236084, -181.195220947, -41.4111709595], [2438.06518555, 1539.48376465, -257.3722229, -242.19418335, -85.9792251587, 80.4221496582, -111.920143127, -213.912750244, -60.5528411865, 58.1244087219, 41.1547660828, -66.8113174438, -11.3339767456], [-2431.98608398, -257.3722229, 900.288146973, 97.5137176514, 333.796783447, -132.727401733, 160.219100952, 5.15063285828, 56.3050346375, -28.1544208527, 50.1358947754, 65.8866729736, -9.00421142578], [-160.92515564, -242.19418335, 97.5137176514, 517.525756836, 47.4508132935, 85.6483840942, -16.5903301239, 158.779998779, -20.4201927185, -27.0410957336, -21.2675933838, 40.6996078491, 3.38382315636], [-1078.17590332, -85.9792251587, 333.796783447, 47.4508132935, 471.830566406, -7.36747598648, 78.5374069214, -22.5350704193, 49.6924133301, -13.629491806, 18.1198711395, 21.5446205139, 19.4735355377], [490.971466064, 80.4221496582, -132.727401733, 85.6483840942, -7.36747598648, 223.142730713, 33.3065109253, 58.3120498657, -37.3544654846, -27.3792381287, -42.7585792542, -34.0752716064, -10.5296449661], [-694.703125, -111.920143127, 160.219100952, -16.5903301239, 78.5374069214, 33.3065109253, 221.870315552, 85.6618347168, 13.919801712, -68.4430847168, -18.8869094849, -8.73724842072, -17.9586105347], [-278.275390625, -213.912750244, 5.15063285828, 158.779998779, -22.5350704193, 58.3120498657, 85.6618347168, 243.111953735, 29.1524524689, -58.2363815308, -34.8391952515, 17.8280067444, 6.95796966553], [-385.313323975, -60.5528411865, 56.3050346375, -20.4201927185, 49.6924133301, -37.3544654846, 13.919801712, 29.1524524689, 125.823982239, 48.7500267029, 5.72809839249, 8.18723773956, 4.0399389267], [63.6199531555, 58.1244087219, -28.1544208527, -27.0410957336, -13.629491806, -27.3792381287, -68.4430847168, -58.2363815308, 48.7500267029, 144.283004761, 53.6650123596, 3.22207927704, -6.27648830414], [-130.473236084, 41.1547660828, 50.1358947754, -21.2675933838, 18.1198711395, -42.7585792542, -18.8869094849, -34.8391952515, 5.72809839249, 53.6650123596, 98.6874542236, 37.2296180725, -4.53298377991], [-181.195220947, -66.8113174438, 65.8866729736, 40.6996078491, 21.5446205139, -34.0752716064, -8.73724842072, 17.8280067444, 8.18723773956, 3.22207927704, 37.2296180725, 98.7489471436, 34.5625724792], [-41.4111709595, -11.3339767456, -9.00421142578, 3.38382315636, 19.4735355377, -10.5296449661, -17.9586105347, 6.95796966553, 4.0399389267, -6.27648830414, -4.53298377991, 34.5625724792, 72.8034591675]]}, "silence_rate_20dB": {"mean": 1, "dvar": 0, "min": 1, "dmean": 0, "dmean2": 0, "dvar2": 0, "max": 1, "median": 1, "var": 0}, "dynamic_complexity": 6.02988767624, "silence_rate_60dB": {"mean": 0.136115923524, "dvar": 0.023692952469, "min": 0, "dmean": 0.0242784582078, "dmean2": 0.0485629327595, "dvar2": 0.0541277118027, "max": 1, "median": 0, "var": 0.117604859173}, "dissonance": {"mean": 0.4562933743, "dvar": 0.000615877681412, "min": 0.232190936804, "dmean": 0.0252561252564, "dmean2": 0.0426566638052, "dvar2": 0.001655378961, "max": 0.500000178814, "median": 0.466268330812, "var": 0.00133121979889}, "barkbands": {"mean": [0.00072515202919, 0.00122145691421, 0.00147261971142, 0.00131935870741, 0.00182385358494, 0.00414180289954, 0.00238154549152, 0.00133988796733, 0.00152696750592, 0.001105637406, 0.000872052798513, 0.000949456123635, 0.00152467831504, 0.000822897534817, 0.00126104790252, 0.000278748659184, 0.000108039159386, 8.8667133241e-05, 7.06458813511e-05, 6.72580208629e-05, 7.68026438891e-05, 3.74928422389e-05, 1.76177745743e-05, 2.40311396738e-06, 1.45515707572e-06, 9.7322572401e-06, 0.000287033879431], "dvar": [3.63665606073e-07, 1.58360910518e-06, 5.26895200892e-06, 6.28384987067e-06, 8.43154157337e-06, 3.21204570355e-05, 1.22363080663e-05, 3.80552455681e-06, 4.72240117233e-06, 3.86884221371e-06, 2.34146295952e-06, 1.76630715032e-06, 3.55527231477e-06, 8.0436763028e-07, 2.20838728637e-06, 1.59770692676e-07, 3.84383262997e-08, 2.12962785184e-08, 1.28289308066e-08, 1.13137081925e-08, 1.6768634481e-08, 2.92497048804e-09, 4.86375884012e-10, 1.20702822737e-11, 8.03109835579e-12, 1.77188541617e-10, 2.92814856806e-08], "min": [2.48013899645e-25, 3.50326698792e-24, 7.16420991586e-24, 4.29104360383e-23, 2.81163942127e-23, 6.68555704425e-23, 2.35902527042e-23, 9.74337628821e-23, 2.39980953699e-22, 3.26820087432e-23, 3.71634991468e-23, 1.07077088888e-22, 9.11398961032e-23, 5.86582390973e-23, 1.32943522426e-22, 2.53766152867e-22, 1.32254575488e-22, 1.75308319154e-22, 3.10465309549e-22, 3.45582645503e-22, 5.95239451521e-22, 7.38575806166e-22, 6.3550992983e-22, 5.47658390944e-22, 1.43080718273e-21, 1.4904719263e-21, 2.5482072232e-21], "dmean": [0.000434069370385, 0.000643760955427, 0.00114387401845, 0.00107671401929, 0.00139499036595, 0.00227435817942, 0.00153416313697, 0.000914056960028, 0.00105287821498, 0.000880251580384, 0.000639795791358, 0.000645658758003, 0.000940598198213, 0.00050184543943, 0.000781988608651, 0.000187855795957, 7.38598682801e-05, 5.93485347054e-05, 4.57069982076e-05, 4.36179288954e-05, 4.95102867717e-05, 2.37940348597e-05, 1.17927684187e-05, 2.0121626676e-06, 1.44318255479e-06, 6.50459560347e-06, 0.000117550909636], "dmean2": [0.000767509394791, 0.00103375222534, 0.00187598867342, 0.00184135220479, 0.00226362212561, 0.00347524089739, 0.00225553940982, 0.00144019955769, 0.00166140764486, 0.00140737951733, 0.00102767674252, 0.00102882680949, 0.0015051132068, 0.000803609611467, 0.00121893198229, 0.000307972019073, 0.000119386590086, 9.27676810534e-05, 7.10484600859e-05, 6.70705194352e-05, 7.46173100197e-05, 3.5836805182e-05, 1.7964233848e-05, 3.28239389091e-06, 2.39059636442e-06, 1.00879578895e-05, 0.00018602781347], "dvar2": [1.0561121826e-06, 3.71406827071e-06, 1.32576105898e-05, 1.69159338839e-05, 2.06272325158e-05, 7.11724787834e-05, 2.50745379162e-05, 8.8273163783e-06, 1.02659805634e-05, 9.03320233192e-06, 5.49047172171e-06, 4.43346971224e-06, 8.85807912709e-06, 2.00471413336e-06, 5.2881805459e-06, 4.07286734116e-07, 1.01770837091e-07, 5.25183985189e-08, 3.06145935269e-08, 2.66429474038e-08, 3.73945603371e-08, 6.2237766052e-09, 1.1042552428e-09, 2.92846233374e-11, 1.96709627753e-11, 4.14041467778e-10, 7.62368586038e-08], "max": [0.00612509530038, 0.02293317765, 0.047607395798, 0.0706838965416, 0.0547163747251, 0.203318610787, 0.0820866301656, 0.0416252650321, 0.079114459455, 0.0571718253195, 0.0368875861168, 0.0313326232135, 0.0388068519533, 0.0188791994005, 0.0289580486715, 0.00701561197639, 0.00594203406945, 0.00271877879277, 0.00378122576512, 0.00245167710818, 0.00333326682448, 0.0012111280812, 0.000498355890159, 6.70095250825e-05, 5.19972090842e-05, 0.000364208448445, 0.00300881685689], "median": [0.000636634591501, 0.000393325433834, 0.000571715296246, 0.000432564236689, 0.000726056750864, 0.00080692616757, 0.000604271772318, 0.000307663169224, 0.000480598537251, 0.000309725612169, 0.000215622538235, 0.00036600040039, 0.0005355469184, 0.000352794420905, 0.000363029976143, 9.30857204366e-05, 4.41027441411e-05, 3.20529943565e-05, 2.93995144602e-05, 2.80270196527e-05, 2.72805300483e-05, 1.48046492541e-05, 7.35007324693e-06, 1.02586989215e-06, 3.98763575049e-07, 4.34871435573e-06, 0.000212353363167], "var": [3.22314491541e-07, 4.13380394093e-06, 7.46812293073e-06, 8.37859806779e-06, 1.18385169117e-05, 0.000105041268398, 3.04154200421e-05, 7.91461297922e-06, 9.74257909547e-06, 5.80070945944e-06, 4.38425240645e-06, 2.60293222709e-06, 7.7117147157e-06, 1.75384900558e-06, 4.87349188916e-06, 3.0057293543e-07, 4.88132450016e-08, 3.70573438602e-08, 2.10129513789e-08, 1.88647213406e-08, 3.70167505537e-08, 7.16313275362e-09, 1.05063413525e-09, 1.60199839505e-11, 9.19181571135e-12, 3.55366902571e-10, 8.62703899429e-08]}, "spectral_complexity": {"mean": 16.1790943146, "dvar": 10.9257965088, "min": 0, "dmean": 3.0068128109, "dmean2": 4.59762144089, "dvar2": 22.9950656891, "max": 50, "median": 17, "var": 69.93775177}, "spectral_energyband_high": {"mean": 0.000282354041701, "dvar": 1.03600264367e-07, "min": 8.06970182964e-21, "dmean": 0.00014492070477, "dmean2": 0.000209879406611, "dvar2": 2.19326281581e-07, "max": 0.007042306941, "median": 0.000142636534292, "var": 2.7965174354e-07}, "hfc": {"mean": 55.4321670532, "dvar": 291.551696777, "min": 1.17495328245e-16, "dmean": 14.3194694519, "dmean2": 21.8456783295, "dvar2": 689.105224609, "max": 341.114776611, "median": 50.0229873657, "var": 1679.07666016}, "melbands_kurtosis": {"mean": 9.80327320099, "dvar": 184.10446167, "min": -1.81827974319, "dmean": 5.49315738678, "dmean2": 8.94138526917, "dvar2": 475.491485596, "max": 452.727600098, "median": 2.56273579597, "var": 634.407287598}, "spectral_strongpeak": {"mean": 1.23735880852, "dvar": 8.9334564209, "min": 0, "dmean": 0.874632656574, "dmean2": 1.50060486794, "dvar2": 24.4037532806, "max": 94.2827529907, "median": 0.571700036526, "var": 6.88519191742}, "silence_rate_30dB": {"mean": 0.994426548481, "dvar": 0.00443928409368, "min": 0, "dmean": 0.00445930892602, "dmean2": 0.00891972240061, "dvar2": 0.0108221480623, "max": 1, "median": 1, "var": 0.00554237887263}, "melbands_spread": {"mean": 21.2220878601, "dvar": 75.3919372559, "min": 0.397501409054, "dmean": 6.52542734146, "dmean2": 9.9324760437, "dvar2": 148.332092285, "max": 147.286346436, "median": 18.4398498535, "var": 257.97454834}, "melbands_crest": {"mean": 13.6571016312, "dvar": 10.0394973755, "min": 1.60662448406, "dmean": 3.5767288208, "dmean2": 5.84026670456, "dvar2": 24.9430961609, "max": 39.1270561218, "median": 12.0853319168, "var": 44.617023468}, "average_loudness": 0.647728323936, "spectral_flux": {"mean": 0.0832500010729, "dvar": 0.000454811670352, "min": 1.04077871321e-10, "dmean": 0.0194425601512, "dmean2": 0.0306170582771, "dvar2": 0.00101221818477, "max": 0.325816869736, "median": 0.084143564105, "var": 0.00190269912127}, "spectral_rolloff": {"mean": 4484.40087891, "dvar": 39434032, "min": 21.533203125, "dmean": 2996.72167969, "dmean2": 5683.86621094, "dvar2": 95898784, "max": 21942.3339844, "median": 1679.58984375, "var": 48088764}, "melbands": {"mean": [0.00036093025119, 0.000592179480009, 0.000644284358714, 0.000309431081405, 0.000652479473501, 0.000799970701337, 0.000463916891022, 0.000402651290642, 0.000273889541859, 0.000190922961337, 0.000172693456989, 0.000168893384398, 0.000109578228148, 9.37375516514e-05, 0.00016699481057, 0.000127141262055, 7.23553675925e-05, 9.88320098259e-05, 9.37201548368e-05, 2.88695719064e-05, 7.59395879868e-06, 6.84558426656e-06, 5.30771467311e-06, 4.0397135308e-06, 3.20871049553e-06, 2.54757969742e-06, 2.19474236474e-06, 2.08805045077e-06, 2.10973780668e-06, 1.91776211977e-06, 1.36061396461e-06, 8.63311925059e-07, 5.8707178141e-07, 4.25903323276e-07, 2.82299538412e-07, 1.44983502537e-07, 3.1851932647e-08, 1.69372160741e-08, 1.49294088203e-08, 1.33086519583e-08], "dvar": [1.00663690716e-07, 6.02997772603e-07, 9.23970674194e-07, 2.56210029193e-07, 1.5603486645e-06, 9.17366833164e-07, 4.68758287298e-07, 3.49798256138e-07, 1.88923337419e-07, 7.5302672542e-08, 1.47578617771e-07, 8.66573941494e-08, 3.32710321516e-08, 1.62280322513e-08, 5.66345370601e-08, 2.33421602047e-08, 6.60754873039e-09, 1.61784434738e-08, 1.39401024057e-08, 1.61260171883e-09, 1.67455563305e-10, 1.57807267254e-10, 8.79369979612e-11, 5.13587748718e-11, 2.84248093813e-11, 1.87122106005e-11, 1.38556397258e-11, 1.27187158375e-11, 1.52301869033e-11, 1.22635469488e-11, 6.15688966824e-12, 1.99978878943e-12, 6.89048481901e-13, 3.24195179166e-13, 1.41455613499e-13, 3.86018325052e-14, 2.07623233723e-15, 1.14532025831e-15, 8.75756840347e-16, 6.82106632699e-16], "min": [9.21494850229e-25, 2.15156191265e-24, 1.65595630186e-23, 8.07870638657e-24, 2.82153615464e-24, 1.5096109288e-23, 7.07595689095e-24, 1.41020309514e-23, 1.61587585698e-23, 3.94865430514e-23, 1.23754897423e-23, 5.89648874749e-24, 5.83664299821e-24, 1.25850143542e-23, 8.86313231578e-24, 9.55750503949e-24, 7.0814260636e-24, 6.37336187002e-24, 1.11061273489e-23, 1.23195610819e-23, 1.6910670808e-23, 7.44155289975e-24, 1.01324063568e-23, 7.77576013314e-24, 1.0513863203e-23, 1.21578722064e-23, 7.46227233143e-24, 1.51316522049e-23, 7.98788404169e-24, 1.43592043397e-23, 1.51859226797e-23, 2.13741183849e-23, 1.14135361884e-23, 7.82841502084e-24, 8.96790172146e-24, 1.23236813024e-23, 8.1548519743e-24, 6.43744261907e-24, 1.01943761141e-23, 1.21831094445e-23], "dmean": [0.000167088714079, 0.000400327582611, 0.000461368937977, 0.000244295632001, 0.000447576137958, 0.000412379245972, 0.000281410553725, 0.000256846775301, 0.000188969410374, 0.000133710025693, 0.000135155656608, 0.000125038292026, 7.87416429375e-05, 6.33359886706e-05, 0.000108326617919, 7.77276436565e-05, 4.33826135122e-05, 6.21946383035e-05, 5.92971446167e-05, 1.9012217308e-05, 5.27205702383e-06, 4.82014547742e-06, 3.65509822586e-06, 2.78995889857e-06, 2.14977399082e-06, 1.75056413809e-06, 1.52186828473e-06, 1.42164333283e-06, 1.4271887494e-06, 1.29110367197e-06, 9.31876741106e-07, 5.70256702304e-07, 3.91979540382e-07, 2.97134846505e-07, 1.9602268253e-07, 1.0112130866e-07, 2.62886086233e-08, 1.70965517299e-08, 1.50066821192e-08, 1.32800543895e-08], "dmean2": [0.000268929288723, 0.000649052555673, 0.000773380801547, 0.00040468032239, 0.000708394276444, 0.000618157850113, 0.000410017470131, 0.000385819148505, 0.000292354641715, 0.000213718507439, 0.000216393003939, 0.000197096873308, 0.000126518687466, 0.000100476325315, 0.000173045671545, 0.000124369020341, 6.99390438967e-05, 9.81696721283e-05, 9.31424438022e-05, 3.10063660436e-05, 8.68328424986e-06, 7.85556767369e-06, 5.88644888921e-06, 4.36038726548e-06, 3.40780366059e-06, 2.73159298558e-06, 2.37494418798e-06, 2.21090613195e-06, 2.21797768063e-06, 2.00432464226e-06, 1.43761724303e-06, 8.65122956384e-07, 6.01000522238e-07, 4.55290916079e-07, 3.04355580738e-07, 1.55751919806e-07, 4.28410373843e-08, 2.8367391991e-08, 2.48821905302e-08, 2.20052900346e-08], "dvar2": [2.32695697377e-07, 1.49957202211e-06, 2.49806248576e-06, 6.40440703137e-07, 3.52267716153e-06, 1.97552321879e-06, 9.76236151473e-07, 7.14246425559e-07, 4.11857939753e-07, 1.74607933445e-07, 3.00682046372e-07, 1.94198989334e-07, 8.21482970537e-08, 4.05329707576e-08, 1.38358061008e-07, 5.90314890303e-08, 1.60522457548e-08, 3.93658936559e-08, 3.42379600227e-08, 4.10133083051e-09, 4.39837333222e-10, 4.2146103274e-10, 2.29162286369e-10, 1.26497382014e-10, 7.00663069231e-11, 4.39445528577e-11, 3.3842154773e-11, 2.98807922849e-11, 3.66201652335e-11, 2.78884970673e-11, 1.44272614688e-11, 4.4165682396e-12, 1.53440812573e-12, 7.56806780872e-13, 3.35730873441e-13, 8.69449369272e-14, 5.02073316122e-15, 2.80116124998e-15, 2.14516536079e-15, 1.67112421889e-15], "max": [0.00560027360916, 0.0160077363253, 0.0245300028473, 0.00885414518416, 0.0532361939549, 0.0213180277497, 0.0222053267062, 0.017029248178, 0.0112864626572, 0.00841745641083, 0.0195538569242, 0.00869881920516, 0.00402116822079, 0.00212217774242, 0.00756658939645, 0.00301140383817, 0.00160909269471, 0.00338053749874, 0.00208529038355, 0.000611105468124, 0.000310915027512, 0.000370750844013, 0.000196123495698, 0.000150356674567, 0.000151763510075, 0.00012297014473, 9.44518251345e-05, 7.29679304641e-05, 0.00010304384341, 0.000113922986202, 6.13918309682e-05, 3.09620481858e-05, 2.12717113754e-05, 9.7725296655e-06, 9.08235506358e-06, 5.45581724509e-06, 9.05754916403e-07, 6.57464795495e-07, 5.53515121737e-07, 4.80066944419e-07], "median": [0.000124616519315, 0.000274434336461, 0.000276076665614, 0.000141766970046, 0.000162280979566, 0.000146218197187, 0.000113068665087, 9.47884254856e-05, 6.55175244901e-05, 6.37390767224e-05, 5.02347356814e-05, 4.19083371526e-05, 3.3238731703e-05, 3.68599467038e-05, 5.49506730749e-05, 4.80369017168e-05, 2.95702229778e-05, 3.58213219442e-05, 2.57691935985e-05, 9.06876266527e-06, 3.6130013541e-06, 2.69293263955e-06, 1.91141816686e-06, 1.41391933539e-06, 1.30622970573e-06, 9.91589331534e-07, 8.72298073773e-07, 8.23864525046e-07, 7.43570751638e-07, 6.42850977783e-07, 4.48513816309e-07, 3.13694272336e-07, 2.37303765971e-07, 1.74776701556e-07, 1.16003093353e-07, 5.97502349819e-08, 1.3630559792e-08, 4.37477698512e-09, 3.91381504983e-09, 3.57881368984e-09], "var": [3.13518910389e-07, 8.92106356787e-07, 1.37803078815e-06, 2.97112904946e-07, 3.83436690754e-06, 3.77169180865e-06, 1.15622856356e-06, 9.96697167466e-07, 4.03853960051e-07, 1.41095341633e-07, 2.59893141674e-07, 1.85869438951e-07, 4.97628143137e-08, 2.43875657446e-08, 1.06223104979e-07, 4.62993341444e-08, 1.54210795245e-08, 3.20872111104e-08, 2.82942309582e-08, 3.03729064122e-09, 2.10544054413e-10, 1.92251090048e-10, 1.2881640199e-10, 8.51378273437e-11, 4.32864855071e-11, 3.05709971227e-11, 2.1583812862e-11, 2.00043072385e-11, 2.52620424579e-11, 2.42663788369e-11, 1.32837647132e-11, 4.59743484602e-12, 1.45539157982e-12, 6.17073232789e-13, 2.78635594415e-13, 8.31946951651e-14, 2.79934499958e-15, 1.29757972454e-15, 9.95621372686e-16, 7.78590249896e-16]}, "spectral_energy": {"mean": 0.0250940080732, "dvar": 0.000107487692731, "min": 1.08322031556e-20, "dmean": 0.00813003908843, "dmean2": 0.0121734393761, "dvar2": 0.000242726688157, "max": 0.275227248669, "median": 0.0207029599696, "var": 0.000477294321172}, "spectral_decrease": {"mean": -5.31661381586e-09, "dvar": 6.64482706024e-18, "min": -6.81262264379e-08, "dmean": 1.99630667552e-09, "dmean2": 3.01171088068e-09, "dvar2": 1.50712671567e-17, "max": 8.2955468883e-11, "median": -4.15864764847e-09, "var": 2.54894564249e-17}, "erbbands_spread": {"mean": 24.0063209534, "dvar": 46.0870285034, "min": 1.50280356407, "dmean": 6.23814630508, "dmean2": 9.62338256836, "dvar2": 110.573532104, "max": 149.954498291, "median": 20.6638374329, "var": 204.40864563}, "spectral_contrast_coeffs": {"mean": [-0.647881388664, -0.747558355331, -0.800578057766, -0.776788234711, -0.836679399014, -0.72091627121], "dvar": [0.0020175811369, 0.00174248055555, 0.00104542216286, 0.000794390507508, 0.000305344467051, 0.00207849941216], "min": [-0.958906292915, -0.980248570442, -0.967418253422, -0.98480373621, -0.973152160645, -0.958312392235], "dmean": [0.0569615550339, 0.0517245084047, 0.0401378311217, 0.0348393507302, 0.0209261197597, 0.0529093742371], "dmean2": [0.0937068089843, 0.0832833722234, 0.0657204836607, 0.0557199008763, 0.034317612648, 0.0812400281429], "dvar2": [0.005340507254, 0.00440054014325, 0.00270656286739, 0.00197121407837, 0.000785978802014, 0.00490754377097], "max": [-0.31066596508, -0.385706961155, -0.497420221567, -0.558080434799, -0.683535695076, -0.404057085514], "median": [-0.649619340897, -0.757532536983, -0.805120229721, -0.775327563286, -0.833156764507, -0.725734472275], "var": [0.00905654579401, 0.00775849819183, 0.00415782630444, 0.00478380173445, 0.00147001654841, 0.00855338666588]}, "spectral_energyband_middle_high": {"mean": 0.00689258892089, "dvar": 2.18476125156e-05, "min": 1.4225796033e-21, "dmean": 0.00298521202058, "dmean2": 0.00449446914718, "dvar2": 5.11458638357e-05, "max": 0.0729111358523, "median": 0.00460867583752, "var": 5.87681424804e-05}, "erbbands_crest": {"mean": 10.270611763, "dvar": 7.43859529495, "min": 1.87549066544, "dmean": 3.03182530403, "dmean2": 4.9192032814, "dvar2": 18.6049747467, "max": 31.8583621979, "median": 9.27539920807, "var": 21.474363327}, "barkbands_crest": {"mean": 9.72890377045, "dvar": 5.4068441391, "min": 2.5411221981, "dmean": 2.54324603081, "dmean2": 4.1467165947, "dvar2": 13.4187994003, "max": 26.80210495, "median": 8.29477596283, "var": 25.9515113831}, "pitch_salience": {"mean": 0.584532439709, "dvar": 0.00361172109842, "min": 0.0347296111286, "dmean": 0.0686859712005, "dmean2": 0.110212214291, "dvar2": 0.00879054330289, "max": 0.965674757957, "median": 0.614758551121, "var": 0.0203160271049}, "melbands_skewness": {"mean": 1.79420018196, "dvar": 0.57025551796, "min": -2.03558087349, "dmean": 0.692300140858, "dmean2": 1.07920479774, "dvar2": 1.40077352524, "max": 18.2809333801, "median": 1.38685870171, "var": 3.24916911125}, "spectral_spread": {"mean": 3532762.5, "dvar": 262473760768, "min": 1484960.375, "dmean": 465284.96875, "dmean2": 726810.6875, "dvar2": 504365481984, "max": 39395184, "median": 3318202, "var": 1526462283780.0}, "spectral_entropy": {"mean": 7.30223226547, "dvar": 0.0489666499197, "min": 4.4670624733, "dmean": 0.214365422726, "dmean2": 0.323971241713, "dvar2": 0.123849488795, "max": 9.79562568665, "median": 7.30178546906, "var": 0.209500730038}, "erbbands_flatness_db": {"mean": 0.183471009135, "dvar": 0.000463869044324, "min": 0.0234446637332, "dmean": 0.0252408329397, "dmean2": 0.038012791425, "dvar2": 0.00108753948007, "max": 0.398779243231, "median": 0.186471879482, "var": 0.00269073946401}, "spectral_kurtosis": {"mean": 18.4394989014, "dvar": 27.2996578217, "min": -1.18115127087, "dmean": 4.95442008972, "dmean2": 7.52945566177, "dvar2": 67.50806427, "max": 88.4875106812, "median": 16.9836349487, "var": 74.3561172485}, "erbbands_skewness": {"mean": 0.167953982949, "dvar": 0.20912361145, "min": -3.75291514397, "dmean": 0.487808376551, "dmean2": 0.754627168179, "dvar2": 0.52078717947, "max": 9.32758903503, "median": 0.0778575092554, "var": 1.09716415405}, "erbbands_kurtosis": {"mean": 1.57586431503, "dvar": 16.8003063202, "min": -1.80211126804, "dmean": 1.68921041489, "dmean2": 2.72993278503, "dvar2": 47.9756355286, "max": 131.954849243, "median": 0.407411575317, "var": 24.3748760223}, "barkbands_spread": {"mean": 21.2275505066, "dvar": 45.2201423645, "min": 0.219963863492, "dmean": 5.56343793869, "dmean2": 8.37969398499, "dvar2": 88.3162155151, "max": 101.516677856, "median": 18.6251373291, "var": 201.04750061}, "zerocrossingrate": {"mean": 0.187451139092, "dvar": 0.000767761783209, "min": 0, "dmean": 0.0301354154944, "dmean2": 0.0365805029869, "dvar2": 0.0010662045097, "max": 0.57861328125, "median": 0.185546875, "var": 0.00568385468796}, "spectral_centroid": {"mean": 1043.09509277, "dvar": 81296.0625, "min": 146.82913208, "dmean": 216.998962402, "dmean2": 318.088989258, "dvar2": 137196.671875, "max": 11035.4726562, "median": 923.242919922, "var": 359492.09375}, "barkbands_skewness": {"mean": 1.76091527939, "dvar": 0.626095712185, "min": -1.98490977287, "dmean": 0.624940633774, "dmean2": 0.977260529995, "dvar2": 1.59493744373, "max": 30.2359600067, "median": 1.28185248375, "var": 4.76546382904}, "melbands_flatness_db": {"mean": 0.243160620332, "dvar": 0.000820275687147, "min": 0.00390611449257, "dmean": 0.031453602016, "dmean2": 0.0478018783033, "dvar2": 0.00194689398631, "max": 0.606804072857, "median": 0.235050871968, "var": 0.00498959328979}, "spectral_contrast_valleys": {"mean": [-7.9518532753, -6.84537315369, -7.3205947876, -7.65866231918, -8.28056907654, -11.7794885635], "dvar": [0.13792014122, 0.134574458003, 0.134293437004, 0.118586979806, 0.131256297231, 0.349350512028], "min": [-27.5585441589, -27.6993541718, -27.6927223206, -27.1089134216, -27.2355690002, -27.2697925568], "dmean": [0.42555475235, 0.400225043297, 0.366023659706, 0.322727173567, 0.35130417347, 0.689768373966], "dmean2": [0.689194321632, 0.627026319504, 0.561870098114, 0.492764621973, 0.506659567356, 1.11188149452], "dvar2": [0.323700040579, 0.282929807901, 0.26923045516, 0.251204878092, 0.27672791481, 0.873830914497], "max": [-5.41853094101, -4.61597585678, -4.74649572372, -5.36845254898, -5.65211772919, -9.06199741364], "median": [-7.63003873825, -6.43824529648, -6.90341901779, -7.14412403107, -7.91983890533, -11.5813407898], "var": [2.30564141273, 2.84751415253, 3.02199411392, 3.02590703964, 2.43785214424, 1.81490111351]}, "barkbands_flatness_db": {"mean": 0.147857323289, "dvar": 0.000521182548255, "min": 0.0358248762786, "dmean": 0.0243038013577, "dmean2": 0.0371649749577, "dvar2": 0.00125563086476, "max": 0.540732800961, "median": 0.134481519461, "var": 0.004394