{"lowlevel": {"erbbands": {"mean": [0.0865948721766, 1.42940795422, 4.24312829971, 7.64837121964, 10.60754776, 11.0820837021, 12.9556159973, 14.4385051727, 20.308588028, 28.0059700012, 44.4277153015, 29.7060470581, 23.8438224792, 24.5359458923, 47.3198852539, 52.1609191895, 27.2308692932, 24.4814052582, 19.5442714691, 18.5710124969, 17.7639331818, 14.5731964111, 11.3730554581, 10.3588323593, 8.52937602997, 9.23538208008, 7.03583288193, 4.56690597534, 4.25837755203, 5.17630815506, 5.93142652512, 4.81839799881, 2.89151024818, 1.46826100349, 0.528386831284, 0.130916297436, 0.0204042680562, 0.00352046242915, 0.000608803937212, 7.36315341783e-05], "dvar": [0.0796270594001, 26.5083427429, 79.8511734009, 168.827804565, 159.298461914, 89.7913665771, 183.723312378, 428.78994751, 1935.14123535, 2887.48950195, 7253.28076172, 3402.4375, 1725.30102539, 1730.70654297, 6223.00097656, 12527.3212891, 1233.96838379, 1387.63256836, 1021.67370605, 1223.53295898, 465.846405029, 223.152511597, 206.073059082, 135.381790161, 123.361579895, 178.043884277, 94.739692688, 36.350276947, 74.7832794189, 193.602508545, 181.796142578, 124.183143616, 74.4996414185, 11.6350631714, 1.61090016365, 0.104454942048, 0.00138754409272, 5.28492964804e-05, 3.02063381241e-06, 2.1730116373e-08], "min": [4.56882393221e-23, 8.73827762792e-22, 2.01543565991e-21, 2.97636063385e-21, 1.36887421541e-20, 3.99973653236e-20, 4.88586701137e-20, 6.9051926012e-20, 7.77232474487e-20, 2.76054520538e-19, 2.82615820555e-19, 3.5186301289e-19, 6.36138028506e-19, 5.72308222948e-19, 1.01419012243e-18, 1.26512828594e-18, 1.46122385786e-18, 2.45626278455e-18, 2.44633599681e-18, 2.99894868748e-18, 3.66682672177e-18, 4.82165233418e-18, 5.47013174233e-18, 7.06971417214e-18, 9.13521063147e-18, 9.00055389955e-18, 7.00036748549e-18, 1.10296138801e-17, 1.11430029713e-17, 1.29103454875e-17, 1.030452059e-17, 1.02047584722e-17, 9.38058962428e-18, 8.02576042515e-18, 6.09017392179e-18, 4.27571974734e-18, 2.23782485749e-18, 9.52419583004e-19, 2.48287178899e-19, 2.54169903238e-20], "dmean": [0.0984851941466, 1.77632069588, 3.85034871101, 5.50868654251, 6.75380992889, 5.84231710434, 6.75485754013, 9.37005996704, 14.7323417664, 20.3636760712, 31.4631767273, 21.0283470154, 15.7421703339, 15.9865112305, 30.97265625, 33.7599334717, 16.9072399139, 16.0269775391, 13.1830968857, 12.1159038544, 10.7186031342, 8.63023281097, 6.87015295029, 6.02714300156, 5.04612922668, 5.55755901337, 4.12700653076, 2.75784492493, 2.66551208496, 3.46710753441, 4.03274345398, 3.27708411217, 1.90615284443, 1.07513523102, 0.388437062502, 0.0936758071184, 0.0141431177035, 0.00258285179734, 0.000488136953209, 4.86398930661e-05], "dmean2": [0.17060507834, 3.17927694321, 6.6280002594, 9.10651302338, 10.9897642136, 9.69950675964, 10.9595193863, 15.0154905319, 23.5045509338, 32.6990242004, 51.9868812561, 33.4298782349, 25.0149765015, 25.280626297, 48.4662857056, 53.6319007874, 26.4379940033, 25.3512649536, 20.5319595337, 18.4991264343, 15.8135004044, 12.7007951736, 9.86100387573, 8.82370662689, 7.18858718872, 7.97070550919, 5.91034030914, 3.91145396233, 3.73101496696, 4.97764158249, 6.0178694725, 4.86972665787, 2.75489783287, 1.58759641647, 0.571891665459, 0.137461319566, 0.0200723744929, 0.0036025152076, 0.000695454305969, 7.14853449608e-05], "dvar2": [0.209191307425, 72.5047836304, 213.649230957, 444.041687012, 405.847717285, 236.959381104, 457.802185059, 1023.83026123, 4636.56835938, 7080.93652344, 19822.3847656, 8284.51855469, 4278.52587891, 4163.87548828, 15283.4736328, 31819.2597656, 2755.50756836, 3400.06103516, 2438.06396484, 2950.60864258, 996.180114746, 453.695800781, 437.324676514, 287.286132812, 272.031524658, 374.942687988, 200.878753662, 76.0525436401, 162.472854614, 456.170440674, 419.371551514, 255.237808228, 149.681869507, 23.3407497406, 3.26353764534, 0.205497592688, 0.00282760360278, 0.000100678327726, 6.15676026428e-06, 4.90758260696e-08], "max": [2.28246450424, 37.4104499817, 87.0802154541, 150.720794678, 155.12701416, 124.395782471, 296.925201416, 624.766723633, 1035.87719727, 1112.9074707, 1580.42468262, 1398.80700684, 962.305664062, 1223.08325195, 1868.55834961, 3011.0925293, 684.164123535, 818.791870117, 1055.00463867, 1174.65563965, 546.720397949, 288.077514648, 325.2734375, 370.32232666, 360.283538818, 390.204803467, 308.887542725, 130.412506104, 321.599975586, 423.0546875, 365.316650391, 415.772369385, 393.481903076, 134.822433472, 52.420375824, 15.3757591248, 1.219856143, 0.21286688745, 0.0377132482827, 0.00465702731162], "median": [0.0207865107805, 0.327161222696, 1.8478500843, 4.31361675262, 6.50284528732, 7.82522916794, 7.21624326706, 5.59201145172, 4.66654205322, 7.60842180252, 8.64490127563, 8.69737911224, 8.09917163849, 10.540854454, 16.4273719788, 11.3276844025, 10.3863706589, 10.5054330826, 7.44931602478, 8.19228744507, 8.87554645538, 7.36605548859, 4.6203584671, 4.65331077576, 2.9480805397, 2.38409280777, 1.74037289619, 1.08189153671, 0.948785007, 1.0297306776, 1.24516832829, 0.839353084564, 0.495502322912, 0.326247572899, 0.119674183428, 0.0293259061873, 0.00437779864296, 0.000563304929528, 5.70891388634e-05, 3.03686138068e-05], "var": [0.0601760186255, 17.6066474915, 62.1562728882, 161.009338379, 188.413208008, 143.669403076, 349.667938232, 727.927429199, 3014.41210938, 4515.29101562, 11840.2070312, 5106.00976562, 3045.33447266, 2882.92431641, 11171.9912109, 22585.9609375, 2535.25708008, 2402.88696289, 1575.40856934, 1659.98681641, 810.07220459, 442.3097229, 383.136566162, 261.716369629, 237.475646973, 375.566467285, 228.632659912, 91.074798584, 116.48714447, 230.892669678, 248.812637329, 233.219741821, 137.41998291, 23.0781803131, 3.33196282387, 0.217705249786, 0.00302881374955, 0.000108629647002, 5.01378872286e-06, 3.04019955877e-08]}, "gfcc": {"icov": [[0.000136568851303, -0.000138107454404, 0.000272582488833, -0.000313575292239, 0.000256770988926, -0.000228598379181, 0.000361066136975, -0.000222563670832, 0.000244776572799, -0.00036376377102, 0.000340811588103, -0.000320956110954, 0.000274046848062], [-0.000138107454404, 0.00143563118763, -0.00039981372538, 0.000959828612395, -0.000974636815954, 0.000652488262858, -0.00065490329871, 0.000593213015236, -0.000162917101989, 0.00179796584416, -0.00156335823704, 0.00187955901492, -0.00146100088023], [0.000272582488833, -0.00039981372538, 0.00165443134028, -0.000788438948803, 0.000317389989505, -0.000921841186937, 0.000249855336733, -0.000195962333237, 0.000742243544664, -0.00105295632966, 0.00149210216478, -0.00153969449457, 9.32380280574e-05], [-0.000313575292239, 0.000959828612395, -0.000788438948803, 0.00362857501023, -0.000643259380013, -0.000291767995805, -0.000356778327841, 0.00139639200643, -0.000259798835032, 0.00196699611843, -0.00112543499563, 0.00202403054573, -0.00256209797226], [0.000256770988926, -0.000974636815954, 0.000317389989505, -0.000643259380013, 0.00565376365557, -0.00139431247953, -0.00103864830453, 0.000849731673952, -0.00231732847169, -0.000108113054011, 0.00197420222685, -0.00150638422929, -0.00103440054227], [-0.000228598379181, 0.000652488262858, -0.000921841186937, -0.000291767995805, -0.00139431247953, 0.00860161241144, -0.00143505632877, -0.00378311262466, 0.002034726087, 0.000357472570613, -0.000733863620553, 0.00145753542893, -0.000908767164219], [0.000361066136975, -0.00065490329871, 0.000249855336733, -0.000356778327841, -0.00103864830453, -0.00143505632877, 0.00712769385427, -0.000818019674625, -0.000119902324514, -0.000780211528763, -0.00061075866688, -0.000308737944579, 0.00270310789347], [-0.000222563670832, 0.000593213015236, -0.000195962333237, 0.00139639200643, 0.000849731673952, -0.00378311262466, -0.000818019674625, 0.0109682148322, -0.00619820412248, 0.0023163149599, 0.000361113925464, -0.000982695142739, 0.000171755003976], [0.000244776572799, -0.000162917101989, 0.000742243544664, -0.000259798835032, -0.00231732847169, 0.002034726087, -0.000119902324514, -0.00619820412248, 0.0164150912315, -0.00576426228508, -0.0007157495711, 0.00258118496276, -0.000697249430232], [-0.00036376377102, 0.00179796584416, -0.00105295632966, 0.00196699611843, -0.000108113054011, 0.000357472570613, -0.000780211528763, 0.0023163149599, -0.00576426228508, 0.0164443701506, -0.00893047451973, 0.00362775637768, 0.00109957775567], [0.000340811588103, -0.00156335823704, 0.00149210216478, -0.00112543499563, 0.00197420222685, -0.000733863620553, -0.00061075866688, 0.000361113925464, -0.0007157495711, -0.00893047451973, 0.0195084195584, -0.0106893777847, 0.00190521357581], [-0.000320956110954, 0.00187955901492, -0.00153969449457, 0.00202403054573, -0.00150638422929, 0.00145753542893, -0.000308737944579, -0.000982695142739, 0.00258118496276, 0.00362775637768, -0.0106893777847, 0.0230534300208, -0.00853646174073], [0.000274046848062, -0.00146100088023, 9.32380280574e-05, -0.00256209797226, -0.00103440054227, -0.000908767164219, 0.00270310789347, 0.000171755003976, -0.000697249430232, 0.00109957775567, 0.00190521357581, -0.00853646174073, 0.0196134988219]], "mean": [-23.0886955261, 99.0601959229, -108.143463135, 27.6318035126, -58.3439865112, 22.8328456879, -40.1274795532, 5.81465005875, -25.3740615845, -6.00982522964, -13.2965784073, -5.65941429138, -11.739859581], "cov": [[19643.1210938, -1133.90222168, -2353.18505859, 936.74609375, -1147.40783691, 161.061920166, -1025.15063477, 196.433242798, -272.206176758, 82.1927490234, -99.4491729736, -54.4765548706, -167.192047119], [-1133.90222168, 1342.25927734, 190.59928894, -193.074874878, 276.59576416, -68.518951416, 140.115341187, -79.2223587036, 6.42925882339, -109.873947144, 4.1564002037, -27.8649902344, 76.3530273438], [-2353.18505859, 190.59928894, 1141.20385742, 93.28125, 155.456787109, 84.9315109253, 99.5088577271, -30.1161956787, -37.5148162842, -54.9162406921, -43.0569114685, 46.5946159363, 78.727973938], [936.74609375, -193.074874878, 93.28125, 484.422210693, -20.1981964111, 52.723526001, -70.5244903564, -34.616355896, -54.1118354797, -54.2692184448, -40.0958786011, 0.702723443508, 52.0855522156], [-1147.40783691, 276.59576416, 155.456787109, -20.1981964111, 323.108154297, 24.0281219482, 107.448989868, -11.6065950394, 40.8455429077, -32.1210899353, -14.2957696915, 3.97144150734, 43.0749320984], [161.061920166, -68.518951416, 84.9315109253, 52.723526001, 24.0281219482, 172.744018555, 25.8397846222, 61.2756233215, -4.79908180237, -10.1653175354, -12.9315242767, 0.984357655048, 6.38629293442], [-1025.15063477, 140.115341187, 99.5088577271, -70.5244903564, 107.448989868, 25.8397846222, 229.064666748, 17.2974071503, 35.955909729, 10.246304512, 18.658411026, -5.58521938324, -13.3210887909], [196.433242798, -79.2223587036, -30.1161956787, -34.616355896, -11.6065950394, 61.2756233215, 17.2974071503, 152.03817749, 48.7297058105, 11.1662988663, 0.0225316770375, 0.159514665604, -13.3393707275], [-272.206176758, 6.42925882339, -37.5148162842, -54.1118354797, 40.8455429077, -4.79908180237, 35.955909729, 48.7297058105, 108.811508179, 45.1616363525, 21.1040534973, -10.1920204163, -11.2078924179], [82.1927490234, -109.873947144, -54.9162406921, -54.2692184448, -32.1210899353, -10.1653175354, 10.246304512, 11.1662988663, 45.1616363525, 124.546279907, 55.5445518494, 0.145068079233, -30.5451545715], [-99.4491729736, 4.1564002037, -43.0569114685, -40.0958786011, -14.2957696915, -12.9315242767, 18.658411026, 0.0225316770375, 21.1040534973, 55.5445518494, 100.421447754, 32.5927581787, -5.19162321091], [-54.4765548706, -27.8649902344, 46.5946159363, 0.702723443508, 3.97144150734, 0.984357655048, -5.58521938324, 0.159514665604, -10.1920204163, 0.145068079233, 32.5927581787, 74.9084777832, 28.6454944611], [-167.192047119, 76.3530273438, 78.727973938, 52.0855522156, 43.0749320984, 6.38629293442, -13.3210887909, -13.3393707275, -11.2078924179, -30.5451545715, -5.19162321091, 28.6454944611, 84.2446517944]]}, "spectral_skewness": {"mean": 1.82956242561, "dvar": 0.0544637180865, "min": -0.535466074944, "dmean": 0.232274234295, "dmean2": 0.352483093739, "dvar2": 0.128790661693, "max": 6.98702764511, "median": 1.74142551422, "var": 0.787086308002}, "spectral_energyband_low": {"mean": 0.0106004821137, "dvar": 0.000551579461899, "min": 1.41944381179e-23, "dmean": 0.00979068782181, "dmean2": 0.0168649386615, "dvar2": 0.00145961763337, "max": 0.193173468113, "median": 0.00464057829231, "var": 0.000422286626417}, "spectral_energyband_middle_low": {"mean": 0.0131302410737, "dvar": 8.28253469081e-05, "min": 1.48388813105e-22, "dmean": 0.00624240608886, "dmean2": 0.00976098515093, "dvar2": 0.000196521257749, "max": 0.092521712184, "median": 0.00987109169364, "var": 0.000149906321894}, "mfcc": {"icov": [[0.000120091783174, 4.94378036819e-05, 0.000108200365503, -9.11635434022e-05, 7.38544440537e-06, 6.89836379024e-05, 0.00020353551372, -0.000137995695695, 0.000242011097725, -0.000108808140794, 0.000284113368252, -0.000233799801208, 0.00019646473811], [4.94378036819e-05, 0.000819177716039, 0.000131279011839, 0.00015651078138, -0.00040162957157, 0.000242741953116, -0.000536680221558, 0.000314371543936, -0.000278759194771, 0.000550146796741, -0.000255424150964, 0.000346737069776, -0.000200021328055], [0.000108200365503, 0.000131279011839, 0.00166507763788, -0.000353635376086, -0.000389330205508, -0.000124919606606, -0.000877090671565, 0.00012688402785, 0.000161503936397, 0.000114111244329, 0.000807729084045, -0.000522061076481, 0.000860236701556], [-9.11635434022e-05, 0.00015651078138, -0.000353635376086, 0.00485990475863, -0.000505977659486, -0.00235229940154, 0.000131091568619, 0.000307285547024, 6.5247004386e-05, 0.000370982772438, 0.000609670300037, 0.00162288639694, -0.000337742589181], [7.38544440537e-06, -0.00040162957157, -0.000389330205508, -0.000505977659486, 0.00645027775317, -0.00176221656147, 0.00169163255487, -0.00165017717518, -0.00131728069391, -0.000356117612682, 0.00118780788034, 0.000824255170301, 0.000517986540217], [6.89836379024e-05, 0.000242741953116, -0.000124919606606, -0.00235229940154, -0.00176221656147, 0.0112521965057, -0.00556377833709, 0.00264349929057, -0.00107528315857, 0.000495372281875, -0.000964987557381, -0.000272655655863, 0.00153388804756], [0.00020353551372, -0.000536680221558, -0.000877090671565, 0.000131091568619, 0.00169163255487, -0.00556377833709, 0.0140675166622, -0.00565587775782, 0.000343090767274, -0.000751328363549, -0.000243964474066, -0.000419973803218, -0.00158336851746], [-0.000137995695695, 0.000314371543936, 0.00012688402785, 0.000307285547024, -0.00165017717518, 0.00264349929057, -0.00565587775782, 0.0118351057172, -0.00519735133275, 0.00103284558281, -0.000185627155588, 0.000955269671977, 0.00021211465355], [0.000242011097725, -0.000278759194771, 0.000161503936397, 6.5247004386e-05, -0.00131728069391, -0.00107528315857, 0.000343090767274, -0.00519735133275, 0.014244181104, -0.00485361879691, -4.54738692497e-05, 0.000609366456047, 0.0014270771062], [-0.000108808140794, 0.000550146796741, 0.000114111244329, 0.000370982772438, -0.000356117612682, 0.000495372281875, -0.000751328363549, 0.00103284558281, -0.00485361879691, 0.0152672166005, -0.00584060978144, -0.000722850498278, -5.04113668285e-05], [0.000284113368252, -0.000255424150964, 0.000807729084045, 0.000609670300037, 0.00118780788034, -0.000964987557381, -0.000243964474066, -0.000185627155588, -4.54738692497e-05, -0.00584060978144, 0.0171282440424, -0.00849639251828, 0.00102961354423], [-0.000233799801208, 0.000346737069776, -0.000522061076481, 0.00162288639694, 0.000824255170301, -0.000272655655863, -0.000419973803218, 0.000955269671977, 0.000609366456047, -0.000722850498278, -0.00849639251828, 0.0228884611279, -0.00969024002552], [0.00019646473811, -0.000200021328055, 0.000860236701556, -0.000337742589181, 0.000517986540217, 0.00153388804756, -0.00158336851746, 0.00021211465355, 0.0014270771062, -5.04113668285e-05, 0.00102961354423, -0.00969024002552, 0.0181130133569]], "mean": [-660.150085449, 123.830932617, 10.6876688004, 11.7870788574, 9.09032058716, 7.31174230576, 2.37895441055, 6.19220304489, -4.5626115799, 1.17744004726, -5.57826089859, 0.415904611349, 0.175850465894], "cov": [[11131.3212891, -903.378417969, -707.793212891, 93.2883911133, -117.335838318, -245.221801758, -366.801727295, -92.5518875122, -264.061523438, -46.7055702209, -186.76776123, 11.9776268005, -64.5178756714], [-903.378417969, 1416.55847168, -29.6386623383, -44.0464248657, 82.1510772705, 10.8875226974, 65.1161727905, 18.2507705688, 45.0004806519, -35.53855896, 10.2971496582, -24.5257167816, 10.884396553], [-707.793212891, -29.6386623383, 783.860717773, 113.91317749, 89.4542922974, 90.5555953979, 83.5058135986, 29.7053146362, 23.4083347321, -28.2577266693, -57.6838226318, -44.3693809509, -53.4097213745], [93.2883911133, -44.0464248657, 113.91317749, 284.017974854, 60.3446731567, 80.0084762573, 18.4917106628, 0.262375861406, 2.59023356438, -25.9931106567, -48.5413856506, -49.4732055664, -32.4848670959], [-117.335838318, 82.1510772705, 89.4542922974, 60.3446731567, 214.540664673, 47.5383872986, 12.7599620819, 42.7313194275, 43.9471321106, -6.73945236206, -36.1475410461, -42.9685630798, -34.9035186768], [-245.221801758, 10.8875226974, 90.5555953979, 80.0084762573, 47.5383872986, 147.914138794, 61.7983551025, 8.24467849731, 22.1661434174, -1.07070636749, -3.5905251503, -15.116976738, -18.2413635254], [-366.801727295, 65.1161727905, 83.5058135986, 18.4917106628, 12.7599620819, 61.7983551025, 129.722640991, 56.0232925415, 32.5127182007, 9.6096572876, 11.3499603271, 1.41254496574, 3.73770785332], [-92.5518875122, 18.2507705688, 29.7053146362, 0.262375861406, 42.7313194275, 8.24467849731, 56.0232925415, 140.797988892, 61.4056015015, 10.4600992203, -2.09648871422, -13.5004148483, -10.7844352722], [-264.061523438, 45.0004806519, 23.4083347321, 2.59023356438, 43.9471321106, 22.1661434174, 32.5127182007, 61.4056015015, 116.344444275, 34.7794494629, 11.2376890182, -9.96325016022, -13.751871109], [-46.7055702209, -35.53855896, -28.2577266693, -25.9931106567, -6.73945236206, -1.07070636749, 9.6096572876, 10.4600992203, 34.7794494629, 97.9962997437, 48.9734382629, 26.1015224457, 10.6851644516], [-186.76776123, 10.2971496582, -57.6838226318, -48.5413856506, -36.1475410461, -3.5905251503, 11.3499603271, -2.09648871422, 11.2376890182, 48.9734382629, 111.68863678, 56.8821220398, 29.6617946625], [11.9776268005, -24.5257167816, -44.3693809509, -49.4732055664, -42.9685630798, -15.116976738, 1.41254496574, -13.5004148483, -9.96325016022, 26.1015224457, 56.8821220398, 92.241027832, 50.5465545654], [-64.5178756714, 10.884396553, -53.4097213745, -32.4848670959, -34.9035186768, -18.2413635254, 3.73770785332, -10.7844352722, -13.751871109, 10.6851644516, 29.6617946625, 50.5465545654, 87.4246139526]]}, "silence_rate_20dB": {"mean": 1, "dvar": 0, "min": 1, "dmean": 0, "dmean2": 0, "dvar2": 0, "max": 1, "median": 1, "var": 0}, "dynamic_complexity": 3.49616098404, "silence_rate_60dB": {"mean": 0.0673066303134, "dvar": 0.0215841699392, "min": 0, "dmean": 0.0220701824874, "dmean2": 0.0441452376544, "dvar2": 0.0499259829521, "max": 1, "median": 0, "var": 0.0627708211541}, "dissonance": {"mean": 0.459163188934, "dvar": 0.000569157418795, "min": 0.20435847342, "dmean": 0.0226867292076, "dmean2": 0.0382741577923, "dvar2": 0.00156590272672, "max": 0.500000059605, "median": 0.467849224806, "var": 0.00110621051863}, "barkbands": {"mean": [0.000104655475297, 0.00536286644638, 0.00354196224362, 0.00300978380255, 0.00344829424284, 0.00170677923597, 0.00150149886031, 0.00182895036414, 0.00131874869112, 0.000728578539565, 0.00106149131898, 0.00120071216952, 0.000527027936187, 0.000412775756558, 0.000381511112209, 0.000329260976287, 0.000264961563516, 0.000206691081985, 0.000176919798832, 0.000207869816222, 0.000129181309603, 0.000124186844914, 0.000208484532777, 0.000196312743356, 9.88562896964e-05, 1.65694164025e-05, 3.52008328264e-06], "dvar": [7.96927412949e-09, 0.000369757850422, 3.17769590765e-05, 4.03405756515e-05, 6.75106321069e-06, 4.56330781162e-06, 1.00784536698e-05, 1.1606116459e-05, 8.33166723169e-06, 1.65614642356e-06, 4.20217247665e-06, 6.40240932626e-06, 6.6482107286e-07, 4.86854446535e-07, 5.1167478432e-07, 2.24352618261e-07, 7.4392858096e-08, 6.56203411609e-08, 4.17914094442e-08, 9.19662781484e-08, 2.89722521529e-08, 7.42934602727e-08, 2.19602455331e-07, 2.6932374908e-07, 5.14549860497e-08, 1.29623400902e-09, 1.12446184308e-10], "min": [2.36132249254e-25, 1.65837238559e-24, 1.42758600018e-24, 5.27828360101e-25, 1.02225416039e-23, 9.31766213645e-24, 2.35404692702e-24, 6.28371571675e-24, 1.81620203516e-23, 2.07081083662e-23, 1.22331705576e-23, 3.14881434938e-23, 2.87834833932e-23, 5.23998521265e-23, 3.07211087921e-23, 6.29472064192e-23, 7.52125861675e-23, 1.05849368884e-22, 1.50569666409e-22, 1.83382695483e-22, 2.26403685644e-22, 2.98314276767e-22, 4.23134059104e-22, 5.8527466154e-22, 8.89730289874e-22, 1.26092637807e-21, 2.05600507232e-21], "dmean": [4.80740782223e-05, 0.00660625612363, 0.00279556214809, 0.00244098342955, 0.00171670282725, 0.00105422409251, 0.00116690690629, 0.00136184913572, 0.000989984371699, 0.00049588677939, 0.000741346157156, 0.000795300526079, 0.000362860359019, 0.000295982463285, 0.000268042553216, 0.000211716775084, 0.000161568867043, 0.000128901257995, 0.000103183236206, 0.000124573634821, 7.84386502346e-05, 7.94125153334e-05, 0.000140187999932, 0.000129049061798, 7.19340241631e-05, 1.16461269499e-05, 2.90860157293e-06], "dmean2": [6.98115036357e-05, 0.0117521742359, 0.0047309412621, 0.00404164521024, 0.00280386465602, 0.00169939245097, 0.00185821356717, 0.0022255408112, 0.00158466247376, 0.000801026355475, 0.00116317230277, 0.00126966810785, 0.000579551211558, 0.000471350183943, 0.000417785427999, 0.000320064165862, 0.000242818758124, 0.000187531390111, 0.00014876764908, 0.000181937371963, 0.000111507062684, 0.000111859284516, 0.000208273108001, 0.000186983743333, 0.000104857797851, 1.6853937268e-05, 4.1428561417e-06], "dvar2": [1.61043125502e-08, 0.00100509275217, 8.50738069857e-05, 0.000105018880276, 1.78170121217e-05, 1.09777101898e-05, 2.41446632572e-05, 3.0226607123e-05, 2.10928155866e-05, 4.07944708058e-06, 1.04750397441e-05, 1.60714334925e-05, 1.51906351675e-06, 1.16947717288e-06, 1.18864397791e-06, 5.34907144356e-07, 1.5875406234e-07, 1.3902663909e-07, 9.0578247125e-08, 1.99525587163e-07, 6.00353544655e-08, 1.66169712656e-07, 5.02759462506e-07, 5.2789567917e-07, 9.94525137799e-08, 2.54594412219e-09, 2.32362323827e-10], "max": [0.0011223135516, 0.14038784802, 0.0602337941527, 0.0769750028849, 0.0287312753499, 0.0506490506232, 0.0596555545926, 0.0580200776458, 0.0706122517586, 0.0221657827497, 0.0506354868412, 0.0638437122107, 0.015756143257, 0.0148188937455, 0.0209117643535, 0.0113961817697, 0.00543236220255, 0.00482598273084, 0.00519317900762, 0.00891140569001, 0.00522176222876, 0.00874422769994, 0.0133270686492, 0.0238939784467, 0.0102553116158, 0.00155756238382, 0.000244824332185], "median": [7.27015358279e-05, 0.00120157981291, 0.00180331827141, 0.0013098459458, 0.00272901705466, 0.000704467587639, 0.000324071123032, 0.00033153386903, 0.000333712727297, 0.000245462259045, 0.000324599357555, 0.00020210108778, 0.000192643507035, 0.000145000158227, 0.000123632591567, 0.000155027591973, 0.000133495981572, 8.05521049188e-05, 7.11018001311e-05, 5.47896779608e-05, 3.14298122248e-05, 2.72129782388e-05, 4.38041461166e-05, 3.22251580656e-05, 2.28953922488e-05, 3.60096191798e-06, 2.21261345246e-07], "var": [1.24318200179e-08, 0.000250866170973, 2.84462785203e-05, 3.79500561394e-05, 1.12110219561e-05, 7.9117844507e-06, 1.51900740093e-05, 1.87589012057e-05, 1.17928202599e-05, 2.71260387308e-06, 7.21997366782e-06, 1.19342939797e-05, 1.13132057322e-06, 8.00964642167e-07, 7.69316102378e-07, 3.4078692579e-07, 1.41378805552e-07, 1.23876745306e-07, 8.61073985448e-08, 1.97910196675e-07, 7.02905040839e-08, 1.06983279125e-07, 2.98707419688e-07, 5.28736620709e-07, 1.08258475962e-07, 2.78650369445e-09, 1.80945064487e-10]}, "spectral_complexity": {"mean": 17.4264583588, "dvar": 24.9094734192, "min": 0, "dmean": 4.1487531662, "dmean2": 5.70709657669, "dvar2": 38.2201652527, "max": 62, "median": 16, "var": 110.795051575}, "spectral_energyband_high": {"mean": 0.000901622523088, "dvar": 1.77042863925e-06, "min": 7.18132196866e-21, "dmean": 0.000513172941282, "dmean2": 0.000702247547451, "dvar2": 3.55905535798e-06, "max": 0.041989557445, "median": 0.00021892299992, "var": 3.78352569896e-06}, "hfc": {"mean": 19.6094799042, "dvar": 152.318527222, "min": 1.11930427661e-16, "dmean": 7.91801166534, "dmean2": 10.8081350327, "dvar2": 292.781219482, "max": 360.958648682, "median": 13.1464691162, "var": 430.337921143}, "melbands_kurtosis": {"mean": 16.0905532837, "dvar": 656.530456543, "min": -1.91936254501, "dmean": 10.6295061111, "dmean2": 17.7595901489, "dvar2": 1786.6829834, "max": 469.992218018, "median": 8.47713756561, "var": 716.109008789}, "spectral_strongpeak": {"mean": 0.876398801804, "dvar": 0.679023623466, "min": 0, "dmean": 0.555791199207, "dmean2": 0.934956252575, "dvar2": 1.75678241253, "max": 11.9846820831, "median": 0.461377292871, "var": 1.18777859211}, "silence_rate_30dB": {"mean": 0.983890533447, "dvar": 0.0245242919773, "min": 0, "dmean": 0.0251600090414, "dmean2": 0.0503255724907, "dvar2": 0.065887786448, "max": 1, "median": 1, "var": 0.0158498715609}, "melbands_spread": {"mean": 20.6059932709, "dvar": 175.438598633, "min": 0.469181776047, "dmean": 7.48427057266, "dmean2": 11.77023983, "dvar2": 397.882415771, "max": 257.506469727, "median": 16.6903762817, "var": 441.026062012}, "melbands_crest": {"mean": 14.1440000534, "dvar": 11.6114616394, "min": 1.65858232975, "dmean": 3.70850753784, "dmean2": 6.1247420311, "dvar2": 30.6510734558, "max": 33.2316398621, "median": 13.1498212814, "var": 26.9150981903}, "average_loudness": 0.943212628365, "spectral_flux": {"mean": 0.0932177901268, "dvar": 0.00210777833126, "min": 6.40584599254e-11, "dmean": 0.0343493409455, "dmean2": 0.055372223258, "dvar2": 0.00480498187244, "max": 0.392442435026, "median": 0.077374599874, "var": 0.00436394754797}, "spectral_rolloff": {"mean": 1364.25793457, "dvar": 1040712.8125, "min": 86.1328125, "dmean": 499.232849121, "dmean2": 841.008789062, "dvar2": 2221701, "max": 19573.6816406, "median": 1012.06054688, "var": 3733958.5}, "melbands": {"mean": [0.0011536917882, 0.00219995272346, 0.00144050479867, 0.00075344205834, 0.000481439317809, 0.000328107358655, 0.000310448551318, 0.000316070043482, 0.000372726324713, 0.000168601909536, 0.000113686692202, 9.08233050723e-05, 0.000152055814397, 0.000139619689435, 0.000100499935797, 4.94882442581e-05, 4.44956058345e-05, 2.95649297186e-05, 2.73075456789e-05, 2.46131894528e-05, 1.97329100047e-05, 1.65291712619e-05, 1.03938928078e-05, 9.81229095487e-06, 8.30979661259e-06, 6.15053750153e-06, 6.09826247455e-06, 6.34357274976e-06, 5.24426559423e-06, 2.90926277557e-06, 2.43284216594e-06, 2.18942545871e-06, 2.72686179414e-06, 2.97235533253e-06, 3.27764746544e-06, 3.67536154045e-06, 2.68749658972e-06, 2.23343317884e-06, 1.36362029934e-06, 1.23184304357e-06], "dvar": [1.67129219335e-05, 3.1888976082e-05, 5.02905822941e-06, 4.08829322396e-07, 1.89625239955e-07, 2.05429941502e-07, 4.05193702591e-07, 3.41806497772e-07, 5.39654820386e-07, 1.12411250086e-07, 4.4193750881e-08, 2.82981016397e-08, 8.49461159191e-08, 7.98526400558e-08, 4.48552093246e-08, 4.92713470024e-09, 5.76773251382e-09, 2.91879120873e-09, 3.1825773128e-09, 1.63992808222e-09, 6.66941668559e-10, 3.47648188015e-10, 1.59909280262e-10, 1.83038126322e-10, 1.07477533817e-10, 6.2622587671e-11, 9.79083619734e-11, 1.04246611343e-10, 6.97084681645e-11, 1.68865945532e-11, 1.20247284352e-11, 1.80647528186e-11, 5.07832768892e-11, 7.16774695153e-11, 6.62664367823e-11, 6.62407767527e-11, 5.3152378332e-11, 5.52452424085e-11, 1.24857893122e-11, 9.2852019476e-12], "min": [8.23485144339e-25, 1.2727251103e-24, 1.16815942795e-24, 2.11910718893e-24, 2.01837339843e-24, 1.73670469576e-24, 1.02980772049e-24, 2.37899189213e-24, 2.10481559313e-24, 2.34991842347e-24, 3.20318725781e-24, 2.39240903562e-24, 3.53578777874e-24, 3.23766185987e-24, 3.66137443485e-24, 3.33627933378e-24, 3.52695924192e-24, 2.83082518902e-24, 3.25736326655e-24, 3.33261941361e-24, 2.76021010787e-24, 4.08429381019e-24, 4.20738332711e-24, 4.57170098681e-24, 4.30554483942e-24, 5.82548929387e-24, 5.52932803309e-24, 5.17251875148e-24, 4.14793003613e-24, 4.62647199389e-24, 5.90483647359e-24, 5.57199633616e-24, 6.0689806786e-24, 6.10589305808e-24, 5.56399137012e-24, 4.89324029735e-24, 5.52507370622e-24, 5.78781132489e-24, 7.32272520388e-24, 6.4495973879e-24], "dmean": [0.00139662215952, 0.00219994224608, 0.000981509569101, 0.000409913627664, 0.000241510599153, 0.000211180711631, 0.000226682634093, 0.000232056947425, 0.000265707378276, 0.000122627287055, 7.77867753641e-05, 6.32126539131e-05, 0.000103528080217, 9.09467853489e-05, 6.84977494529e-05, 3.26461413351e-05, 3.15219149343e-05, 2.16826665564e-05, 1.93495470739e-05, 1.63915738085e-05, 1.2563373275e-05, 1.05149711089e-05, 6.43775410936e-06, 6.40175267108e-06, 5.13474878971e-06, 3.69468921235e-06, 4.05806804338e-06, 4.02851674153e-06, 3.20800404552e-06, 1.85279691323e-06, 1.55347254349e-06, 1.40936458592e-06, 1.86422164461e-06, 2.0857958134e-06, 2.27622376769e-06, 2.7252046948e-06, 1.86011573078e-06, 1.52217978666e-06, 9.03899547211e-07, 9.83518020803e-07], "dmean2": [0.00247122929431, 0.00384655036032, 0.00160419300664, 0.000669282046147, 0.000388733111322, 0.000339498976246, 0.00036071514478, 0.000372485606931, 0.00043848119094, 0.000193952437257, 0.000124376732856, 0.000100806988485, 0.000162070078659, 0.000144929057569, 0.000107042498712, 5.15379324497e-05, 5.04233685206e-05, 3.40230217262e-05, 3.01433501591e-05, 2.54959668382e-05, 1.87930472748e-05, 1.59087048814e-05, 9.57499651122e-06, 9.48849719862e-06, 7.76223987486e-06, 5.45550938114e-06, 5.98069027546e-06, 5.91629577684e-06, 4.72090277981e-06, 2.74100375464e-06, 2.25113149099e-06, 2.00713111553e-06, 2.71866542789e-06, 3.07101072394e-06, 3.39739631272e-06, 4.20212563768e-06, 2.77064509646e-06, 2.25746839533e-06, 1.30708804136e-06, 1.50416417455e-06], "dvar2": [4.5098393457e-05, 8.56559709064e-05, 1.30110074679e-05, 1.05716912913e-06, 4.80314383822e-07, 4.87474210331e-07, 9.61465616456e-07, 8.38828668748e-07, 1.4891270439e-06, 2.69790575658e-07, 1.09985599295e-07, 6.79129001924e-08, 2.09214206848e-07, 2.01335183192e-07, 1.05103360681e-07, 1.13621139164e-08, 1.4199090792e-08, 6.94286406144e-09, 7.31713312163e-09, 4.17123358076e-09, 1.42557432525e-09, 7.60704110814e-10, 3.34918204281e-10, 4.12188838617e-10, 2.38379316286e-10, 1.43714096179e-10, 2.20447118893e-10, 2.25839347223e-10, 1.55251450584e-10, 3.61205856891e-11, 2.60584574752e-11, 3.80540494949e-11, 1.21436291578e-10, 1.71589090159e-10, 1.56249582717e-10, 1.52502122042e-10, 1.09725062369e-10, 1.13898612764e-10, 2.42845084319e-11, 2.05065599918e-11], "max": [0.0304632689804, 0.0498629063368, 0.0273435749114, 0.00742301298305, 0.00809407513589, 0.0121578564867, 0.0131457559764, 0.0115053560585, 0.0152543690056, 0.00757921114564, 0.00475159985945, 0.00452865939587, 0.00814151018858, 0.00922016520053, 0.00515030045062, 0.0012866910547, 0.00142999843229, 0.00137989548966, 0.00145103933755, 0.00108614237979, 0.000739233510103, 0.000356334057869, 0.000190404956811, 0.000281970656943, 0.000382561760489, 0.000174633460119, 0.000313206663122, 0.000324248394463, 0.000263531081146, 9.57589072641e-05, 6.35071701254e-05, 0.000143653407576, 0.000248538039159, 0.000272357923677, 0.000229850105825, 0.000230177756748, 0.000286123948172, 0.000352523842594, 0.00013922121434, 0.000105791419628], "median": [0.000267807918135, 0.000837064289954, 0.000893139338586, 0.000568145245779, 0.000303903565509, 0.000124831683934, 7.04609192326e-05, 7.57065354264e-05, 6.74829134368e-05, 4.87309662276e-05, 3.20967483276e-05, 3.39761681971e-05, 4.59843649878e-05, 3.20067156281e-05, 2.14126721403e-05, 1.77179827006e-05, 1.60275176313e-05, 1.01462019302e-05, 8.90793398867e-06, 1.13982587209e-05, 9.15669079404e-06, 8.06098432804e-06, 4.14505666413e-06, 3.60961212209e-06, 3.58616944141e-06, 2.12922782339e-06, 1.734701641e-06, 1.4774234387e-06, 1.15761508823e-06, 7.12781741186e-07, 5.29815849859e-07, 4.85071211642e-07, 5.72829719658e-07, 5.62654918213e-07, 6.68279255933e-07, 7.5637478858e-07, 3.96223384769e-07, 3.64778827588e-07, 2.58604217152e-07, 2.7541781833e-07], "var": [1.16223491204e-05, 2.30803707382e-05, 4.97984274261e-06, 5.97249481871e-07, 3.59448137033e-07, 3.5942747445e-07, 6.55925362025e-07, 5.73312661345e-07, 9.03726743218e-07, 1.64542427683e-07, 7.73458950221e-08, 4.55290170009e-08, 1.45779949889e-07, 1.47180443832e-07, 8.04799284992e-08, 9.90853887828e-09, 9.8178034591e-09, 4.30857971523e-09, 4.71716532502e-09, 2.26459961894e-09, 1.10442888168e-09, 6.04369054802e-10, 3.10085013222e-10, 3.0310690069e-10, 1.86577378547e-10, 1.23360599513e-10, 1.72506633977e-10, 2.06647185474e-10, 1.57341389917e-10, 3.57210129531e-11, 2.7295807975e-11, 2.98432424606e-11, 6.22327953059e-11, 8.11571088111e-11, 8.30746582636e-11, 9.9497722561e-11, 9.70111074805e-11, 9.39440192305e-11, 2.59362809008e-11, 1.54334982294e-11]}, "spectral_energy": {"mean": 0.0280984994024, "dvar": 0.000624977576081, "min": 9.88222984294e-21, "dmean": 0.0147254299372, "dmean2": 0.0231417063624, "dvar2": 0.00155961257406, "max": 0.224040970206, "median": 0.020588003099, "var": 0.000746338395402}, "spectral_decrease": {"mean": -6.9736141306e-09, "dvar": 4.26089964862e-17, "min": -5.77200331975e-08, "dmean": 3.7679521725e-09, "dmean2": 5.96322546897e-09, "dvar2": 1.069632147e-16, "max": 1.63520287482e-28, "median": -5.05844388599e-09, "var": 4.8593707775e-17}, "erbbands_spread": {"mean": 37.3683013916, "dvar": 108.281265259, "min": 1.49228549004, "dmean": 8.97868347168, "dmean2": 13.8870220184, "dvar2": 261.296539307, "max": 167.203018188, "median": 34.7481880188, "var": 409.121673584}, "spectral_contrast_coeffs": {"mean": [-0.631969809532, -0.713724255562, -0.755285680294, -0.776117920876, -0.799490332603, -0.799283266068], "dvar": [0.0020686853677, 0.00215276074596, 0.00134744448587, 0.000792903942056, 0.00035271467641, 0.000231001482462], "min": [-0.980538606644, -0.98340010643, -0.976467192173, -0.972123742104, -0.966002881527, -0.963184833527], "dmean": [0.052842900157, 0.0539185814559, 0.0439409203827, 0.0332250967622, 0.0219860039651, 0.0165589582175], "dmean2": [0.0869586393237, 0.0877827256918, 0.0711951777339, 0.0530074127018, 0.0348459482193, 0.0253591444343], "dvar2": [0.00518750725314, 0.00541635183617, 0.00338339526206, 0.00189209973905, 0.00083085760707, 0.000510273152031], "max": [-0.288507044315, -0.263421744108, -0.449357777834, -0.446930408478, -0.573333024979, -0.619320869446], "median": [-0.633496046066, -0.725062012672, -0.765417575836, -0.784462273121, -0.800252795219, -0.800145864487], "var": [0.00717565743253, 0.0103031713516, 0.00553527101874, 0.00389359751716, 0.00193484302144, 0.00170553126372]}, "spectral_energyband_middle_high": {"mean": 0.00519833015278, "dvar": 1.3129254512e-05, "min": 1.21823610364e-21, "dmean": 0.00234639341943, "dmean2": 0.00339212291874, "dvar2": 2.97245915135e-05, "max": 0.0675702393055, "median": 0.00326343253255, "var": 3.54399744538e-05}, "erbbands_crest": {"mean": 9.57690525055, "dvar": 8.34739685059, "min": 2.29656720161, "dmean": 2.93794512749, "dmean2": 4.78112745285, "dvar2": 21.3618240356, "max": 33.6075553894, "median": 8.25711250305, "var": 26.0960693359}, "barkbands_crest": {"mean": 9.82618141174, "dvar": 8.91683387756, "min": 2.36778521538, "dmean": 3.01771974564, "dmean2": 5.05442142487, "dvar2": 23.987827301, "max": 26.0535736084, "median": 8.91273880005, "var": 15.998046875}, "pitch_salience": {"mean": 0.557306885719, "dvar": 0.0080953175202, "min": 0.0884521231055, "dmean": 0.0865919440985, "dmean2": 0.143909156322, "dvar2": 0.0216849725693, "max": 0.966803967953, "median": 0.570885717869, "var": 0.0141967497766}, "melbands_skewness": {"mean": 2.70658183098, "dvar": 1.31918394566, "min": -2.19300436974, "dmean": 0.920163035393, "dmean2": 1.46703708172, "dvar2": 3.36662507057, "max": 15.8169355392, "median": 2.50372481346, "var": 3.16389465332}, "spectral_spread": {"mean": 4953963.5, "dvar": 864881147904, "min": 1085424, "dmean": 658653.5, "dmean2": 976373.5625, "dvar2": 1762219261950.0, "max": 50114900, "median": 4610654.5, "var": 9636391419900.0}, "spectral_entropy": {"mean": 7.45914888382, "dvar": 0.0362616814673, "min": 5.02248382568, "dmean": 0.185380265117, "dmean2": 0.271517038345, "dvar2": 0.0760267451406, "max": 9.8189458847, "median": 7.5305109024, "var": 0.37390050292}, "erbbands_flatness_db": {"mean": 0.159494191408, "dvar": 0.000387461739592, "min": 0.0358357056975, "dmean": 0.0192084386945, "dmean2": 0.0285452213138, "dvar2": 0.00084029318532, "max": 0.413728117943, "median": 0.147332563996, "var": 0.00291048386134}, "spectral_kurtosis": {"mean": 6.01048851013, "dvar": 5.22368955612, "min": -1.26236724854, "dmean": 1.69846391678, "dmean2": 2.76085281372, "dvar2": 15.021733284, "max": 70.9839782715, "median": 4.17021465302, "var": 61.071105957}, "erbbands_skewness": {"mean": 0.444391310215, "dvar": 0.184425458312, "min": -5.60546255112, "dmean": 0.401530742645, "dmean2": 0.618500947952, "dvar2": 0.417108118534, "max": 6.01067638397, "median": 0.399232208729, "var": 0.629287302494}, "erbbands_kurtosis": {"mean": 0.933042824268, "dvar": 5.88611030579, "min": -1.79928827286, "dmean": 1.2143317461, "dmean2": 1.96271324158, "dvar2": 15.1288976669, "max": 61.2528686523, "median": 0.11557841301, "var": 9.08245277405}, "barkbands_spread": {"mean": 19.2908382416, "dvar": 63.3816566467, "min": 0.553761661053, "dmean": 5.98707580566, "dmean2": 9.22834014893, "dvar2": 135.988311768, "max": 106.492881775, "median": 16.1693916321, "var": 207.634109497}, "zerocrossingrate": {"mean": 0.0574271641672, "dvar": 0.000250892626354, "min": 0.00390625, "dmean": 0.0111159691587, "dmean2": 0.0131756179035, "dvar2": 0.000319147889968, "max": 0.53173828125, "median": 0.04736328125, "var": 0.00252809282392}, "spectral_centroid": {"mean": 1101.01281738, "dvar": 110190.601562, "min": 126.200920105, "dmean": 236.018814087, "dmean2": 354.076293945, "dvar2": 222547.90625, "max": 11484.3544922, "median": 952.044799805, "var": 858452.0625}, "barkbands_skewness": {"mean": 1.6744505167, "dvar": 0.901208102703, "min": -6.12354898453, "dmean": 0.698258876801, "dmean2": 1.11176550388, "dvar2": 2.28216171265, "max": 13.3524198532, "median": 1.50152432919, "var": 1.90046286583}, "melbands_flatness_db": {"mean": 0.217275470495, "dvar": 0.00117378681898, "min": 0.00323903863318, "dmean": 0.0320252999663, "dmean2": 0.048945184797, "dvar2": 0.00281477556564, "max": 0.586684644222, "median": 0.202233448625, "var": 0.0078907366842}, "spectral_contrast_valleys": {"mean": [-7.34345245361, -7.06533575058, -7.51090288162, -7.94691133499, -8.02238178253, -10.2247161865], "dvar": [0.18546320498, 0.164270281792, 0.132494837046, 0.139350757003, 0.130961447954, 0.143405884504], "min": [-28.0018138885, -28.3862133026, -27.6861438751, -27.7785053253, -27.4860229492, -27.4184875488], "dmean": [0.461027532816, 0.404846191406, 0.365895330906, 0.34174323082, 0.312339544296, 0.324663966894], "dmean2": [0.751275122166, 0.644894063473, 0.579704403877, 0.513764798641, 0.408636361361, 0.408925235271], "dvar2": [0.382782697678, 0.35183686018, 0.261645317078, 0.258604317904, 0.203872933984, 0.230661943555], "max": [-5.02434825897, -4.86978340149, -5.34067440033, -5.92094516754, -5.36867856979, -7.08025550842], "median": [-7.02974271774, -6.79107999802, -7.2400188446, -7.63137054443, -7.74513196945, -9.95994567871], "var": [3.27344560623, 3.29125356674, 3.21790885925, 3.43660306931, 3.76123118401, 3.45809674263]}, "barkbands_flatness_db": {"mean": 0.141863524914, "dvar": 0.000819830049295, "min": 0.0151702146977, "dmean": 0.0261767227203, "dmean2": 0.0406137183309, "dvar2": 0.00203217030503, "max": 0.426094800234, "median": 0.126550287008, "var": 