{"tonal": {"chords_number_rate": 0.00133446557447, "thpcp": [1, 0.804540216923, 0.274947136641, 0.21182654798, 0.162694051862, 0.220228165388, 0.49544608593, 0.490940988064, 0.349571317434, 0.516932547092, 0.41811171174, 0.185023605824, 0.170352771878, 0.149364456534, 0.218494817615, 0.395788550377, 0.356726169586, 0.193148136139, 0.164053156972, 0.205909460783, 0.404700011015, 0.815292954445, 0.693468093872, 0.218069553375, 0.101048506796, 0.0842184945941, 0.0923885330558, 0.187442407012, 0.214197099209, 0.239023581147, 0.645209908485, 0.701073408127, 0.28422576189, 0.139139890671, 0.139860913157, 0.427533060312], "hpcp": {"dvar": [0.0382587946951, 0.0319091714919, 0.0301053244621, 0.0273455064744, 0.0346551127732, 0.0419235490263, 0.0435753837228, 0.0383566878736, 0.0219506751746, 0.0154350083321, 0.0102441636845, 0.00767039926723, 0.015256088227, 0.0195672474802, 0.0214079562575, 0.0299550015479, 0.0305478591472, 0.024886822328, 0.0216759853065, 0.021206477657, 0.0270445421338, 0.0387228280306, 0.0351301282644, 0.0282341446728, 0.0380840338767, 0.0260897073895, 0.0247290991247, 0.031117124483, 0.0297709982842, 0.0343847125769, 0.0349561534822, 0.0279253646731, 0.0188163779676, 0.021167755127, 0.0206568241119, 0.0302361082286], "mean": [0.138098746538, 0.124469086528, 0.067393347621, 0.0572415143251, 0.0718460381031, 0.141208142042, 0.284472435713, 0.241965249181, 0.0760889425874, 0.0352578982711, 0.0293855611235, 0.0322362557054, 0.0654025003314, 0.074737764895, 0.08340023458, 0.225126981735, 0.24461889267, 0.0991721972823, 0.0485487654805, 0.0488003455102, 0.149175062776, 0.34892052412, 0.280720591545, 0.0959346964955, 0.0739106312394, 0.056767296046, 0.0768421292305, 0.172871306539, 0.171299383044, 0.121972605586, 0.180368378758, 0.145887762308, 0.0645585358143, 0.0594395771623, 0.0521163232625, 0.0762373283505], "min": [0, 0, 0, 0, 0, 0, 0, 0, 0, 0, 0, 0, 0, 0, 0, 0, 0, 0, 0, 0, 0, 0, 0, 0, 0, 0, 0, 0, 0, 0, 0, 0, 0, 0, 0, 0], "median": [0.0189248993993, 0.0205532815307, 0.00870315823704, 0.00247237156145, 0.00319411815144, 0.0352451466024, 0.105642624199, 0.0911428555846, 0.0222823210061, 0.00198466540314, 0.00214144121855, 0.00337558658794, 0.00458062021062, 0.00443266239017, 0.0287168771029, 0.0869004800916, 0.0898153707385, 0.0291907787323, 0.00349606084637, 0.003519552527, 0.0503713078797, 0.143347382545, 0.130109772086, 0.0270850136876, 0.00619885977358, 0.00363398413174, 0.0159127488732, 0.0438650101423, 0.0469413883984, 0.0410172604024, 0.0377243570983, 0.0265746470541, 0.0166643112898, 0.00755395786837, 0.00617433339357, 0.00647287303582], "dvar2": [0.0974717065692, 0.0831434056163, 0.0844250023365, 0.0742054358125, 0.0945774540305, 0.116650409997, 0.10334944725, 0.0986126661301, 0.0610371567309, 0.0419916138053, 0.0282325260341, 0.021000418812, 0.0383758433163, 0.0483190566301, 0.054448608309, 0.0694022327662, 0.0688176006079, 0.0619796551764, 0.0560421645641, 0.055890712887, 0.0722951665521, 0.087542258203, 0.0870777592063, 0.075938090682, 0.101234793663, 0.0707573220134, 0.0702199563384, 0.0796182006598, 0.0792433470488, 0.104180537164, 0.0903355255723, 0.0712136998773, 0.0513030216098, 0.0572617948055, 0.0569132976234, 0.083761677146], "var": [0.068986132741, 0.0531300976872, 0.0267137195915, 0.0268463212997, 0.0352295413613, 0.0513337366283, 0.120831616223, 0.0919795557857, 0.0208185873926, 0.0139033161104, 0.0105543583632, 0.00830582343042, 0.0279373954982, 0.0333839096129, 0.022458370775, 0.0861777067184, 0.102107919753, 0.0314782522619, 0.0220867730677, 0.0223728865385, 0.0428718551993, 0.151578441262, 0.0968454405665, 0.0327950194478, 0.0402752608061, 0.0265119913965, 0.0260276328772, 0.0720523670316, 0.068318516016, 0.0371497496963, 0.079519584775, 0.0586504936218, 0.0179893225431, 0.022080861032, 0.019225154072, 0.0296193156391], "dmean2": [0.161444693804, 0.153932571411, 0.135224550962, 0.118826441467, 0.150788262486, 0.214714676142, 0.217042893171, 0.213470667601, 0.126649782062, 0.073711976409, 0.0555155239999, 0.0533730015159, 0.0794842392206, 0.0974122583866, 0.122124783695, 0.166791573167, 0.165499702096, 0.12587185204, 0.0915198400617, 0.0922417715192, 0.158799305558, 0.189459770918, 0.205489829183, 0.151381090283, 0.137140572071, 0.112795576453, 0.121324829757, 0.158674627542, 0.173038437963, 0.19843994081, 0.181473687291, 0.146599113941, 0.106040164828, 0.0957084074616, 0.0976972356439, 0.138269379735], "max": [1, 1, 1, 1, 1, 1, 1, 1, 1, 1, 1, 1, 1, 1, 1, 1, 1, 1, 1, 1, 1, 1, 1, 1, 1, 1, 1, 1, 1, 1, 1, 1, 1, 1, 1, 1], "dmean": [0.0934865251184, 0.0905482321978, 0.0751875787973, 0.0665128976107, 0.0837572664022, 0.121575988829, 0.129957959056, 0.128027796745, 0.0710845962167, 0.0408374406397, 0.0312484223396, 0.0305320806801, 0.0476774200797, 0.0578379221261, 0.0716957375407, 0.10272988677, 0.101899251342, 0.0748900845647, 0.0523660928011, 0.052267767489, 0.0918292403221, 0.115598358214, 0.123793527484, 0.0860526561737, 0.0764927566051, 0.0631646960974, 0.068705290556, 0.0937524363399, 0.100496403873, 0.110002025962, 0.106102220714, 0.0872630849481, 0.0603445619345, 0.0548966675997, 0.0546447634697, 0.0782642513514]}, "key_strength": 0.628072917461, "chords_strength": {"dvar": 0.000582120206673, "mean": 0.427877604961, "min": -1, "median": 0.475523114204, "dvar2": 0.00110455485992, "var": 0.0940588414669, "dmean2": 0.00860606972128, "max": 0.806142866611, "dmean": 0.00953074917197}, "tuning_equal_tempered_deviation": 0.168837994337, "chords_key": "B", "tuning_frequency": 434.193115234, "chords_scale": "minor", "chords_changes_rate": 0.0601722672582, "key_scale": "minor", "tuning_diatonic_strength": 0.4915548563, "hpcp_entropy": {"dvar": 0.216072872281, "mean": 2.01621103287, "min": 0, "median": 2.09248638153, "dvar2": 0.564349234104, "var": 0.712219953537, "dmean2": 0.783104479313, "max": 4.67151594162, "dmean": 0.471268355846}, "chords_histogram": [11.0154066086, 25.4155044556, 32.7065391541, 5.20441579819, 3.08140230179, 10.7849082947, 0.109183549881, 2.74172019958, 0.218367099762, 1.7469367981, 0.157709568739, 0.50952321291, 1.43151760101, 0.0242630112916, 0.594443798065, 0.424602687359, 0.0970520451665, 0.169841080904, 0.5823122859, 1.01904642582, 1.17675602436, 0.084920540452, 0.169841080904, 0.53378623724], "tuning_nontempered_energy_ratio": 0.897811770439, "key_key": "E"}, "metadata": {"version": {"extractor": "music 1.0", "essentia_build_sha": "70f2e5ece6736b2c40cc944ad0e695b16b925413", "essentia": "2.1-beta2", "essentia_git_sha": "v2.1_beta2"}, "audio_properties": {"sample_rate": 44100, "length": 382.720001221, "lossless": false, "analysis_sample_rate": 44100, "downmix": "mix", "bit_rate": 190478, "equal_loudness": 0, "md5_encoded": "d50205cad90d7dfd5433e93197d062cf", "codec": "mp3", "replay_gain": -6.79054450989}, "tags": {"genre": ["Rock"], "albumartist": ["Patti Smith Group"], "date": ["2007"], "musicbrainz_recordingid": ["c892e682-000c-40c2-aee7-c5e6bd8f2d10"], "file_name": "389230.mp3", "title": ["Chicklets"], "tracknumber": ["9"], "album": ["Radio Ethiopia"], "artist": ["Patti Smith Group"]}}, "lowlevel": {"melbands": {"dvar": [2.37431640926e-06, 3.93981144953e-06, 1.69211114098e-06, 8.07754076959e-06, 5.72085127715e-07, 1.20006660609e-07, 1.72613965788e-07, 2.24400565685e-07, 1.09910224921e-07, 4.16047925e-08, 2.67455728675e-08, 1.68921001631e-08, 1.16165921327e-08, 5.09488229383e-09, 2.43726749893e-09, 9.82560477425e-10, 1.26652477395e-09, 6.25135720966e-10, 2.57618482102e-10, 1.34824526543e-10, 1.16259842031e-10, 9.04791380707e-11, 5.85445858459e-11, 6.72332467477e-11, 3.99536029261e-11, 3.28511003123e-11, 1.50878060046e-11, 8.7513876354e-12, 1.53021172122e-11, 7.16911989843e-12, 1.42350306889e-11, 1.65183075551e-11, 1.15533945258e-11, 1.5059115413e-11, 4.75153007218e-11, 7.10012743044e-11, 3.72327654818e-11, 1.58375031839e-11, 2.07830714444e-11, 1.43826521873e-11], "mean": [0.000329750590026, 0.000641993130557, 0.000961825018749, 0.000999990734272, 0.00040457979776, 0.000285291142063, 0.000157717033289, 0.000124226353364, 8.61132066348e-05, 7.47783997213e-05, 5.39838511031e-05, 3.38639802067e-05, 3.04202731058e-05, 3.30369548465e-05, 1.90423106687e-05, 1.61830466823e-05, 1.49205225171e-05, 8.40684970171e-06, 5.49881769984e-06, 3.4443878576e-06, 2.92208028441e-06, 2.95132645078e-06, 2.32167690228e-06, 1.87626778825e-06, 2.11875999412e-06, 1.9510941911e-06, 1.25674307583e-06, 1.08491610717e-06, 1.15654268029e-06, 9.60355578172e-07, 8.7253977199e-07, 9.5003218803e-07, 1.00841441508e-06, 8.50550236464e-07, 1.10636540285e-06, 1.15030707093e-06, 1.15431373615e-06, 7.52627101974e-07, 6.32846024473e-07, 5.22011248449e-07], "min": [3.35938585856e-25, 5.54356569053e-25, 1.04069045111e-24, 5.49801341059e-25, 1.43115313058e-24, 7.404126676e-25, 8.22377632932e-25, 1.25671586848e-24, 1.56296103961e-24, 1.62211377459e-24, 9.08369092235e-25, 1.14800314435e-24, 2.57481655388e-24, 1.82310034767e-24, 2.65608362383e-24, 1.6538093183e-24, 1.31936868069e-24, 2.323505191e-24, 1.27258193205e-24, 2.85783440591e-24, 3.41841986997e-24, 3.0543370936e-24, 2.35162275746e-24, 3.31697314642e-24, 2.965354964e-24, 3.42436433132e-24, 3.26458232991e-24, 3.58038287457e-24, 4.18772570221e-24, 3.66059464585e-24, 4.66311379408e-24, 3.9797819676e-24, 3.88810686408e-24, 5.21644962643e-24, 4.43628946256e-24, 4.57359583071e-24, 4.3569379441e-24, 5.26816143092e-24, 5.55027583999e-24, 5.51571387158e-24], "median": [1.76524426934e-05, 0.000154992987518, 0.000243450151174, 0.000124460857478, 8.75435216585e-05, 6.09994785918e-05, 2.03307281481e-05, 1.13918285933e-05, 7.63222578826e-06, 2.58517547991e-06, 3.34225546794e-06, 3.3876665384e-06, 2.89143645205e-06, 3.98947076974e-06, 2.47323646363e-06, 2.13481553146e-06, 1.21386858609e-06, 4.23437001018e-07, 3.24661641571e-07, 2.24355744649e-07, 1.85915070006e-07, 1.96960797894e-07, 1.09345556609e-07, 6.59948398152e-08, 1.25066492274e-07, 1.29386265257e-07, 7.84107783147e-08, 5.03943269337e-08, 6.24979747954e-08, 5.76032874733e-08, 2.89838091305e-08, 3.83064460152e-08, 3.51582940539e-08, 1.9607480084e-08, 1.90654745325e-08, 1.39856970449e-08, 1.03335446866e-08, 7.20172099733e-09, 5.22666265823e-09, 3.67136854251e-09], "dvar2": [5.38075482837e-06, 1.09104075818e-05, 4.67893687528e-06, 2.2054220608e-05, 1.3428833654e-06, 3.20907304285e-07, 3.80154688173e-07, 4.0712302507e-07, 2.35098312373e-07, 8.24434565061e-08, 6.36115302655e-08, 3.05218961216e-08, 2.50075924413e-08, 1.12190541302e-08, 6.13379258496e-09, 2.22440021957e-09, 2.3310307018e-09, 1.22762866539e-09, 5.37052846639e-10, 3.01002722747e-10, 2.66566796414e-10, 1.54501883509e-10, 1.2268322469e-10, 1.48268564093e-10, 9.52070644544e-11, 6.40689792886e-11, 3.55584936496e-11, 1.87752001446e-11, 3.77359948844e-11, 1.70669763044e-11, 2.59177106859e-11, 3.56594857809e-11, 2.27556341825e-11, 3.34222718945e-11, 1.10415933341e-10, 1.08128256349e-10, 7.69105126808e-11, 2.98753972949e-11, 3.27800321609e-11, 2.34055882314e-11], "var": [2.64222308033e-06, 3.30912894242e-06, 3.83256247005e-06, 1.15876837299e-05, 1.91114804693e-06, 3.92885567635e-07, 4.30396795537e-07, 6.01285137236e-07, 2.69415096454e-07, 2.14800849108e-07, 7.60621929885e-08, 4.86960800572e-08, 3.52504905266e-08, 2.50315892458e-08, 5.54183854362e-09, 3.09069214666e-09, 6.54206155914e-09, 2.04269290371e-09, 8.18477396969e-10, 2.39407493829e-10, 2.51934889617e-10, 3.37557454211e-10, 1.61751320671e-10, 1.8040177685e-10, 7.69230512621e-11, 1.52969609202e-10, 3.75843418887e-11, 2.65121154197e-11, 2.49894428067e-11, 1.42858528826e-11, 3.07405247091e-11, 3.53283131915e-11, 3.22776007311e-11, 2.95075006096e-11, 1.14536220785e-10, 2.35980873731e-10, 1.86379148226e-10, 8.50406065012e-11, 1.00001611159e-10, 6.55798124138e-11], "dmean2": [0.000365851359675, 0.000651038659271, 0.000895693199709, 0.000973065674771, 0.000288726791041, 0.000209865887882, 0.000134625399369, 9.41733960644e-05, 6.54767645756e-05, 4.23339406552e-05, 3.4283293644e-05, 2.42293735937e-05, 2.15512918658e-05, 1.9736800823e-05, 1.26792947412e-05, 1.03603806565e-05, 9.07838057174e-06, 6.61982357997e-06, 4.79711479784e-06, 3.21791731039e-06, 2.71558837994e-06, 2.36268783738e-06, 2.00966428565e-06, 1.77669744517e-06, 1.81302846158e-06, 1.59395710853e-06, 1.14269880669e-06, 9.64107698564e-07, 1.20376148516e-06, 9.92818172563e-07, 8.98148130091e-07, 9.383729207e-07, 9.11545441795e-07, 8.57303973589e-07, 9.52469406457e-07, 7.63486980304e-07, 7.82718302617e-07, 5.13634290655e-07, 4.11729843108e-07, 3.52238146206e-07], "max": [0.0428899601102, 0.0654856264591, 0.0271170642227, 0.100691564381, 0.0275955200195, 0.0129349380732, 0.0179380178452, 0.0255661401898, 0.0205795653164, 0.0109128504992, 0.0116899432614, 0.0126319834962, 0.0076860897243, 0.00565398484468, 0.00239853863604, 0.00154512154404, 0.0037861361634, 0.00196050712839, 0.00110358791426, 0.000629977497738, 0.000660687568597, 0.000888399488758, 0.000517108943313, 0.00074480404146, 0.000287338974886, 0.000587614253163, 0.000177448469913, 0.000122675250168, 0.000156615220476, 0.00013238270185, 0.000338626472512, 0.0002658184967, 0.0002436847426, 0.000234129605815, 0.000665980798658, 0.0011411474552, 0.000412198540289, 0.000320517283399, 0.00057607551571, 0.000420692900661], "dmean": [0.000235803177929, 0.00038949289592, 0.000531950208824, 0.000592641823459, 0.000181425304618, 0.000126452214317, 8.17248655949e-05, 6.50760266581e-05, 4.41027550551e-05, 3.07223090203e-05, 2.36153409787e-05, 1.64327666425e-05, 1.47858563651e-05, 1.32433769977e-05, 8.37002517073e-06, 6.76214949635e-06, 6.21920753474e-06, 4.45850309916e-06, 3.15477609547e-06, 2.10486859942e-06, 1.76692753939e-06, 1.61464106441e-06, 1.33396463298e-06, 1.17375645914e-06, 1.1869718719e-06, 1.07666096483e-06, 7.4575234521e-07, 6.35131698346e-07, 7.73327656134e-07, 6.43004398171e-07, 5.94793789332e-07, 6.19444961103e-07, 6.12368012298e-07, 5.72880139771e-07, 6.32346313978e-07, 5.86810301684e-07, 5.31615057753e-07, 3.4981258068e-07, 2.99503398082e-07, 2.37475560994e-07]}, "spectral_decrease": {"dvar": 1.77531786085e-17, "mean": -3.46883677338e-09, "min": -1.29732512733e-07, "median": -1.07283271156e-09, "dvar2": 4.55519198172e-17, "var": 4.61530021898e-17, "dmean2": 2.05999173275e-09, "max": 1.58667750236e-17, "dmean": 1.29843624741e-09}, "spectral_rolloff": {"dvar": 927858.5, "mean": 1786.50512695, "min": 21.533203125, "median": 430.6640625, "dvar2": 1923460.875, "var": 16551885, "dmean2": 528.486022949, "max": 20284.2773438, "dmean": 314.01763916}, "melbands_crest": {"dvar": 8.50925540924, "mean": 15.1670570374, "min": 1.01100993156, "median": 14.8355197906, "dvar2": 24.0944976807, "var": 35.3438301086, "dmean2": 4.83939743042, "max": 38.9775619507, "dmean": 2.89250540733}, "barkbands_skewness": {"dvar": 0.685856759548, "mean": 2.38668417931, "min": -5.81663179398, "median": 2.20420503616, "dvar2": 1.53170764446, "var": 4.89168357849, "dmean2": 0.9884365201, "max": 23.2377414703, "dmean": 0.628163933754}, "spectral_centroid": {"dvar": 112836.015625, "mean": 1208.79699707, "min": 111.327003479, "median": 528.150024414, "dvar2": 220792.140625, "var": 4615566, "dmean2": 282.618804932, "max": 11947.7236328, "dmean": 184.251358032}, "spectral_energyband_middle_low": {"dvar": 0.00017040122475, "mean": 0.00940565858036, "min": 1.0871314854e-22, "median": 0.00211674137972, "dvar2": 0.000447552796686, "var": 0.00045312687871, "dmean2": 0.00614808872342, "max": 0.432800114155, "dmean": 0.00377252628095}, "erbbands_crest": {"dvar": 4.70335054398, "mean": 9.72525691986, "min": 2.19397163391, "median": 9.023853302, "dvar2": 12.3799314499, "var": 18.1927127838, "dmean2": 3.40206980705, "max": 30.8001232147, "dmean": 2.10327005386}, "dynamic_complexity": 11.1286563873, "spectral_energyband_low": {"dvar": 7.35111971153e-05, "mean": 0.00353937828913, "min": 8.84243733879e-24, "median": 0.00121490098536, "dvar2": 0.000184064047062, "var": 8.2785707491e-05, "dmean2": 0.0032403760124, "max": 0.28813418746, "dmean": 0.00199676840566}, "silence_rate_60dB": {"dvar": 0.0366553813219, "mean": 0.43593788147, "min": 0, "median": 0, "dvar2": 0.0809644162655, "var": 0.245868429542, "dmean2": 0.0762043446302, "max": 1, "dmean": 0.0380998589098}, "erbbands_kurtosis": {"dvar": 7.9895195961, "mean": 2.71797728539, "min": -1.89438891411, "median": 0.840700864792, "dvar2": 19.8985691071, "var": 28.7996139526, "dmean2": 2.53852391243, "max": 93.2399520874, "dmean": 1.60715436935}, "spectral_complexity": {"dvar": 4.88732910156, "mean": 7.17046833038, "min": 0, "median": 6, "dvar2": 9.50457859039, "var": 43.2573890686, "dmean2": 2.12911057472, "max": 58, "dmean": 1.37353634834}, "barkbands_crest": {"dvar": 5.38980102539, "mean": 11.606171608, "min": 2.36339521408, "median": 10.8725833893, "dvar2": 14.8077096939, "var": 19.5463504791, "dmean2": 3.83009552956, "max": 26.3201217651, "dmean": 2.2904522419}, "spectral_energy": {"dvar": 0.000264100614004, "mean": 0.01374343317, "min": 9.65837328188e-21, "median": 0.00425005052239, "dvar2": 0.000675674877129, "var": 0.000714074471034, "dmean2": 0.00798142328858, "max": 0.500066995621, "dmean": 0.00504621630535}, "spectral_spread": {"dvar": 745937371136, "mean": 5914453, "min": 463636.15625, "median": 3969585, "dvar2": 1315576741890.0, "var": 55161863012400.0, "dmean2": 830504.25, "max": 43389712, "dmean": 574357.3125}, "spectral_contrast_valleys": {"dvar": [0.140313133597, 0.128762990236, 0.140762493014, 0.145960867405, 0.158554181457, 0.148283168674], "mean": [-9.27433300018, -8.78522968292, -9.65470409393, -10.3094549179, -10.2923307419, -12.3757143021], "min": [-28.5765075684, -28.1984920502, -28.1783752441, -27.7231693268, -27.5756053925, -27.4785785675], "median": [-8.31929111481, -7.83180332184, -8.81592941284, -9.56415176392, -9.58792972565, -11.9269485474], "dvar2": [0.31027290225, 0.261806756258, 0.27570360899, 0.276033937931, 0.277687579393, 0.223637059331], "var": [16.1929683685, 16.9407081604, 15.4624490738, 14.415430069, 14.3159379959, 11.2940940857], "dmean2": [0.618271052837, 0.528391063213, 0.522335767746, 0.497603982687, 0.427388519049, 0.331461399794], "max": [-4.77413702011, -4.6102437973, -5.11042547226, -5.59749650955, -5.73965120316, -6.83474111557], "dmean": [0.381308078766, 0.326881676912, 0.336556971073, 0.332896113396, 0.30678614974, 0.255616277456]}, "spectral_rms": {"dvar": 7.45229840504e-07, "mean": 0.00268505164422, "min": 3.06965845971e-12, "median": 0.00203626882285, "dvar2": 1.71181068254e-06, "var": 6.19889533482e-06, "dmean2": 0.000732742773835, "max": 0.022087784484, "dmean": 0.000476004759548}, "barkbands_spread": {"dvar": 57.6178817749, "mean": 14.2888622284, "min": 0.372347176075, "median": 8.35549736023, "dvar2": 115.657470703, "var": 296.598693848, "dmean2": 6.191426754, "max": 139.117126465, "dmean": 4.05435466766}, "pitch_salience": {"dvar": 0.00418163370341, "mean": 0.547881484032, "min": 0.0458789728582, "median": 0.555789232254, "dvar2": 0.0111790020019, "var": 0.0204608868808, "dmean2": 0.108849070966, "max": 0.996084094048, "dmean": 0.0655753463507}, "erbbands_skewness": {"dvar": 0.236110016704, "mean": 0.795956432819, "min": -6.15273952484, "median": 0.729704856873, "dvar2": 0.494246900082, "var": 1.55145776272, "dmean2": 0.600717365742, "max": 7.30304193497, "dmean": 0.393755882978}, "spectral_energyband_middle_high": {"dvar": 2.47586444857e-06, "mean": 0.00129036803264, "min": 1.02082559324e-21, "median": 0.000203419767786, "dvar2": 5.06254809807e-06, "var": 1.82922649401e-05, "dmean2": 0.000538185704499, "max": 0.0823083817959, "dmean": 0.000384909682907}, "erbbands": {"dvar": [0.0344527997077, 1.83017253876, 16.9100399017, 32.5498161316, 651.837219238, 2057.14038086, 304.150970459, 248.652252197, 677.247924805, 2226.83178711, 1539.13952637, 1128.97167969, 1045.0213623, 1068.98388672, 537.251159668, 666.735229492, 247.164871216, 292.06640625, 187.568756104, 77.8555526733, 77.658821106, 70.77784729, 83.1956787109, 46.920173645, 30.9706764221, 20.0255203247, 27.031047821, 29.0752506256, 39.4945526123, 35.5589447021, 107.964073181, 105.979164124, 21.6137123108, 17.9697723389, 3.93723344803, 0.289110988379, 0.00337918987498, 8.30490753287e-05, 2.11839119402e-06, 1.61232438511e-09], "mean": [0.0325386673212, 0.325694471598, 1.41103792191, 4.18695878983, 11.6456537247, 14.5865945816, 9.81961154938, 12.8325033188, 10.2180356979, 12.012755394, 10.608215332, 11.7723150253, 11.0084123611, 8.54909896851, 8.64460754395, 12.210187912, 6.74043083191, 8.26791286469, 5.034907341, 3.49008131027, 2.46284389496, 2.69181036949, 2.3540084362, 2.58711862564, 2.20611047745, 1.71729469299, 1.81141662598, 1.52843308449, 1.72603070736, 1.64596581459, 1.98014092445, 1.83351576328, 1.01803457737, 0.657673895359, 0.274530470371, 0.0576507486403, 0.0106165707111, 0.00170214357786, 0.00019984341634, 2.14152532862e-05], "min": [2.63978039327e-23, 2.96416542486e-22, 9.57978748861e-22, 4.59017869983e-21, 3.97714496967e-21, 1.19105187102e-20, 3.87433207409e-20, 3.69247544707e-20, 4.68256863503e-20, 1.34198551406e-19, 2.06902854639e-19, 2.99257557106e-19, 2.60174332988e-19, 3.59540980884e-19, 7.34115607509e-19, 8.15634411973e-19, 1.02786207378e-18, 9.19476701519e-19, 1.66360993154e-18, 2.04877004016e-18, 3.36992802528e-18, 3.03441529702e-18, 4.13374370778e-18, 4.34581627322e-18, 4.57117335931e-18, 6.25081611906e-18, 7.64782491199e-18, 8.1828064547e-18, 8.97114597441e-18, 1.03763587447e-17, 1.01134038182e-17, 8.38465175906e-18, 8.69335308212e-18, 8.07657247581e-18, 5.38944316871e-18, 4.09831101265e-18, 2.18667180162e-18, 8.37584993695e-19, 2.25509519961e-19, 2.52643399579e-20], "median": [0.00169106270187, 0.0395079180598, 0.375644981861, 1.14519715309, 1.71502912045, 1.53993439674, 2.48703074455, 2.54896020889, 1.3992549181, 1.11656486988, 1.04672849178, 0.512414455414, 0.686990618706, 0.881056785583, 1.05840468407, 1.57101845741, 0.934907793999, 0.774301171303, 0.327161818743, 0.231894433498, 0.171719253063, 0.18328422308, 0.105167239904, 0.1614331007, 0.163193210959, 0.0917692258954, 0.109250217676, 0.0696723014116, 0.0740512311459, 0.044843479991, 0.0336680188775, 0.0192603934556, 0.0100792180747, 0.00505000120029, 0.00227306853049, 0.000924927706365, 0.000425901438575, 0.000153176864842, 2.66141760221e-05, 6.19186312178e-06], "dvar2": [0.0770690143108, 4.78610229492, 47.6038131714, 97.1356811523, 1746.39135742, 5475.04296875, 715.55859375, 666.842834473, 1513.65808105, 4091.01123047, 3397.04882812, 2243.10791016, 2497.85546875, 1945.86437988, 1062.41247559, 1706.87792969, 602.937316895, 545.791015625, 372.182006836, 154.920562744, 181.936279297, 127.271400452, 174.175964355, 109.874885559, 63.1629295349, 42.5806770325, 64.6695098877, 54.285861969, 80.4369430542, 70.4362640381, 215.525848389, 210.221405029, 31.48005867, 25.4272251129, 6.03995704651, 0.566825330257, 0.00723807048053, 0.000191339786397, 5.57022849534e-06, 4.0102796639e-09], "var": [0.0377811901271, 1.59578084946, 14.6154069901, 60.7000160217, 1093.96240234, 3729.53393555, 927.788452148, 825.990661621, 1601.13012695, 5769.69921875, 3181.68847656, 5536.0546875, 3015.83569336, 3066.87133789, 2177.54443359, 2078.73022461, 667.117919922, 1589.50927734, 617.067504883, 240.303634644, 147.698532104, 253.581787109, 263.682800293, 106.277786255, 133.385620117, 64.6263809204, 51.9196662903, 66.6749572754, 99.603187561, 94.1801681519, 392.68057251, 456.326812744, 161.135925293, 100.54460144, 21.7216835022, 0.997741878033, 0.00604847073555, 8.85343470145e-05, 1.65725066381e-06, 2.67045519031e-09], "dmean2": [0.0422769188881, 0.337628662586, 1.48652505875, 4.12684202194, 11.6340208054, 13.7492341995, 6.91079902649, 9.44220638275, 8.86716651917, 9.03755569458, 8.00816440582, 6.65900468826, 6.74840688705, 5.80530405045, 5.24789571762, 7.24720287323, 4.21151161194, 4.74463033676, 3.73877644539, 2.87989377975, 2.15380358696, 2.04185843468, 1.97436523438, 2.0651845932, 1.74566483498, 1.42453992367, 1.78052961826, 1.47451019287, 1.54246330261, 1.44847989082, 1.4125187397, 1.12145102024, 0.583405613899, 0.381205618382, 0.181038632989, 0.0523265711963, 0.0143243875355, 0.00234035099857, 0.000298014143482, 1.5443918528e-05], "max": [4.16718673706, 47.3773765564, 132.094329834, 124.214073181, 795.42980957, 1785.00585938, 754.547241211, 627.677368164, 1271.70495605, 2532.05151367, 2603.87329102, 2035.38415527, 2305.99682617, 3207.6706543, 1433.55603027, 2072.90380859, 914.601379395, 1671.2578125, 1199.40344238, 462.355773926, 465.866699219, 763.76159668, 909.203613281, 292.051055908, 475.142700195, 200.082641602, 225.041000366, 499.959625244, 477.304382324, 325.303009033, 1112.58007812, 1096.5604248, 500.095733643, 505.145996094, 234.883117676, 62.7358551025, 3.43900036812, 0.232089430094, 0.0709874629974, 0.00171172292903], "dmean": [0.0275521315634, 0.201694726944, 0.885679483414, 2.39621853828, 7.0576543808, 8.3723783493, 4.39732313156, 5.68182086945, 5.3483338356, 6.16218948364, 5.38752841949, 4.84956932068, 4.63720464706, 3.95674991608, 3.66070485115, 4.85170030594, 2.74947500229, 3.25215125084, 2.51251149178, 1.89575028419, 1.40854346752, 1.41117012501, 1.33877754211, 1.36687326431, 1.1788572073, 0.953662753105, 1.15719401836, 0.994924902916, 1.04080855846, 0.99523383379, 0.994496822357, 0.808825135231, 0.417863696814, 0.278003960848, 0.12640196085, 0.0349661000073, 0.00944094918668, 0.0015490425285, 0.000190307182493, 9.94033143797e-06]}, "dissonance": {"dvar": 0.000630913244095, "mean": 0.435691475868, "min": 0.177865743637, "median": 0.444263726473, "dvar2": 0.00171598070301, "var": 0.00215425994247, "dmean2": 0.0406747497618, "max": 0.500000119209, "dmean": 0.0246258694679}, "erbbands_flatness_db": {"dvar": 0.000375755334971, "mean": 0.177537947893, "min": 0.0270497240126, "median": 0.179953426123, "dvar2": 0.000712029985152, "var": 0.00294340937398, "dmean2": 0.0241240058094, "max": 0.393453150988, "dmean": 0.0168361179531}, "melbands_kurtosis": {"dvar": 488.965881348, "mean": 26.0724906921, "min": -1.94411790371, "median": 13.4105415344, "dvar2": 1240.28662109, "var": 2075.79638672, "dmean2": 17.2542705536, "max": 647.440429688, "dmean": 10.5683746338}, "melbands_spread": {"dvar": 120.77230072, "mean": 18.9194660187, "min": 0.334758907557, "median": 7.68559598923, "dvar2": 265.710174561, "var": 996.158752441, "dmean2": 7.52095174789, "max": 231.552124023, "dmean": 4.81819200516}, "melbands_skewness": {"dvar": 0.899067401886, "mean": 3.15205740929, "min": -4.16764259338, "median": 2.79969096184, "dvar2": 2.19113516808, "var": 5.00097560883, "dmean2": 1.1926523447, "max": 19.2595691681, "dmean": 0.752361416817}, "spectral_entropy": {"dvar": 0.0662809535861, "mean": 7.03951311111, "min": 4.86999416351, "median": 6.90354824066, "dvar2": 0.127915799618, "var": 0.814768016338, "dmean2": 0.319980740547, "max": 9.82768440247, "dmean": 0.221401050687}, "zerocrossingrate": {"dvar": 0.000234727602219, "mean": 0.062304854393, "min": 0, "median": 0.0283203125, "dvar2": 0.000272613688139, "var": 0.0109788812697, "dmean2": 0.0102259106934, "max": 0.5556640625, "dmean": 0.00869660824537}, "average_loudness": 0.0122841764241, "spectral_contrast_coeffs": {"dvar": [0.00166150543373, 0.00112223369069, 0.000792202132288, 0.000550385157112, 0.000369557063095, 0.000341649632901], "mean": [-0.61490303278, -0.726257622242, -0.776061713696, -0.79718875885, -0.826092779636, -0.805393397808], "min": [-0.982551574707, -0.995786130428, -0.996063709259, -0.984639883041, -0.985679864883, -0.967415392399], "median": [-0.610990166664, -0.721985340118, -0.78049749136, -0.804500102997, -0.831178069115, -0.798412263393], "dvar2": [0.00425452180207, 0.00285606761463, 0.0017584702, 0.00114616181236, 0.00073398713721, 0.00072782515781], "var": [0.0177208054811, 0.00887201819569, 0.00772167276591, 0.00637102592736, 0.00394092081115, 0.00362178613432], "dmean2": [0.0725309476256, 0.0601947531104, 0.0462097376585, 0.0380461625755, 0.0286488234997, 0.0244855526835], "max": [-0.20114338398, -0.351259022951, -0.423484116793, -0.510263204575, -0.545246124268, -0.564214885235], "dmean": [0.0440920852125, 0.0365222021937, 0.0294302739203, 0.0246208142489, 0.0186591260135, 0.0158414822072]}, "barkbands_flatness_db": {"dvar": 0.000635803502519, "mean": 0.196247383952, "min": 0.0221574772149, "median": 0.196627646685, "dvar2": 0.00134083628654, "var": 0.00514021376148, "dmean2": 0.0345210544765, "max": 0.448794364929, "dmean": 0.0231474358588}, "silence_rate_30dB": {"dvar": 0.0113961240277, "mean": 0.98271048069, "min": 0, "median": 1, "dvar2": 0.025430155918, "var": 0.0169934574515, "dmean2": 0.0230554547161, "max": 1, "dmean": 0.0115270279348}, "spectral_energyband_high": {"dvar": 6.74416696711e-07, "mean": 0.000305084686261, "min": 6.69203817398e-21, "median": 1.01521254692e-05, "dvar2": 9.307297546e-07, "var": 5.00920305058e-06, "dmean2": 0.000171309118741, "max": 0.0771840140224, "dmean": 0.000128200554173}, "melbands_flatness_db": {"dvar": 0.00100265908986, "mean": 0.275463879108, "min": 3.75347525505e-07, "median": 0.282166659832, "dvar2": 0.00202416116372, "var": 0.0108747091144, "dmean2": 0.0406401157379, "max": 0.587940514088, "dmean": 0.0276773162186}, "barkbands": {"dvar": [1.12243526473e-07, 3.22068372043e-05, 1.35587661134e-05, 8.36893104861e-06, 0.000117522431538, 3.26803024109e-06, 6.02437603447e-06, 3.62684704669e-06, 2.54879387285e-06, 9.74703993961e-07, 8.71058830398e-07, 3.71219442741e-07, 1.15260810674e-07, 1.12789514617e-07, 5.70876963479e-08, 2.38612116732e-08, 2.56531098586e-08, 2.1953351137e-08, 1.99012397673e-08, 1.06407256339e-08, 1.31852049279e-08, 2.76753446826e-08, 9.40729023569e-08, 1.66759335229e-07, 1.12806155528e-07, 3.16729487082e-09, 5.04655241207e-11], "mean": [6.56503470964e-05, 0.00132323545404, 0.00140118447598, 0.00194287823979, 0.00416549388319, 0.00146293255966, 0.000720313575584, 0.000461004878161, 0.000541588524356, 0.00028085426311, 0.000219995112275, 0.000281465472654, 0.000149766536197, 0.000139258409035, 8.14166269265e-05, 3.65702908312e-05, 5.36513325642e-05, 4.09745589423e-05, 5.20251960552e-05, 3.69214067177e-05, 4.07807056035e-05, 5.00938149344e-05, 6.22614461463e-05, 7.49625178287e-05, 4.96309839946e-05, 7.54754591981e-06, 9.65882918535e-07], "min": [2.12702630472e-26, 1.5907830051e-25, 4.36991618511e-25, 4.41157297128e-25, 2.51441485487e-24, 3.81984791324e-24, 4.88240174295e-24, 6.94836889472e-24, 9.35186556758e-24, 6.15792592895e-24, 1.09841457871e-23, 1.42255807687e-23, 1.33088391998e-23, 1.34837170407e-23, 2.1256890499e-23, 3.63804663459e-23, 4.85441997889e-23, 6.67525452082e-23, 1.05324669097e-22, 1.36456364213e-22, 1.642790592e-22, 2.7418447318e-22, 3.20681979661e-22, 5.4538329085e-22, 8.20217987364e-22, 1.17911556996e-21, 1.79726253243e-21], "median": [4.38291920091e-07, 8.58699349919e-05, 0.000280676118564, 0.000368131586583, 0.000550460885279, 0.000357683660695, 7.60266848374e-05, 4.1523224354e-05, 1.67645175679e-05, 2.30674850172e-05, 1.87354380614e-05, 3.53186915163e-05, 1.95886204892e-05, 1.06193383544e-05, 5.26827898284e-06, 2.14506553675e-06, 3.53595510205e-06, 1.5324691276e-06, 3.55793849849e-06, 1.92120660358e-06, 2.27212603932e-06, 1.97933059098e-06, 1.16150090435e-06, 7.24336587155e-07, 3.75184129098e-07, 2.27086616178e-07, 1.06530833932e-07], "dvar2": [2.01554641421e-07, 7.66947414377e-05, 3.77283977286e-05, 2.37219919654e-05, 0.000317178171827, 8.11165500636e-06, 1.27366838569e-05, 7.45148463466e-06, 5.14995326739e-06, 2.20838455789e-06, 1.95653183255e-06, 8.78246112279e-07, 2.64568200237e-07, 2.09898971093e-07, 1.281060662e-07, 5.51280194827e-08, 4.75466244154e-08, 4.68613450266e-08, 4.41451213362e-08, 2.34091537266e-08, 2.76080989181e-08, 5.20686427308e-08, 1.87507680494e-07, 3.587595927e-07, 1.68418438307e-07, 6.15927575609e-09, 1.31173280571e-10], "var": [1.84542784609e-07, 3.34329561156e-05, 1.36053777169e-05, 1.91712188098e-05, 0.000193746964214, 1.09150714707e-05, 1.47473583638e-05, 7.52736104914e-06, 1.11799163278e-05, 2.27177315537e-06, 2.31133071793e-06, 1.466504159e-06, 3.16304578973e-07, 5.64245169699e-07, 1.58643786108e-07, 3.40098615936e-08, 9.40134512462e-08, 6.14407085209e-08, 5.71120004622e-08, 3.19259889636e-08, 3.056888076e-08, 8.16711889229e-08, 3.19805849358e-07, 7.75949729359e-07, 6.41826716219e-07, 8.54032489173e-09, 4.03705437135e-11], "dmean2": [7.05930142431e-05, 0.0013793798862, 0.00152209959924, 0.00204633362591, 0.00381345744245, 0.00104804500006, 0.000591127900407, 0.000389863242162, 0.000319718586979, 0.000201426548301, 0.000170490791788, 0.000171643085196, 0.000100209595985, 9.13036346901e-05, 7.02065663063e-05, 3.76386597054e-05, 4.33101522503e-05, 3.61482670996e-05, 4.23706078436e-05, 3.22621381201e-05, 3.90710920328e-05, 4.26813894592e-05, 4.75007509522e-05, 4.69488659292e-05, 3.01269301417e-05, 8.85249028215e-06, 1.47688183461e-06], "max": [0.00828106328845, 0.185681775212, 0.117592155933, 0.0808040723205, 0.385188043118, 0.089331805706, 0.0995194241405, 0.0991105139256, 0.12180274725, 0.0642199143767, 0.0723598971963, 0.0426387004554, 0.0169189572334, 0.0286920629442, 0.0186646021903, 0.00934131350368, 0.0113302990794, 0.0127232186496, 0.00825140532106, 0.00484707811847, 0.00886655412614, 0.0118007101119, 0.0304428692907, 0.0345946401358, 0.0427169315517, 0.0056281760335, 0.000343175663147], "dmean": [5.21324836882e-05, 0.000866634596605, 0.000909702386707, 0.00119614263531, 0.00233437679708, 0.000640951446258, 0.000375146046281, 0.000261135457549, 0.000228794393479, 0.000137311420985, 0.00011475282372, 0.000113947193313, 6.5897598688e-05, 6.30113790976e-05, 4.59131115349e-05, 2.41951038333e-05, 2.9393882869e-05, 2.40738627326e-05, 2.81589418591e-05, 2.13166076719e-05, 2.59957214439e-05, 2.9522285331e-05, 3.25979490299e-05, 3.23783424392e-05, 2.16316493606e-05, 5.8396908571e-06, 9.44195278407e-07]}, "erbbands_spread": {"dvar": 130.950546265, "mean": 33.4427070618, "min": 1.95699751377, "median": 27.8940353394, "dvar2": 283.180267334, "var": 527.345153809, "dmean2": 11.6535844803, "max": 171.815093994, "dmean": 7.74269199371}, "barkbands_kurtosis": {"dvar": 251.539657593, "mean": 16.0643138885, "min": -1.95731544495, "median": 7.14772415161, "dvar2": 558.733520508, "var": 1512.32958984, "dmean2": 10.4322385788, "max": 746.099304199, "dmean": 6.46327877045}, "spectral_flux": {"dvar": 0.000668990425766, "mean": 0.0387174673378, "min": 6.28037691297e-11, "median": 0.023344848305, "dvar2": 0.00149721640628, "var": 0.002259332221, "dmean2": 0.0213121809065, "max": 0.589388132095, "dmean": 0.0134937334806}, "silence_rate_20dB": {"dvar": 0, "mean": 1, "min": 1, "median": 1, "dvar2": 0, "var": 0, "dmean2": 0, "max": 1, "dmean": 0}, "gfcc": {"cov": [[58019.0976562, 6251.63916016, -5477.85839844, 1659.82751465, -3506.04150391, 396.380004883, -1997.03991699, -780.612548828, -1578.35229492, -455.643676758, -593.354003906, -531.45892334, -544.077331543], [6251.63916016, 2847.95092773, -620.639953613, -413.835662842, -39.4018478394, -147.926956177, -59.2634162903, -285.022796631, -125.843154907, -161.537445068, 45.6964378357, -118.59903717, -38.9757118225], [-5477.85839844, -620.639953613, 1739.39978027, 31.6384754181, 117.07408905, 61.8781890869, 152.709396362, 72.1632766724, 227.182830811, 122.058609009, 19.7438106537, 106.516830444, 35.3102531433], [1659.82751465, -413.835662842, 31.6384754181, 709.265930176, -138.19317627, 105.451072693, -25.9778556824, 55.6320419312, 16.3294715881, 31.0578556061, -10.8657846451, 14.903008461, 7.79018211365], [-3506.04150391, -39.4018478394, 117.07408905, -138.19317627, 735.884338379, 23.2505207062, 237.376449585, 64.9616546631, 65.5738143921, 51.6229438782, 115.328857422, 52.1708450317, 6.54826402664], [396.380004883, -147.926956177, 61.8781890869, 105.451072693, 23.2505207062, 324.224578857, 68.9113311768, 13.3987064362, 11.3981304169, 43.662815094, 32.3060874939, 30.341003418, -9.09727191925], [-1997.03991699, -59.2634162903, 152.709396362, -25.9778556824, 237.376449585, 68.9113311768, 265.692260742, 61.2353210449, 73.7225112915, 44.1332588196, 71.5303421021, 42.3834457397, 16.889591217], [-780.612548828, -285.022796631, 72.1632766724, 55.6320419312, 64.9616546631, 13.3987064362, 61.2353210449, 174.90612793, 67.7777023315, 49.4621620178, 25.733341217, 36.3663101196, 25.8729476929], [-1578.35229492, -125.843154907, 227.182830811, 16.3294715881, 65.5738143921, 11.3981304169, 73.7225112915, 67.7777023315, 188.194198608, 48.1613464355, 18.339006424, 32.3323860168, 47.8916435242], [-455.643676758, -161.537445068, 122.058609009, 31.0578556061, 51.6229438782, 43.662815094, 44.1332588196, 49.4621620178, 48.1613464355, 125.794921875, 47.0483551025, 34.5765304565, 4.61067676544], [-593.354003906, 45.6964378357, 19.7438106537, -10.8657846451, 115.328857422, 32.3060874939, 71.5303421021, 25.733341217, 18.339006424, 47.0483551025, 122.942329407, 42.1994438171, 6.30385828018], [-531.45892334, -118.59903717, 106.516830444, 14.903008461, 52.1708450317, 30.341003418, 42.3834457397, 36.3663101196, 32.3323860168, 34.5765304565, 42.1994438171, 107.945678711, 20.832818985], [-544.077331543, -38.9757118225, 35.3102531433, 7.79018211365, 6.54826402664, -9.09727191925, 16.889591217, 25.8729476929, 47.8916435242, 4.61067676544, 6.30385828018, 20.832818985, 85.9875259399]], "mean": [-191.989364624, 108.902282715, -79.6875076294, 18.5247535706, -55.284702301, 5.5222196579, -33.8474617004, -10.6382102966, -28.2880268097, -3.28313827515, -12.2085065842, -2.67918920517, -13.5947561264], "icov": [[0.00016106115072, -0.000419610267272, 0.000286181864794, -0.000422418030212, 0.00041285174666, -0.000389847031329, 0.000538849155419, -0.000415014539612, 0.00061977194855, -0.000551090284716, 0.000560125743505, -0.000364452251233, 0.000427596707596], [-0.000419610267272, 0.00161852792371, -0.000607658817898, 0.00130874966271, -0.000999874435365, 0.00113609596156, -0.00150724605191, 0.00179744092748, -0.00179745873902, 0.001822686987, -0.00207901885733, 0.00125874893274, -0.00108805892523], [0.000286181864794, -0.000607658817898, 0.00128820433747, -0.000700829608832, 0.000762692885473, -0.000656813906971, 0.000690510845743, -0.00032907736022, 0.000275101192528, -0.0013240800472, 0.0012620347552, -0.00112249213271, 0.00100287771784], [-0.000422418030212, 0.00130874966271, -0.000700829608832, 0.00280757853761, -0.000731506210286, 0.000529231503606, -0.00128768035211, 0.000783421099186, -0.0017014183104, 0.00141330866609, -0.00160953693558, 0.00102144852281, -0.00117489136755], [0.00041285174666, -0.000999874435365, 0.000762692885473, -0.000731506210286, 0.00317671266384, -0.000777371576987, -0.000209872887353, -0.00117610383313, 0.00149196048733, -0.00131758593488, 0.000314241857268, -0.000980811659247, 0.00143735774327], [-0.000389847031329, 0.00113609596156, -0.000656813906971, 0.000529231503606, -0.000777371576987, 0.0046324338764, -0.00242326338775, 0.00159355113283, -0.00132064626087, 0.000537604850251, -0.0016707861796, 0.000353725161403, -0.000440689676907], [0.000538849155419, -0.00150724605191, 0.000690510845743, -0.00128768035211, -0.000209872887353, -0.00242326338775, 0.00841992627829, -0.00247459136881, 0.000851179414894, -0.00148209009785, 0.000212558486965, -0.00131403561682, 0.00131795916241], [-0.000415014539612, 0.00179744092748, -0.00032907736022, 0.000783421099186, -0.00117610383313, 0.00159355113283, -0.00247459136881, 0.00976772420108, -0.00354419206269, -1.49266606968e-05, -0.001876602415, 0.000107648251287, -0.00185561808757], [0.00061977194855, -0.00179745873902, 0.000275101192528, -0.0017014183104, 0.00149196048733, -0.00132064626087, 0.000851179414894, -0.00354419206269, 0.0110879121348, -0.00392317026854, 0.00306267105043, -0.0013107531704, -0.0020782565698], [-0.000551090284716, 0.001822686987, -0.0013240800472, 0.00141330866609, -0.00131758593488, 0.000537604850251, -0.00148209009785, -1.49266606968e-05, -0.00392317026854, 0.0136509509757, -0.0058756954968, 0.000582470325753, -4.95746498927e-05], [0.000560125743505, -0.00207901885733, 0.0012620347552, -0.00160953693558, 0.000314241857268, -0.0016707861796, 0.000212558486965, -0.001876602415, 0.00306267105