{"lowlevel": {"erbbands": {"mean": [0.154919937253, 1.91826093197, 4.34407949448, 4.1077466011, 6.33616733551, 5.24199819565, 6.52781057358, 14.0088663101, 11.9013366699, 18.5298290253, 17.8179416656, 26.4601459503, 30.791595459, 25.261510849, 46.6080245972, 21.1740150452, 46.7313613892, 45.7415161133, 52.2239189148, 28.4003334045, 27.0197353363, 22.5097122192, 30.788860321, 35.7642822266, 20.6367530823, 14.3558349609, 9.23087215424, 4.79526519775, 3.87934851646, 3.56537818909, 2.54965353012, 1.69778621197, 0.979778468609, 0.660378873348, 0.350790202618, 0.132199287415, 0.0345506817102, 0.0064291539602, 0.000758075271733, 6.20874925517e-05], "dvar": [0.0174096245319, 1.82452535629, 22.1675128937, 20.3147640228, 69.744392395, 36.4718742371, 63.5185394287, 338.377960205, 756.676208496, 721.867614746, 1038.71459961, 865.828552246, 1899.49328613, 895.236877441, 2042.61083984, 427.070678711, 1375.63696289, 1373.95349121, 1770.08105469, 651.913818359, 431.20010376, 368.10546875, 1078.72717285, 1139.2677002, 287.718597412, 279.851989746, 157.824203491, 80.5085601807, 63.1708717346, 45.8388290405, 23.4719638824, 10.7634143829, 2.43720674515, 1.20443201065, 0.383063554764, 0.0497740022838, 0.00365591817535, 0.000112351306598, 1.60852289355e-06, 2.82994738754e-09], "min": [8.72923639843e-22, 3.32113803539e-21, 3.43911083323e-21, 1.77950088865e-20, 8.56254153159e-21, 2.560080375e-20, 8.51203423882e-20, 2.06170218185e-19, 2.23175423068e-19, 3.22975875496e-19, 6.05287913971e-19, 9.12405134462e-19, 7.41857914645e-19, 1.0779636797e-18, 1.01089215332e-18, 2.06789673067e-18, 2.37015555753e-18, 2.66863106706e-18, 5.80383004992e-18, 4.44222458721e-18, 4.64468324598e-18, 4.97060357427e-18, 6.55962621638e-18, 8.5878329601e-18, 9.18968957379e-18, 9.81152673518e-18, 1.33605236466e-17, 1.00570554477e-17, 1.03042277681e-17, 1.2948218779e-17, 1.35082655487e-17, 1.41733311689e-17, 1.37735531245e-17, 9.66200308611e-18, 7.11263988285e-18, 4.04983781516e-18, 2.61173655056e-18, 1.12881605543e-18, 2.95839155676e-19, 3.26448412019e-20], "dmean": [0.0768907517195, 0.833019137383, 2.59824943542, 2.86533474922, 4.64294672012, 3.03682160378, 3.76304554939, 8.4114484787, 8.49324321747, 11.6663074493, 10.5085010529, 14.5852375031, 17.3752765656, 13.1220846176, 24.8332767487, 10.2464179993, 23.8658733368, 22.0170440674, 27.2351722717, 14.6148834229, 13.3498764038, 10.4440546036, 14.9276714325, 16.0109920502, 8.92360687256, 6.45605659485, 4.46801662445, 2.42047667503, 2.11294698715, 1.94696998596, 1.36951744556, 0.875865280628, 0.475055485964, 0.343359768391, 0.219985991716, 0.0976881608367, 0.027385737747, 0.00498371105641, 0.000585754634812, 2.86124468403e-05], "dmean2": [0.133231848478, 1.44100868702, 4.50864171982, 4.80960321426, 7.68489408493, 4.77798843384, 5.85942697525, 13.4360074997, 13.3316116333, 18.4523029327, 16.357334137, 22.6990871429, 26.9764080048, 19.9124794006, 37.8219947815, 15.8894958496, 36.8047599792, 34.5439605713, 42.4614868164, 22.619096756, 20.7346668243, 16.0681400299, 22.3842086792, 24.8712024689, 13.5098009109, 9.8010969162, 6.83276796341, 3.7187833786, 3.1829559803, 2.94846391678, 2.10789561272, 1.36286318302, 0.740770220757, 0.533684968948, 0.341923713684, 0.15523481369, 0.0435873419046, 0.00778225902468, 0.000898554979358, 4.26336337114e-05], "dvar2": [0.0477930828929, 5.25855064392, 62.3662490845, 53.0907058716, 181.911834717, 81.7391662598, 138.476455688, 813.676208496, 1641.9588623, 1773.9119873, 2666.31494141, 2033.30078125, 4486.53173828, 1989.88842773, 4865.47412109, 1120.09936523, 3097.5300293, 3242.85986328, 4154.34228516, 1506.97790527, 1040.4296875, 915.848937988, 2473.93408203, 2809.08251953, 689.499389648, 649.719543457, 355.968261719, 182.958709717, 140.812942505, 101.222419739, 53.151889801, 25.2616577148, 5.82484054565, 2.82146835327, 0.901678800583, 0.121224924922, 0.00879592262208, 0.000261882611085, 3.62733180737e-06, 6.18751361259e-09], "max": [1.55468475819, 16.6557159424, 53.1386146545, 73.4086456299, 160.803024292, 134.664001465, 304.44229126, 661.401000977, 625.872497559, 1012.17297363, 1219.35913086, 864.798706055, 1124.60095215, 901.399963379, 1155.46972656, 541.361083984, 779.656738281, 1452.35046387, 893.099975586, 693.056518555, 386.486663818, 561.70892334, 799.953369141, 1036.6418457, 489.827178955, 445.062896729, 345.540252686, 353.710723877, 318.417419434, 246.118972778, 123.950843811, 112.771789551, 43.0521965027, 24.3952045441, 16.5190219879, 7.08478689194, 1.55457818508, 0.294410854578, 0.02276622504, 0.00117126735859], "median": [0.0984943211079, 1.77852582932, 2.62918639183, 2.55658841133, 3.0248503685, 2.35641813278, 3.35997390747, 7.22972011566, 4.10364055634, 8.3782787323, 7.61957550049, 14.282327652, 13.7399320602, 12.853302002, 22.4108867645, 13.6543130875, 28.2574100494, 29.3599586487, 32.2112617493, 17.5826072693, 17.7565326691, 15.115231514, 16.5350799561, 23.176984787, 12.9334850311, 5.79856109619, 3.89935612679, 2.29281067848, 1.50044906139, 1.50208520889, 1.30250120163, 0.972985625267, 0.576137721539, 0.336465448141, 0.129306927323, 0.0431631952524, 0.00828649755567, 0.00125564564951, 0.000132215340273, 4.22525154136e-05], "var": [0.0271589718759, 2.76041984558, 26.4932880402, 23.9816665649, 86.4747161865, 73.6268615723, 136.730697632, 647.035888672, 1021.88171387, 1168.11230469, 1334.29333496, 1937.88049316, 4159.80859375, 2023.82177734, 5272.31835938, 947.119628906, 3866.12475586, 3931.10546875, 4497.21777344, 1511.86962891, 1035.7244873, 739.335754395, 2358.57666016, 2772.03588867, 999.235717773, 938.145812988, 386.957214355, 150.041885376, 101.461524963, 70.4608306885, 34.5480804443, 14.9340305328, 3.93411850929, 1.97557401657, 0.632381975651, 0.0712523311377, 0.00538371643052, 0.00017407060659, 2.70522559731e-06, 5.77948400249e-09]}, "gfcc": {"icov": [[0.000195781016373, -0.000351574766682, 0.000313106633257, -0.000351285707438, 0.000381892663427, -0.00054780265782, 0.000438324088464, -0.000796131964307, 0.000661715283059, -0.00072359724436, 0.00089859898435, -0.000853630364873, 0.000800426118076], [-0.000351574766682, 0.00182102585677, -0.000731706735678, 0.00106690777466, -0.00140774308238, 0.00109794770833, -0.000872951117344, 0.00170078629162, -0.00177976721898, 0.00250958651304, -0.00343020563014, 0.00358955585398, -0.00206022197381], [0.000313106633257, -0.000731706735678, 0.00186054338701, -0.000510731362738, 0.000929334608372, -0.0011740247719, 0.000862726592459, -0.000886160531081, 0.00141239643563, -0.00156504986808, 0.00227220985107, -0.00273725856096, 0.00206827558577], [-0.000351285707438, 0.00106690777466, -0.000510731362738, 0.00382398162037, -0.000669558066875, 0.000456379522802, -0.00101421342697, 0.00130078790244, -0.00240312214009, 0.00219505978748, -0.00231504323892, 0.0015553602716, -0.0021370195318], [0.000381892663427, -0.00140774308238, 0.000929334608372, -0.000669558066875, 0.00500126089901, -0.00137342407834, 0.000404747668654, -0.00282418704592, 0.00182437279727, -0.0018844534643, 0.0025559568312, -0.0032336700242, 0.00191162980627], [-0.00054780265782, 0.00109794770833, -0.0011740247719, 0.000456379522802, -0.00137342407834, 0.00440921774134, -0.00256775924936, 0.000676888390444, -0.00216931663454, 0.00187443057075, -0.00188856502064, 0.00148372340482, -0.00202882569283], [0.000438324088464, -0.000872951117344, 0.000862726592459, -0.00101421342697, 0.000404747668654, -0.00256775924936, 0.00843616016209, -0.00279023847543, 0.00183379324153, -0.0035371275153, 0.00124397489708, -0.00159604940563, 0.00140264222864], [-0.000796131964307, 0.00170078629162, -0.000886160531081, 0.00130078790244, -0.00282418704592, 0.000676888390444, -0.00279023847543, 0.0117361545563, -0.0043840482831, 0.00278445100412, -0.00390355638228, 0.00349374394864, -0.00353573798202], [0.000661715283059, -0.00177976721898, 0.00141239643563, -0.00240312214009, 0.00182437279727, -0.00216931663454, 0.00183379324153, -0.0043840482831, 0.0147172082216, -0.0071984315291, 0.00377134559676, -0.00284771481529, 0.0013241317356], [-0.00072359724436, 0.00250958651304, -0.00156504986808, 0.00219505978748, -0.0018844534643, 0.00187443057075, -0.0035371275153, 0.00278445100412, -0.0071984315291, 0.015704838559, -0.00710664503276, 0.00239752465859, -0.00121825293172], [0.00089859898435, -0.00343020563014, 0.00227220985107, -0.00231504323892, 0.0025559568312, -0.00188856502064, 0.00124397489708, -0.00390355638228, 0.00377134559676, -0.00710664503276, 0.0191508792341, -0.00886973924935, 0.00244405679405], [-0.000853630364873, 0.00358955585398, -0.00273725856096, 0.0015553602716, -0.0032336700242, 0.00148372340482, -0.00159604940563, 0.00349374394864, -0.00284771481529, 0.00239752465859, -0.00886973924935, 0.0212981570512, -0.0102076707408], [0.000800426118076, -0.00206022197381, 0.00206827558577, -0.0021370195318, 0.00191162980627, -0.00202882569283, 0.00140264222864, -0.00353573798202, 0.0013241317356, -0.00121825293172, 0.00244405679405, -0.0102076707408, 0.0218834411353]], "mean": [-13.4411354065, 93.7688751221, -121.560501099, 30.7993812561, -42.998500824, 14.5635404587, -33.1078605652, 12.5814180374, -22.7991123199, 2.29133749008, -9.78055000305, -4.65756225586, -13.8542404175], "cov": [[18578.6425781, -167.113021851, -677.516235352, 839.671508789, 147.770431519, 1841.44042969, 246.98789978, 930.588684082, 96.9958114624, 312.07824707, -161.94708252, 239.371734619, -115.662078857], [-167.113021851, 1604.82177734, -124.424072266, -211.725967407, 138.95262146, -253.488006592, -48.8640480042, -82.5603179932, -18.6142063141, -132.368041992, 101.459213257, -172.230438232, 4.52379131317], [-677.516235352, -124.424072266, 882.836791992, -15.6910524368, -54.2304191589, 90.7702178955, -14.1890201569, -36.4076538086, -24.325220108, 23.1064891815, -41.6380348206, 62.5819587708, -27.1246509552], [839.671508789, -211.725967407, -15.6910524368, 393.485107422, 5.8225030899, 150.526763916, 49.299861908, 58.9364585876, 49.5880393982, 22.1704349518, 10.593588829, 44.4221534729, 26.8440685272], [147.770431519, 138.95262146, -54.2304191589, 5.8225030899, 296.597564697, 83.5235977173, 48.6510353088, 66.4975357056, 10.6255331039, 12.1770238876, 13.3097867966, 17.1471996307, 9.37769794464], [1841.44042969, -253.488006592, 90.7702178955, 150.526763916, 83.5235977173, 590.313110352, 144.633773804, 156.546875, 57.5992927551, 70.9730529785, -5.14965009689, 79.3496780396, 16.4111804962], [246.98789978, -48.8640480042, -14.1890201569, 49.299861908, 48.6510353088, 144.633773804, 185.545135498, 65.5256576538, 26.1032924652, 47.1308135986, 18.5718708038, 24.1903209686, 10.6284208298], [930.588684082, -82.5603179932, -36.4076538086, 58.9364585876, 66.4975357056, 156.546875, 65.5256576538, 178.483947754, 40.768447876, 35.7243499756, 8.21065330505, 27.7951793671, 12.2985963821], [96.9958114624, -18.6142063141, -24.325220108, 49.5880393982, 10.6255331039, 57.5992927551, 26.1032924652, 40.768447876, 108.317268372, 45.0654830933, 11.8661441803, 13.2347154617, 11.9699268341], [312.07824707, -132.368041992, 23.1064891815, 22.1704349518, 12.1770238876, 70.9730529785, 47.1308135986, 35.7243499756, 45.0654830933, 121.61491394, 22.6136837006, 33.1440734863, 1.35001206398], [-161.94708252, 101.459213257, -41.6380348206, 10.593588829, 13.3097867966, -5.14965009689, 18.5718708038, 8.21065330505, 11.8661441803, 22.6136837006, 95.5100326538, 20.2854576111, 18.277513504], [239.371734619, -172.230438232, 62.5819587708, 44.4221534729, 17.1471996307, 79.3496780396, 24.1903209686, 27.7951793671, 13.2347154617, 33.1440734863, 20.2854576111, 105.735115051, 30.3516864777], [-115.662078857, 4.52379131317, -27.1246509552, 26.8440685272, 9.37769794464, 16.4111804962, 10.6284208298, 12.2985963821, 11.9699268341, 1.35001206398, 18.277513504, 30.3516864777, 69.0136260986]]}, "spectral_skewness": {"mean": 1.66167330742, "dvar": 0.114947833121, "min": -0.292970865965, "dmean": 0.244762167335, "dmean2": 0.371333509684, "dvar2": 0.231912851334, "max": 13.294675827, "median": 1.57575881481, "var": 0.50622433424}, "spectral_energyband_low": {"mean": 0.0117123052478, "dvar": 6.7172695708e-05, "min": 3.96563753379e-23, "dmean": 0.00470729637891, "dmean2": 0.00807679537684, "dvar2": 0.000184871008969, "max": 0.0917305201292, "median": 0.0110594751313, "var": 9.54811112024e-05}, "spectral_energyband_middle_low": {"mean": 0.00792206823826, "dvar": 2.3668853828e-05, "min": 1.86165241398e-22, "dmean": 0.003301669145, "dmean2": 0.00511984433979, "dvar2": 5.48573989363e-05, "max": 0.0772364959121, "median": 0.00566076952964, "var": 5.43359165022e-05}, "mfcc": {"icov": [[0.00013694257359, -6.83829202899e-05, 0.000188897509361, -0.000117544463137, 0.00011967743194, -0.000311947223963, 7.38954549888e-05, -0.000416862952989, -7.47471422073e-05, -0.000188664882444, -2.42543101194e-05, -0.000154166744323, -7.31069230824e-05], [-6.83829202899e-05, 0.00109518168028, -0.000109682216134, 0.000233460668824, -0.00084175838856, 0.000838428153656, -0.000739364128094, 0.000487675657496, 0.000798346591182, -0.000525711744558, 0.00032724175253, -0.000186086064787, 0.000611714087427], [0.000188897509361, -0.000109682216134, 0.00185333914123, -0.000337504578056, 0.000592707656324, -0.00156747410074, 0.000651141628623, -0.000519081484526, 0.000286829686956, 4.24219615525e-05, 0.000708294566721, -0.00108126283158, 0.0002706903324], [-0.000117544463137, 0.000233460668824, -0.000337504578056, 0.00404334207997, -0.00101498025469, 0.00114633701742, -0.00021724725957, 0.000918022647966, -0.000281621149043, 0.000843253044877, -0.000281371700112, -0.000253395119216, -0.000310713599902], [0.00011967743194, -0.00084175838856, 0.000592707656324, -0.00101498025469, 0.00605915579945, -0.00159928842913, 0.000470201019198, -0.00218251370825, -0.000665899657179, 0.00026003352832, 2.25878829951e-05, 0.000250996643445, -0.000461719027953], [-0.000311947223963, 0.000838428153656, -0.00156747410074, 0.00114633701742, -0.00159928842913, 0.00772707397118, -0.00296401861124, 0.000678574375343, -0.00217509991489, 0.00124985130969, -0.00265330984257, 0.000922602426726, -0.000431380845839], [7.38954549888e-05, -0.000739364128094, 0.000651141628623, -0.00021724725957, 0.000470201019198, -0.00296401861124, 0.00899994093925, -0.0045366906561, 0.000805911666248, -0.00177634716965, 0.000610044866335, -0.00160579592921, 0.000329572183546], [-0.000416862952989, 0.000487675657496, -0.000519081484526, 0.000918022647966, -0.00218251370825, 0.000678574375343, -0.0045366906561, 0.0134178288281, -0.004001269117, 0.00124691496603, 0.000243560483796, 1.22516039482e-05, -0.000265029724687], [-7.47471422073e-05, 0.000798346591182, 0.000286829686956, -0.000281621149043, -0.000665899657179, -0.00217509991489, 0.000805911666248, -0.004001269117, 0.0128601454198, -0.00439789425582, 0.000488924910314, -0.00205232435837, -0.000333012663759], [-0.000188664882444, -0.000525711744558, 4.24219615525e-05, 0.000843253044877, 0.00026003352832, 0.00124985130969, -0.00177634716965, 0.00124691496603, -0.00439789425582, 0.0143015822396, -0.00495050055906, 0.00058751431061, 0.00146941514686], [-2.42543101194e-05, 0.00032724175253, 0.000708294566721, -0.000281371700112, 2.25878829951e-05, -0.00265330984257, 0.000610044866335, 0.000243560483796, 0.000488924910314, -0.00495050055906, 0.0160672329366, -0.00614981073886, 0.000881993444636], [-0.000154166744323, -0.000186086064787, -0.00108126283158, -0.000253395119216, 0.000250996643445, 0.000922602426726, -0.00160579592921, 1.22516039482e-05, -0.00205232435837, 0.00058751431061, -0.00614981073886, 0.0173116642982, -0.00798875000328], [-7.31069230824e-05, 0.000611714087427, 0.0002706903324, -0.000310713599902, -0.000461719027953, -0.000431380845839, 0.000329572183546, -0.000265029724687, -0.000333012663759, 0.00146941514686, 0.000881993444636, -0.00798875000328, 0.0188011024147]], "mean": [-651.442565918, 123.133705139, -10.5058870316, 21.637834549, 12.028465271, 3.72459769249, 7.04758310318, 5.64015436172, -4.35756635666, 8.35186672211, 3.17851352692, -2.0129506588, -2.80020284653], "cov": [[13790.1640625, 11.4204998016, -869.18572998, 56.1383285522, 330.653015137, 849.962768555, 666.293518066, 780.415039062, 658.899353027, 422.101318359, 410.447143555, 391.464080811, 219.398727417], [11.4204998016, 1317.2565918, -116.341308594, -21.2396240234, 106.485015869, -175.201583862, 41.9843292236, -48.520816803, -119.532913208, 26.0227775574, -54.4403266907, -46.2415733337, -65.560295105], [-869.18572998, -116.341308594, 757.395446777, 14.1621332169, -46.5296554565, 105.28289032, -28.8137054443, -16.1048316956, -10.2857513428, -39.4242324829, -14.2978086472, 29.3438491821, 7.32418394089], [56.1383285522, -21.2396240234, 14.1621332169, 275.08807373, 28.6273193359, -32.9394073486, -18.4861965179, -15.16431427, -4.95578527451, -18.8228492737, -2.705960989, 8.77708625793, 10.5489263535], [330.653015137, 106.485015869, -46.5296554565, 28.6273193359, 222.760681152, 62.7811851501, 52.1514930725, 64.7569656372, 43.4078865051, 15.3633356094, 16.7382316589, 15.5958976746, 11.2835893631], [849.962768555, -175.201583862, 105.28289032, -32.9394073486, 62.7811851501, 305.506286621, 122.470748901, 104.916282654, 113.790458679, 38.8667411804, 73.5921096802, 60.9088821411, 36.234992981], [666.293518066, 41.9843292236, -28.8137054443, -18.4861965179, 52.1514930725, 122.470748901, 211.11114502, 108.413719177, 68.0672302246, 47.934928894, 40.8705062866, 45.9528427124, 18.3202285767], [780.415039062, -48.520816803, -16.1048316956, -15.16431427, 64.7569656372, 104.916282654, 108.413719177, 166.717178345, 91.4978637695, 34.3510894775, 35.8219070435, 42.194858551, 24.2261829376], [658.899353027, -119.532913208, -10.2857513428, -4.95578527451, 43.4078865051, 113.790458679, 68.0672302246, 91.4978637695, 160.888687134, 55.7415466309, 48.776473999, 50.9132881165, 28.1294059753], [422.101318359, 26.0227775574, -39.4242324829, -18.8228492737, 15.3633356094, 38.8667411804, 47.934928894, 34.3510894775, 55.7415466309, 108.954292297, 46.4909629822, 23.9835605621, 2.44595885277], [410.447143555, -54.4403266907, -14.2978086472, -2.705960989, 16.7382316589, 73.5921096802, 40.8705062866, 35.8219070435, 48.776473999, 46.4909629822, 106.666152954, 53.1740875244, 20.237159729], [391.464080811, -46.2415733337, 29.3438491821, 8.77708625793, 15.5958976746, 60.9088821411, 45.9528427124, 42.194858551, 50.9132881165, 23.9835605621, 53.1740875244, 109.438819885, 47.3534202576], [219.398727417, -65.560295105, 7.32418394089, 10.5489263535, 11.2835893631, 36.234992981, 18.3202285767, 24.2261829376, 28.1294059753, 2.44595885277, 20.237159729, 47.3534202576, 76.8508911133]]}, "silence_rate_20dB": {"mean": 1, "dvar": 0, "min": 1, "dmean": 0, "dmean2": 0, "dvar2": 0, "max": 1, "median": 1, "var": 0}, "dynamic_complexity": 3.74535632133, "silence_rate_60dB": {"mean": 0.108007445931, "dvar": 0.0209982711822, "min": 0, "dmean": 0.0214615110308, "dmean2": 0.0429268293083, "dvar2": 0.0440930984914, "max": 1, "median": 0, "var": 0.0963354483247}, "dissonance": {"mean": 0.464159101248, "dvar": 0.000375651929062, "min": 0.18221925199, "dmean": 0.0163458082825, "dmean2": 0.0267306845635, "dvar2": 0.000934439944103, "max": 0.5, "median": 0.476484388113, "var": 0.00142922147643}, "barkbands": {"mean": [0.000146704958752, 0.0076534319669, 0.0033663760405, 0.00151983078104, 0.00175770372152, 0.00137449754402, 0.00077537051402, 0.00102520559449, 0.00103342661168, 0.00103779439814, 0.00101363379508, 0.000420212571044, 0.00098707259167, 0.000918363570236, 0.000783338211477, 0.000474849482998, 0.000433070672443, 0.000640736194327, 0.000513744424097, 0.000322728912579, 0.000151881133206, 0.000104703896795, 9.83478312264e-05, 6.87064093654e-05, 5.4038282542e-05, 2.23241459025e-05, 4.16120883528e-06], "dvar": [1.00611515563e-07, 2.76689370367e-05, 1.99946825887e-05, 3.25833002535e-06, 3.35981303579e-06, 2.86644262815e-06, 3.363145197e-06, 2.53227949543e-06, 1.60490174039e-06, 1.82011172001e-06, 9.48177671489e-07, 2.6965943789e-07, 6.44892168111e-07, 6.72159899295e-07, 5.42290081285e-07, 2.06306168593e-07, 1.63863248304e-07, 4.68889538752e-07, 1.8376135813e-07, 1.33595435159e-07, 6.55662617532e-08, 4.37467839731e-08, 3.36511085663e-08, 1.33719453288e-08, 7.51722151193e-09, 1.43233958028e-09, 4.89659111869e-11], "min": [2.22049040918e-24, 2.0736789771e-23, 2.0204739378e-24, 5.34662508642e-24, 1.07335688537e-23, 2.06005945134e-23, 2.53434818665e-23, 2.26745382322e-23, 3.78531024175e-23, 3.36776995115e-23, 1.68231735118e-23, 4.23572268181e-23, 5.19411989299e-23, 4.95638025089e-23, 6.88139902149e-23, 5.80548551681e-23, 8.42362019793e-23, 1.04104200303e-22, 1.67915177859e-22, 2.14093618503e-22, 3.04095554351e-22, 3.17886458562e-22, 4.33630200547e-22, 7.77911616831e-22, 1.05410557748e-21, 1.37128602447e-21, 2.21269581973e-21], "dmean": [0.000159694551257, 0.00333249429241, 0.00247637019493, 0.00113095866982, 0.00108101207297, 0.000796813401394, 0.000590904382989, 0.000641195219941, 0.000595221528783, 0.000601639214437, 0.000551878474653, 0.00023963014246, 0.000525692303199, 0.000486974429805, 0.000438380753621, 0.000264901173068, 0.000220342539251, 0.000321265048115, 0.000224321905989, 0.000149002080434, 7.88250836194e-05, 5.6780554587e-05, 5.2202212828e-05, 3.33376410708e-05, 2.96774360322e-05, 1.72260115505e-05, 3.26881172441e-06], "dmean2": [0.000269713433227, 0.00575271854177, 0.00424291472882, 0.00187780137639, 0.00172996520996, 0.00127414625604, 0.000941124046221, 0.00100108317565, 0.000938352488447, 0.00093714974355, 0.000839322572574, 0.000378538068617, 0.000815277278889, 0.000760695897043, 0.000688539643306, 0.000422798853833, 0.000345400767401, 0.000484155752929, 0.000350140733644, 0.000227791431826, 0.00012131263793, 8.55986872921e-05, 7.98661785666e-05, 5.17755652254e-05, 4.59227376268e-05, 2.7319727451e-05, 5.01674639963e-06], "dvar2": [2.65902059482e-07, 7.85973461461e-05, 5.38293643331e-05, 8.4151597548e-06, 8.18523403723e-06, 6.86988551024e-06, 7.67801884649e-06, 6.39968538962e-06, 3.97032363253e-06, 4.18780427935e-06, 2.26467750508e-06, 6.68789368774e-07, 1.47333230416e-06, 1.6054009393e-06, 1.24110056277e-06, 5.26717997218e-07, 4.10090279956e-07, 1.05710569187e-06, 4.63531023343e-07, 3.13985367484e-07, 1.47530656136e-07, 9.37430399972e-08, 7.5158638424e-08, 3.18099537822e-08, 1.73511001123e-08, 3.47226647435e-09, 1.10334907877e-10], "max": [0.00399054307491, 0.0642684698105, 0.05178424716, 0.0309002622962, 0.0319372117519, 0.0520359948277, 0.0558578260243, 0.0514371879399, 0.0339797995985, 0.0301487185061, 0.0225836001337, 0.0173949394375, 0.0177802704275, 0.0266178436577, 0.0210393331945, 0.00905717629939, 0.00990404002368, 0.0173868127167, 0.0139299947768, 0.00980266090482, 0.0100230267271, 0.00742011610419, 0.00545874936506, 0.00309104751796, 0.00192873319611, 0.00111806648783, 0.000140286269016], "median": [3.66883978131e-05, 0.00782484188676, 0.00210215407424, 0.000776752829552, 0.000925035215914, 0.000715275295079, 0.000220397021621, 0.000403912592446, 0.000544281734619, 0.00041551029426, 0.000496871536598, 0.000212395272683, 0.000582621432841, 0.000473097781651, 0.000451513595181, 0.000293367134873, 0.000269764044788, 0.000325008819345, 0.000355117896106, 0.000135394482641, 6.72926253174e-05, 3.96346840716e-05, 4.88168152515e-05, 4.08297855756e-05, 2.43190825131e-05, 6.21269236944e-06, 6.30989916317e-07], "var": [8.78158985529e-08, 4.06481303799e-05, 2.05609958357e-05, 4.47107322543e-06, 5.50569757252e-06, 5.93812865191e-06, 4.44559054813e-06, 3.78711820304e-06, 3.04891545966e-06, 4.42047712568e-06, 2.3222701202e-06, 5.78220920033e-07, 1.76128799012e-06, 1.8368992869e-06, 1.31592003072e-06, 3.87439882843e-07, 3.17964577334e-07, 1.08894050754e-06, 4.75459501104e-07, 4.4541931743e-07, 1.32184837298e-07, 7.3679402135e-08, 5.06450454907e-08, 2.03477821259e-08, 1.31200064146e-08, 2.09093187209e-09, 8.16428452621e-11]}, "spectral_complexity": {"mean": 22.7345924377, "dvar": 13.0092773438, "min": 0, "dmean": 3.55480670929, "dmean2": 5.1334810257, "dvar2": 24.6399478912, "max": 62, "median": 24, "var": 156.208145142}, "spectral_energyband_high": {"mean": 0.000673660484608, "dvar": 5.31350906385e-07, "min": 7.26517901884e-21, "dmean": 0.000280075968476, "dmean2": 0.000412038440118, "dvar2": 1.09258007797e-06, "max": 0.0241207685322, "median": 0.000358050659997, "var": 1.29114482661e-06}, "hfc": {"mean": 20.8160171509, "dvar": 47.2206077576, "min": 1.1287338709e-16, "dmean": 5.09200525284, "dmean2": 7.20816850662, "dvar2": 96.495300293, "max": 158.425003052, "median": 17.9690322876, "var": 289.500701904}, "melbands_kurtosis": {"mean": 9.28703308105, "dvar": 178.024307251, "min": -1.93159091473, "dmean": 5.3636264801, "dmean2": 8.56263065338, "dvar2": 441.084564209, "max": 337.811798096, "median": 4.85479450226, "var": 296.626708984}, "spectral_strongpeak": {"mean": 0.511174499989, "dvar": 0.503321945667, "min": 0, "dmean": 0.31202852726, "dmean2": 0.549970507622, "dvar2": 1.29389798641, "max": 11.2103967667, "median": 0.311005264521, "var": 0.549949109554}, "silence_rate_30dB": {"mean": 1, "dvar": 0, "min": 1, "dmean": 0, "dmean2": 0, "dvar2": 0, "max": 1, "median": 1, "var": 0}, "melbands_spread": {"mean": 28.675573349, "dvar": 151.295059204, "min": 0.204555884004, "dmean": 7.94930887222, "dmean2": 12.3243207932, "dvar2": 330.432312012, "max": 223.563568115, "median": 26.1047954559, "var": 392.972259521}, "melbands_crest": {"mean": 15.0796051025, "dvar": 7.42225599289, "min": 1.93090808392, "dmean": 2.92099046707, "dmean2": 4.76355648041, "dvar2": 19.4570732117, "max": 34.7518692017, "median": 14.7420701981, "var": 22.9285888672}, "average_loudness": 0.877260446548, "spectral_flux": {"mean": 0.0771073922515, "dvar": 0.00047491848818, "min": 6.53067391831e-11, "dmean": 0.0211931057274, "dmean2": 0.0320354066789, "dvar2": 0.000970809080172, "max": 0.27710300684, "median": 0.0739657953382, "var": 0.00185847119428}, "spectral_rolloff": {"mean": 1699.31518555, "dvar": 786663.5625, "min": 86.1328125, "dmean": 449.187255859, "dmean2": 734.84979248, "dvar2": 1586138.25, "max": 21447.0703125, "median": 1464.2578125, "var": 3111785.25}, "melbands": {"mean": [0.00179756246507, 0.00248367572203, 0.000851547287311, 0.000402688776376, 0.000244981376454, 0.000297580030747, 0.000175052482518, 0.000217759254156, 0.000143246841617, 0.000164256358403, 0.000153238201165, 9.96961753117e-05, 0.000143541648868, 7.11287502781e-05, 7.35058783903e-05, 9.91625420284e-05, 8.50665892358e-05, 8.91254749149e-05, 4.40337717009e-05, 3.67945722246e-05, 3.08486269205e-05, 2.45634328166e-05, 2.09699992411e-05, 3.44787622453e-05, 2.90294701699e-05, 1.5269866708e-05, 1.23010158859e-05, 9.14242082217e-06, 6.81621622789e-06, 3.50272398464e-06, 2.47119123742e-06, 2.20728270506e-06, 1.9688525299e-06, 2.02850537789e-06, 1.54352039772e-06, 1.17304205105e-06, 9.87354269455e-07, 7.29158614377e-07, 5.26756480212e-07, 5.82415282224e-07], "dvar": [1.6282241404e-06, 4.38187726104e-06, 7.19460217624e-07, 2.16034749201e-07, 6.42001083406e-08, 1.49440907649e-07, 1.54387066686e-07, 9.41772100305e-08, 6.60623769022e-08, 3.38995391758e-08, 4.91107066125e-08, 1.79090360319e-08, 1.74271210795e-08, 5.65564128863e-09, 4.15004608456e-09, 6.61952004322e-09, 6.51515286165e-09, 5.36597921652e-09, 2.48491294208e-09, 1.48863332772e-09, 6.68455624186e-10, 4.91318041806e-10, 6.99144186989e-10, 1.46713918792e-09, 9.2560548115e-10, 1.92420482326e-10, 2.14512907437e-10, 1.46572587401e-10, 9.13930181534e-11, 3.89129423128e-11, 2.83309851273e-11, 2.29316496347e-11, 1.91640973923e-11, 1.53694973415e-11, 9.40480852918e-12, 7.03047169093e-12, 3.83157568173e-12, 1.7909982308e-12, 5.88258283231e-13, 1.17563272485e-12], "min": [8.07782917324e-24, 3.5360358755e-24, 3.40398687085e-24, 7.4952652555e-25, 3.26000831716e-24, 5.07254995883e-24, 3.65267408793e-24, 3.68615097816e-24, 5.03640987418e-24, 5.73490439613e-24, 3.45517289954e-24, 4.47374378948e-24, 3.20506573284e-24, 4.54334814259e-24, 5.56131279292e-24, 5.58893672967e-24, 3.93738739926e-24, 9.78249842486e-24, 5.15896375454e-24, 5.46743913406e-24, 5.81109021577e-24, 4.14873033551e-24, 6.84726138136e-24, 4.93188580424e-24, 6.82274989531e-24, 4.81572327493e-24, 6.39322814862e-24, 4.68871430261e-24, 7.66497171875e-24, 5.75622493981e-24, 5.74533353172e-24, 5.65914416694e-24, 6.58854655888e-24, 7.10445054685e-24, 7.02894393644e-24, 7.66039553663e-24, 7.49750207059e-24, 9.38825335456e-24, 7.21509302197e-24, 8.16758182273e-24], "dmean": [0.000794651336037, 0.00116810307372, 0.000562463595998, 0.000257748033619, 0.000135144538945, 0.00017706755898, 0.000126043698401, 0.000136459988425, 8.5252468125e-05, 9.30694513954e-05, 8.83157917997e-05, 5.62828863622e-05, 7.58707683417e-05, 3.90813984268e-05, 3.91342800867e-05, 5.13856102771e-05, 4.56447523902e-05, 4.77826943097e-05, 2.46428080573e-05, 2.20114197873e-05, 1.60755280376e-05, 1.26988634293e-05, 1.11023782665e-05, 1.80695697054e-05, 1.39892435982e-05, 7.31499403628e-06, 5.97450070927e-06, 4.58723161501e-06, 3.5387661228e-06, 1.92792526832e-06, 1.3925176745e-06, 1.27907969727e-06, 1.16708019959e-06, 1.1534323221e-06, 8.79433059708e-07, 6.73825240938e-07, 5.35840172233e-07, 3.86256118645e-07, 2.61783355882e-07, 3.29928155907e-07], "dmean2": [0.00137404631823, 0.00202387850732, 0.000932174560148, 0.000418167735916, 0.000208955694688, 0.000282237975625, 0.000197542234673, 0.000215645617573, 0.000133281340823, 0.000145619225805, 0.000137896524393, 8.55811013025e-05, 0.000115452807222, 6.07236434007e-05, 6.05413297308e-05, 7.99038825789e-05, 7.22448385204e-05, 7.44829303585e-05, 3.81845748052e-05, 3.5251276131e-05, 2.51453275268e-05, 2.00419344765e-05, 1.71592364495e-05, 2.77418075711e-05, 2.21922891797e-05, 1.13236774268e-05, 9.27234395931e-06, 7.09664982423e-06, 5.54057169211e-06, 3.01494605992e-06, 2.17848673856e-06, 1.97125518753e-06, 1.80042343345e-06, 1.78074537871e-06, 1.37237452691e-06, 1.04934235878e-06, 8.48980505452e-07, 6.14021075762e-07, 4.06363454886e-07, 5.19884224559e-07], "dvar2": [4.53170605397e-06, 1.25375718198e-05, 1.85334442904e-06, 5.37517166777e-07, 1.41018347222e-07, 3.59644019454e-07, 3.36877121754e-07, 2.30853743233e-07, 1.68575468251e-07, 8.14883378553e-08, 1.16111245063e-07, 3.91276167022e-08, 4.11538181311e-08, 1.37606912531e-08, 9.6889163359e-09, 1.48912038256e-08, 1.5561427702e-08, 1.27461197152e-08, 5.46269607327e-09, 3.79528808381e-09, 1.60100466218e-09, 1.22013488202e-09, 1.72222258676e-09, 3.43456973972e-09, 2.35259545178e-09, 4.84327522532e-10, 5.30694155287e-10, 3.48693324215e-10, 2.1807845807e-10, 8.82060952057e-11, 6.64619609347e-11, 5.36200771284e-11, 4.23594700982e-11, 3.48642260894e-11, 2.1856733437e-11, 1.65695270005e-11, 9.46015574904e-12, 4.51956094077e-12, 1.32059803631e-12, 2.80597116722e-12], "max": [0.0164706837386, 0.0246818512678, 0.0123240835965, 0.0079267853871, 0.0090798670426, 0.0127521296963, 0.0102255223319, 0.00890974421054, 0.0088709667325, 0.00488206930459, 0.00566148245707, 0.00421935506165, 0.00304221990518, 0.00251817074604, 0.00129557261243, 0.0024207464885, 0.00326542858966, 0.00138360064011, 0.00205047964118, 0.000781305599958, 0.000434925372247, 0.00050337536959, 0.00088876002701, 0.000883151078597, 0.000924762454815, 0.000517401611432, 0.000388969667256, 0.000314202101436, 0.000240983063122, 0.000250881566899, 0.000183718075277, 0.000189939819393, 0.000177613386768, 0.000111036133603, 8.27320327517e-05, 9.22093531699e-05, 5.47995041416e-05, 3.91815010516e-05, 2.69181855401e-05, 2.58817453869e-05], "median": [0.00186687870882, 0.00179263111204, 0.000536645122338, 0.000215400854358, 0.000126578219351, 0.00015531363897, 5.65248337807e-05, 9.65142608038e-05, 5.97904290771e-05, 8.80153529579e-05, 6.49686480756e-05, 4.17806586483e-05, 6.93458059686e-05, 3.41381419275e-05, 4.10022730648e-05, 5.85355592193e-05, 4.81691458845e-05, 5.35426479473e-05, 2.49077129411e-05, 2.15367508645e-05, 1.86939287232e-05, 1.54875160661e-05, 1.11064346129e-05, 1.73321768671e-05, 1.82343574124e-05, 9.72426187218e-06, 5.85320867685e-06, 3.20873596138e-06, 2.80347649095e-06, 1.49125992266e-06, 1.13033036087e-06, 8.25875190458e-07, 6.87922465659e-07, 8.91390527613e-07, 7.68060374412e-07, 6.05230070505e-07, 5.59009436074e-07, 4.14867628251e-07, 3.08706859187e-07, 2.70313137207e-07], "var": [2.36750224758e-06, 6.14475629845e-06, 9.50116998411e-07, 3.15742084922e-07, 1.48697978375e-07, 2.83659261413e-07, 2.14721865177e-07, 1.57342213924e-07, 8.63508518023e-08, 7.12808656544e-08, 1.07828697082e-07, 4.08493470161e-08, 4.70002312625e-08, 1.38291200713e-08, 1.07155928575e-08, 1.85244743989e-08, 1.73252470148e-08, 1.32618733772e-08, 5.42833777928e-09, 2.64426014418e-09, 1.54073886982e-09, 9.44830436111e-10, 1.16182519161e-09, 3.18586712567e-09, 2.03942840393e-09, 4.78842132612e-10, 6.68936628312e-10, 4.12655409843e-10, 2.05292574607e-10, 7.53381731999e-11, 4.84391381173e-11, 3.41717071306e-11, 2.88162254475e-11, 2.24816103234e-11, 1.33295249838e-11, 9.00675367621e-12, 5.01521220386e-12, 2.48379376962e-12, 1.04093448271e-12, 1.81958463054e-12]}, "spectral_energy": {"mean": 0.0267022494227, "dvar": 9.18755467865e-05, "min": 1.00758191868e-20, "dmean": 0.00735736778006, "dmean2": 0.011699417606, "dvar2": 0.000235799656366, "max": 0.116332985461, "median": 0.0259471349418, "var": 0.000299926759908}, "spectral_decrease": {"mean": -6.57465770715e-09, "dvar": 6.14677044649e-18, "min": -2.99727958009e-08, "dmean": 1.86816273562e-09, "dmean2": 2.99099967016e-09, "dvar2": 1.58982194674e-17, "max": 2.38622098494e-16, "median": -6.37549657512e-09, "var": 1.84154706921e-17}, "erbbands_spread": {"mean": 31.6345653534, "dvar": 84.2265853882, "min": 0.931911051273, "dmean": 6.99246263504, "dmean2": 10.8808946609, "dvar2": 204.980575562, "max": 194.691574097, "median": 29.5163974762, "var": 206.600540161}, "spectral_contrast_coeffs": {"mean": [-0.647640407085, -0.727049410343, -0.74352645874, -0.753088057041, -0.766069054604, -0.781875908375], "dvar": [0.00183436798397, 0.00175518379547, 0.00112632487435, 0.000843851070385, 0.00044892335427, 0.000334911688697], "min": [-0.97384083271, -0.976300418377, -0.971511244774, -0.968557238579, -0.962460339069, -0.9629560709], "dmean": [0.0504800900817, 0.0491682365537, 0.0408290959895, 0.0344442687929, 0.0240086037666, 0.0175964590162], "dmean2": [0.0829944238067, 0.0796752795577, 0.0640036538243, 0.0532479844987, 0.0376077331603, 0.0273271184415], "dvar2": [0.00467565329745, 0.00431455532089, 0.00262402766384, 0.00190959870815, 0.0010059629567, 0.000686560582835], "max": [-0.255520612001, -0.35695618391, -0.504313707352, -0.511191248894, -0.526774406433, -0.560930430889], "median": [-0.658674001694, -0.735045135021, -0.744819164276, -0.753440499306, -0.766498804092, -0.779354095459], "var": [0.010359252803, 0.00684449495748, 0.00471173133701, 0.00350660015829, 0.00226360210218, 0.00177332258318]}, "spectral_energyband_middle_high": {"mean": 0.00718256738037, "dvar": 6.45538239041e-06, "min": 1.38626090161e-21, "dmean": 0.00195406097919, "dmean2": 0.00278112129308, "dvar2": 1.33850462589e-05, "max": 0.0499122738838, "median": 0.00592601951212, "var": 4.22654738941e-05}, "erbbands_crest": {"mean": 8.81452178955, "dvar": 5.39653587341, "min": 2.57193231583, "dmean": 2.37071609497, "dmean2": 3.83537483215, "dvar2": 13.4009552002, "max": 31.8736591339, "median": 7.58200550079, "var": 20.3230571747}, "barkbands_crest": {"mean": 10.0807504654, "dvar": 4.27867412567, "min": 2.64440274239, "dmean": 2.20719814301, "dmean2": 3.5136256218, "dvar2": 10.5018081665, "max": 26.812494278, "median": 9.52714633942, "var": 14.5667047501}, "pitch_salience": {"mean": 0.509967446327, "dvar": 0.00390127091669, "min": 0.0620496124029, "dmean": 0.0665578991175, "dmean2": 0.107181295753, "dvar2": 0.00950916577131, "max": 0.962262988091, "median": 0.508510529995, "var": 0.011839943938}, "melbands_skewness": {"mean": 2.29458475113, "dvar": 0.636772096157, "min": -6.86417293549, "dmean": 0.64765638113, "dmean2": 1.01450288296, "dvar2": 1.47019541264, "max": 15.5520353317, "median": 2.12909340858, "var": 1.91125357151}, "spectral_spread": {"mean": 4120508, "dvar": 616523825152, "min": 354667.1875, "dmean": 510494.1875, "dmean2": 746380.0625, "dvar2": 1158047858690.0, "max": 41834392, "median": 3858717.25, "var": 3764799930370.0}, "spectral_entropy": {"mean": 7.52673435211, "dvar": 0.0436618328094, "min": 3.59744477272, "dmean": 0.147530347109, "dmean2": 0.208038121462, "dvar2": 0.0754715800285, "max": 9.81181526184, "median": 7.69624614716, "var": 0.330003887415}, "erbbands_flatness_db": {"mean": 0.159793496132, "dvar": 0.000381005986128, "min": 0.045261465013, "dmean": 0.0171140190214, "dmean2": 0.0250588636845, "dvar2": 0.000759593909606, "max": 0.480331093073, "median": 0.149334996939, "var": 0.00271058059298}, "spectral_kurtosis": {"mean": 6.1626739502, "dvar": 17.5003833771, "min": -1.25942754745, "dmean": 1.96517372131, "dmean2": 3.12676596642, "dvar2": 38.4223098755, "max": 247.436279297, "median": 4.80982446671, "var": 81.3831634521}, "erbbands_skewness": {"mean": -0.0117935808375, "dvar": 0.195256620646, "min": -6.01092576981, "dmean": 0.351005405188, "dmean2": 0.525276362896, "dvar2": 0.402985453606, "max": 10.1855754852, "median": -0.106587730348, "var": 0.847299277782}, "erbbands_kurtosis": {"mean": 1.05884206295, "dvar": 9.74413490295, "min": -1.88500165939, "dmean": 1.09700608253, "dmean2": 1.74850189686, "dvar2": 22.8454055786, "max": 159.076141357, "median": 0.307577133179, "var": 17.2237186432}, "barkbands_spread": {"mean": 26.7533340454, "dvar": 53.8735313416, "min": 0.0503587462008, "dmean": 5.43389749527, "dmean2": 8.36850357056, "dvar2": 117.024375916, "max": 110.846328735, "median": 27.1045646667, "var": 180.128311157}, "zerocrossingrate": {"mean": 0.0612071380019, "dvar": 0.000243643167778, "min": 0.00390625, "dmean": 0.00980836432427, "dmean2": 0.0112180830911, "dvar2": 0.000233302504057, "max": 0.8193359375, "median": 0.0537109375, "var": 0.00259903515689}, "spectral_centroid": {"mean": 1599.75183105, "dvar": 111742.890625, "min": 151.537353516, "dmean": 252.801589966, "dmean2": 377.890716553, "dvar2": 206755.484375, "max": 11339.9521484, "median": 1601.46704102, "var": 592654}, "barkbands_skewness": {"mean": 1.20340335369, "dvar": 0.634941279888, "min": -26.8701858521, "dmean": 0.507318973541, "dmean2": 0.77811139822, "dvar2": 1.411267519, "max": 36.7278633118, "median": 1.04770064354, "var": 2.14030241966}, "melbands_flatness_db": {"mean": 0.200354158878, "dvar": 0.000732674670871, "min": 0.00388679187745, "dmean": 0.0238993633538, "dmean2": 0.0351658090949, "dvar2": 0.00139904837124, "max": 0.62031686306, "median": 0.183207035065, "var": 0.00540498225018}, "spectral_contrast_valleys": {"mean": [-7.53081130981, -7.12164258957, -7.5780134201, -7.77712678909, -7.68390083313, -10.3894786835], "dvar": [0.145607456565, 0.165202975273, 0.118829041719, 0.1288189888, 0.114865265787, 0.139569580555], "min": [-27.7642879486, -27.7889785767, -27.4858436584, -27.6286640167, -27.3828430176, -27.4251289368], "dmean": [0.42105320096, 0.409220576286, 0.355685442686, 0.34799811244, 0.281692743301, 0.273857265711], "dmean2": [0.695707678795, 0.647783994675, 0.547212719917, 0.503717184067, 0.387339234352, 0.366734176874], "dvar2": [0.354644954205, 0.364017128944, 0.242787063122, 0.240082025528, 0.195160344243, 0.232768505812], "max": [-5.5550160408, -4.87096977234, -5.02736234665, -5.69812917709, -5.46460103989, -7.66743373871], "median": [-6.92043018341, -6.76877689362, -7.11637735367, -7.2772102356, -7.23393058777, -9.88574695587], "var": [3.09812426567, 2.17218661308, 2.3064801693, 2.4988014698, 2.30969619751, 2.48015928268]}, "barkbands_flatness_db": {"mean": 0.131164014339, "dvar": 0.000477537105326, "min": 0.0233049001545, "dmean": 0.0193173829466, "dmean2": 0.0282654836774, "dvar2": 0.000921230588574, "max": 0.528360128403, "median": 0.111764632165, "var": 0.00412657717243}, "barkbands_kurtosis": {"mean": 3.92855572701, "dvar": 753.879394531, "min": -1.90775263309, "dmean": 3.05477523804, "dmean2": 4.93316888809, "dvar2": 1773.071