{"tonal": {"hpcp": {"dvar": [0.037984393537, 0.0254461728036, 0.0172604396939, 0.0138928908855, 0.013602017425, 0.0194559339434, 0.0240350123495, 0.018035216257, 0.0126299997792, 0.0109670115635, 0.0102433022112, 0.0148176047951, 0.0247871018946, 0.0273274891078, 0.032985534519, 0.0420811474323, 0.0343461707234, 0.022002581507, 0.0183106400073, 0.0191821530461, 0.0252942945808, 0.0404715426266, 0.034291472286, 0.0428511574864, 0.0425566285849, 0.0296315923333, 0.0336512699723, 0.0372466407716, 0.0340494960546, 0.0323566161096, 0.0351151674986, 0.0274884179235, 0.0226898659021, 0.0257403757423, 0.025470636785, 0.0335256457329], "var": [0.127139523625, 0.0411113649607, 0.0136675881222, 0.009152748622, 0.0108479224145, 0.0371441468596, 0.0718114972115, 0.0356407985091, 0.0102797336876, 0.00825975462794, 0.00816253852099, 0.0169157832861, 0.0282162204385, 0.0271247811615, 0.060286514461, 0.134094774723, 0.0723606795073, 0.0182673595846, 0.0123150506988, 0.0138738686219, 0.0488605424762, 0.134757444263, 0.0748341307044, 0.0341551937163, 0.0298001132905, 0.0268703587353, 0.0637153089046, 0.0883159860969, 0.0446685180068, 0.0818808078766, 0.127522811294, 0.0400319434702, 0.02521616593, 0.0290439538658, 0.0254952870309, 0.0789520666003], "median": [0.227331578732, 0.108384802938, 0.00771682616323, 0.00428737141192, 0.008441016078, 0.0492399260402, 0.0720634236932, 0.036300830543, 0.00891585554928, 0.00565171660855, 0.00818947609514, 0.0243639629334, 0.0339703001082, 0.0383218973875, 0.128692373633, 0.179383099079, 0.0783546417952, 0.0133267464116, 0.00558043690398, 0.00868240743876, 0.0624771900475, 0.0984771996737, 0.0668795332313, 0.0162990428507, 0.00592056801543, 0.00760425301269, 0.0373201146722, 0.0555867142975, 0.0428047142923, 0.0288057904691, 0.0251055303961, 0.0275103058666, 0.0174995753914, 0.0170845296234, 0.0298940818757, 0.150929421186], "max": [1, 1, 1, 1, 1, 1, 1, 1, 1, 1, 1, 1, 1, 1, 1, 1, 1, 1, 1, 1, 1, 1, 1, 1, 1, 1, 1, 1, 1, 1, 1, 1, 1, 1, 1, 1], "dmean": [0.14417399466, 0.11141230166, 0.0560690015554, 0.0404904335737, 0.0483238399029, 0.0814844220877, 0.0919951871037, 0.0714804530144, 0.0441411137581, 0.0352712534368, 0.0388003066182, 0.0608987547457, 0.0821526795626, 0.0954697206616, 0.132596686482, 0.14011310041, 0.121920526028, 0.0704646036029, 0.0480340868235, 0.0567892417312, 0.100532613695, 0.119532652199, 0.122183911502, 0.117634095252, 0.102824874222, 0.0835956186056, 0.108317963779, 0.116314969957, 0.111463695765, 0.105795331299, 0.0964894294739, 0.0911731272936, 0.0766097605228, 0.079183742404, 0.0929113179445, 0.138517007232], "dmean2": [0.240972340107, 0.189346939325, 0.10012473166, 0.0749021172523, 0.0858986228704, 0.135619178414, 0.151043564081, 0.11795270443, 0.0775907933712, 0.0625052601099, 0.0668018981814, 0.10308521986, 0.141830921173, 0.164753809571, 0.220079764724, 0.232451096177, 0.203872457147, 0.125577047467, 0.0884515717626, 0.102517485619, 0.16701489687, 0.20203204453, 0.203584060073, 0.213062956929, 0.190985351801, 0.149921506643, 0.184828877449, 0.195462301373, 0.189881905913, 0.180559664965, 0.165006145835, 0.155448690057, 0.13389621675, 0.137802928686, 0.162652522326, 0.234528839588], "mean": [0.369669020176, 0.185012310743, 0.0449703745544, 0.0302353780717, 0.0432323031127, 0.128563076258, 0.185863286257, 0.111526228487, 0.0406577698886, 0.0294637773186, 0.0349226817489, 0.0720147714019, 0.0983042269945, 0.0982685238123, 0.224711284041, 0.348286479712, 0.21417452395, 0.0601499378681, 0.0350909568369, 0.0448504239321, 0.169982716441, 0.29789608717, 0.208180829883, 0.0934197232127, 0.0700682625175, 0.0714687332511, 0.161327660084, 0.203297674656, 0.135758638382, 0.191182598472, 0.238595291972, 0.128831163049, 0.0788379535079, 0.0839116796851, 0.0918492004275, 0.26781719923], "dvar2": [0.0908498689532, 0.0671896263957, 0.0471254847944, 0.0398326814175, 0.0376898758113, 0.0483371131122, 0.0552315823734, 0.0429093167186, 0.0339692309499, 0.0292578749359, 0.0272954199463, 0.0378826521337, 0.0633268207312, 0.0710301920772, 0.0815393254161, 0.0993661954999, 0.0853167772293, 0.0589328669012, 0.0508196949959, 0.0528610534966, 0.0644352212548, 0.0925771594048, 0.0812844336033, 0.115616776049, 0.115913741291, 0.0794500485063, 0.0825345590711, 0.0832239165902, 0.0869029611349, 0.0823225528002, 0.0831400379539, 0.0717403069139, 0.0609122924507, 0.068784467876, 0.0682807341218, 0.0846720561385], "min": [0, 0, 0, 0, 0, 0, 0, 0, 0, 0, 0, 0, 0, 0, 0, 0, 0, 0, 0, 0, 0, 0, 0, 0, 0, 0, 0, 0, 0, 0, 0, 0, 0, 0, 0, 0]}, "key_key": "D", "thpcp": [1, 0.500480949879, 0.121650375426, 0.0817904025316, 0.11694867909, 0.347778886557, 0.502782940865, 0.301692128181, 0.109984248877, 0.079703129828, 0.0944701358676, 0.194808781147, 0.265924990177, 0.26582840085, 0.60787153244, 0.942157626152, 0.57936835289, 0.162712946534, 0.0949253365397, 0.12132589519, 0.459824085236, 0.805845439434, 0.563154637814, 0.252711802721, 0.189543232322, 0.193331688643, 0.436411082745, 0.549945116043, 0.367243766785, 0.517172336578, 0.645429491997, 0.34850409627, 0.213266327977, 0.22699137032, 0.248463347554, 0.724478363991], "chords_key": "D", "tuning_equal_tempered_deviation": 0.0363429971039, "tuning_frequency": 440.254241943, "tuning_diatonic_strength": 0.65237736702, "chords_histogram": [33.3677482605, 1.23890149593, 22.424118042, 0.681395828724, 0.371670454741, 0, 0, 0, 0.227131947875, 0, 0, 0, 0, 0, 0, 1.83770394325, 0, 0.784637629986, 0, 0.392318814993, 0.516208946705, 12.967168808, 23.1881065369, 2.00289082527], "key_strength": 0.849970221519, "key_scale": "major", "chords_strength": {"dvar": 5.67409260839e-05, "var": 0.0103669045493, "median": 0.558162987232, "max": 0.842402994633, "dmean": 0.00858198478818, "dmean2": 0.00658187223598, "mean": 0.561013162136, "dvar2": 4.04140519095e-05, "min": 0.26188737154}, "chords_number_rate": 0.00144538504537, "tuning_nontempered_energy_ratio": 0.644869446754, "hpcp_entropy": {"dvar": 0.218064397573, "var": 0.425384819508, "median": 1.78959465027, "max": 4.13361644745, "dmean": 0.550792455673, "dmean2": 0.925591528416, "mean": 1.78225624561, "dvar2": 0.581257879734, "min": 0}, "chords_changes_rate": 0.027668800205, "chords_scale": "major"}, "rhythm": {"bpm_histogram_first_peak_spread": {"dvar": 0, "var": 0, "median": 0.0151975685731, "max": 0.0151975685731, "dmean": 0, "dmean2": 0, "mean": 0.0151975685731, "dvar2": 0, "min": 0.0151975685731}, "bpm_histogram_first_peak_weight": {"dvar": 0, "var": 0, "median": 0.56445991993, "max": 0.56445991993, "dmean": 0, "dmean2": 0, "mean": 0.56445991993, "dvar2": 0, "min": 0.56445991993}, "bpm_histogram_first_peak_bpm": {"dvar": 0, "var": 0, "median": 152, "max": 152, "dmean": 0, "dmean2": 0, "mean": 152, "dvar2": 0, "min": 152}, "bpm": 153.875045776, "bpm_histogram_second_peak_weight": {"dvar": 0, "var": 0, "median": 0.407665491104, "max": 0.407665491104, "dmean": 0, "dmean2": 0, "mean": 0.407665491104, "dvar2": 0, "min": 0.407665491104}, "beats_loudness": {"dvar": 9.30856476771e-05, "var": 0.000212689963519, "median": 0.0270815417171, "max": 0.0728489980102, "dmean": 0.0111472019926, "dmean2": 0.0196740645915, "mean": 0.028100522235, "dvar2": 0.000304475222947, "min": 2.37444055529e-07}, "beats_loudness_band_ratio": {"dvar": [0.0171819087118, 0.0124417040497, 0.00770242605358, 0.0199052970856, 0.00882550701499, 0.00125197949819], "var": [0.0376479811966, 0.0155891664326, 0.0126396138221, 0.0238407384604, 0.0099569009617, 0.00131585239433], "median": [0.375812828541, 0.155224204063, 0.143362909555, 0.0928581655025, 0.0545239448547, 0.031801532954], "max": [0.960958063602, 0.694226861, 0.615180194378, 0.757067203522, 0.587812423706, 0.285673469305], "dmean": [0.173642411828, 0.136027932167, 0.102115556598, 0.142456933856, 0.0799222066998, 0.0322535485029], "dmean2": [0.291811048985, 0.253404587507, 0.176556974649, 0.256278961897, 0.138681292534, 0.0576848201454], "mean": [0.396655380726, 0.179341256618, 0.167666181922, 0.160831645131, 0.0940102115273, 0.0413670018315], "dvar2": [0.050668168813, 0.0344506688416, 0.0221564620733, 0.0545012056828, 0.0268063563854, 0.00351651851088], "min": [0.000171141538885, 0.00463891634718, 0.00606577191502, 0.00361868413165, 0.00214483891614, 0.00162509467918]}, "bpm_histogram_second_peak_bpm": {"dvar": 0, "var": 0, "median": 157, "max": 157, "dmean": 0, "dmean2": 0, "mean": 157, "dvar2": 0, "min": 157}, "onset_rate": 3.94484448433, "beats_count": 575, "beats_position": [0.417959183455, 0.859138309956, 1.26548755169, 1.66022670269, 2.06657600403, 2.46131515503, 2.8444442749, 3.23918366432, 3.62231278419, 4.01705217361, 4.41179132462, 4.79492044449, 5.17804956436, 5.56117916107, 5.94430828094, 6.33904743195, 6.72217655182, 7.11691617966, 7.50004529953, 7.89478445053, 8.28952407837, 8.67265319824, 9.05578231812, 9.43891143799, 9.82204055786, 10.2167797089, 10.6115188599, 11.0062580109, 11.4009971619, 11.7841272354, 12.1788663864, 12.5736055374, 12.9567346573, 13.3398637772, 13.722992897, 14.117732048, 14.512471199, 14.90721035, 15.301949501, 15.6850786209, 16.0682086945, 16.4629478455, 16.8576869965, 17.2524261475, 17.6355552673, 18.0186843872, 18.4134235382, 18.8081626892, 19.1912918091, 19.574420929, 19.96916008, 20.363899231, 20.758638382, 21.1417675018, 21.5248966217, 21.9196376801, 22.3027667999, 22.6975059509, 23.0806350708, 23.4753742218, 23.8701133728, 24.2648525238, 24.6595916748, 25.0427207947, 25.4258499146, 25.8089790344, 26.2037181854, 26.5868473053, 26.9815864563, 27.3763256073, 27.7710647583, 28.1658039093, 28.5489330292, 28.932062149, 29.3268013, 29.7215423584, 30.1046714783, 30.4878005981, 30.8825397491, 31.265668869, 31.6487979889, 32.0435371399, 32.4382743835, 32.8330154419, 33.2161445618, 33.6108856201, 33.99401474, 34.3887519836, 34.7718811035, 35.1550102234, 35.5497512817, 35.9444885254, 36.3392295837, 36.7339668274, 37.1170959473, 37.5118370056, 37.8949661255, 38.2897033691, 38.6844444275, 39.0675735474, 39.4507026672, 39.8454399109, 40.2285690308, 40.6116981506, 41.006439209, 41.4011802673, 41.795917511, 42.1906585693, 42.5737876892, 42.9685249329, 43.3516540527, 43.7463951111, 44.129524231, 44.5126533508, 44.9073905945, 45.3021316528, 45.6968688965, 46.0799980164, 46.4631271362, 46.8578681946, 47.2526054382, 47.6357345581, 48.018863678, 48.4136047363, 48.7967338562, 49.1798629761, 49.5513839722, 49.9461212158, 50.3408622742, 50.7355995178, 51.1303405762, 51.5250778198, 51.9198188782, 52.3145561218, 52.7092971802, 53.1040344238, 53.4987754822, 53.8819046021, 54.2650337219, 54.6597709656, 55.0545120239, 55.4376411438, 55.8207702637, 56.2038993835, 56.5870285034, 56.9817695618, 57.3765068054, 57.7712478638, 58.1659851074, 58.5607261658, 58.9554634094, 59.3385925293, 59.7217216492, 60.1164627075, 60.4995918274, 60.8827209473, 61.2658500671, 61.648979187, 62.0437164307, 62.438457489, 62.8331947327, 63.2163238525, 63.5994529724, 63.9941940308, 64.3889312744, 64.7836685181, 65.1784133911, 65.5731506348, 65.9562835693, 66.3394088745, 66.7341461182, 67.1288909912, 67.5120162964, 67.895149231, 68.2898864746, 68.6846237183, 69.0793609619, 69.474105835, 69.8572311401, 70.2403640747, 70.6234893799, 71.0182266235, 71.4013595581, 71.7960968018, 72.1908340454, 72.5855789185, 72.9803161621, 73.3634490967, 73.7465744019, 74.1413116455, 74.5244445801, 74.9075698853, 75.3023147583, 75.697052002, 76.0801773071, 76.4633102417, 76.8580474854, 77.252784729, 77.6359176636, 78.0190429688, 78.4137878418, 78.8085250854, 79.1916503906, 79.5747833252, 79.9695205688, 80.3642578125, 80.7590026855, 81.1421279907, 81.5252609253, 81.9199981689, 82.3147354126, 82.7094802856, 83.1042175293, 83.4873428345, 83.870475769, 84.2652130127, 84.6599502563, 85.0546951294, 85.4378204346, 85.8209533691, 86.2156906128, 86.598815918, 86.9819488525, 87.3766860962, 87.7714233398, 88.1661682129, 88.5609054565, 88.9556427002, 89.3387756348, 89.7219009399, 90.116645813, 90.4997711182, 90.8829040527, 91.2776412964, 91.67237854, 92.0671157837, 92.4502487183, 92.8333740234, 93.2281188965, 93.6228561401, 93.9943771362, 94.3891143799, 94.7838516235, 95.1785888672, 95.5733337402, 95.9564590454, 96.33959198, 96.7343292236, 97.1174621582, 97.5005874634, 97.895324707, 98.2900695801, 98.6848068237, 99.0795440674, 99.474281311, 99.8574142456, 100.240539551, 100.635284424, 101.018409729, 101.401542664, 101.796279907, 102.191017151, 102.585754395, 102.980499268, 103.363624573, 103.746757507, 104.141494751, 104.524627686, 104.907752991, 105.302490234, 105.697235107, 106.080360413, 106.463493347, 106.858230591, 107.252967834, 107.647705078, 108.042449951, 108.437187195, 108.8203125, 109.203445435, 109.58657074, 109.969703674, 110.364440918, 110.759178162, 111.153923035, 111.548660278, 111.943397522, 112.326530457, 112.709655762, 113.104400635, 113.48752594, 113.882263184, 114.265396118, 114.660133362, 115.054870605, 115.43800354, 115.821128845, 116.215873718, 116.610610962, 117.005348206, 117.38848114, 117.771606445, 118.166343689, 118.561088562, 118.955825806, 119.350563049, 119.745300293, 120.128433228, 120.523170471, 120.906303406, 121.301040649, 121.684173584, 122.067298889, 122.462036133, 122.856781006, 123.25151825, 123.623039246, 124.017776489, 124.412513733, 124.795646667, 125.178771973, 125.573509216, 125.968254089, 126.351379395, 126.734512329, 127.117637634, 127.500770569, 127.895507813, 128.290252686, 128.6849823, 129.079727173, 129.462860107, 129.845977783, 130.240722656, 130.635467529, 131.030197144, 131.424942017, 131.808074951, 132.191192627, 132.5859375, 132.980682373, 133.375411987, 133.758544922, 134.153289795, 134.536407471, 134.919540405, 135.30267334, 135.697418213, 136.092147827, 136.4868927, 136.881637573, 137.276367188, 137.647888184, 138.031021118, 138.414154053, 138.808883667, 139.20362854, 139.598358154, 139.993103027, 140.3878479, 140.782577515, 141.165710449, 141.548843384, 141.943572998, 142.326705933, 142.709838867, 143.092971802, 143.487701416, 143.870834351, 144.253967285, 144.63710022, 145.031829834, 145.426574707, 145.82131958, 146.216049194, 146.610794067, 147.005523682, 147.400268555, 147.795013428, 148.178131104, 148.561264038, 148.944396973, 149.339141846, 149.722259521, 150.117004395, 150.511749268, 150.906478882, 151.289611816, 151.672744751, 152.067474365, 152.462219238, 152.856964111, 153.240081787, 153.623214722, 154.017959595, 154.401092529, 154.795822144, 155.178955078, 155.573699951, 155.968429565, 156.363174438, 156.746307373, 157.129425049, 157.524169922, 157.918914795, 158.313644409, 158.696777344, 159.079910278, 159.474639893, 159.869384766, 160.264129639, 160.647247314, 161.030380249, 161.425125122, 161.819854736, 162.202987671, 162.586120605, 162.96925354, 163.363983154, 163.758728027, 164.1534729, 164.548202515, 164.931335449, 165.314468384, 165.69758606, 166.092330933, 166.487075806, 166.88180542, 167.276550293, 167.671295166, 168.054412842, 168.437545776, 168.832290649, 169.227020264, 169.610153198, 169.993286133, 170.388031006, 170.771148682, 171.154281616, 171.549026489, 171.943756104, 172.338500977, 172.73324585, 173.116363525, 173.49949646, 173.894241333, 174.277359009, 174.660491943, 175.055236816, 175.449981689, 175.844711304, 176.239456177, 176.622589111, 177.017318726, 177.40045166, 177.795196533, 178.189926147, 178.573059082, 178.956192017, 179.350921631, 179.734054565, 180.1171875, 180.511917114, 180.906661987, 181.289794922, 181.672927856, 182.067657471, 182.462402344, 182.857131958, 183.240264893, 183.623397827, 184.0181427, 184.412872314, 184.807617188, 185.202362061, 185.585479736, 185.968612671, 186.363357544, 186.758087158, 187.141220093, 187.524353027, 187.919082642, 188.313827515, 188.708572388, 189.103302002, 189.498046875, 189.869567871, 190.264297485, 190.659042358, 191.042175293, 191.425308228, 191.820037842, 192.214782715, 192.597915649, 192.981033325, 193.375778198, 193.770523071, 194.153640747, 194.536773682, 194.919906616, 195.303039551, 195.697769165, 196.092514038, 196.487258911, 196.881988525, 197.276733398, 197.671463013, 198.042984009, 198.437728882, 198.832473755, 199.215591431, 199.610336304, 199.993469238, 200.388198853, 200.782943726, 201.177688599, 201.560806274, 201.943939209, 202.338684082, 202.733413696, 203.128158569, 203.511291504, 203.894424438, 204.289154053, 204.683898926, 205.06703186, 205.450149536, 205.844894409, 206.239639282, 206.634368896, 207.02911377, 207.412246704, 207.79536438, 208.190109253, 208.573242188, 208.967971802, 209.351104736, 209.734237671, 210.117370605, 210.51210022, 210.906845093, 211.301589966, 211.684707642, 212.067840576, 212.462585449, 212.857315063, 213.252059937, 213.64680481, 214.029922485, 214.41305542, 214.807800293, 215.190933228, 215.585662842, 215.968795776, 216.363540649, 216.758270264, 217.153015137, 217.536148071, 217.919265747, 218.31401062, 218.708755493, 219.091873169, 219.486618042, 219.881362915, 220.264480591, 220.659225464, 221.053970337, 221.448699951, 221.855056763, 222.273010254, 222.690963745, 223.108932495, 223.526885986, 223.933242798, 224.339584351], "danceability": 1.09930944443, "bpm_histogram_second_peak_spread": {"dvar": 0, "var": 0, "median": 0.024999987334, "max": 0.024999987334, "dmean": 0, "dmean2": 0, "mean": 0.024999987334, "dvar2": 0, "min": 0.024999987334}}, "lowlevel": {"spectral_flux": {"dvar": 0.000518183340319, "var": 0.00172942492645, "median": 0.0579479262233, "max": 0.223361060023, "dmean": 0.0202435161918, "dmean2": 0.0303845424205, "mean": 0.0663007795811, "dvar2": 0.00100494059734, "min": 1.0508280357e-10}, "spectral_rolloff": {"dvar": 444997.21875, "var": 1289759.5, "median": 968.994140625, "max": 18281.6894531, "dmean": 305.041046143, "dmean2": 495.913848877, "mean": 1329.05639648, "dvar2": 891622.5625, "min": 86.1328125}, "barkbands_flatness_db": {"dvar": 0.000239999309997, "var": 0.00143645168282, "median": 0.129129678011, "max": 0.306703269482, "dmean": 0.0151719981804, "dmean2": 0.0222906395793, "mean": 0.132621377707, "dvar2": 0.000498574401718, "min": 0.0419189482927}, "spectral_centroid": {"dvar": 52658.4804688, "var": 283995.1875, "median": 1129.70068359, "max": 11382.2675781, "dmean": 185.976150513, "dmean2": 269.998504639, "mean": 1241.0513916, "dvar2": 95504.6015625, "min": 249.822784424}, "melbands_skewness": {"dvar": 0.358042389154, "var": 2.05329489708, "median": 1.8572063446, "max": 10.863448143, "dmean": 0.505631566048, "dmean2": 0.766930997372, "mean": 2.02528619766, "dvar2": 0.834239184856, "min": -1.09653139114}, "melbands": {"dvar": [1.54731583279e-06, 1.49990546561e-06, 3.71441757352e-07, 2.33621108237e-07, 1.27325847643e-07, 1.00920310331e-07, 5.17590059701e-08, 1.93114839675e-08, 4.56311077812e-08, 6.78867806414e-08, 1.25555331465e-07, 5.80850354481e-08, 1.63236570927e-08, 2.32740440254e-08, 1.08853130953e-08, 1.15308491644e-08, 2.26712053575e-08, 1.14250351402e-08, 7.15839920673e-09, 3.72135322557e-09, 5.33448929474e-09, 1.07297470908e-09, 5.78836811815e-10, 5.79735703887e-10, 3.98964750126e-10, 8.65444452214e-11, 4.68125295472e-11, 8.3786602656e-11, 7.80300962733e-11, 1.6790400667e-11, 6.51534512106e-12, 7.98994377604e-12, 7.83136402949e-12, 6.65849190021e-12, 9.41571560303e-12, 6.36066459919e-12, 1.96825758816e-12, 9.62629065002e-13, 9.86673633421e-13, 4.89263198098e-13], "var": [1.29993100018e-06, 1.26456916405e-06, 4.0288611558e-07, 3.19368552937e-07, 3.84416836141e-07, 2.77165753459e-07, 1.70765403595e-07, 6.00406053763e-08, 1.24560926906e-07, 2.60003162111e-07, 3.91857184923e-07, 1.95881597165e-07, 9.75766170086e-08, 9.06404267198e-08, 3.8697553606e-08, 3.19990469677e-08, 8.86534508027e-08, 3.49986848391e-08, 1.69637104364e-08, 7.9984170398e-09, 1.36023725616e-08, 3.37267724859e-09, 1.65567537458e-09, 1.40897971068e-09, 1.11320919149e-09, 2.50118759038e-10, 1.66732752604e-10, 3.174792651e-10, 1.96461055757e-10, 2.9722842243e-11, 8.58883363736e-12, 8.59542818865e-12, 8.59868513198e-12, 1.44742351785e-11, 2.66434738855e-11, 1.42808612158e-11, 4.68542999538e-12, 3.22538523667e-12, 2.57033630491e-12, 1.54457620739e-12], "median": [0.000617308833171, 0.000964082719292, 0.000489201163873, 0.000303428969346, 0.000262701825704, 0.00018447660841, 0.00012697665079, 7.23349658074e-05, 8.96411947906e-05, 7.48874008423e-05, 0.000103108199255, 7.42250849726e-05, 2.58136969933e-05, 2.27357213589e-05, 1.6107911506e-05, 1.35789814522e-05, 1.09206275738e-05, 1.27716766656e-05, 1.24989655887e-05, 9.47787157202e-06, 1.00665165519e-05, 7.20799243936e-06, 4.92598610435e-06, 4.60217779619e-06, 3.51909284291e-06, 3.13584359901e-06, 2.21033724301e-06, 2.12779150388e-06, 1.69998588717e-06, 8.534321978e-07, 6.02660520599e-07, 6.17416731075e-07, 5.52959761535e-07, 4.72695660392e-07, 4.63326500721e-07, 3.43292811067e-07, 2.66129234205e-07, 1.90148000456e-07, 1.82001585358e-07, 1.14389735018e-07], "max": [0.0152878146619, 0.0150177348405, 0.00821450632066, 0.00784294959158, 0.00732396822423, 0.011207094416, 0.00569118466228, 0.00458445074037, 0.00496773095801, 0.00560299539939, 0.00814238470048, 0.0074611841701, 0.00388462841511, 0.00432444363832, 0.00223218929023, 0.00387505884282, 0.00391726661474, 0.00371211650781, 0.00143402023241, 0.00125985557679, 0.00207244348712, 0.00129642849788, 0.000810715253465, 0.000493389670737, 0.00042952154763, 0.000223493072554, 0.000192792969756, 0.000242728376179, 0.000209826204809, 9.00872255443e-05, 8.46133916639e-05, 0.000115720431495, 4.45949444838e-05, 9.72200577962e-05, 0.000111894143629, 9.00847226148e-05, 4.76139648526e-05, 3.81180980185e-05, 4.73297950521e-05, 2.13115508814e-05], "dmean": [0.000431306223618, 0.000456979352748, 0.000318529375363, 0.00025818485301, 0.000209460922633, 0.000158145398018, 0.000118037460197, 6.13381635048e-05, 9.79772157734e-05, 0.000111347078928, 0.000144465462654, 0.000103982645669, 4.73158324894e-05, 5.11071157234e-05, 3.46421402355e-05, 3.29069771396e-05, 4.2062241846e-05, 3.41787272191e-05, 3.24121283484e-05, 2.2213000193e-05, 2.18086679524e-05, 1.06877214421e-05, 8.34466209199e-06, 9.43838040257e-06, 8.06866046332e-06, 4.68415009891e-06, 3.17474177791e-06, 4.11676546719e-06, 3.67891243513e-06, 1.79008145551e-06, 9.69516236182e-07, 1.01882187664e-06, 1.0111168649e-06, 8.18018349946e-07, 9.43132079101e-07, 7.22927893548e-07, 4.45946596983e-07, 3.34065731522e-07, 3.12221857257e-07, 2.15796958969e-07], "dmean2": [0.000730152940378, 0.000804607989267, 0.000538687105291, 0.000426428450737, 0.000321317173075, 0.000239541521296, 0.000175230990862, 8.89547518454e-05, 0.000144277350046, 0.000161449672305, 0.000220595844439, 0.000151060157805, 6.44202809781e-05, 7.52726336941e-05, 5.00572714373e-05, 4.7908299166e-05, 5.68595423829e-05, 4.90990278195e-05, 4.77796420455e-05, 3.29461763613e-05, 3.1283529097e-05, 1.55514026119e-05, 1.24530479297e-05, 1.3949789718e-05, 1.17514682643e-05, 7.18998126104e-06, 4.88181103719e-06, 6.17301066086e-06, 5.645645615e-06, 2.94752544505e-06, 1.63303479894e-06, 1.71343538113e-06, 1.68846725046e-06, 1.28448914438e-06, 1.40218662636e-06, 1.07598418708e-06, 6.48357229238e-07, 4.76927255022e-07, 4.64610451445e-07, 3.17438377806e-07], "mean": [0.000807539850939, 0.00113436614629, 0.000643370382022, 0.00047382232151, 0.000462998694275, 0.000349260400981, 0.000275979546132, 0.000142636679811, 0.000207713921554, 0.000256718718447, 0.000317986734444, 0.00022842506587, 0.000106558662083, 0.000108366672066, 6.92704052199e-05, 5.77891332796e-05, 8.65977854119e-05, 6.46449698252e-05, 5.65787850064e-05, 3.65081359632e-05, 3.81690442737e-05, 2.16936077777e-05, 1.62547457876e-05, 1.71310221049e-05, 1.53932542162e-05, 9.03513500816e-06, 6.43948851575e-06, 8.3834884208e-06, 6.93125866746e-06, 2.79379491985e-06, 1.57157683134e-06, 1.48649667153e-06, 1.35411164592e-06, 1.36342555379e-06, 1.8666522692e-06, 1.44381351674e-06, 8.74653665051e-07, 6.59440217987e-07, 5.55242593236e-07, 3.90199801359e-07], "dvar2": [4.09562107961e-06, 4.24639529228e-06, 1.0073164276e-06, 6.34161040125e-07, 2.9989490713e-07, 2.23295216983e-07, 1.15201650885e-07, 3.9219489878e-08, 9.30792722897e-08, 1.45992700595e-07, 2.80832807675e-07, 1.17650365894e-07, 2.66005937277e-08, 5.20166416607e-08, 2.30845600413e-08, 2.4141762367e-08, 4.0086309383e-08, 2.26725056507e-08, 1.52953560928e-08, 8.02518673737e-09, 1.09927551506e-08, 2.2220760787e-09, 1.18198584254e-09, 1.1699199387e-09, 7.98865806839e-10, 1.93311686103e-10, 1.05694404617e-10, 1.61476193528e-10, 1.76665945761e-10, 4.20319959393e-11, 1.67220993996e-11, 2.11900167552e-11, 2.07111931771e-11, 1.4821444419e-11, 1.94085528898e-11, 1.5083675628e-11, 3.88775296678e-12, 1.72576558079e-12, 2.14491315334e-12, 9.34274034005e-13], "min": [1.66726809392e-23, 1.38834044624e-23, 1.61624409725e-23, 1.15419950871e-23, 1.51222237394e-23, 4.82512136933e-24, 4.48611036746e-24, 1.43105505545e-23, 6.79322440935e-24, 5.35472826564e-24, 1.29220567537e-23, 2.41956561173e-23, 8.68072164208e-24, 1.35865024612e-23, 2.09958327596e-23, 7.24461061932e-24, 1.05466829721e-23, 6.65701416343e-24, 6.56875798308e-24, 4.89004896056e-24, 7.06126199001e-24, 8.58698918932e-24, 9.20804360279e-24, 9.98833984516e-24, 1.81049446873e-23, 1.36727360022e-23, 1.59918198251e-23, 1.15813781789e-23, 1.32500264639e-23, 9.07846215505e-24, 8.59317543654e-24, 1.03518682495e-23, 8.17001782521e-24, 7.8207985688e-24, 1.01983259407e-23, 1.20321064789e-23, 1.22208351396e-23, 1.23710768544e-23, 1.80674627503e-23, 1.47752306484e-23]}, "spectral_decrease": {"dvar": 3.49906704892e-18, "var": 1.22041119154e-17, "median": -4.85930762295e-09, "max": -7.96798625487e-29, "dmean": 1.29412713878e-09, "dmean2": 2.00946126405e-09, "mean": -5.56940760177e-09, "dvar2": 8.63865410975e-18, "min": -2.14657625008e-08}, "barkbands_kurtosis": {"dvar": 7.8860912323, "var": 30.9760036469, "median": 1.35590493679, "max": 77.7318649292, "dmean": 1.6210398674, "dmean2": 2.50635671616, "mean": 2.89814662933, "dvar2": 18.2385406494, "min": -1.7569309473}, "silence_rate_30dB": {"dvar": 0, "var": 0, "median": 1, "max": 1, "dmean": 0, "dmean2": 0, "mean": 1, "dvar2": 0, "min": 1}, "gfcc": {"mean": [-12.0046710968, 101.593292236, -118.256851196, 30.2135543823, -57.2000274658, 13.9429016113, -35.1199836731, 10.9078969955, -23.8224849701, -1.00431835651, -17.3296394348, -0.716177821159, -8.04271602631], "cov": [[9310.36132813, -327.915924072, -451.276733398, 56.2399253845, -78.4214859009, 194.643280029, -92.9077911377, 189.111129761, -30.7419147491, 88.1043930054, -14.0880117416, -26.9537296295, 10.1199264526], [-327.915924072, 642.97052002, 4.6369638443, -67.7463378906, 89.9934844971, -64.2028808594, 139.939956665, -35.6898612976, 47.1902351379, -50.4602127075, 47.4692955017, -40.7076644897, 40.5900497437], [-451.276733398, 4.6369638443, 622.792236328, 130.688095093, 25.0416088104, 44.0314788818, -32.5874252319, -6.55981063843, 5.5923037529, 34.1273117065, -36.8080863953, 89.0104522705, -47.6680526733], [56.2399253845, -67.7463378906, 130.688095093, 286.53125, 83.1405944824, 7.63570022583, -31.32264328, 31.0464477539, 50.9504394531, 14.8061180115, 10.0267677307, 23.3051872253, 12.2427444458], [-78.4214859009, 89.9934844971, 25.0416088104, 83.1405944824, 213.374786377, 61.3927307129, 44.6196899414, 4.4549036026, 25.0319042206, 34.2604141235, 29.209197998, -12.3190889359, 6.36469984055], [194.643280029, -64.2028808594, 44.0314788818, 7.63570022583, 61.3927307129, 219.531570435, 71.2304611206, 1.02491807938, -10.8981733322, 55.6569709778, 36.7040367126, -12.5707130432, -24.8682537079], [-92.9077911377, 139.939956665, -32.5874252319, -31.32264328, 44.6196899414, 71.2304611206, 207.4324646, 16.3164844513, -18.1650657654, -2.35563850403, 26.5361232758, -25.4236450195, -1.72407543659], [189.111129761, -35.6898612976, -6.55981063843, 31.0464477539, 4.4549036026, 1.02491807938, 16.3164844513, 138.660873413, 60.5157241821, -8.42714118958, -7.08514738083, 9.22785377502, 28.1862926483], [-30.7419147491, 47.1902351379, 5.5923037529, 50.9504394531, 25.0319042206, -10.8981733322, -18.1650657654, 60.5157241821, 115.209739685, 20.1341896057, 7.21514844894, 8.14875984192, 26.4126014709], [88.1043930054, -50.4602127075, 34.1273117065, 14.8061180115, 34.2604141235, 55.6569709778, -2.35563850403, -8.42714118958, 20.1341896057, 116.113059998, 40.4285392761, 14.3146362305, -13.7019281387], [-14.0880117416, 47.4692955017, -36.8080863953, 10.0267677307, 29.209197998, 36.7040367126, 26.5361232758, -7.08514738083, 7.21514844894, 40.4285392761, 110.200012207, 4.86808633804, -4.12773609161], [-26.9537296295, -40.7076644897, 89.0104522705, 23.3051872253, -12.3190889359, -12.5707130432, -25.4236450195, 9.22785377502, 8.14875984192, 14.3146362305, 4.86808633804, 95.75415802, 17.8187789917], [10.1199264526, 40.5900497437, -47.6680526733, 12.2427444458, 6.36469984055, -24.8682537079, -1.72407543659, 28.1862926483, 26.4126014709, -13.7019281387, -4.12773609161, 17.8187789917, 78.2241516113]], "icov": [[0.000133494511829, -0.000150798688992, 0.000206868528039, -0.000178461195901, 0.000149164945469, -0.000261858396698, 0.000242944195634, -0.000382220721804, 0.000355771189788, -0.0002506148885, 0.000210952741327, -0.000118217722047, 0.000136699949508], [-0.000150798688992, 0.00417242385447, -0.0016179413069, 0.0021579109598, -0.00198028213345, 0.00260613625869, -0.00326161202975, 0.00332620972767, -0.00409014243633, 0.0027709112037, -0.00283591286279, 0.00215886882506, -0.00252498337068], [0.000206868528039, -0.0016179413069, 0.00329312984832, -0.00196982733905, 0.000769367441535, -0.00172474118881, 0.00131598941516, -0.00133631075732, 0.00161669484805, -0.00145154690836, 0.00267046527006, -0.00350630888715, 0.00316691747867], [-0.000178461195901, 0.0021579109598, -0.00196982733905, 0.00607757270336, -0.00292343017645, 0.00158214219846, -0.000805195362773, 0.00133721134625, -0.00344615196809, 0.00209949933924, -0.00230054371059, 0.00115030386951, -0.00185900507495], [0.000149164945469, -0.00198028213345, 0.000769367441535, -0.00292343017645, 0.00740311434492, -0.00239984039217, 0.000373126502382, -0.000924726715311, 0.0011511935154, -0.00245144753717, 0.000900015234947, 0.000228370845434, 8.81429659785e-05], [-0.000261858396698, 0.00260613625869, -0.00172474118881, 0.00158214219846, -0.00239984039217, 0.00841734185815, -0.0039126300253, 0.00154058495536, -0.00155932945199, -0.000810543890111, -0.00273399334401, 0.00238261930645, -0.000689670036081], [0.000242944195634, -0.00326161202975, 0.00131598941516, -0.000805195362773, 0.000373126502382, -0.0039126300253, 0.00906543247402, -0.00436213426292, 0.0048220846802, -0.00116156798322, 0.000876764126588, -0.000529694138095, 0.00142160279211], [-0.000382220721804, 0.00332620972767, -0.00133631075732, 0.00133721134625, -0.000924726715311, 0.00154058495536, -0.00436213426292, 0.0136914951727, -0.00937574822456, 0.00400108098984, -0.00140736519825, 0.000759913295042, -0.0035454374738], [0.000355771189788, -0.00409014243633, 0.00161669484805, -0.00344615196809, 0.0011511935154, -0.00155932945199, 0.0048220846802, -0.00937574822456, 0.0182801708579, -0.00613778317347, 0.00218660058454, -0.000842137553263, -0.000444166682428], [-0.0002506148885, 0.0027709112037, -0.00145154690836, 0.00209949933924, -0.00245144753717, -0.000810543890111, -0.00116156798322, 0.00400108098984, -0.00613778317347, 0.0145900556818, -0.00535528035834, -0.000620327191427, 0.000342750834534], [0.000210952741327, -0.00283591286279, 0.00267046527006, -0.00230054371059, 0.000900015234947, -0.00273399334401, 0.000876764126588, -0.00140736519825, 0.00218660058454, -0.00535528035834, 0.0138820474967, -0.00357163045555, 0.00288542546332], [-0.000118217722047, 0.00215886882506, -0.00350630888715, 0.00115030386951, 0.000228370845434, 0.00238261930645, -0.000529694138095, 0.000759913295042, -0.000842137553263, -0.000620327191427, -0.00357163045555, 0.0160152222961, -0.00662914710119], [0.000136699949508, -0.00252498337068, 0.00316691747867, -0.00185900507495, 8.81429659785e-05, -0.000689670036081, 0.00142160279211, -0.0035454374738, -0.000444166682428, 0.000342750834534, 0.00288542546332, -0.00662914710119, 0.019251845777]]}, "silence_rate_20dB": {"dvar": 0, "var": 0, "median": 1, "max": 1, "dmean": 0, "dmean2": 0, "mean": 1, "dvar2": 0, "min": 1}, "barkbands_skewness": {"dvar": 0.175728216767, "var": 1.09569334984, "median": 1.13937985897, "max": 6.82807922363, "dmean": 0.383061140776, "dmean2": 0.569199740887, "mean": 1.20551478863, "dvar2": 0.390684574842, "min": -1.89056634903}, "erbbands_skewness": {"dvar": 0.0820063427091, "var": 0.43989688158, "median": 0.42444935441, "max": 3.20165801048, "dmean": 0.305281162262, "dmean2": 0.45451015234, "mean": 0.387697994709, "dvar2": 0.171502575278, "min": -2.2739508152}, "spectral_contrast_valleys": {"dvar": [0.139269411564, 0.100052684546, 0.0996075719595, 0.131959035993, 0.135068744421, 0.114676304162], "var": [1.31528830528, 1.08383905888, 1.09310138226, 1.09663367271, 1.09689867496, 1.22561359406], "median": [-7.03798484802, -6.78368902206, -7.44806194305, -8.17444419861, -7.89204311371, -10.3633594513], "max": [-5.31168270111, -5.15945291519, -5.38554334641, -5.72906351089, -5.87267351151, -7.84095430374], "dmean": [0.34837192297, 0.323765933514, 0.305842459202, 0.333889782429, 0.312798768282, 0.309861987829], "dmean2": [0.56266361475, 0.511221170425, 0.477556705475, 0.511760652065, 0.46037197113, 0.38830062747], "mean": [-7.34086418152, -6.98266220093, -7.63852500916, -8.30911445618, -8.05509567261, -10.5381345749], "dvar2": [0.2830298841, 0.206795424223, 0.193701371551, 0.261975347996, 0.264749139547, 0.177902415395], "min": [-27.0928115845, -27.1280841827, -26.9863910675, -27.2491645813, -27.2933712006, -27.222700119]}, "spectral_strongpeak": {"dvar": 1.48280382156, "var": 3.52023601532, "median": 0.451670706272, "max": 14.3927364349, "dmean": 0.687241256237, "dmean2": 1.15125346184, "mean": 1.38324046135, "dvar2": 3.46408843994, "min": 0}, "erbbands_crest": {"dvar": 6.04386997223, "var": 22.0750579834, "median": 9.13063907623, "max": 31.8396244049, "dmean": 2.55307817459, "dmean2": 4.00177097321, "mean": 10.1982212067, "dvar2": 14.0636587143, "min": 2.31850981712}, "barkbands_crest": {"dvar": 3.75914931297, "var": 10.8282642365, "median": 8.02397441864, "max": 22.1029262543, "dmean": 1.89086401463, "dmean2": 3.05163526535, "mean": 8.74689102173, "dvar2": 9.77827548981, "min": 2.7299053669}, "spectral_energyband_middle_low": {"dvar": 1.65985729836e-05, "var": 6.07147958362e-05, "median": 0.00841013714671, "max": 0.0543190948665, "dmean": 0.00291506177746, "dmean2": 0.0044646281749, "mean": 0.0102045023814, "dvar2": 4.04888851335e-05, "min": 2.66666161748e-22}, "spectral_contrast_coeffs": {"dvar": [0.00137420475949, 0.00116103794426, 0.00107361888513, 0.0010099428473, 0.000682070793118, 0.000332329742378], "var": [0.00709792645648, 0.00532371364534, 0.00645741494372, 0.00512827420607, 0.0035009754356, 0.00110294891056], "median": [-0.659528255463, -0.708517193794, -0.702034652233, -0.726441502571, -0.758929252625, -0.763441085815], "max": [-0.292964458466, -0.400777280331, -0.437964737415, -0.474675804377, -0.549697697163, -0.618403434753], "dmean": [0.0413538664579, 0.040564827621, 0.0380465015769, 0.0360057801008, 0.0282703116536, 0.019833881408], "dmean2": [0.0678439065814, 0.0647678598762, 0.0588274262846, 0.0551889874041, 0.0427606925368, 0.031544201076], "mean": [-0.648829698563, -0.703703761101, -0.698755502701, -0.721459269524, -0.75331735611, -0.764228641987], "dvar2": [0.0034701039549, 0.00290472898632, 0.00238486984745, 0.00218040333129, 0.00137359637301, 0.000863786612172], "min": [-0.965855956078, -0.969626188278, -0.961963415146, -0.965941846371, -0.962201952934, -0.960152089596]}, "hfc": {"dvar": 42.8007125854, "var": 333.978027344, "median": 12.3652029037, "max": 118.396469116, "dmean": 4.49927568436, "dmean2": 6.27282142639, "mean": 19.2528324127, "dvar2": 79.506187439, "min": 1.18426945373e-16}, "spectral_energyband_high": {"dvar": 2.14425313061e-07, "var": 7.94151276295e-07, "median": 0.000226790318266, "max": 0.00835230015218, "dmean": 0.000238544860622, "dmean2": 0.000351301452611, "mean": 0.000574389297981, "dvar2": 4.45242704927e-07, "min": 7.93886108222e-21}, "erbbands_spread": {"dvar": 56.9604072571, "var": 308.485321045, "median": 30.807094574, "max": 175.627487183, "dmean": 6.48229122162, "dmean2": 9.67743682861, "mean": 33.3362045288, "dvar2": 115.033409119, "min": 3.03738474846}, "dissonance": {"dvar": 0.00039345092955, "var": 0.000863710127305, "median": 0.458230137825, "max": 0.499920964241, "dmean": 0.021165093407, "dmean2": 0.0352903939784, "mean": 0.452530324459, "dvar2": 0.00106828100979, "min": 0.283621013165}, "spectral_kurtosis": {"dvar": 2.01166296005, "var": 5.23115921021, "median": 4.42215871811, "max": 17.7887916565, "dmean": 1.44942378998, "dmean2": 2.42719984055, "mean": 4.77592039108, "dvar2": 5.60105752945, "min": -1.3373169899}, "spectral_skewness": {"dvar": 0.0383073501289, "var": 0.138364970684, "median": 1.62928962708, "max": 3.16295933723, "dmean": 0.205412521958, "dmean2": 0.333650887012, "mean": 1.64658093452, "dvar2": 0.0956464856863, "min": -0.0539055801928}, "pitch_salience": {"dvar": 0.00267759547569, "var": 0.00893072225153, "median": 0.542275369167, "max": 0.833060503006, "dmean": 0.0553423799574, "dmean2": 0.089391887188, "mean": 0.537599027157, "dvar2": 0.00678990408778, "min": 0.168345287442}, "spectral_complexity": {"dvar": 11.5609493256, "var": 58.8222465515, "median": 16, "max": 46, "dmean": 2.62356710434, "dmean2": 4.241065979, "mean": 16.3002891541, "dvar2": 29.2471504211, "min": 0}, "spectral_spread": {"dvar": 445808214016, "var": 2016677855230.0, "median": 4096944.25, "max": 40624916, "dmean": 449234.9375, "dmean2": 618982.375, "mean": 4362688, "dvar2": 604576088064, "min": 2045756.25}, "dynamic_complexity": 3.94250059128, "melbands_crest": {"dvar": 5.33884382248, "var": 17.2050971985, "median": 10.7327594757, "max": 30.9333362579, "dmean": 2.23477935791, "dmean2": 3.61516547203, "mean": 11.5502700806, "dvar2": 13.5252504349, "min": 2.11979818344}, "zerocrossingrate": {"dvar": 8.9449560619e-05, "var": 0.00072947551962, "median": 0.0498046875, "max": 0.48095703125, "dmean": 0.0074206343852, "dmean2": 0.00860412884504, "mean": 0.0547006614506, "dvar2": 9.81445409707e-05, "min": 0.00634765625}, "spectral_energyband_low": {"dvar": 3.65710475307e-05, "var": 3.25007895299e-05, "median": 0.00499326735735, "max": 0.071807295084, "dmean": 0.00233358168043, "dmean2": 0.00396627839655, "mean": 0.00575195020065, "dvar2": 9.83861682471e-05, "min": 1.17816956796e-22}, "melbands_kurtosis": {"dvar": 50.62733078, "var": 194.593704224, "median": 4.58644008636, "max": 190.601135254, "dmean": 3.74001312256, "dmean2": 5.83346509933, "mean": 8.71070098877, "dvar2": 124.189346313, "min": -1.74318706989}, "spectral_energyband_middle_high": {"dvar": 1.04546261355e-05, "var": 8.37997504277e-05, "median": 0.00347581878304, "max": 0.0593999512494, "dmean": 0.00205944338813, "dmean2": 0.00285901664756, "mean": 0.00722768949345, "dvar2": 1.82847725227e-05, "min": 1.75915143778e-21}, "barkbands_spread": {"dvar": 28.1682453156, "var": 133.926239014, "median": 17.9731998444, "max": 87.8423080444, "dmean": 4.02179431915, "dmean2": 5.86061000824, "mean": 20.7140636444, "dvar2": 51.809551239, "min": 1.81347322464}, "mfcc": {"mean": [-653.531188965, 128.890457153, -0.450728267431, 20.6038722992, 2.69447827339, 2.36071443558, 0.80222761631, 5.83485651016, 0.84363335371, 5.1503367424, -5.92744493484, -4.02483987808, -1.90830814838], "cov": [[7946.28857422, 97.2694320679, -540.762512207, -98.6547012329, -44.5616493225, -86.6251296997, 22.3389778137, 42.0091819763, 17.7425441742, 201.030899048, -103.50553894, 68.9392471313, -58.3297615051], [97.2694320679, 742.12689209, -44.4216117859, 20.5764331818, -53.1585540771, 16.8355541229, 53.7367782593, 18.1974067688, 26.7052822113, -10.5646800995, 35.6226959229, -33.3439903259, 13.6979398727], [-540.762512207, -44.4216117859, 485.805175781, 83.7879714966, 59.936920166, 62.3503417969, -32.9178657532, 36.4529800415, -1.07595276833, -55.0686264038, 42.1068687439, 22.9296836853, 29.039