{"lowlevel": {"erbbands": {"mean": [1.78205227852, 5.46983242035, 7.77860927582, 11.6204948425, 11.189453125, 13.4577522278, 25.6234321594, 26.0086021423, 28.2414875031, 25.5185070038, 24.934595108, 36.0299720764, 56.1609573364, 40.4684448242, 30.0921058655, 23.0843982697, 27.8024177551, 22.8874759674, 25.3991889954, 20.7920036316, 16.1451835632, 11.3907136917, 10.7189741135, 10.3511190414, 7.76787090302, 7.1165728569, 7.74083662033, 7.49866008759, 5.79307222366, 3.43814897537, 1.83390259743, 0.732912957668, 0.300249665976, 0.0538295917213, 0.0278328582644, 0.0526141598821, 0.10524237901, 0.13035684824, 0.0596928857267, 0.0181008912623], "dvar": [3.41512155533, 37.3099403381, 100.816390991, 192.960388184, 209.203369141, 398.355926514, 1876.50231934, 1479.16235352, 1901.63903809, 1707.5222168, 1059.9354248, 2113.12524414, 8539.16992188, 2611.03833008, 2125.76074219, 496.918182373, 818.374267578, 439.136901855, 638.106506348, 458.812835693, 504.763275146, 181.424087524, 203.160919189, 282.917877197, 88.6953659058, 49.1352920532, 126.335105896, 89.4765090942, 63.932964325, 19.3935718536, 6.01270961761, 0.85531526804, 0.120470896363, 0.00492092315108, 0.00183612061664, 0.00315607362427, 0.0153306080028, 0.0162064172328, 0.00139944686089, 2.9433544114e-05], "min": [4.3232243956e-23, 4.69382638949e-22, 2.11410562462e-21, 4.97596636712e-21, 8.24638890095e-21, 2.15656890906e-20, 4.88663667708e-20, 9.22888705223e-20, 1.00881461167e-19, 1.58882629011e-19, 1.6905355135e-19, 1.52564636417e-19, 7.08415519468e-19, 5.11155484045e-19, 7.0521676034e-19, 1.42774692789e-18, 1.25587699457e-18, 1.61607971995e-18, 2.20304811659e-18, 2.70184009391e-18, 3.36293566076e-18, 4.15144247775e-18, 4.27197303276e-18, 5.87854596593e-18, 7.51208126475e-18, 7.57450031377e-18, 8.89111459579e-18, 9.67653664948e-18, 9.69485125542e-18, 9.20654255159e-18, 1.04800433529e-17, 1.06418084479e-17, 9.3791850716e-18, 7.60177245857e-18, 6.65346902969e-18, 3.87219995143e-18, 2.01721475415e-18, 9.68486429029e-19, 2.40684975479e-19, 2.56590246635e-20], "dmean": [1.14818787575, 3.93430638313, 6.48732805252, 9.06090641022, 8.75930595398, 11.2023029327, 21.5767307281, 19.5350379944, 20.1984672546, 18.0517311096, 17.1834392548, 25.3018455505, 41.8846054077, 27.629152298, 19.5598640442, 14.1390075684, 17.74883461, 13.4820947647, 15.3679065704, 13.8587656021, 12.1569681168, 7.12391424179, 6.9695558548, 6.73818588257, 4.43680858612, 3.69634866714, 4.3871922493, 4.43226051331, 3.69005012512, 2.21867990494, 1.22517168522, 0.483107745647, 0.203178480268, 0.0467879995704, 0.0267872475088, 0.0359213873744, 0.0656836926937, 0.0720614567399, 0.0237019881606, 0.00443962868303], "dmean2": [1.92638516426, 6.71826028824, 11.2261838913, 15.2840270996, 14.6062011719, 18.9255084991, 35.8442993164, 32.1004562378, 32.8771591187, 28.6852817535, 28.0893535614, 41.4786453247, 68.7875518799, 43.9399719238, 30.6743774414, 22.8064231873, 28.942193985, 22.1146144867, 25.2094898224, 23.3866920471, 21.2751731873, 11.9124298096, 11.6945991516, 11.043715477, 7.12118768692, 5.72280454636, 6.62600851059, 6.58202791214, 5.37225055695, 3.17616629601, 1.74120378494, 0.678567051888, 0.293795078993, 0.076496437192, 0.0446716733277, 0.0526942126453, 0.0896517857909, 0.0983033403754, 0.0333055108786, 0.00679057324305], "dvar2": [9.11171913147, 99.3812103271, 278.440551758, 502.462280273, 531.42364502, 1048.92785645, 4688.3046875, 3716.23583984, 4628.87841797, 3930.2878418, 2647.89550781, 5121.00195312, 21618.1855469, 6168.79931641, 4611.89160156, 1243.46850586, 2076.70556641, 1104.61755371, 1609.11474609, 1222.92163086, 1389.31677246, 466.115081787, 512.93927002, 691.464050293, 219.635910034, 113.30696106, 270.458465576, 200.276260376, 146.260040283, 41.5610046387, 12.4774656296, 1.81353020668, 0.245561674237, 0.0121832564473, 0.00464357156307, 0.0065177702345, 0.0300342924893, 0.0309546459466, 0.00282922410406, 7.1280701377e-05], "max": [21.0963382721, 66.1946792603, 92.2853240967, 238.913253784, 293.393829346, 266.844238281, 889.171813965, 764.433532715, 809.700012207, 1140.54394531, 733.626342773, 791.469787598, 1525.27124023, 918.548583984, 1255.87402344, 436.16619873, 580.068603516, 353.073699951, 821.397521973, 296.543121338, 255.564468384, 310.960327148, 382.045349121, 486.227203369, 168.26802063, 135.797286987, 207.020141602, 183.708526611, 170.569625854, 82.9518661499, 52.9156150818, 20.9305591583, 6.32697629929, 0.838247299194, 0.515696644783, 0.972927927971, 2.39429163933, 2.1117105484, 0.952453017235, 0.134914636612], "median": [1.08058810234, 3.69817972183, 4.55812740326, 6.45223331451, 6.24762535095, 6.62387418747, 11.4180002213, 12.302696228, 11.4247484207, 9.73758506775, 12.0836801529, 15.6985082626, 20.1898326874, 19.0724372864, 14.5402078629, 14.1304063797, 15.9831838608, 13.8260126114, 15.0000066757, 11.9997758865, 8.77783584595, 6.57053804398, 5.93375396729, 5.73722410202, 4.81109476089, 4.2154211998, 3.98211526871, 3.3284304142, 2.36784315109, 1.42168617249, 0.724902272224, 0.330816924572, 0.141519784927, 0.0274964142591, 0.0122816683725, 0.026834435761, 0.0440769568086, 0.0556254833937, 0.0352787896991, 0.0154931684956], "var": [4.54684638977, 41.7790985107, 96.7920455933, 231.43145752, 250.91456604, 425.52935791, 2037.94665527, 1842.37329102, 2791.81152344, 2871.15942383, 1570.18017578, 3432.68896484, 11212.1044922, 4134.98730469, 3802.17431641, 808.582885742, 1258.9473877, 783.632141113, 1231.76477051, 613.479919434, 470.408935547, 242.228347778, 248.482131958, 323.659790039, 125.828643799, 91.8563232422, 208.372787476, 150.151016235, 92.754234314, 29.8449554443, 8.99943161011, 1.28658676147, 0.192840978503, 0.00554665690288, 0.0019063744694, 0.00510978046805, 0.0256965775043, 0.0323158875108, 0.00496994471177, 0.000200984708499]}, "gfcc": {"icov": [[8.4990344476e-05, -0.000197170564206, 0.000464482116513, -0.000455413246527, 0.000438370625488, -0.000228770368267, 8.2998049038e-05, 3.32777744916e-05, -0.000311812240398, 0.000242165275267, -9.879731806e-05, -0.000102846053778, -6.9675065788e-06], [-0.000197170564206, 0.00227391859517, -0.000841080094688, 0.00114045885857, -0.000492678722367, -0.00053890660638, -0.000146153397509, 0.00076612009434, -0.00082822603872, 0.00162540760357, -0.0031690497417, 0.00404592696577, -0.00242282729596], [0.000464482116513, -0.000841080094688, 0.0067429128103, -0.00591737963259, 0.00554367899895, -0.00434601306915, 0.00145798607264, -0.000233560887864, -0.00360142695718, 0.00443906337023, -0.00531485537067, 0.00327594019473, -0.00221188575961], [-0.000455413246527, 0.00114045885857, -0.00591737963259, 0.0120724709705, -0.0104282675311, 0.00669919280335, -0.00216894317418, -0.00315490411595, 0.00912262685597, -0.0098800137639, 0.012189171277, -0.011592679657, 0.00894909910858], [0.000438370625488, -0.000492678722367, 0.00554367899895, -0.0104282675311, 0.0149741983041, -0.00847319513559, 0.00124052830506, 0.00295045482926, -0.011664327234, 0.0155616914853, -0.0179774649441, 0.0148081304505, -0.00948521215469], [-0.000228770368267, -0.00053890660638, -0.00434601306915, 0.00669919280335, -0.00847319513559, 0.0125389080495, -0.00263565359637, -0.00554547552019, 0.0127837089822, -0.0141783040017, 0.0146529823542, -0.0135666392744, 0.00792344752699], [8.2998049038e-05, -0.000146153397509, 0.00145798607264, -0.00216894317418, 0.00124052830506, -0.00263565359637, 0.0079178083688, 0.00134029856417, -0.00517648179084, 0.00477392971516, -0.00350190349855, 0.000736476969905, -0.000528811884578], [3.32777744916e-05, 0.00076612009434, -0.000233560887864, -0.00315490411595, 0.00295045482926, -0.00554547552019, 0.00134029856417, 0.0120810419321, -0.00946530606598, 0.00504259439185, -0.00732730142772, 0.0101354811341, -0.00894730817527], [-0.000311812240398, -0.00082822603872, -0.00360142695718, 0.00912262685597, -0.011664327234, 0.0127837089822, -0.00517648179084, -0.00946530606598, 0.0276499334723, -0.0242938958108, 0.0214896369725, -0.0207559727132, 0.0138826426119], [0.000242165275267, 0.00162540760357, 0.00443906337023, -0.0098800137639, 0.0155616914853, -0.0141783040017, 0.00477392971516, 0.00504259439185, -0.0242938958108, 0.0428167656064, -0.0356013253331, 0.0244458597153, -0.0144437691197], [-9.879731806e-05, -0.0031690497417, -0.00531485537067, 0.012189171277, -0.0179774649441, 0.0146529823542, -0.00350190349855, -0.00732730142772, 0.0214896369725, -0.0356013253331, 0.0554292798042, -0.0341883711517, 0.0132357133552], [-0.000102846053778, 0.00404592696577, 0.00327594019473, -0.011592679657, 0.0148081304505, -0.0135666392744, 0.000736476969905, 0.0101354811341, -0.0207559727132, 0.0244458597153, -0.0341883711517, 0.0455557070673, -0.0212863963097], [-6.9675065788e-06, -0.00242282729596, -0.00221188575961, 0.00894909910858, -0.00948521215469, 0.00792344752699, -0.000528811884578, -0.00894730817527, 0.0138826426119, -0.0144437691197, 0.0132357133552, -0.0212863963097, 0.0281951241195]], "mean": [14.1390838623, 92.8109283447, -74.8191452026, 10.2692480087, -17.3482170105, -8.16736698151, 6.00981092453, -16.8422393799, 2.01120281219, -5.0734333992, -7.61167001724, 1.63706934452, -7.5416893959], "cov": [[25221.5078125, 1065.50402832, -1596.32873535, 30.9145736694, -368.748901367, -350.689453125, 187.608016968, -352.501251221, 243.815338135, -83.0695037842, -123.543510437, 169.818069458, -147.495300293], [1065.50402832, 927.753112793, -96.7092285156, -231.643371582, 62.3801651001, 13.2484712601, -27.1195659637, 29.7886695862, -9.00156974792, 18.8704662323, 59.6425590515, -77.3083343506, 99.8648071289], [-1596.32873535, -96.7092285156, 447.094970703, 156.516342163, -6.04197216034, 124.188186646, -23.1427192688, 82.3835220337, -24.3269290924, 22.0433750153, 8.85636901855, 15.736746788, -3.53802371025], [30.9145736694, -231.643371582, 156.516342163, 371.05255127, 124.594589233, 17.9028244019, 51.8120613098, 8.753074646, -2.38689136505, -26.3413715363, -18.6124267578, 36.5537757874, -60.7417907715], [-368.748901367, 62.3801651001, -6.04197216034, 124.594589233, 270.801757812, 40.4703178406, 41.3099937439, 37.6794281006, 13.8237762451, -18.8698139191, 31.0258903503, -10.9478063583, 18.4062023163], [-350.689453125, 13.2484712601, 124.188186646, 17.9028244019, 40.4703178406, 234.259216309, 8.08820724487, 64.904876709, -37.6199760437, 27.2863063812, 6.81562519073, 16.0720443726, 15.0788240433], [187.608016968, -27.1195659637, -23.1427192688, 51.8120613098, 41.3099937439, 8.08820724487, 168.914550781, -5.81414556503, 38.2103691101, -10.858710289, 2.45336651802, 22.9030818939, -15.8345870972], [-352.501251221, 29.7886695862, 82.3835220337, 8.753074646, 37.6794281006, 64.904876709, -5.81414556503, 171.827926636, 44.403842926, 42.3361473083, 21.1192741394, -5.93262720108, 40.4429969788], [243.815338135, -9.00156974792, -24.3269290924, -2.38689136505, 13.8237762451, -37.6199760437, 38.2103691101, 44.403842926, 126.626480103, 44.5426597595, 11.8520765305, 17.1100158691, -4.00999975204], [-83.0695037842, 18.8704662323, 22.0433750153, -26.3413715363, -18.8698139191, 27.2863063812, -10.858710289, 42.3361473083, 44.5426597595, 87.1538925171, 38.458530426, 6.99422597885, 20.8480453491], [-123.543510437, 59.6425590515, 8.85636901855, -18.6124267578, 31.0258903503, 6.81562519073, 2.45336651802, 21.1192741394, 11.8520765305, 38.458530426, 64.7821884155, 22.4134731293, 27.3433818817], [169.818069458, -77.3083343506, 15.736746788, 36.5537757874, -10.9478063583, 16.0720443726, 22.9030818939, -5.93262720108, 17.1100158691, 6.99422597885, 22.4134731293, 74.0239334106, 13.9009943008], [-147.495300293, 99.8648071289, -3.53802371025, -60.7417907715, 18.4062023163, 15.0788240433, -15.8345870972, 40.4429969788, -4.00999975204, 20.8480453491, 27.3433818817, 13.9009943008, 87.8189315796]]}, "spectral_skewness": {"mean": 2.32519650459, "dvar": 0.117193520069, "min": -0.10823636502, "dmean": 0.299345821142, "dmean2": 0.4429500103, "dvar2": 0.265215724707, "max": 7.22961235046, "median": 2.33151197433, "var": 0.419420361519}, "spectral_energyband_low": {"mean": 0.0545896664262, "dvar": 0.0018135283608, "min": 1.11027202586e-23, "dmean": 0.0302489232272, "dmean2": 0.0498732216656, "dvar2": 0.00462265871465, "max": 0.458992362022, "median": 0.0412387661636, "var": 0.00274134776555}, "spectral_energyband_middle_low": {"mean": 0.0166764464229, "dvar": 0.000127339561004, "min": 1.69167093804e-22, "dmean": 0.00850302632898, "dmean2": 0.0136247705668, "dvar2": 0.00030495331157, "max": 0.136701062322, "median": 0.0127832153812, "var": 0.00021908605413}, "mfcc": {"icov": [[0.000188354926649, -0.000199343208806, 0.000163964752574, -0.000124370431877, 0.000125894977828, -0.000205398260732, 0.000383126811357, -0.000313473341521, 3.74374212697e-05, -9.72999769147e-05, 0.00014240515884, -0.000243956077611, 7.87886237958e-05], [-0.000199343208806, 0.00116592703853, -2.82083947241e-05, 0.000316690391628, -0.000193759289687, 0.000192976440303, -0.000791309867054, 0.000926273409277, -0.000338681129506, -0.000351606198819, -0.000220560963498, 0.00070739648072, -0.000577353697736], [0.000163964752574, -2.82083947241e-05, 0.00252021057531, 4.52445274277e-05, -2.86468324617e-08, -0.000473973428598, 6.42718878225e-05, -0.000548011914361, 0.00021818006644, -7.59389513405e-05, -0.000249545293627, -0.000413358968217, 6.06650719419e-05], [-0.000124370431877, 0.000316690391628, 4.52445274277e-05, 0.00353794894181, -0.000907648354769, -0.000518540386111, 0.00043006366468, -0.00163358228747, 0.000484482909087, 0.000704852631316, -0.000830266973935, -0.000846030889079, 0.0010945018148], [0.000125894977828, -0.000193759289687, -2.86468324617e-08, -0.000907648354769, 0.00539546459913, -0.000285266287392, -0.00134203990456, -5.55599399377e-05, -0.00189967791084, 0.00212406809442, -0.00240308092907, 0.000200007038075, -0.000764437019825], [-0.000205398260732, 0.000192976440303, -0.000473973428598, -0.000518540386111, -0.000285266287392, 0.00912593305111, -0.00407515373081, -0.00244100182317, 0.00467334873974, -0.0035773399286, 0.00267339707352, -0.00136570818722, 0.000922948471271], [0.000383126811357, -0.000791309867054, 6.42718878225e-05, 0.00043006366468, -0.00134203990456, -0.00407515373081, 0.0118712652475, -0.00354622770101, -0.00254439562559, 0.00436478015035, -0.00310444552451, 0.00425670528784, -0.00373096950352], [-0.000313473341521, 0.000926273409277, -0.000548011914361, -0.00163358228747, -5.55599399377e-05, -0.00244100182317, -0.00354622770101, 0.0144356740639, -0.00513754179701, -0.00173948006704, 0.00327759515494, -0.00353161781095, 0.00291136954911], [3.74374212697e-05, -0.000338681129506, 0.00021818006644, 0.000484482909087, -0.00189967791084, 0.00467334873974, -0.00254439562559, -0.00513754179701, 0.0184169542044, -0.00769439246505, -0.00055986107327, 0.000348411354935, -0.00336504261941], [-9.72999769147e-05, -0.000351606198819, -7.59389513405e-05, 0.000704852631316, 0.00212406809442, -0.0035773399286, 0.00436478015035, -0.00173948006704, -0.00769439246505, 0.0216337051243, -0.00869365409017, -0.00142768607475, 0.00125371746253], [0.00014240515884, -0.000220560963498, -0.000249545293627, -0.000830266973935, -0.00240308092907, 0.00267339707352, -0.00310444552451, 0.00327759515494, -0.00055986107327, -0.00869365409017, 0.0220200903714, -0.00633830251172, 0.000214640778722], [-0.000243956077611, 0.00070739648072, -0.000413358968217, -0.000846030889079, 0.000200007038075, -0.00136570818722, 0.00425670528784, -0.00353161781095, 0.000348411354935, -0.00142768607475, -0.00633830251172, 0.0229847431183, -0.00978459976614], [7.87886237958e-05, -0.000577353697736, 6.06650719419e-05, 0.0010945018148, -0.000764437019825, 0.000922948471271, -0.00373096950352, 0.00291136954911, -0.00336504261941, 0.00125371746253, 0.000214640778722, -0.00978459976614, 0.0235254261643]], "mean": [-643.515869141, 151.062423706, 0.78065598011, 36.1960220337, -4.17437314987, 26.0468235016, 0.16070716083, 12.0755681992, 2.31850624084, 8.82909488678, -0.363183408976, 2.83168125153, -2.09039711952], "cov": [[8342.24316406, 851.921447754, -435.750854492, 300.877929688, -277.532165527, 193.819229126, -272.695953369, 173.799468994, -26.1869564056, 144.478271484, -65.0543823242, 121.995750427, -61.3956336975], [851.921447754, 1229.69458008, -72.1512985229, -143.735794067, 43.7035255432, -43.892162323, 64.6634674072, -75.3623199463, 49.2327957153, 22.928237915, 31.7618083954, -31.4876117706, 49.3568458557], [-435.750854492, -72.1512985229, 438.014831543, 7.52399015427, 20.8645057678, 33.6310272217, 26.7313518524, 25.2494773865, 0.344350636005, 2.86044383049, 9.70027160645, 10.5723714828, 2.8878660202], [300.877929688, -143.735794067, 7.52399015427, 380.453735352, 52.3476409912, 62.5978164673, 0.135397106409, 78.3982162476, -5.10623121262, 2.46911168098, 7.29137468338, 30.3435497284, -20.998506546], [-277.532165527, 43.7035255432, 20.8645057678, 52.3476409912, 261.722167969, 5.38841342926, 76.8927383423, 19.733997345, 42.3710746765, -11.8013906479, 37.8467712402, 4.96096324921, 25.9659690857], [193.819229126, -43.892162323, 33.6310272217, 62.5978164673, 5.38841342926, 181.381439209, 49.4224967957, 58.4248695374, -25.1424655914, 7.74921607971, -17.2626876831, 8.05194091797, -11.561337471], [-272.695953369, 64.6634674072, 26.7313518524, 0.135397106409, 76.8927383423, 49.4224967957, 161.102233887, 35.6612472534, 26.5791339874, -17.1947975159, 11.822842598, -15.1495714188, 22.4304561615], [173.799468994, -75.3623199463, 25.2494773865, 78.3982162476, 19.733997345, 58.4248695374, 35.6612472534, 126.198272705, 29.5304946899, 18.7541999817, -3.07589244843, 21.0030002594, -5.76883745193], [-26.1869564056, 49.2327957153, 0.344350636005, -5.10623121262, 42.3710746765, -25.1424655914, 26.5791339874, 29.5304946899, 97.0630950928, 34.6227722168, 27.2336959839, 13.224395752, 21.7469844818], [144.478271484, 22.928237915, 2.86044383049, 2.46911168098, -11.8013906479, 7.74921607971, -17.1947975159, 18.7541999817, 34.6227722168, 80.6433334351, 31.0761966705, 22.2994194031, 3.86709666252], [-65.0543823242, 31.7618083954, 9.70027160645, 7.29137468338, 37.8467712402, -17.2626876831, 11.822842598, -3.07589244843, 27.2336959839, 31.0761966705, 74.5221176147, 23.7328643799, 16.2261505127], [121.995750427, -31.4876117706, 10.5723714828, 30.3435497284, 4.96096324921, 8.05194091797, -15.1495714188, 21.0030002594, 13.224395752, 22.2994194031, 23.7328643799, 70.6875839233, 22.109954834], [-61.3956336975, 49.3568458557, 2.8878660202, -20.998506546, 25.9659690857, -11.561337471, 22.4304561615, -5.76883745193, 21.7469844818, 3.86709666252, 16.2261505127, 22.109954834, 62.4145698547]]}, "silence_rate_20dB": {"mean": 1, "dvar": 0, "min": 1, "dmean": 0, "dmean2": 0, "dvar2": 0, "max": 1, "median": 1, "var": 0}, "dynamic_complexity": 2.03543686867, "silence_rate_60dB": {"mean": 0.0282643903047, "dvar": 0.0043973447755, "min": 0, "dmean": 0.00441696122289, "dmean2": 0.00883522350341, "dvar2": 0.0102293621749, "max": 1, "median": 0, "var": 0.0274659879506}, "dissonance": {"mean": 0.466658949852, "dvar": 0.00051421119133, "min": 0.191190615296, "dmean": 0.0208814144135, "dmean2": 0.0348042026162, "dvar2": 0.00131885078736, "max": 0.500000119209, "median": 0.476273268461, "var": 0.00099698244594}, "barkbands": {"mean": [0.0108990659937, 0.0369631312788, 0.00643555447459, 0.00401122728363, 0.00390608469024, 0.00350239966065, 0.00200922251679, 0.000938217446674, 0.00164668622892, 0.00172308925539, 0.000819846289232, 0.000573832017835, 0.000615635653958, 0.000435171357822, 0.000446890713647, 0.000328169408021, 0.000196485081688, 0.000195144224563, 0.0001783103653, 0.000149986954057, 0.000194486012333, 0.000149629981024, 7.2665126936e-05, 2.4126669814e-05, 3.65557116311e-06, 4.94455453008e-05, 0.00065875245491], "dvar": [0.000245665200055, 0.00131931435317, 0.000102838966995, 2.73570931313e-05, 2.67797458946e-05, 2.66890565399e-05, 8.28475276649e-06, 1.85976466582e-06, 4.35677429778e-06, 6.6957695708e-06, 2.18206378122e-06, 3.98704457893e-07, 4.31455674743e-07, 2.1851639076e-07, 2.04620050681e-07, 1.92665197574e-07, 5.58770594239e-08, 7.88754945802e-08, 7.85156615279e-08, 2.13000230787e-08, 6.99858517805e-08, 3.99746085122e-08, 8.94882568048e-09, 8.376150884e-10, 3.68426712749e-11, 3.26514926208e-09, 7.53973452561e-08], "min": [2.17655130049e-25, 1.8981720985e-24, 1.27474656637e-24, 1.17570468529e-24, 7.60107950745e-24, 1.07979059826e-23, 8.8974185773e-24, 6.64037629808e-24, 8.38437026582e-24, 1.52575638717e-23, 1.77012971839e-23, 3.06320211524e-23, 2.4202837907e-23, 2.80252176693e-23, 4.91161523442e-23, 5.15970283832e-23, 5.54876745906e-23, 7.27426058753e-23, 1.00306182143e-22, 1.68988205395e-22, 2.2332048906e-22, 2.61666803092e-22, 3.78046051423e-22, 4.93592414098e-22, 9.12055280684e-22, 1.20612596541e-21, 1.93465327398e-21], "dmean": [0.00854587368667, 0.0233931094408, 0.00596218882129, 0.00324235064909, 0.003101691138, 0.0026733179111, 0.00140002544504, 0.00069340976188, 0.00118701416068, 0.0012871325016, 0.000613962998614, 0.000372541922843, 0.000405605038395, 0.00027435173979, 0.00029746859218, 0.000248606491368, 0.000126793805975, 0.000134851608891, 0.000111052366265, 7.71866034484e-05, 0.000110682427476, 9.50673274929e-05, 4.81214228785e-05, 1.59752362379e-05, 3.73176112589e-06, 3.08054950438e-05, 0.000212345854379], "dmean2": [0.014591419138, 0.0392848812044, 0.0103802504018, 0.00544810993597, 0.00516097526997, 0.0043824580498, 0.00225586653687, 0.00114949059207, 0.00195105490275, 0.00210222182795, 0.000970357214101, 0.000605185283348, 0.000665006111376, 0.000451137573691, 0.000498806999531, 0.00043240271043, 0.000212639264646, 0.000229381868849, 0.000179384311195, 0.000119239201013, 0.000165409495821, 0.000137742390507, 6.84863334754e-05, 2.2685931981e-05, 6.25380516794e-06, 4.25375110353e-05, 0.000309626804665], "dvar2": [0.000652685936075, 0.00349141145125, 0.000284754671156, 6.94714399287e-05, 6.92396351951e-05, 6.54173418297e-05, 1.95340217033e-05, 4.68936923426e-06, 1.07169225885e-05, 1.69827908394e-05, 4.67817790195e-06, 1.01997045476e-06, 1.10315954771e-06, 5.35972048965e-07, 5.36773995918e-07, 5.31052762653e-07, 1.43632931326e-07, 1.99871564632e-07, 1.96373378003e-07, 4.88684079869e-08, 1.5189549174e-07, 8.92379361517e-08, 1.86908213351e-08, 1.74425396349e-09, 9.32952673449e-11, 6.30835828019e-09, 1.66649130051e-07], "max": [0.162912786007, 0.370464503765, 0.104029484093, 0.121110409498, 0.0636578574777, 0.0916781127453, 0.0575554929674, 0.0235095694661, 0.0274407193065, 0.0383429825306, 0.0393486693501, 0.0191271528602, 0.0116122178733, 0.0103322109208, 0.0112370904535, 0.0040035052225, 0.00525183556601, 0.00709299650043, 0.00686176819727, 0.00259688054211, 0.00545795634389, 0.00404445268214, 0.0020027582068, 0.000623359868769, 7.35702851671e-05, 0.000998268020339, 0.00621975772083], "median": [0.00510580465198, 0.0250822287053, 0.00339317438193, 0.00195924844593, 0.0020997163374, 0.00160201580729, 0.000782565388363, 0.000438313261839, 0.00069442280801, 0.000629094836768, 0.000338511599693, 0.00033471029019, 0.000341574661434, 0.000246911746217, 0.000262139947154, 0.000170855535544, 0.000110465145553, 0.000106389248685, 0.000101988924143, 8.99528822629e-05, 9.30268506636e-05, 6.2021863414e-05, 2.86414397124e-05, 1.13008281915e-05, 1.38208577027e-06, 2.07748216781e-05, 0.000487551791593], "var": [0.000262235116679, 0.00169851153623, 8.9830813522e-05, 3.66248714272e-05, 2.98512441077e-05, 3.32997333317e-05, 1.40053116411e-05, 2.52141785495e-06, 6.93828951626e-06, 9.26523171074e-06, 3.3653900573e-06, 6.12916323917e-07, 6.5143331085e-07, 3.88941231222e-07, 3.18702660707e-07, 1.91754935486e-07, 7.49629265329e-08, 8.90759892513e-08, 9.09206505639e-08, 3.97573103328e-08, 1.1689520818e-07, 6.01458722826e-08, 1.3625029105e-08, 1.29962673956e-09, 3.75702906286e-11, 5.52121681707e-09, 3.91352898532e-07]}, "spectral_complexity": {"mean": 20.5913448334, "dvar": 20.2044315338, "min": 0, "dmean": 4.50500583649, "dmean2": 6.80341625214, "dvar2": 42.20911026, "max": 53, "median": 20, "var": 97.1170196533}, "spectral_energyband_high": {"mean": 0.00104502285831, "dvar": 5.64916774692e-07, "min": 7.07031416889e-21, "dmean": 0.000448491598945, "dmean2": 0.000612864969298, "dvar2": 1.13927751499e-06, "max": 0.0148594621569, "median": 0.000650405650958, "var": 1.37182041726e-06}, "hfc": {"mean": 180.056259155, "dvar": 3108.49731445, "min": 1.06460599908e-16, "dmean": 49.3926620483, "dmean2": 75.5636901855, "dvar2": 7608.39501953, "max": 1677.85375977, "median": 170.76234436, "var": 14610.6894531}, "melbands_kurtosis": {"mean": 33.0334205627, "dvar": 1918.97766113, "min": -1.70531344414, "dmean": 20.3922119141, "dmean2": 33.5363273621, "dvar2": 4868.95556641, "max": 1838.71838379, "median": 17.6390037537, "var": 3479.98388672}, "spectral_strongpeak": {"mean": 3.02310919762, "dvar": 225.356765747, "min": 0, "dmean": 3.44335794449, "dmean2": 6.51670217514, "dvar2": 632.922973633, "max": 166.323989868, "median": 0.361154317856, "var": 196.912078857}, "silence_rate_30dB": {"mean": 0.678786993027, "dvar": 0.140452906489, "min": 0, "dmean": 0.169022381306, "dmean2": 0.33809453249, "dvar2": 0.273541599512, "max": 1, "median": 1, "var": 0.218017697334}, "melbands_spread": {"mean": 13.1375188828, "dvar": 60.8151359558, "min": 0.0713570937514, "dmean": 5.04808521271, "dmean2": 8.15470027924, "dvar2": 140.868942261, "max": 163.212280273, "median": 9.43649768829, "var": 311.803283691}, "melbands_crest": {"mean": 20.266462326, "dvar": 16.9578151703, "min": 1.61417520046, "dmean": 4.91551303864, "dmean2": 8.11761951447, "dvar2": 43.5568199158, "max": 38.9867095947, "median": 20.2745437622, "var": 55.3243598938}, "average_loudness": 0.943574488163, "spectral_flux": {"mean": 0.153614640236, "dvar": 0.00254971859977, "min": 6.2990078431e-11, "dmean": 0.0475440174341, "dmean2": 0.0742212459445, "dvar2": 0.00529336323962, "max": 0.545000195503, "median": 0.140622973442, "var": 0.00569391390309}, "spectral_rolloff": {"mean": 6118.84179688, "dvar": 46606988, "min": 43.06640625, "dmean": 3454.9597168, "dmean2": 6553.14990234, "dvar2": 112289632, "max": 22006.9335938, "median": 947.4609375, "var": 78679872}, "melbands": {"mean": [0.0131958434358, 0.00511345546693, 0.00202494277619, 0.000825850700494, 0.000844899332151, 0.000618901569396, 0.000423444027547, 0.000253184785834, 0.000216804211959, 0.000229777477216, 0.000282707915176, 0.000169113569427, 0.000109348278784, 6.72922178637e-05, 5.96557329118e-05, 5.93297772866e-05, 4.00833632739e-05, 4.15099129896e-05, 3.21812440234e-05, 2.41366142291e-05, 1.7757211026e-05, 1.15421680675e-05, 1.04068594737e-05, 9.2288637461e-06, 8.33146805235e-06, 6.48669720249e-06, 4.65028961116e-06, 4.72967622045e-06, 4.7824610192e-06, 4.61195895696e-06, 4.25524740422e-06, 3.41693748851e-06, 2.55130612459e-06, 1.68366352682e-06, 1.15476962037e-06, 6.36785557617e-07, 3.67433187876e-07, 2.44908335389e-07, 7.90417260532e-08, 3.33029426258e-08], "dvar": [0.000166136378539, 2.5424255e-05, 5.12131282449e-06, 1.18895513879e-06, 1.65133644714e-06, 7.61478361255e-07, 3.80459908911e-07, 1.58518759008e-07, 8.46657286502e-08, 9.26414145397e-08, 2.18681194042e-07, 5.06291009117e-08, 3.71430104451e-08, 6.85926027089e-09, 4.14652845393e-09, 4.70100225414e-09, 1.67606661883e-09, 2.16194440128e-09, 1.02095631949e-09, 8.87398432514e-10, 7.52342355081e-10, 2.04779498914e-10, 1.59545904266e-10, 2.27898033778e-10, 2.20573850851e-10, 9.84239079127e-11, 2.44001520378e-11, 2.64926709043e-11, 5.03032407395e-11, 5.62853826047e-11, 2.85452616405e-11, 2.5219101113e-11, 1.29822801814e-11, 5.1030061253e-12, 2.68660419432e-12, 7.33791066104e-13, 2.18772320138e-13, 8.63935659123e-14, 8.27393556636e-15, 3.12610934656e-15], "min": [6.96358976867e-25, 1.39355099085e-24, 1.12137494728e-24, 1.0134206143e-24, 1.54592972989e-24, 2.22507586041e-24, 1.85761025126e-24, 1.90836694241e-24, 1.27667227445e-24, 1.10616551181e-24, 3.33128939413e-24, 1.31213088189e-24, 2.56844650207e-24, 2.82681087309e-24, 3.15280586723e-24, 2.77431967402e-24, 2.18043619393e-24, 3.11836814441e-24, 3.65628943746e-24, 2.91371455142e-24, 4.09687298619e-24, 3.9206134554e-24, 4.1478700827e-24, 2.40397570865e-24, 4.34751105629e-24, 4.04315155854e-24, 4.25001179271e-24, 4.56663768309e-24, 4.57463160508e-24, 4.97727804402e-24, 5.11182813216e-24, 5.26814762585e-24, 5.14541112419e-24, 4.98851063445e-24, 5.52588465523e-24, 6.10257313696e-24, 5.85958741207e-24, 4.95017554433e-24, 6.17935927975e-24, 5.63982180793e-24], "dmean": [0.00815054960549, 0.00367352087051, 0.00150032737292, 0.00064432201907, 0.000692180765327, 0.000454718829133, 0.000297806662275, 0.000180832459591, 0.000155375702889, 0.000165782723343, 0.000214443571167, 0.000119624870422, 7.72435669205e-05, 4.42864657089e-05, 3.97085241275e-05, 4.05450446124e-05, 2.5277127861e-05, 2.6388286642e-05, 2.14966166823e-05, 1.79926319106e-05, 1.45109215737e-05, 7.56248618927e-06, 6.75491173752e-06, 6.80298217048e-06, 5.70691599933e-06, 4.20623700848e-06, 2.60730985246e-06, 2.67913605967e-06, 2.83693043457e-06, 2.83694475911e-06, 2.65289463641e-06, 2.25606413551e-06, 1.74226920535e-06, 1.13197211249e-06, 8.04011392574e-07, 4.3285956508e-07, 2.48547934234e-07, 1.67094313497e-07, 6.22290841079e-08, 3.42531549791e-08], "dmean2": [0.0136128338054, 0.00631044246256, 0.00250318576582, 0.00107772112824, 0.00115061842371, 0.000743564800359, 0.000483946845634, 0.000289124523988, 0.000255262275459, 0.000272540783044, 0.00035291648237, 0.000190677164937, 0.000121778342873, 7.20772150089e-05, 6.38480923953e-05, 6.74099719618e-05, 4.16489965573e-05, 4.32661436207e-05, 3.58472716471e-05, 3.10513496515e-05, 2.55389841186e-05, 1.27278426589e-05, 1.1274719327e-05, 1.16150813483e-05, 9.34908075578e-06, 6.90081878929e-06, 4.23557094109e-06, 4.17274895881e-06, 4.37757580585e-06, 4.35829497292e-06, 3.96464156438e-06, 3.36214543495e-06, 2.55858230958e-06, 1.65373285199e-06, 1.16377555059e-06, 6.15335011389e-07, 3.59425996521e-07, 2.4276653221e-07, 9.7877794758e-08, 5.74150682553e-08], "dvar2": [0.000434405170381, 6.80098528392e-05, 1.31200886244e-05, 3.09065876536e-06, 4.11328528571e-06, 1.88229341802e-06, 9.16195858736e-07, 3.68839266685e-07, 2.10374338394e-07, 2.24401631499e-07, 5.54640678274e-07, 1.21464381664e-07, 7.79145139518e-08, 1.79007884071e-08, 1.01559791688e-08, 1.22014940374e-08, 4.20863388584e-09, 5.48182077509e-09, 2.64890265278e-09, 2.41853559402e-09, 2.08653050393e-09, 5.32616839521e-10, 4.035571044e-10, 5.8518168089e-10, 5.46609368879e-10, 2.53122800498e-10, 5.89000723195e-11, 6.26582188912e-11, 1.08084499684e-10, 1.28169849734e-10, 6.52095530351e-11, 6.00148333807e-11, 2.90497365746e-11, 1.1242342994e-11, 5.68656796998e-12, 1.58895303599e-12, 4.73797270948e-13, 1.7754580358e-13, 1.89964993876e-14, 7.91051946847e-15], "max": [0.142354443669, 0.0604169890285, 0.0407369285822, 0.0152467340231, 0.0237870626152, 0.0170581620187, 0.0116060497239, 0.0105426236987, 0.00637336447835, 0.0051794545725, 0.00748817063868, 0.00412417855114, 0.00567889539525, 0.00261230813339, 0.00124034297187, 0.00144845526665, 0.000723419827409, 0.00149138725828, 0.000445161218522, 0.000307190988678, 0.000378664582968, 0.000337188888807, 0.000221303242142, 0.000450491148513, 0.000469384598546, 0.00022085258388, 0.000137002905831, 0.000101633318991, 0.000124996397062, 0.000160091251018, 0.000108854175778, 0.000105697559775, 7.23156117601e-05, 4.23417222919e-05, 3.402546281e-05, 1.89663460333e-05, 9.97630286292e-06, 4.99710722579e-06, 1.32920922624e-06, 6.86814985329e-07], "median": [0.00883025955409, 0.00358820520341, 0.0011731160339, 0.000458202412119, 0.000407982093748, 0.000291060976451, 0.000172199812368, 0.000100088494946, 0.000100558143458, 9.62577469181e-05, 9.69221073319e-05, 7.48899328755e-05, 4.74142980238e-05, 3.74690171157e-05, 3.46148481185e-05, 3.1852239772e-05, 2.30255427596e-05, 2.34770450334e-05, 1.85254284588e-05, 1.29872496473e-05, 8.91289982974e-06, 6.57589498587e-06, 5.59744285056e-06, 4.81814640807e-06, 4.46665353593e-06, 3.67326970263e-06, 2.92120853373e-06, 2.61094714915e-06, 2.50340940511e-06, 2.13221005652e-06, 1.7799352463e-06, 1.38777500069e-06, 9.86107806966e-07, 6.80651680796e-07, 4.36762633171e-07, 2.67367909146e-07, 1.67442891552e-07, 1.11660483526e-07, 4.05862508046e-08, 1.23219470183e-08], "var": [0.000224684234126, 2.88954688585e-05, 6.39336485619e-06, 1.33134597036e-06, 1.84299642569e-06, 9.89118234429e-07, 5.91044965859e-07, 2.62747505531e-07, 1.26227647002e-07, 1.46386142319e-07, 2.86884272782e-07, 7.84649571983e-08, 5.97268083879e-08, 1.05586543953e-08, 6.13515149794e-09, 6.76346489925e-09, 2.82225354198e-09, 3.96241484069e-09, 1.55017343406e-09, 9.97470883668e-10, 6.65340005312e-10, 2.56300952683e-10, 2.36210717652e-10, 2.36926672725e-10, 2.39374131628e-10, 1.14741799395e-10, 3.96671237524e-11, 4.57366679252e-11, 8.20866916107e-11, 8.09440500738e-11, 4.70608309266e-11, 3.43876593867e-11, 1.85719477991e-11, 7.36424116132e-12, 3.82670110877e-12, 1.06406756236e-12, 3.18324332822e-13, 1.352490304e-13, 1.12081830565e-14, 3.17595300035e-15]}, "spectral_energy": {"mean": 0.0839278623462, "dvar": 0.00197985349223, "min": 9.79754965111e-21, "dmean": 0.0348982810974, "dmean2": 0.0556626021862, "dvar2": 0.00483949203044, "max": 0.50108641386, "median": 0.072949141264, "var": 0.00346929044463}, "spectral_decrease": {"mean": -1.79099401976e-08, "dvar": 1.37945138812e-16, "min": -1.28889396933e-07, "dmean": 9.06176023108e-09, "dmean2": 1.45396397144e-08, "dvar2": 3.38362504434e-16, "max": 6.57001431037e-09, "median": -1.50034722424e-08, "var": 2.27746195451e-16}, "erbbands_spread": {"mean": 39.7593536377, "dvar": 103.697532654, "min": 3.12309479713, "dmean": 9.67098617554, "dmean2": 14.9528036118, "dvar2": 232.412750244, "max": 142.475830078, "median": 37.3662109375, "var": 321.438690186}, "spectral_contrast_coeffs": {"mean": [-0.697323083878, -0.762236714363, -0.794341444969, -0.819970071316, -0.82939261198, -0.710734724998], "dvar": [0.00221984437667, 0.00192142196465, 0.00127604731824, 0.000597228528932, 0.000429182429798, 0.0011324880179], "min": [-0.976202368736, -0.976209282875, -0.978353202343, -0.981229782104, -0.970226109028, -0.965971946716], "dmean": [0.0590276233852, 0.0543022565544, 0.0431488268077, 0.0292497705668, 0.0222772881389, 0.0374719463289], "dmean2": [0.0977856442332, 0.0896035432816, 0.0705808848143, 0.0478353090584, 0.0365475155413, 0.0573797598481], "dvar2": [0.00600656308234, 0.00504135433584, 0.00327122700401, 0.00154053058941, 0.00108267378528, 0.00254622241482], "max": [-0.3327665627, -0.462949216366, -0.517006278038, -0.588097393513, -0.663355469704, -0.405215620995], "median": [-0.70498251915, -0.767730474472, -0.801451802254, -0.822083592415, -0.827970921993, -0.700049579144], "var": [0.00728644290939, 0.00545279309154, 0.00404368387535, 0.00186961772852, 0.00135033461265, 0.00528549961746]}, "spectral_energyband_middle_high": {"mean": 0.00525697972625, "dvar": 1.07512778413e-05, "min": 1.21133623391e-21, "dmean": 0.00242427666672, "dmean2": 0.00377678941004, "dvar2": 2.50108405453e-05, "max": 0.0465977974236, "median": 0.00363018875942, "var": 2.65018170467e-05}, "erbbands_crest": {"mean": 7.53970527649, "dvar": 7.15749692917, "min": 2.3115375042, "dmean": 2.63669776917, "dmean2": 4.32387018204, "dvar2": 17.9468269348, "max": 29.1379489899, "median": 6.52784490585, "var": 15.4708623886}, "barkbands_crest": {"mean": 12.6829061508, "dvar": 8.33622837067, "min": 3.13629245758, "dmean": 3.43927574158, "dmean2": 5.70241451263, "dvar2": 21.747467041, "max": 25.5482616425, "median": 12.4999647141, "var": 21.6097564697}, "pitch_salience": {"mean": 0.484026014805, "dvar": 0.00717840110883, "min": 0.0504829846323, "dmean": 0.0992394983768, "dmean2": 0.162977799773, "dvar2": 0.0184876136482, "max": 0.943255543709, "median": 0.486578166485, "var": 0.0208905693144}, "melbands_skewness": {"mean": 4.09953927994, "dvar": 1.98079514503, "min": -1.37695527077, "dmean": 1.32080221176, "dmean2": 2.12116384506, "dvar2": 4.85384893417, "max": 32.1334266663, "median": 3.61773490906, "var": 6.33427047729}, "spectral_spread": {"mean": 5000017, "dvar": 655076884480, "min": 1020144.375, "dmean": 586110.4375, "dmean2": 892061.5625, "dvar2": 1412183490560.0, "max": 45423028, "median": 4469919.5, "var": 18580485701600.0}, "spectral_entropy": {"mean": 7.60479688644, "dvar": 0.0438540279865, "min": 5.00955963135, "dmean": 0.195046842098, "dmean2": 0.290797770023, "dvar2": 0.094949349761, "max": 9.8287153244, "median": 7.6476149559, "var": 0.205569833517}, "erbbands_flatness_db": {"mean": 0.119879752398, "dvar": 0.000428526516771, "min": 0.033355794847, "dmean": 0.020560381934, "dmean2": 0.03117393516, "dvar2": 0.000958346994594, "max": 0.335533112288, "median": 0.112296827137, "var": 0.00166014465503}, "spectral_kurtosis": {"mean": 12.025812149, "dvar": 16.4449176788, "min": -1.2705527544, "dmean": 2.91163611412, "dmean2": 4.51055622101, "dvar2": 42.0107078552, "max": 90.9578933716, "median": 11.3759727478, "var": 32.9611930847}, "erbbands_skewness": {"mean": 0.31521192193, "dvar": 0.185931101441, "min": -5.31941604614, "dmean": 0.416626781225, "dmean2": 0.641521334648, "dvar2": 0.414524614811, "max": 5.12813615799, "median": 0.308884948492, "var": 0.538352549076}, "erbbands_kurtosis": {"mean": 0.597807109356, "dvar": 3.72918534279, "min": -1.80683207512, "dmean": 1.11250472069, "dmean2": 1.75765800476, "dvar2": 8.04692745209, "max": 59.0909347534, "median": -0.0966594219208, "var": 7.05094909668}, "barkbands_spread": {"mean": 18.2857036591, "dvar": 66.1051254272, "min": 0.240421533585, "dmean": 6.84944581985, "dmean2": 10.6950492859, "dvar2": 150.466156006, "max": 116.012054443, "median": 15.8147554398, "var": 173.512924194}, "zerocrossingrate": {"mean": 0.198616102338, "dvar": 0.00120564887766, "min": 0.0009765625, "dmean": 0.0380358286202, "dmean2": 0.0483545847237, "dvar2": 0.00185280968435, "max": 0.7412109375, "median": 0.1787109375, "var": 0.011995636858}, "spectral_centroid": {"mean": 1117.8984375, "dvar": 115255.273438, "min": 136.162963867, "dmean": 266.706268311, "dmean2": 409.84954834, "dvar2": 224440.859375, "max": 11980.8535156, "median": 876.116455078, "var": 1661027.25}, "barkbands_skewness": {"mean": 3.17583274841, "dvar": 1.10087168217, "min": -2.2129778862, "dmean": 1.01186716557, "dmean2": 1.6178560257, "dvar2": 2.72069764137, "max": 13.2156362534, "median": 2.82123327255, "var": 3.47224116325}, "melbands_flatness_db": {"mean": 0.273680001497, "dvar": 0.00125627359375, "min": 0.00346809346229, "dmean": 0.0394503735006, "dmean2": 0.0609025731683, "dvar2": 0.00308287981898, "max": 0.667503595352, "median": 0.26643037796, "var": 0.00615544104949}, "spectral_contrast_valleys": {"mean": [-6.58317804337, -6.58059644699, -7.05164384842, -7.49708557129, -7.69522857666, -10.9312744141], "dvar": [0.129793122411, 0.144664436579, 0.127472326159, 0.141762375832, 0.143864482641, 0.216481477022], "min": [-28.3530006409, -28.0811214447, -27.841588974, -27.6067714691, -27.5637168884, -27.4228420258], "dmean": [0.413166314363, 0.419867396355, 0.380080729723, 0.360938578844, 0.31976634264, 0.512312352657], "dmean2": [0.669568479061, 0.670278131962, 0.57989615202, 0.547060489655, 0.471297383308, 0.777214705944], "dvar2": [0.303038269281, 0.313803613186, 0.254244863987, 0.285842746496, 0.298748373985, 0.528746366501], "max": [-4.42778253555, -4.58696699142, -4.96669864655, -5.5664768219, -5.72619581223, -8.9713602066], "median": [-6.12919998169, -6.17218828201, -6.63118362427, -7.08471155167, -7.27169942856, -10.6118612289], "var": [6.8242893219, 6.77586984634, 6.43571233749, 6.20402431488, 6.0666975975, 4.41036605835]}, "barkbands_flatness_db": {"mean": 0.160735398531, "dvar": 0.000892660522368, "min": 0.0359552502632, "dmean": 0.0327436588705, "dmean2": 0.0509760975838, "dvar2": 0.00220490642823, "max": 0.540630936623, "median": 0.151296719909, "var": 0.00371121498756}, "barkbands_kurtosis": {"mean": 17.743844986, "dvar": 280.52432251, "min": -1.85780131817, "dmean": 10.7242650986, "dmean2": 17.5143737793, "dvar2": 693.062866211, "max": 24