{"tonal": {"chords_number_rate": 0.00286705908366, "thpcp": [1, 0.857027947903, 0.37731590867, 0.189177855849, 0.239981591702, 0.367175608873, 0.38744276762, 0.294437378645, 0.377048075199, 0.679410755634, 0.734874665737, 0.397364795208, 0.158152773976, 0.158919796348, 0.427240550518, 0.910294055939, 0.907613873482, 0.424992412329, 0.151642352343, 0.152734696865, 0.378592133522, 0.58535528183, 0.446185737848, 0.266510844231, 0.236630991101, 0.217174172401, 0.188622564077, 0.191717460752, 0.228486374021, 0.362003624439, 0.607458651066, 0.617303311825, 0.36677467823, 0.244733706117, 0.32315659523, 0.620883524418], "hpcp": {"dvar": [0.0192626342177, 0.0324541553855, 0.0419634208083, 0.030297614634, 0.0185093171895, 0.0179219469428, 0.0171174388379, 0.0172275211662, 0.0194211285561, 0.0304159484804, 0.0387550182641, 0.0470593720675, 0.0525375828147, 0.041440166533, 0.0403020493686, 0.0459172278643, 0.0542519837618, 0.0631935298443, 0.0590599291027, 0.0384974703193, 0.0375360623002, 0.0425702482462, 0.0497189350426, 0.0454442128539, 0.0311484523118, 0.0349629558623, 0.0412636362016, 0.0511251688004, 0.0324075296521, 0.0222694352269, 0.0204663705081, 0.0344149544835, 0.0546942986548, 0.0494817011058, 0.0326252356172, 0.0190682932734], "mean": [0.0367624275386, 0.0911251083016, 0.140891894698, 0.107394531369, 0.0641477406025, 0.0569558180869, 0.0522726662457, 0.0454004444182, 0.0461453720927, 0.0549954511225, 0.0871323421597, 0.146212056279, 0.148581624031, 0.0882807075977, 0.0589061006904, 0.0777820721269, 0.149443358183, 0.240694671869, 0.206282064319, 0.0908179283142, 0.0455341003835, 0.0577622912824, 0.0883772149682, 0.0932554081082, 0.0708695054054, 0.0907534658909, 0.163530543447, 0.176880419254, 0.0956435874104, 0.0380665287375, 0.0382511466742, 0.102834522724, 0.219102934003, 0.218457818031, 0.102293409407, 0.0364995077252], "min": [0, 0, 0, 0, 0, 0, 0, 0, 0, 0, 0, 0, 0, 0, 0, 0, 0, 0, 0, 0, 0, 0, 0, 0, 0, 0, 0, 0, 0, 0, 0, 0, 0, 0, 0, 0], "median": [0.00427734386176, 0.0177176054567, 0.0369406864047, 0.0301461294293, 0.0101827867329, 0.00395220937207, 0.00348379602656, 0.00451499270275, 0.00701451068744, 0.00819200184196, 0.013109030202, 0.0187038015574, 0.0147780878469, 0.00804777350277, 0.00491447653621, 0.00684439018369, 0.0241031963378, 0.0507269278169, 0.0408247970045, 0.0101588889956, 0.00172196468338, 0.00254224077798, 0.00733394222334, 0.0116870794445, 0.0106004858389, 0.00937264785171, 0.0162368547171, 0.0149349234998, 0.00872894749045, 0.00498350523412, 0.0066507505253, 0.0138293495402, 0.0321679487824, 0.0267595481128, 0.00940703134984, 0.00303172157146], "dvar2": [0.054427202791, 0.0834140330553, 0.100088566542, 0.0772947669029, 0.0483442395926, 0.0465331114829, 0.0441243723035, 0.0475295260549, 0.0529678948224, 0.0860250517726, 0.105671256781, 0.124628096819, 0.136012032628, 0.114363528788, 0.112141378224, 0.129405722022, 0.143459290266, 0.160377725959, 0.152223348618, 0.110915377736, 0.107752412558, 0.116570293903, 0.129897594452, 0.122685924172, 0.0863857418299, 0.0941605865955, 0.101634144783, 0.123168006539, 0.0894084647298, 0.0629319697618, 0.0582935623825, 0.090483084321, 0.136241167784, 0.120501846075, 0.0869778767228, 0.0517425425351], "var": [0.0125974724069, 0.0338481813669, 0.0579520836473, 0.0371677018702, 0.0221099108458, 0.0264791157097, 0.0274064056575, 0.019175985828, 0.0169997699559, 0.0215688720345, 0.0364332087338, 0.0716826692224, 0.084121145308, 0.0403593890369, 0.0276646930724, 0.035254381597, 0.0693752020597, 0.113421842456, 0.103351771832, 0.0348600596189, 0.0229820497334, 0.0296943765134, 0.0422007367015, 0.0416674502194, 0.0283046867698, 0.0399592146277, 0.0790433213115, 0.106565967202, 0.0404602885246, 0.0140764378011, 0.0128357792273, 0.039492033422, 0.105777680874, 0.118126168847, 0.0413061641157, 0.0145695535466], "dmean2": [0.0950559899211, 0.160055816174, 0.202634438872, 0.168765649199, 0.107334427536, 0.0895685702562, 0.0839142352343, 0.0857225805521, 0.0979752764106, 0.131582245231, 0.170066162944, 0.211076542735, 0.203963473439, 0.177138894796, 0.161679282784, 0.18895560503, 0.239900827408, 0.288426607847, 0.255586236715, 0.182131499052, 0.141549229622, 0.161719843745, 0.201885551214, 0.194253623486, 0.150970488787, 0.160935029387, 0.188583150506, 0.191975876689, 0.152592435479, 0.100989162922, 0.101614251733, 0.171078726649, 0.24195548892, 0.210468828678, 0.157663956285, 0.0931533277035], "max": [1, 1, 1, 1, 1, 1, 1, 1, 1, 1, 1, 1, 1, 1, 1, 1, 1, 1, 1, 1, 1, 1, 1, 1, 1, 1, 1, 1, 1, 1, 1, 1, 1, 1, 1, 1], "dmean": [0.0516299903393, 0.0935709029436, 0.119517967105, 0.0992360264063, 0.0618085563183, 0.0508414283395, 0.0469676442444, 0.0475663803518, 0.0541247166693, 0.0716902986169, 0.0946583300829, 0.119743682444, 0.113788865507, 0.0980186164379, 0.0869835093617, 0.103143170476, 0.137203738093, 0.16602358222, 0.146231383085, 0.10038908571, 0.0744442120194, 0.0874049663544, 0.112512461841, 0.108185507357, 0.0833664983511, 0.0900816395879, 0.109837919474, 0.107662923634, 0.0856992900372, 0.0545513555408, 0.0547368638217, 0.0984191969037, 0.139951840043, 0.120706148446, 0.0900358557701, 0.0506529659033]}, "key_strength": 0.592359244823, "chords_strength": {"dvar": 0.000335041899234, "mean": 0.494643390179, "min": -1, "median": 0.500350534916, "dvar2": 0.000609646143857, "var": 0.0256324578077, "dmean2": 0.0095331883058, "max": 0.843265414238, "dmean": 0.00891335029155}, "tuning_equal_tempered_deviation": 0.184766799212, "chords_key": "G", "tuning_frequency": 450.805023193, "chords_scale": "major", "chords_changes_rate": 0.0669986382127, "key_scale": "major", "tuning_diatonic_strength": 0.611115694046, "hpcp_entropy": {"dvar": 0.283397972584, "mean": 1.80303394794, "min": 0, "median": 1.79757618904, "dvar2": 0.760627448559, "var": 0.548106074333, "dmean2": 1.07566702366, "max": 4.39352035522, "dmean": 0.637760579586}, "chords_histogram": [4.10442113876, 1.04119515419, 10.4270410538, 1.76550471783, 3.2593934536, 1.59951710701, 1.0110155344, 11.4682359695, 6.17172193527, 3.95352339745, 8.49554824829, 0.694130063057, 12.7357778549, 2.97268748283, 3.47065043449, 0.588501572609, 1.38826012611, 0.482873082161, 0.377244591713, 0.12071827054, 1.93149232864, 12.2076358795, 6.20190143585, 3.53100943565], "tuning_nontempered_energy_ratio": 0.863743305206, "key_key": "C#"}, "metadata": {"version": {"extractor": "music 1.0", "essentia_build_sha": "70f2e5ece6736b2c40cc944ad0e695b16b925413", "essentia": "2.1-beta2", "essentia_git_sha": "v2.1_beta2"}, "audio_properties": {"sample_rate": 44100, "length": 307.666656494, "lossless": true, "analysis_sample_rate": 44100, "downmix": "mix", "bit_rate": 0, "equal_loudness": 0, "md5_encoded": "da292edaf551ec9eba763a61fe26bfba", "codec": "flac", "replay_gain": -14.1555728912}, "tags": {"disctotal": ["1"], "genre": ["Inconnu"], "catalognumber": ["NV820811"], "releasecountry": ["FR"], "musicbrainz_recordingid": ["6fa4a7c2-980b-4ecc-a104-89c12ae4f039"], "title": ["Hero Knows"], "releasetype": ["album"], "discnumber": ["1"], "artistsort": ["We Have Band"], "originaldate": ["2010-04-03"], "musicbrainz_artistid": ["b83b1cc7-38ea-4a6c-bd87-9853f0034fab"], "tracknumber": ["12"], "musicbrainz_albumartistid": ["b83b1cc7-38ea-4a6c-bd87-9853f0034fab"], "totaltracks": ["12"], "barcode": ["3298498208115"], "tracktotal": ["12"], "date": ["2010-04-05"], "acoustid_id": ["ad019177-b8ff-4d99-aab3-b37f7cee9d2c"], "albumartistsort": ["We Have Band"], "musicbrainz_releasegroupid": ["0ee0c0e0-8d9d-469a-82ec-ceafa02b5b13"], "media": ["CD"], "label": ["naïve"], "albumartist": ["We Have Band"], "asin": ["B0036BRPKS"], "script": ["Latn"], "musicbrainz_albumid": ["bf36aa2d-54fc-4a9e-8b4c-380b9047ed97"], "file_name": "12 - Hero Knows.flac", "releasestatus": ["official"], "totaldiscs": ["1"], "album": ["WHB"], "artist": ["We Have Band"]}}, "lowlevel": {"melbands": {"dvar": [2.60078450083e-05, 3.16916994052e-05, 6.1574164647e-06, 1.66199447449e-06, 1.28112105813e-07, 7.31086018391e-08, 2.32846446124e-07, 1.33144467895e-07, 1.29483282763e-07, 7.49647313114e-08, 1.12052589429e-08, 7.88523024653e-09, 5.20056131492e-09, 3.16090220664e-09, 1.52429302513e-09, 6.04806704718e-10, 3.53470669401e-10, 1.68969768732e-10, 2.20377133209e-10, 1.4594030151e-10, 1.11901744815e-10, 6.42096723014e-11, 3.24305721167e-11, 3.14542870916e-11, 3.30935209791e-11, 7.66440869104e-11, 4.63175713061e-11, 8.45920694603e-11, 1.87820453634e-10, 1.42491504707e-10, 1.3301783286e-11, 8.96258067762e-12, 1.25929371098e-11, 1.50296979723e-11, 6.79019123914e-12, 2.45222262635e-11, 1.70063026161e-11, 1.32873408457e-11, 5.82993115589e-12, 4.10199998968e-12], "mean": [0.00406417902559, 0.00732942856848, 0.00262051844038, 0.0012589917751, 0.00038760775351, 0.000316884892527, 0.000528446631506, 0.000347256602254, 0.000271320313914, 0.000243021888309, 0.000109246451757, 8.42147055664e-05, 7.54334760131e-05, 5.12375117978e-05, 3.13878117595e-05, 1.89574384422e-05, 1.41779783007e-05, 1.08935710159e-05, 9.90326770989e-06, 7.08081506673e-06, 6.41876067675e-06, 4.5783826863e-06, 3.7589643398e-06, 2.63017500401e-06, 2.88536716653e-06, 4.81276538267e-06, 3.52045185537e-06, 3.51470998794e-06, 3.58996203431e-06, 3.59314367415e-06, 1.76724404355e-06, 1.57083809427e-06, 1.68777910403e-06, 1.71841088559e-06, 1.37925553645e-06, 1.67617406532e-06, 1.68127087363e-06, 1.53933933689e-06, 1.20513504953e-06, 1.06638617581e-06], "min": [6.44554974259e-25, 6.29604186561e-25, 1.14901466125e-24, 8.14724005822e-25, 1.52734091291e-24, 2.30671251169e-24, 1.18931135261e-24, 1.69150197982e-24, 1.33942339845e-24, 3.46645834365e-24, 1.75420596937e-24, 2.94364432859e-24, 1.78947830703e-24, 1.45009358231e-24, 2.56067385557e-24, 3.01332263741e-24, 2.82642157023e-24, 2.8758224067e-24, 3.04024626289e-24, 3.4388174464e-24, 4.48415083697e-24, 5.0322628324e-24, 4.09886446554e-24, 3.72548871049e-24, 3.63794723812e-24, 4.73100040257e-24, 5.45338794361e-24, 4.77891029193e-24, 3.58677264791e-24, 4.86661505851e-24, 5.39409439696e-24, 4.63544883657e-24, 5.2863876677e-24, 4.63501614636e-24, 4.77266606343e-24, 4.42513023619e-24, 4.91202307551e-24, 6.03929623717e-24, 4.70007153306e-24, 5.34210018027e-24], "median": [0.000543547794223, 0.0015891607618, 0.00117077259347, 0.000501042115502, 0.000211987877265, 0.000183385884156, 0.000280847714748, 0.000145037993207, 7.17319053365e-05, 7.61992851039e-05, 5.25116556673e-05, 4.53448337794e-05, 3.81481149816e-05, 2.479752402e-05, 1.46962465806e-05, 8.97986501514e-06, 6.58724547975e-06, 5.08931771037e-06, 3.28433884533e-06, 1.71798023985e-06, 1.2813666217e-06, 1.13273165425e-06, 7.6232987567e-07, 5.04274453306e-07, 5.96795189267e-07, 1.26398697375e-06, 7.83204200161e-07, 5.74809178033e-07, 6.57637144741e-07, 6.20081834768e-07, 3.25300902659e-07, 3.05624865859e-07, 3.72886944433e-07, 2.94432169312e-07, 1.97768173393e-07, 1.67932370232e-07, 2.67602160875e-07, 2.55796635429e-07, 2.5615878485e-07, 2.50197501828e-07], "dvar2": [5.80806154176e-05, 7.36462679924e-05, 1.36679163916e-05, 3.66699555343e-06, 3.02086419879e-07, 1.97453744022e-07, 5.52565495582e-07, 3.30534675186e-07, 3.00327172909e-07, 1.58038162112e-07, 2.79175562667e-08, 2.0770253073e-08, 1.32907089778e-08, 7.76807684844e-09, 3.90942700434e-09, 1.5875989412e-09, 9.40387767656e-10, 4.36526259584e-10, 5.81165560121e-10, 3.95147053966e-10, 3.06993236387e-10, 1.82508869129e-10, 8.78756720168e-11, 8.91000814796e-11, 9.13715839101e-11, 1.97458521756e-10, 1.28316177128e-10, 2.30869032225e-10, 5.41167388679e-10, 3.81683323836e-10, 3.56289234227e-11, 2.29485198205e-11, 3.260432202e-11, 3.8473037256e-11, 1.53360674854e-11, 6.4083925666e-11, 4.18373946598e-11, 2.91454360646e-11, 1.08415932482e-11, 8.26987263391e-12], "var": [4.20462929469e-05, 9.23203333514e-05, 1.51901977006e-05, 5.04981244376e-06, 2.32081077911e-07, 1.5375997009e-07, 5.21244317042e-07, 2.87924081022e-07, 2.99583604146e-07, 2.15048103769e-07, 2.67473403426e-08, 1.40320057795e-08, 1.11276792225e-08, 5.44032241478e-09, 2.1523682836e-09, 7.80383702104e-10, 4.19357104597e-10, 2.35647362734e-10, 3.23601784258e-10, 1.74331299396e-10, 1.60453636489e-10, 7.29266091959e-11, 4.9675642072e-11, 3.15927006778e-11, 3.97835930865e-11, 8.99027588486e-11, 5.44306232031e-11, 7.94289564676e-11, 1.37468258998e-10, 1.29830271534e-10, 1.94358192734e-11, 1.42084417148e-11, 1.66587334205e-11, 1.86844272693e-11, 1.44466539426e-11, 2.94147865787e-11, 2.57674593468e-11, 2.97470555133e-11, 1.86141969893e-11, 1.07193793772e-11], "dmean2": [0.00352100492455, 0.00469334796071, 0.00206919084303, 0.00103726563975, 0.000355166441295, 0.00026862102095, 0.000443828175776, 0.000323027023114, 0.000250634271652, 0.000191020895727, 9.6077346825e-05, 8.50696087582e-05, 6.86338244122e-05, 5.05344760313e-05, 3.45168227796e-05, 2.19180110435e-05, 1.65214551089e-05, 1.21914608826e-05, 1.12815614557e-05, 8.78656828718e-06, 7.42141128285e-06, 5.22511845702e-06, 3.93203390558e-06, 3.20885851579e-06, 3.3475591863e-06, 5.97280723014e-06, 4.44521083409e-06, 5.24936285728e-06, 5.9594490267e-06, 5.3179128372e-06, 1.9184312805e-06, 1.62023388839e-06, 1.7183123191e-06, 2.08257733902e-06, 1.42471799336e-06, 2.27831083066e-06, 2.20267997975e-06, 1.68420046975e-06, 1.09365817025e-06, 1.03865272649e-06], "max": [0.0513578020036, 0.0469903945923, 0.0306739527732, 0.0203011464328, 0.00513445073739, 0.00543216010556, 0.00916202925146, 0.00693058455363, 0.0075288224034, 0.00939556863159, 0.00463776476681, 0.00243922672234, 0.00130708550569, 0.00114255526569, 0.000668263353873, 0.00043427394121, 0.000274644495221, 0.000242826557951, 0.000242206471739, 0.000149267667439, 0.000180035814992, 0.000111804794869, 0.000128287778352, 0.000117970746942, 0.000123187652207, 0.000127662162413, 9.61706828093e-05, 0.000232193022384, 0.00021406194719, 0.000213681298192, 6.76832642057e-05, 7.77847380959e-05, 9.00197410374e-05, 7.47148587834e-05, 6.96663046256e-05, 0.00010026977543, 7.98955297796e-05, 0.000121843127999, 0.000108435742732, 7.88588222349e-05], "dmean": [0.00230863364413, 0.00309191946872, 0.00135123194195, 0.000666078936774, 0.000229292912991, 0.000168971775565, 0.000292033975711, 0.000206880213227, 0.000163562581292, 0.00012835272355, 5.96626923652e-05, 5.1846189308e-05, 4.2855135689e-05, 3.21807092405e-05, 2.11900296563e-05, 1.33005569296e-05, 9.96745620796e-06, 7.44163799027e-06, 6.83762164044e-06, 5.13988015882e-06, 4.33308241554e-06, 3.04252193928e-06, 2.34768504015e-06, 1.86319141449e-06, 1.9776496174e-06, 3.65838764083e-06, 2.60339766101e-06, 3.06270453621e-06, 3.35794629791e-06, 3.12729002871e-06, 1.17573085845e-06, 1.00727493191e-06, 1.07428195406e-06, 1.31197930386e-06, 9.23519507978e-07, 1.39330518323e-06, 1.35119660172e-06, 1.0986975667e-06, 7.42746237847e-07, 6.80252583152e-07]}, "spectral_decrease": {"dvar": 3.94330729202e-17, "mean": -1.2754187928e-08, "min": -5.34274420261e-08, "median": -1.03783968086e-08, "dvar2": 8.09113333614e-17, "var": 1.04281845879e-16, "dmean2": 6.39059294372e-09, "max": 2.72910704452e-11, "dmean": 4.41909309146e-09}, "spectral_rolloff": {"dvar": 1723251, "mean": 988.517822266, "min": 21.533203125, "median": 473.73046875, "dvar2": 3797853.25, "var": 5609417.5, "dmean2": 730.476623535, "max": 19767.4804688, "dmean": 435.21383667}, "melbands_crest": {"dvar": 12.1101016998, "mean": 18.4097881317, "min": 1.45417022705, "median": 18.2965717316, "dvar2": 26.6892471313, "var": 43.9090118408, "dmean2": 5.21363925934, "max": 37.1441650391, "dmean": 3.35589933395}, "barkbands_skewness": {"dvar": 1.26404643059, "mean": 2.97104620934, "min": -3.67754435539, "median": 2.66033506393, "dvar2": 2.68593549728, "var": 4.12457466125, "dmean2": 1.40669238567, "max": 18.3999900818, "dmean": 0.962847352028}, "spectral_centroid": {"dvar": 126622.1875, "mean": 801.12097168, "min": 98.5411911011, "median": 579.887329102, "dvar2": 268071.0625, "var": 1098339.625, "dmean2": 319.189575195, "max": 11764.4951172, "dmean": 207.85508728}, "spectral_energyband_middle_low": {"dvar": 0.000116988485388, "mean": 0.0173282865435, "min": 1.61411152224e-22, "median": 0.0116811525077, "dvar2": 0.000260772620095, "var": 0.000322163483361, "dmean2": 0.0104428548366, "max": 0.131627619267, "dmean": 0.00699753966182}, "erbbands_crest": {"dvar": 7.27673149109, "mean": 10.1389846802, "min": 2.1943397522, "median": 8.86392211914, "dvar2": 16.3459529877, "var": 25.7972831726, "dmean2": 4.25973129272, "max": 31.4344806671, "dmean": 2.74349045753}, "dynamic_complexity": 2.94860887527, "spectral_energyband_low": {"dvar": 0.000524445262272, "mean": 0.0318062193692, "min": 1.4517337819e-23, "median": 0.0107044316828, "dvar2": 0.00108646973968, "var": 0.00131150439847, "dmean2": 0.019734704867, "max": 0.19587340951, "dmean": 0.0134208220989}, "silence_rate_60dB": {"dvar": 0.0268577653915, "mean": 0.0690461844206, "min": 0, "median": 0, "dvar2": 0.0624571889639, "var": 0.0642735511065, "dmean2": 0.0552452839911, "max": 1, "dmean": 0.0276205576956}, "erbbands_kurtosis": {"dvar": 8.2271900177, "mean": 2.27369475365, "min": -1.89230811596, "median": 0.943438768387, "dvar2": 17.3896808624, "var": 19.9308338165, "dmean2": 2.75279545784, "max": 49.7310295105, "dmean": 1.82754337788}, "spectral_complexity": {"dvar": 18.605922699, "mean": 13.7448682785, "min": 0, "median": 13, "dvar2": 43.0271148682, "var": 65.8593063354, "dmean2": 4.95169830322, "max": 57, "dmean": 3.17908072472}, "barkbands_crest": {"dvar": 10.3155736923, "mean": 13.597079277, "min": 2.80968904495, "median": 13.0814180374, "dvar2": 23.925825119, "var": 28.696521759, "dmean2": 4.73322105408, "max": 26.4119567871, "dmean": 2.99543881416}, "spectral_energy": {"dvar": 0.000576249556616, "mean": 0.0497118644416, "min": 1.01055476057e-20, "median": 0.0412299260497, "dvar2": 0.00118409725837, "var": 0.00153131829575, "dmean2": 0.0245729181916, "max": 0.203328981996, "dmean": 0.0170123223215}, "spectral_spread": {"dvar": 1695216566270.0, "mean": 5644555, "min": 625456.375, "median": 5290719.5, "dvar2": 3508004192260.0, "var": 14096021848100.0, "dmean2": 1392242.5, "max": 42477328, "dmean": 971641.75}, "spectral_contrast_valleys": {"dvar": [0.264467388391, 0.214194864035, 0.223062813282, 0.26170656085, 0.210330665112, 0.240503132343], "mean": [-7.5419459343, -7.00069522858, -7.66729211807, -8.60187625885, -8.64819908142, -10.5604200363], "min": [-28.3146915436, -27.9264259338, -27.6826457977, -27.6478424072, -27.4982700348, -27.4117660522], "median": [-7.19723129272, -6.61164999008, -7.34277868271, -8.35240364075, -8.44425201416, -10.3323812485], "dvar2": [0.566193163395, 0.47747156024, 0.483359485865, 0.571913421154, 0.448059797287, 0.49781998992], "var": [4.54698753357, 4.56624078751, 4.22656059265, 4.10781002045, 4.33390665054, 4.03694915771], "dmean2": [0.802847445011, 0.71441411972, 0.666154384613, 0.670185863972, 0.524593055248, 0.519984424114], "max": [-5.04095029831, -4.44188833237, -5.32020139694, -5.78305339813, -5.51779603958, -7.21438503265], "dmean": [0.509506881237, 0.450816571712, 0.425732046366, 0.433662295341, 0.358599841595, 0.387280732393]}, "spectral_rms": {"dvar": 2.37189055952e-06, "mean": 0.0062560942024, "min": 3.13991562785e-12, "median": 0.00634226389229, "dvar2": 4.31305261372e-06, "var": 9.3606986411e-06, "dmean2": 0.00167538248934, "max": 0.0140843791887, "dmean": 0.00120724772569}, "barkbands_spread": {"dvar": 95.1571121216, "mean": 13.3471574783, "min": 0.143783569336, "median": 9.00435829163, "dvar2": 213.581573486, "var": 215.725021362, "dmean2": 9.31554222107, "max": 113.767356873, "dmean": 5.96054649353}, "pitch_salience": {"dvar": 0.0085918251425, "mean": 0.45219758153, "min": 0.0250810515136, "median": 0.462589383125, "dvar2": 0.0182824209332, "var": 0.03138544783, "dmean2": 0.140692487359, "max": 0.927013933659, "dmean": 0.0918788984418}, "erbbands_skewness": {"dvar": 0.246018886566, "mean": 0.91179484129, "min": -3.40336918831, "median": 0.836604773998, "dvar2": 0.518626391888, "var": 0.890746831894, "dmean2": 0.68578517437, "max": 6.39235973358, "dmean": 0.460819840431}, "spectral_energyband_middle_high": {"dvar": 3.05604407913e-06, "mean": 0.00232815044001, "min": 1.11717345438e-21, "median": 0.00165094574913, "dvar2": 7.95522555563e-06, "var": 5.55230963073e-06, "dmean2": 0.00174401677214, "max": 0.0219078324735, "dmean": 0.00109136279207}, "erbbands": {"dvar": [0.249213978648, 24.603471756, 127.966751099, 165.056335449, 583.049438477, 180.055618286, 105.336868286, 152.606033325, 987.368774414, 1446.93066406, 1539.70483398, 1966.9934082, 453.119995117, 493.483459473, 357.366210938, 292.642547607, 131.855865479, 100.6014328, 55.2221565247, 91.3720550537, 82.4270248413, 50.7847709656, 28.1926498413, 49.0885696411, 108.350112915, 176.472686768, 379.076904297, 81.6111907959, 36.2187995911, 26.9620132446, 25.5113945007, 59.568271637, 20.1620845795, 5.25910997391, 4.23274946213, 0.909488320351, 0.0608252435923, 0.00409202091396, 0.000111091314466, 3.48756543644e-07], "mean": [0.287940055132, 5.13605833054, 13.7596225739, 13.1723632812, 20.365480423, 13.0538806915, 10.8992166519, 13.5252580643, 32.5866012573, 35.2932701111, 31.1133747101, 38.0501098633, 22.9276485443, 21.6720733643, 20.4028701782, 15.7137432098, 9.75931739807, 7.96514844894, 6.4283747673, 6.66304826736, 5.52759122849, 4.48813581467, 3.41970610619, 3.83268713951, 5.84779644012, 5.44069862366, 5.89652585983, 3.85347485542, 2.94989967346, 2.9887573719, 2.5491361618, 2.8510260582, 2.07657599449, 1.31281411648, 0.786335468292, 0.4187502563, 0.125174865127, 0.0315075628459, 0.00415338901803, 0.000288839131827], "min": [4.38154582895e-23, 3.72845930823e-22, 1.07589045732e-21, 4.98322964298e-21, 1.36821812547e-20, 1.52875514156e-20, 5.31832737537e-20, 8.91211629795e-20, 8.73457813534e-20, 1.63070618603e-19, 2.17592677716e-19, 5.68535762367e-19, 3.97746824866e-19, 6.50876887757e-19, 8.35494759986e-19, 1.0255188779e-18, 1.97093648042e-18, 1.8114823213e-18, 2.03985282636e-18, 2.89417240763e-18, 4.31610766793e-18, 5.13426870309e-18, 5.66698211656e-18, 6.09406001631e-18, 7.95637816973e-18, 8.22000393967e-18, 7.42917129759e-18, 1.02184400396e-17, 9.42292141931e-18, 8.15471870982e-18, 9.82424960018e-18, 9.81725330656e-18, 9.37134257221e-18, 7.08685831752e-18, 6.69642782762e-18, 4.39059155978e-18, 2.20589692662e-18, 9.1632193806e-19, 2.56919661621e-19, 2.75104471293e-20], "median": [0.0382218025625, 0.755580306053, 3.50690984726, 5.65789318085, 6.19098234177, 6.3727684021, 5.54180765152, 7.52024841309, 16.5328655243, 15.478509903, 10.3034715652, 11.9231681824, 11.1851043701, 11.881231308, 11.154042244, 8.24115085602, 5.17253112793, 3.98362374306, 3.19884729385, 2.16409516335, 1.24380373955, 1.12462329865, 0.729156017303, 0.950762033463, 1.54161262512, 1.01854026318, 1.14346218109, 0.751350998878, 0.637236833572, 0.662663817406, 0.358894735575, 0.405054599047, 0.399289786816, 0.306547880173, 0.171115100384, 0.0667215585709, 0.0165848340839, 0.00464471522719, 0.000441937707365, 9.73846108536e-05], "dvar2": [0.602386832237, 54.2800598145, 303.73135376, 358.530426025, 1283.39685059, 430.183166504, 246.754577637, 421.578918457, 2302.89404297, 3663.51757812, 3622.49365234, 4226.37060547, 1120.05432129, 1304.14050293, 888.830444336, 734.511535645, 349.196746826, 267.373199463, 143.867156982, 233.73286438, 227.487930298, 143.158294678, 77.3550033569, 135.397445679, 288.546142578, 484.449401855, 1064.63110352, 216.964584351, 94.2806777954, 65.4811019897, 58.9828910828, 152.762420654, 41.8810462952, 9.57197856903, 8.77439498901, 2.27486205101, 0.148423284292, 0.00959076080471, 0.000238539607381, 7.30594706511e-07], "var": [0.303534597158, 50.8420181274, 444.25213623, 468.151245117, 1639.62792969, 457.918457031, 188.103927612, 306.34664917, 2222.82373047, 2941.51123047, 3469.00170898, 5284.52539062, 1132.92260742, 902.096313477, 742.022033691, 466.218292236, 169.755508423, 121.20539093, 77.6925048828, 143.968399048, 107.732688904, 64.4124298096, 40.7480659485, 59.499382019, 126.643829346, 168.144729614, 313.357299805, 99.7378387451, 50.1471176147, 46.232585907, 51.208480835, 76.4836120605, 52.4454841614, 16.4994373322, 8.24685192108, 1.29470193386, 0.103733599186, 0.00759894354269, 0.000222031085286, 7.42075087601e-07], "dmean2": [0.312785297632, 3.77460765839, 9.27065372467, 10.4663076401, 17.30900383, 11.7441263199, 10.0081233978, 11.8076324463, 27.1729927063, 32.9161720276, 27.8475875854, 30.2977256775, 19.1659164429, 21.2827644348, 17.9768047333, 15.436214447, 10.412027359, 8.75878143311, 6.75056266785, 7.10696172714, 6.31424283981, 4.77603816986, 3.50140976906, 4.22005558014, 7.03907728195, 7.67108249664, 8.97751426697, 4.50142288208, 2.95233774185, 3.17387390137, 2.67779421806, 3.83477067947, 2.08425951004, 1.17539143562, 0.870455503464, 0.620545327663, 0.167366087437, 0.044540900737, 0.00517740100622, 0.000276621314697], "max": [4.93662977219, 43.3733711243, 106.096092224, 162.344726562, 362.899108887, 289.696777344, 118.828559875, 250.109619141, 686.017944336, 759.651428223, 885.256408691, 1546.56970215, 957.941833496, 524.1640625, 304.081115723, 312.853393555, 169.365585327, 140.853149414, 120.912452698, 146.128921509, 136.303146362, 104.853248596, 89.788520813, 147.601135254, 159.82258606, 285.9871521, 291.431427002, 138.662750244, 151.076156616, 112.004364014, 129.077835083, 139.763397217, 170.588485718, 87.5425796509, 80.7649078369, 18.4864120483, 5.22003364563, 1.90868210793, 0.319395184517, 0.0182917527854], "dmean": [0.197624087334, 2.51805615425, 5.81236505508, 6.80825662613, 11.3017082214, 7.30180978775, 6.55096197128, 7.36563587189, 17.8880939484, 21.0327281952, 18.0854148865, 20.3475666046, 11.9648914337, 12.9806480408, 11.34283638, 9.67680835724, 6.3108997345, 5.33185243607, 4.1292219162, 4.32287931442, 3.68279004097, 2.7999329567, 2.08162021637, 2.51925802231, 4.25367498398, 4.4811258316, 5.17002439499, 2.75173830986, 1.84931468964, 2.03410816193, 1.73281884193, 2.34830880165, 1.38688468933, 0.798025369644, 0.562944293022, 0.373442798853, 0.104546271265, 0.0272230859846, 0.00328130484559, 0.000181233961484]}, "dissonance": {"dvar": 0.00075313844718, "mean": 0.439913660288, "min": 0.1739064008, "median": 0.451470732689, "dvar2": 0.00198142975569, "var": 0.00210072239861, "dmean2": 0.0439966320992, "max": 0.500000178814, "dmean": 0.0265767965466}, "erbbands_flatness_db": {"dvar": 0.000578340375796, "mean": 0.15479272604, "min": 0.0258554145694, "median": 0.147290617228, "dvar2": 0.00120356190018, "var": 0.00348808104172, "dmean2": 0.0318618491292, "max": 0.444629460573, "dmean": 0.0226170606911}, "melbands_kurtosis": {"dvar": 1070.65124512, "mean": 33.983253479, "min": -1.88788354397, "median": 19.1536598206, "dvar2": 2281.31347656, "var": 2391.73803711, "dmean2": 27.2322692871, "max": 667.512512207, "dmean": 18.2521457672}, "melbands_spread": {"dvar": 156.012466431, "mean": 12.2468910217, "min": 0.299712955952, "median": 7.7179608345, "dvar2": 325.306335449, "var": 429.195922852, "dmean2": 8.07223320007, "max": 265.941650391, "dmean": 5.19904708862}, "melbands_skewness": {"dvar": 1.61101436615, "mean": 3.88537144661, "min": -1.73053658009, "median": 3.46763420105, "dvar2": 3.38639116287, "var": 5.7929391861, "dmean2": 1.67163693905, "max": 20.3817329407, "dmean": 1.14721047878}, "spectral_entropy": {"dvar": 0.0907477736473, "mean": 7.11353731155, "min": 3.64247179031, "median": 7.13882017136, "dvar2": 0.190966278315, "var": 0.577699899673, "dmean2": 0.384245187044, "max": 9.8225107193, "dmean": 0.268067270517}, "zerocrossingrate": {"dvar": 0.000360586796887, "mean": 0.0445271804929, "min": 0.0029296875, "median": 0.029296875, "dvar2": 0.000380111654522, "var": 0.00370007008314, "dmean2": 0.014622493647, "max": 0.5205078125, "dmean": 0.0127327134833}, "average_loudness": 0.965202629566, "spectral_contrast_coeffs": {"dvar": [0.00235606869683, 0.00208012876101, 0.00127701263409, 0.00087028281996, 0.000419434363721, 0.000342472601915], "mean": [-0.579905509949, -0.703314244747, -0.754693984985, -0.77945369482, -0.806346833706, -0.795333743095], "min": [-0.983026385307, -0.978324592113, -0.987165093422, -0.982866346836, -0.966514885426, -0.963731408119], "median": [-0.589087963104, -0.707486391068, -0.762936711311, -0.783165097237, -0.812139630318, -0.792973995209], "dvar2": [0.00530106434599, 0.00510166445747, 0.0031177343335, 0.00194877455942, 0.000931057322305, 0.000812382611912], "var": [0.0124306594953, 0.00741589581594, 0.00533075723797, 0.0035340434406, 0.00216695806012, 0.00141309318133], "dmean2": [0.0857551842928, 0.0850602909923, 0.0644742771983, 0.0515463463962, 0.0347394794226, 0.0289020836353], "max": [-0.242811888456, -0.350562959909, -0.44239205122, -0.551606893539, -0.582974076271, -0.649939119816], "dmean": [0.0551064908504, 0.0535545609891, 0.0404803007841, 0.0325950682163, 0.0218997243792, 0.01851827465]}, "barkbands_flatness_db": {"dvar": 0.00124986597802, "mean": 0.191417172551, "min": 0.0154802305624, "median": 0.177908360958, "dvar2": 0.00271271867678, "var": 0.00716759776697, "dmean2": 0.0489296428859, "max": 0.549702942371, "dmean": 0.0341631360352}, "silence_rate_30dB": {"dvar": 0.0790155082941, "mean": 0.923709630966, "min": 0, "median": 1, "dvar2": 0.183674588799, "var": 0.0704601183534, "dmean2": 0.172981128097, "max": 1, "dmean": 0.0864840373397}, "spectral_energyband_high": {"dvar": 1.22320261653e-06, "mean": 0.000712798093446, "min": 7.04343806913e-21, "median": 0.0001665330783, "dvar2": 2.84515931526e-06, "var": 2.77355252365e-06, "dmean2": 0.00074802536983, "max": 0.0250471681356, "dmean": 0.000482277770061}, "melbands_flatness_db": {"dvar": 0.0017500820104, "mean": 0.290510565042, "min": 0.00267280708067, "median": 0.280913114548, "dvar2": 0.00359701737761, "var": 0.0106178922579, "dmean2": 0.0554336458445, "max": 0.692094922066, "dmean": 0.0395626574755}, "barkbands": {"dvar": [9.90119843891e-08, 0.000393771275412, 8.54574755067e-05, 4.04747806897e-05, 2.56822040683e-05, 1.78583513843e-06, 6.95257585903e-06, 2.21535174205e-06, 3.99452301281e-06, 2.9459241091e-07, 4.25878482702e-07, 1.92190412918e-07, 6.91549573162e-08, 3.4713721675e-08, 2.981882119e-08, 2.82236722882e-08, 1.67298139786e-08, 1.19320304748e-08, 3.00758138394e-08, 6.98454840631e-08, 1.57643512466e-07, 2.12194724014e-08, 2.55341792155e-08, 1.02515677725e-07, 5.78955905439e-08, 2.65951705103e-08, 4.42955183644e-09], "mean": [0.000161297110026, 0.0189445242286, 0.0103047108278, 0.00498078484088, 0.0048960247077, 0.00156615499873, 0.0028216431383, 0.00103544595186, 0.00186906335875, 0.000468606885988, 0.000643599836621, 0.000416894792579, 0.000220579080633, 0.000155879562953, 0.000120594806504, 9.82840938377e-05, 7.9048317275e-05, 5.71486998524e-05, 0.000103948063042, 0.000111244036816, 0.000129568230477, 8.18559492473e-05, 9.01494277059e-05, 0.000135074340506, 0.000113987996883, 7.76137458161e-05, 2.77300114249e-05], "min": [5.58182692354e-25, 4.07313340054e-25, 1.21242566739e-24, 1.59352062361e-24, 2.85667497759e-24, 9.66578408735e-24, 8.05121537288e-24, 9.18938388693e-24, 2.19569808865e-23, 1.77782931637e-23, 8.62114134449e-24, 1.356743096e-23, 3.35919850409e-23, 2.74990158911e-23, 3.55143980462e-23, 5.60381480411e-23, 7.4051780501e-23, 1.07624343786e-22, 1.21991242675e-22, 1.71094198954e-22, 2.22783785965e-22, 2.4164730561e-22, 3.89118275897e-22, 5.5172482376e-22, 8.51988053968e-22, 1.30318216053e-21, 2.00288779853e-21], "median": [4.04869861086e-05, 0.00258867209777, 0.00199943291955, 0.00120976264589, 0.00205060234293, 0.000848273630254, 0.00137860479299, 0.000311849842547, 0.00058392866049, 0.000241852161707, 0.000314388715196, 0.000212887345697, 9.97680617729e-05, 7.74117215769e-05, 4.36172340414e-05, 2.13301318581e-05, 1.88995763892e-05, 1.12114948934e-05, 2.80545482383e-05, 2.10224425246e-05, 2.50061093539e-05, 1.81579907803e-05, 1.3208913515e-05, 2.23123406613e-05, 2.70208165603e-05, 1.15556285891e-05, 2.76348305306e-06], "dvar2": [2.37997326735e-07, 0.000853906793054, 0.000203514617169, 8.71522133821e-05, 5.66081325815e-05, 4.63358765046e-06, 1.68375499925e-05, 5.22969185113e-06, 8.77607999428e-06, 7.48766467495e-07, 1.13178066385e-06, 4.78543938698e-07, 1.75612598241e-07, 9.1066780783e-08, 7.70137162931e-08, 7.80980258241e-08, 4.69754972698e-08, 3.36124799105e-08, 7.93707570779e-08, 1.94594619529e-07, 4.32632958791e-07, 5.31819885907e-08, 5.62217898903e-08, 2.45341425398e-07, 1.12794779739e-07, 6.66861694754e-08, 9.97123716928e-09], "var": [1.11340135334e-07, 0.000757831498049, 0.000309996568831, 9.97428505798e-05, 7.90574486018e-05, 3.89892466046e-06, 1.54887784447e-05, 4.91785203849e-06, 1.08417425508e-05, 4.53815346191e-07, 8.88605825367e-07, 3.23039586192e-07, 9.82244969805e-08, 4.52046293731e-08, 4.45817462946e-08, 3.39357342227e-08, 2.09397565953e-08, 1.32375976847e-08, 3.74488386967e-08, 6.79405971482e-08, 1.45286634279e-07, 3.58112863807e-08, 5.69313343135e-08, 1.83726143632e-07, 1.40425612472e-07, 4.06530560326e-08, 8.1158830767e-09], "dmean2": [0.000269601121545, 0.0146516738459, 0.00736010121182, 0.0046261427924, 0.00408608652651, 0.0013583652908, 0.00247832410969, 0.00102108658757, 0.00148372107651, 0.000499436573591, 0.000626727007329, 0.000413581583416, 0.000241819914663, 0.000177158464794, 0.000133421955979, 0.000121283512271, 8.67729104357e-05, 6.59078868921e-05, 0.000120441727631, 0.000154398032464, 0.000180728951818, 7.72744097048e-05, 9.263951506e-05, 0.000161330317496, 0.000111726571049, 0.000108315143734, 3.74014343834e-05], "max": [0.00651924498379, 0.188858896494, 0.0932018905878, 0.0802535936236, 0.0766648203135, 0.0231937542558, 0.0429413318634, 0.0383462160826, 0.0536830313504, 0.0167227126658, 0.013302446343, 0.00798367522657, 0.00390004809014, 0.00258160033263, 0.00299418205395, 0.00216652732342, 0.00205248617567, 0.0021216571331, 0.00259793363512, 0.00454851752147, 0.00579781690612, 0.00337681965902, 0.00431762961671, 0.00798358768225, 0.00861693173647, 0.00290219136514, 0.00167844886892], "dmean": [0.000160531722941, 0.00973143149167, 0.00459613604471, 0.00303527410142, 0.00260604009964, 0.000863677123562, 0.00162104482297, 0.00065298716072, 0.000991408713162, 0.000304914021399, 0.000386507279472, 0.000260532571701, 0.000149313971633, 0.000107910309453, 8.15809617052e-05, 7.00385353412e-05, 5.09258024977e-05, 3.85996318073e-05, 7.33715933166e-05, 8.97729041753e-05, 0.000106382205558, 4.8932939535e-05, 6.09612325206e-05, 0.000102278943814, 7.40796022001e-05, 6.65758634568e-05, 2.31919275393e-05]}, "erbbands_spread": {"dvar": 188.231704712, "mean": 37.8960876465, "min": 2.35597085953, "median": 32.6266326904, "dvar2": 418.54901123, "var": 536.777404785, "dmean2": 16.2671871185, "max": 169.608337402, "dmean": 10.8950986862}, "barkbands_kurtosis": {"dvar": 452.565582275, "mean": 17.9882106781, "min": -1.92984735966, "median": 9.59600448608, "dvar2": 1021.00042725, "var": 829.757568359, "dmean2": 15.8968238831, "max": 473.529937744, "dmean": 10.5632781982}, "spectral_flux": {"dvar": 0.0027795273345, "mean": 0.0896576792002, "min": 6.43234771003e-11, "median": 0.0694800391793, "dvar2": 0.00638913596049, "var": 0.00462189735845, "dmean2": 0.0672207996249, "max": 0.392406195402, "dmean": 0.0422851257026}, "silence_rate_20dB": {"dvar": 0, "mean": 1, "min": 1, "median": 1, "dvar2": 0, "var": 0, "dmean2": 0, "max": 1, "dmean": 0}, "gfcc": {"cov": [[22026.6972656, -671.994995117, -742.898254395, 569.685424805, -826.149719238, 144.781433105, -531.812133789, 466.132324219, -344.254974365, 333.561645508, -363.1612854, 196.038009644, -286.711853027], [-671.994995117, 2195.69799805, -141.939575195, -292.906860352, 463.095794678, 193.22177124, 226.286407471, -165.268188477, 82.4316482544, -108.753318787, 185.79083252, -83.7687454224, 100.78288269], [-742.898254395, -141.939575195, 584.055969238, 96.7813720703, 129.690689087, 158.904907227, 117.060676575, 50.6372718811, 2.66851401329, 80.3820571899, 33.5972709656, 11.9206991196, -8.93159103394], [569.685424805, -292.906860352, 96.7813720703, 410.082702637, 79.7699127197, 67.7241363525, 24.1810245514, 52.6422615051, 56.8584403992, 53.8222732544, -8.18523693085, -2.75555586815, -16.5097980499], [-826.149719238, 463.095794678, 129.690689087, 79.7699127197, 504.279815674, 147.901626587, 144.838317871, -40.292388916, 106.414299011, 25.254240036, 92.9082489014, -3.55200076103, 41.7697563171], [144.781433105, 193.22177124, 158.904907227, 67.7241363525, 147.901626587, 324.882385254, 171.330108643, 7.39177131653, 23.9065284729, 71.5243301392, 99.7803726196, 7.30661344528, 23.7341213226], [-531.812133789, 226.286407471, 117.060676575, 24.1810245514, 144.838317871, 171.330108643, 301.637817383, 70.8870162964, 61.6107635498, 44.9796180725, 103.744140625, 5.85402917862, 32.7377166748], [466.132324219, -165.268188477, 50.6372718811, 52.6422615051, -40.292388916, 7.39177131653, 70.8870162964, 213.546905518, 44.0743255615, 62.3061790466, 0.7602673769, 30.7595157623, -10.9692697525], [-344.254974365, 82.4316482544, 2.66851401329, 56.8584403992, 106.414299011, 23.9065284729, 61.6107635498, 44.0743255615, 203.581237793, 37.0003166199, 38.7592926025, 6.24765539169, 3.79146552086], [333.561645508, -108.753318787, 80.3820571899, 53.8222732544, 25.254240036, 71.5243301392, 44.9796180725, 62.3061790466, 37.0003166199, 151.790390015, 54.9641342163, 32.3658294678, -3.45288825035], [-363.1612854, 185.79083252, 33.5972709656, -8.18523693085, 92.9082489014, 99.7803726196, 103.744140625, 0.7602673769, 38.7592926025, 54.9641342163, 172.406265259, 32.8541297913, 34.2509841919], [196.038009644, -83.7687454224, 11.9206991196, -2.75555586815, -3.55200076103, 7.30661344528, 5.85402917862, 30.7595157623, 6.24765539169, 32.3658294678, 32.8541297913, 120.489547729, 30.0967330933], [-286.711853027, 100.78288269, -8.93159103394, -16.5097980499, 41.7697563171, 23.7341213226, 32.7377166748, -10.9692697525, 3.79146552086, -3.45288825035, 34.2509841919, 30.0967330933, 94.3438415527]], "mean": [-30.8366222382, 99.8547668457, -70.1961975098, 11.8319063187, -57.1013145447, 14.354186058, -26.8650283813, 6.97899055481, -24.9767112732, 2.98062729836, -16.388261795, -6.21497106552, -12.7254114151], "icov": [[7.84923468018e-05, -7.08919978933e-05, 0.000146743812365, -0.000150799780386, 9.44406492636e-05, -0.000198906520382, 0.000171053849044, -0.000192497856915, 0.000168424783624, -0.000205040036235, 0.000192022882402, -0.00019703777798, 0.00020713241247], [-7.08919978933e-05, 0.000961329555139, 0.000188546531717, 0.000816995918285, -0.000802252732683, -0.000180604183697, -0.000359698780812, 0.000318460020935, -0.0002885099384, 0.000776705390308, -0.000671787303872, 0.00082085840404, -0.000497047090903], [0.000146743812365, 0.000188546531717, 0.0026079392992, -0.000259659340372, -0.000535701983608, -0.00117074407171, -0.000161317948368, -0.000554711325094, 0.000831799174193, -0.000915100157727, 0.000667815329507, -0.000338143727276, 0.00076768535655], [-0.000150799780386, 0.000816995918285, -0.000259659340372, 0.0037099791225, -0.00113043887541, -0.000502616458107, -2.16518692469e-05, -0.000112399728096, -0.001000237884, 0.000245165720116, -3.83401420549e-05, 0.00103522464633, -0.000352169678081], [9.44406492636e-05, -0.000802252732683, -0.000535701983608, -0.00113043887541, 0.00374307390302, -0.000400238874136, -0.000417426694185, 0.00084838620387, -0.00108207459562, -0.000422150013037, 0.000108130545414, -0.00054201745661, -0.000255864026258], [-0.000198906520382, -0.000180604183697, -0.00117074407171, -0.000502616458107, -0.000400238874136, 0.00630879122764, -0.00281571387313, 0.00153810484335, 0.000381811434636, -0.00129690207541, -0.0014241168974, 0.000512330501806, -0.000573575438466], [0.000171053849044, -0.000359698780812, -0.000161317948368, -2.16518692469e-05, -0.000417426694185, -0.00281571387313, 0.00712210172787, -0.00319047388621, -0.000254743004916, 0.000622371619102, -0.0017780282069, 0.000588016991969, -0.000573234981857], [-0.000192497856915, 0.000318460020935, -0.000554711325094, -0.000112399728096, 0.00084838620387, 0.00153810484335, -0.00319047388621, 0.00769183272496, -0.00156467896886, -0.0018439788837, 0.0009881261