{"tonal": {"chords_key": "C", "hpcp_entropy": {"dmean": 0.677897810936, "dmean2": 1.13383376598, "max": 4.41271543503, "dvar": 0.323922336102, "mean": 2.15455079079, "dvar2": 0.883792519569, "min": 0, "var": 0.673087179661, "median": 2.20823287964}, "key_key": "C", "chords_strength": {"dmean": 0.0108045050874, "dmean2": 0.0106252273545, "max": 0.775102674961, "dvar": 8.08423865237e-05, "mean": 0.535503566265, "dvar2": 9.33262490435e-05, "min": 0.228711262345, "var": 0.0100731346756, "median": 0.542555451393}, "key_scale": "major", "chords_number_rate": 0.00223642168567, "thpcp": [1, 0.570027410984, 0.217320024967, 0.176793500781, 0.196533799171, 0.268565684557, 0.354201227427, 0.29991838336, 0.19399034977, 0.168425559998, 0.188729539514, 0.28657835722, 0.345653384924, 0.317960292101, 0.477582335472, 0.567175626755, 0.368069469929, 0.254217475653, 0.29633179307, 0.325385302305, 0.499177455902, 0.711625695229, 0.558971941471, 0.321039766073, 0.251674473286, 0.238606840372, 0.328097045422, 0.385383605957, 0.257510006428, 0.153953030705, 0.152317866683, 0.168130218983, 0.288394987583, 0.423071205616, 0.405685931444, 0.743383288383], "key_strength": 0.852460801601, "tuning_nontempered_energy_ratio": 0.709387123585, "tuning_frequency": 440.254241943, "chords_changes_rate": 0.0511182099581, "tuning_diatonic_strength": 0.690464794636, "chords_scale": "major", "chords_histogram": [54.5686912537, 4.53674125671, 11.6932907104, 3.16293931007, 0.255591064692, 0, 0, 0, 0.0638977661729, 0, 0.0319488830864, 0, 0, 0, 0, 0.958466470242, 0, 1.37380194664, 0, 0.191693291068, 0, 0.127795532346, 20.6389770508, 2.3961660862], "tuning_equal_tempered_deviation": 0.0340062379837, "hpcp": {"dmean": [0.127144634724, 0.0973950400949, 0.075302824378, 0.0783471986651, 0.0853121578693, 0.100541763008, 0.120752885938, 0.132536113262, 0.167983844876, 0.178840085864, 0.157085925341, 0.104718014598, 0.084733620286, 0.0896682813764, 0.0996128097177, 0.11248934269, 0.104883275926, 0.0832106396556, 0.073756814003, 0.0843222886324, 0.102705232799, 0.111425958574, 0.11090836674, 0.163404762745, 0.165469676256, 0.133330479264, 0.109060190618, 0.116380102932, 0.12799847126, 0.156767934561, 0.175936162472, 0.162588611245, 0.13503344357, 0.122410386801, 0.119692981243, 0.128980562091], "dmean2": [0.219715073705, 0.168083682656, 0.134719803929, 0.141400575638, 0.150908365846, 0.177097842097, 0.207924664021, 0.228743061423, 0.287221968174, 0.305548667908, 0.268557012081, 0.186156898737, 0.151135861874, 0.156439900398, 0.174345746636, 0.191617459059, 0.178935289383, 0.147524878383, 0.129196971655, 0.147156536579, 0.176159068942, 0.188637837768, 0.189837098122, 0.281343907118, 0.285247534513, 0.231783851981, 0.190007552505, 0.205320626497, 0.226688221097, 0.27261787653, 0.303943514824, 0.275755167007, 0.234373405576, 0.21825401485, 0.216076567769, 0.226454108953], "max": [1, 1, 1, 1, 1, 1, 1, 1, 1, 1, 1, 1, 1, 1, 1, 1, 1, 1, 1, 1, 1, 1, 1, 1, 1, 1, 1, 1, 1, 1, 1, 1, 1, 1, 1, 1], "dvar": [0.0356707647443, 0.0267103277147, 0.0239685345441, 0.0278557948768, 0.0289765987545, 0.0307249501348, 0.0342745520175, 0.0370360612869, 0.0405700169504, 0.0567588880658, 0.0385069921613, 0.0302618574351, 0.0218115802854, 0.0272307507694, 0.0291909314692, 0.0310377590358, 0.0266279224306, 0.0207958780229, 0.0202577933669, 0.0236290227622, 0.0280542597175, 0.0268006343395, 0.0235552862287, 0.0443442501128, 0.051956191659, 0.0391598455608, 0.0303881485015, 0.0306136421859, 0.0364045612514, 0.0397910512984, 0.0503826960921, 0.0428993068635, 0.0387987010181, 0.0400144048035, 0.0425732955337, 0.0391808152199], "mean": [0.174902617931, 0.116868421435, 0.0698700919747, 0.0691279917955, 0.0763042718172, 0.130885273218, 0.192006766796, 0.184116631746, 0.337377309799, 0.453840315342, 0.25870141387, 0.0986285880208, 0.080236017704, 0.0891949608922, 0.121885940433, 0.16075079143, 0.136115059257, 0.0880406424403, 0.0764383077621, 0.0856530740857, 0.13006080687, 0.156871438026, 0.144303202629, 0.216746121645, 0.257407158613, 0.167044758797, 0.115374140441, 0.134487316012, 0.147672966123, 0.226546853781, 0.322964429855, 0.253684014082, 0.145700782537, 0.114220023155, 0.108289405704, 0.148903667927], "dvar2": [0.0938062220812, 0.0740398168564, 0.0672499090433, 0.0776008963585, 0.0800551697612, 0.0828205570579, 0.0851964429021, 0.096512556076, 0.106084868312, 0.134991139174, 0.103163719177, 0.0832922160625, 0.0606579780579, 0.0732700824738, 0.076800301671, 0.0807494074106, 0.0713311433792, 0.0582165792584, 0.0537973381579, 0.0637846291065, 0.0743383467197, 0.0695582479239, 0.0623647496104, 0.119103729725, 0.131186291575, 0.102910496294, 0.0835810899734, 0.0854307338595, 0.101509667933, 0.112982027233, 0.128466725349, 0.114860892296, 0.10899963975, 0.111061505973, 0.118320941925, 0.10835596174], "min": [0, 0, 0, 0, 0, 0, 0, 0, 0, 0, 0, 0, 0, 0, 0, 0, 0, 0, 0, 0, 0, 0, 0, 0, 0, 0, 0, 0, 0, 0, 0, 0, 0, 0, 0, 0], "var": [0.0530886948109, 0.0271399207413, 0.0180170089006, 0.0205782130361, 0.0236999411136, 0.036708202213, 0.074480265379, 0.0497760698199, 0.0993836224079, 0.157872602344, 0.0623049587011, 0.0258515644819, 0.0190213676542, 0.0266607347876, 0.0382087416947, 0.049675963819, 0.035861145705, 0.018299870193, 0.0183946024626, 0.0250917989761, 0.0401524938643, 0.0412014015019, 0.0293129161, 0.0722510144114, 0.111471012235, 0.0587591193616, 0.0306085068733, 0.0333475358784, 0.0404607951641, 0.060363702476, 0.107416652143, 0.0809406265616, 0.0421565398574, 0.034041672945, 0.033394407481, 0.0419170446694], "median": [0.0833044350147, 0.0574721433222, 0.0279752761126, 0.0244391486049, 0.02391285263, 0.0545431151986, 0.080283626914, 0.089320898056, 0.214504092932, 0.324788451195, 0.188649058342, 0.0410415492952, 0.0315999537706, 0.030879246071, 0.0507547929883, 0.0626064985991, 0.0546003431082, 0.0430891141295, 0.0334246791899, 0.030184533447, 0.0544404089451, 0.0830876678228, 0.0858685076237, 0.0851640254259, 0.0760095268488, 0.0476823523641, 0.0508686900139, 0.0691438913345, 0.0737499296665, 0.127390563488, 0.173907265067, 0.123266540468, 0.061609312892, 0.0462254360318, 0.0417997017503, 0.0694238916039]}}, "lowlevel": {"melbands_flatness_db": {"dmean": 0.0235258862376, "dmean2": 0.0331089496613, "max": 0.732737123966, "dvar": 0.000527144409716, "mean": 0.179016038775, "dvar2": 0.00106732989661, "min": 0.00293293572031, "var": 0.0093303816393, "median": 0.163135528564}, "melbands_crest": {"dmean": 2.64786577225, "dmean2": 4.40533304214, "max": 25.9442577362, "dvar": 5.68262958527, "mean": 11.3242931366, "dvar2": 15.5749807358, "min": 1.79183626175, "var": 14.4352312088, "median": 10.7749557495}, "spectral_entropy": {"dmean": 0.144839197397, "dmean2": 0.198807001114, "max": 9.81844520569, "dvar": 0.0230442360044, "mean": 7.67183256149, "dvar2": 0.0438114479184, "min": 3.98313140869, "var": 0.406309336424, "median": 7.75785684586}, "melbands": {"dmean": [0.000334459356964, 0.000687035382725, 0.000619112979621, 0.000293696881272, 0.000256402621744, 0.000280936452327, 0.000184345321031, 0.000263378751697, 0.000176720132004, 0.000182177813258, 0.000145077399793, 7.48109014239e-05, 8.52952944115e-05, 4.84505362692e-05, 3.53237628588e-05, 3.49885558535e-05, 3.84760132874e-05, 3.52902970917e-05, 2.20148540393e-05, 1.68670849234e-05, 1.40305019158e-05, 1.12976777018e-05, 9.89846103039e-06, 1.22330611703e-05, 1.06871157186e-05, 7.64872856962e-06, 5.73818033445e-06, 5.19377272212e-06, 4.60148430648e-06, 3.00428018818e-06, 3.27915881826e-06, 3.00800797959e-06, 2.60972774413e-06, 2.5105093755e-06, 1.37672395795e-06, 1.2164674672e-06, 1.12134478059e-06, 1.00615545762e-06, 7.76577508077e-07, 4.96652774018e-07], "dmean2": [0.000557470484637, 0.00116916745901, 0.00106011959724, 0.000500243040733, 0.00040258190711, 0.000447593745776, 0.000297290273011, 0.000431029649917, 0.000288588227704, 0.000293608172797, 0.000232381353271, 0.000119124801131, 0.000138835137477, 7.81670314609e-05, 5.83479231864e-05, 5.6838071032e-05, 6.34052121313e-05, 5.70646188862e-05, 3.45303778886e-05, 2.57492247329e-05, 2.16643402382e-05, 1.72562722582e-05, 1.49585757754e-05, 1.89965339814e-05, 1.66573554452e-05, 1.16486617117e-05, 8.68290408107e-06, 7.61415822126e-06, 6.81804885971e-06, 4.3794893827e-06, 4.90947468279e-06, 4.3762624955e-06, 3.75896593141e-06, 3.88723901779e-06, 2.08671622204e-06, 1.85397641417e-06, 1.67999507994e-06, 1.53216728904e-06, 1.15060629469e-06, 7.10284382421e-07], "max": [0.00654492899776, 0.0121417827904, 0.00941603071988, 0.00644677178934, 0.00817027688026, 0.0110490536317, 0.00836727488786, 0.00809502135962, 0.00995434075594, 0.00534184742719, 0.00632921466604, 0.00305321416818, 0.0037489826791, 0.00290300929919, 0.000710624910425, 0.000741342548281, 0.000969790795352, 0.00121281726751, 0.000860149622895, 0.000642880797386, 0.000440542557044, 0.000310681469273, 0.000309704861138, 0.000363753089914, 0.000323562591802, 0.000284683919745, 0.000286116905045, 0.000199082540348, 0.000136590970214, 0.000116101546155, 0.000243538001087, 9.70597975538e-05, 6.6738059104e-05, 5.7417419157e-05, 5.33376951353e-05, 0.000107399129774, 8.17212494439e-05, 0.000114153313916, 8.55112230056e-05, 4.09596395912e-05], "dvar": [3.00674798837e-07, 1.17002753086e-06, 9.26976326809e-07, 3.05284913793e-07, 2.35967121398e-07, 3.11743349357e-07, 1.35919961508e-07, 2.26403344072e-07, 1.60369495461e-07, 1.16049662324e-07, 9.44972384787e-08, 2.20045190957e-08, 3.90475172196e-08, 1.02523012302e-08, 2.64175548104e-09, 2.54017717971e-09, 2.92847968097e-09, 2.33583663523e-09, 1.40972589158e-09, 6.15362427681e-10, 4.28713453626e-10, 2.56723559078e-10, 2.38751546311e-10, 3.34777788824e-10, 1.94767674211e-10, 1.37846775661e-10, 1.31158681138e-10, 8.30393948048e-11, 6.5134481142e-11, 2.89110124729e-11, 4.98389246539e-11, 3.04923447603e-11, 2.11933977312e-11, 2.02138080579e-11, 5.49825202728e-12, 7.31603666537e-12, 8.9237150655e-12, 1.40920270245e-11, 6.37106773588e-12, 1.75771116412e-12], "mean": [0.000853841484059, 0.00129599904176, 0.00095694133779, 0.000381882651709, 0.000413573201513, 0.00041706697084, 0.000337728473824, 0.000504851515871, 0.000272754288744, 0.000292645272566, 0.000227190830628, 0.000122847734019, 0.000140063712024, 7.76884044171e-05, 6.03569787927e-05, 6.41299848212e-05, 6.73387476127e-05, 6.08240770816e-05, 3.83046826755e-05, 2.83659192064e-05, 2.34569506574e-05, 1.92270326806e-05, 1.73901462404e-05, 2.15019026655e-05, 2.063080683e-05, 1.38595632961e-05, 1.08035810626e-05, 9.73051282926e-06, 8.29576583783e-06, 5.43170290257e-06, 5.25419545738e-06, 5.11738653586e-06, 4.23449773734e-06, 3.81404402106e-06, 2.32717457038e-06, 1.99499345399e-06, 1.77398214873e-06, 1.5535933926e-06, 1.22528342672e-06, 8.14590009668e-07], "dvar2": [7.98377072897e-07, 3.25597284245e-06, 2.56726571024e-06, 8.3680112084e-07, 5.51283221739e-07, 8.09465689144e-07, 3.43159058502e-07, 5.83287544487e-07, 4.31891550079e-07, 2.90550815407e-07, 2.41398140588e-07, 5.49126504268e-08, 1.04846350268e-07, 2.77358012113e-08, 7.15275128016e-09, 6.45709219427e-09, 7.40120809084e-09, 5.68742297702e-09, 3.55584228728e-09, 1.42520883983e-09, 9.91464466082e-10, 5.82052184228e-10, 5.57926704836e-10, 7.97000576647e-10, 4.55874921146e-10, 3.05513170318e-10, 2.93725044287e-10, 1.81571452318e-10, 1.47399342731e-10, 5.88558438097e-11, 1.14901962944e-10, 6.06924718816e-11, 4.39648005501e-11, 4.65121968718e-11, 1.19069493848e-11, 1.683413825e-11, 1.77383888827e-11, 3.20526938324e-11, 1.3892014275e-11, 3.63461214251e-12], "min": [1.70336191188e-24, 2.63353935966e-24, 3.63415163387e-24, 1.89242485238e-24, 2.15463137043e-24, 2.2966434911e-24, 1.8701355875e-24, 1.85628240114e-24, 2.26874720012e-24, 2.73496360068e-24, 4.38160128587e-24, 3.79232534512e-24, 1.69865911759e-24, 6.14547612615e-24, 4.51197751097e-24, 3.65525602967e-24, 3.81053974899e-24, 4.8483055969e-24, 4.91019567922e-24, 5.51427065056e-24, 7.30149774578e-24, 4.95221474977e-24, 5.87582493051e-24, 7.78440131549e-24, 5.69375031156e-24, 6.02294551718e-24, 6.75221389747e-24, 5.45856642103e-24, 6.86751932941e-24, 6.98360731136e-24, 5.42720880561e-24, 6.81691942436e-24, 5.31041913189e-24, 4.84726863924e-24, 8.00235648386e-24, 6.85611792274e-24, 8.65795906066e-24, 5.60794157217e-24, 6.63843491139e-24, 5.98493662105e-24], "var": [3.7231893657e-07, 1.14798911e-06, 9.16377587146e-07, 3.14064436679e-07, 4.59006514575e-07, 4.21610081958e-07, 2.42116897198e-07, 5.97568316607e-07, 2.06561153959e-07, 2.06869003705e-07, 1.47394601413e-07, 4.27948130266e-08, 7.25879090169e-08, 1.80567827357e-08, 4.14079037725e-09, 4.72913352922e-09, 5.18001508354e-09, 4.69610128562e-09, 2.5015312044e-09, 1.08663911202e-09, 6.98509861063e-10, 5.20915532931e-10, 5.02602792718e-10, 6.6028366108e-10, 4.33043934045e-10, 2.70668654156e-10, 2.88021245742e-10, 2.04203542964e-10, 1.59050772552e-10, 7.76389993962e-11, 9.13309844419e-11, 7.68177743637e-11, 4.67309767271e-11, 3.52514510638e-11, 1.27952327553e-11, 1.54381698397e-11, 1.97751589409e-11, 2.42274793977e-11, 1.04989532693e-11, 3.37401265781e-12], "median": [0.000747762795072, 0.00106258655433, 0.000679674558342, 0.000195434928173, 0.000177944326424, 0.000204910102184, 0.000151983957039, 0.000172008163645, 0.000132882938487, 0.000128583531477, 0.000118289593956, 5.24805291207e-05, 6.34334355709e-05, 3.62618811778e-05, 4.15413851442e-05, 4.47661986982e-05, 4.44478173449e-05, 4.12648223573e-05, 2.30764835578e-05, 1.7577836843e-05, 1.54054505401e-05, 1.16712635645e-05, 9.68463245954e-06, 1.29903019115e-05, 1.43778079291e-05, 9.07667799765e-06, 5.58887813895e-06, 4.51377445643e-06, 3.08322910314e-06, 1.71042154307e-06, 1.53434211825e-06, 1.07994048903e-06, 9.40533254834e-07, 1.04246453247e-06, 7.74902332523e-07, 7.0355730486e-07, 5.77136972879e-07, 5.06096171193e-07, 4.38859160568e-07, 2.93520599826e-07]}, "silence_rate_60dB": {"dmean": 0.00159795465879, "dmean2": 0.00319641991518, "max": 1, "dvar": 0.00159527466167, "mean": 0.0325930677354, "dvar2": 0.00382517534308, "min": 0, "var": 0.0315308943391, "median": 0}, "spectral_energyband_middle_high": {"dmean": 0.00210470170714, "dmean2": 0.00294459331781, "max": 0.0512382872403, "dvar": 7.6480118878e-06, "mean": 0.00615962967277, "dvar2": 1.53868058987e-05, "min": 1.33232301053e-21, "var": 2.96655689453e-05, "median": 0.00463906815276}, "erbbands_skewness": {"dmean": 0.312647283077, "dmean2": 0.477600902319, "max": 13.1931171417, "dvar": 0.0770158171654, "mean": 0.388167828321, "dvar2": 0.165608078241, "min": -2.74881649017, "var": 1.61300337315, "median": 0.199617415667}, "dynamic_complexity": 2.88126969337, "dissonance": {"dmean": 0.0158962868154, "dmean2": 0.0264580845833, "max": 0.500000059605, "dvar": 0.000226403222769, "mean": 0.470550656319, "dvar2": 0.000611490104347, "min": 0.318851441145, "var": 0.000514263636433, "median": 0.476249217987}, "spectral_skewness": {"dmean": 0.22102817893, "dmean2": 0.339228063822, "max": 7.76497840881, "dvar": 0.053695704788, "mean": 1.58618307114, "dvar2": 0.129122897983, "min": -0.060021173209, "var": 0.629058003426, "median": 1.48095297813}, "spectral_kurtosis": {"dmean": 1.66859471798, "dmean2": 2.7069029808, "max": 80.8999557495, "dvar": 4.55784511566, "mean": 5.32742977142, "dvar2": 12.7964334488, "min": -1.26588046551, "var": 50.6804351807, "median": 3.86985969543}, "gfcc": {"cov": [[16486.7304688, -1413.54650879, -2916.32373047, -261.7890625, -1601.13183594, 445.366210938, -523.421813965, 344.002319336, -194.35697937, 366.89465332, -204.303924561, 188.750457764, -32.4045066833], [-1413.54650879, 1205.21472168, -93.5602798462, -111.879356384, 342.604034424, -174.531661987, 53.0230140686, -13.0282611847, 99.5785522461, -143.532516479, 172.467056274, -146.597793579, 53.0930366516], [-2916.32373047, -93.5602798462, 1051.84326172, 150.145187378, 223.730102539, -50.5456161499, 62.317035675, -99.2025375366, -25.7810268402, -18.0637550354, -64.1721878052, 28.5502185822, -45.5961952209], [-261.7890625, -111.879356384, 150.145187378, 324.536529541, -43.6310806274, 6.94274711609, 8.34974193573, -47.7071838379, -2.42103505135, -2.20004558563, -17.6473255157, -10.8137407303, 20.0220718384], [-1601.13183594, 342.604034424, 223.730102539, -43.6310806274, 374.099121094, -67.347366333, 54.1002082825, -12.174279213, 0.86392802, -72.5946502686, 17.1782150269, -15.8484363556, -9.95425224304], [445.366210938, -174.531661987, -50.5456161499, 6.94274711609, -67.347366333, 159.900924683, 0.212035983801, 12.6542263031, -8.62632274628, 18.5973796844, -32.4802818298, 10.3855009079, -9.96341705322], [-523.421813965, 53.0230140686, 62.317035675, 8.34974193573, 54.1002082825, 0.212035983801, 105.578399658, -4.89883089066, 9.12312984467, -10.959690094, -1.3812712431, -12.6017351151, -5.74324035645], [344.002319336, -13.0282611847, -99.2025375366, -47.7071838379, -12.174279213, 12.6542263031, -4.89883089066, 86.5774078369, 9.4674654007, 13.5798044205, 2.70147824287, -5.14610910416, -1.4746286869], [-194.35697937, 99.5785522461, -25.7810268402, -2.42103505135, 0.86392802, -8.62632274628, 9.12312984467, 9.4674654007, 78.2765426636, 8.50487041473, 22.9402122498, -22.9002170563, -4.56593227386], [366.89465332, -143.532516479, -18.0637550354, -2.20004558563, -72.5946502686, 18.5973796844, -10.959690094, 13.5798044205, 8.50487041473, 81.0957489014, -11.5168905258, 19.0874576569, -18.1944255829], [-204.303924561, 172.467056274, -64.1721878052, -17.6473255157, 17.1782150269, -32.4802818298, -1.3812712431, 2.70147824287, 22.9402122498, -11.5168905258, 85.9622650146, -18.5003490448, 17.4111709595], [188.750457764, -146.597793579, 28.5502185822, -10.8137407303, -15.8484363556, 10.3855009079, -12.6017351151, -5.14610910416, -22.9002170563, 19.0874576569, -18.5003490448, 70.6392440796, -7.12499952316], [-32.4045066833, 53.0930366516, -45.5961952209, 20.0220718384, -9.95425224304, -9.96341705322, -5.74324035645, -1.4746286869, -4.56593227386, -18.1944255829, 17.4111709595, -7.12499952316, 57.5542869568]], "mean": [7.92281007767, 101.835769653, -121.091140747, 33.4691505432, -55.1380119324, 18.1410961151, -31.8101425171, 13.0287685394, -17.6989650726, 1.88129591942, -10.0043439865, -6.84371519089, -12.2712335587], "icov": [[0.000371045083739, -0.000331474351697, 0.000850101583637, -0.000181515570148, 0.00104674859904, -0.000172483050846, 0.00078761234181, -0.000550462165847, 0.00108080764767, -0.000445776240667, 0.00118365860544, -0.000813152524643, 0.000953059934545], [-0.000331474351697, 0.00324322399683, -0.00034952655551, 0.000869462674018, -0.00293052988127, 0.00134409405291, -0.000729585124645, 0.00154824147467, -0.00289844954386, 0.00221646693535, -0.00398165918887, 0.00424895016477, -0.00186386879068], [0.000850101583637, -0.00034952655551, 0.00349587318487, -0.000984965357929, 0.00117565481924, 0.000101910511148, 0.00145720399451, 3.97786207031e-05, 0.00232466310263, -0.00120136246551, 0.00319120730273, -0.00184325245209, 0.00289171002805], [-0.000181515570148, 0.000869462674018, -0.000984965357929, 0.00419653207064, -0.000134244852234, 0.000168712227605, -0.000621105835307, 0.00211927946657, -0.0012733930489, 0.000574326782953, -0.000590302282944, 0.00233393046074, -0.00259812478907], [0.00104674859904, -0.00293052988127, 0.00117565481924, -0.000134244852234, 0.00880013406277, -0.000181552532013, 0.00082576519344, -0.00301881809719, 0.00426528276876, 0.00120213883929, 0.00458935555071, -0.0047311000526, 0.00451080594212], [-0.000172483050846, 0.00134409405291, 0.000101910511148, 0.000168712227605, -0.000181552532013, 0.00806754827499, -0.00116899749264, -0.000152189895744, -0.000945997424424, 0.000931178859901, 0.000739722512662, 0.00143425748684, 0.000102771256934], [0.00078761234181, -0.000729585124645, 0.00145720399451, -0.000621105835307, 0.00082576519344, -0.00116899749264, 0.0124387610704, -0.000987145118415, 0.00120278412942, -0.000783771101851, 0.00293507007882, -0.000167562364368, 0.0025823849719], [-0.000550462165847, 0.00154824147467, 3.97786207031e-05, 0.00211927946657, -0.00301881809719, -0.000152189895744, -0.000987145118415, 0.015568703413, -0.00328576588072, -0.0014838516945, -0.00191546767019, 0.00389144336805, -0.00236051948741], [0.00108080764767, -0.00289844954386, 0.00232466310263, -0.0012733930489, 0.00426528276876, -0.000945997424424, 0.00120278412942, -0.00328576588072, 0.0205166377127, -0.00549666350707, 0.00144084484782, 0.000116843213618, 0.00564531143755], [-0.000445776240667, 0.00221646693535, -0.00120136246551, 0.000574326782953, 0.00120213883929, 0.000931178859901, -0.000783771101851, -0.0014838516945, -0.00549666350707, 0.0203053932637, -0.00297404220328, -0.00144424417522, 0.00350960157812], [0.00118365860544, -0.00398165918887, 0.00319120730273, -0.000590302282944, 0.00458935555071, 0.000739722512662, 0.00293507007882, -0.00191546767019, 0.00144084484782, -0.00297404220328, 0.0224287938327, -0.004347295966, 8.94453987712e-05], [-0.000813152524643, 0.00424895016477, -0.00184325245209, 0.00233393046074, -0.0047311000526, 0.00143425748684, -0.000167562364368, 0.00389144336805, 0.000116843213618, -0.00144424417522, -0.004347295966, 0.0241899434477, -0.00327416276559], [0.000953059934545, -0.00186386879068, 0.00289171002805, -0.00259812478907, 0.00451080594212, 0.000102771256934, 0.0025823849719, -0.00236051948741, 0.00564531143755, 0.00350960157812, 8.94453987712e-05, -0.00327416276559, 0.0249457396567]]}, "spectral_complexity": {"dmean": 4.85490560532, "dmean2": 6.52325391769, "max": 61, "dvar": 22.5340614319, "mean": 26.3147468567, "dvar2": 35.2882080078, "min": 0, "var": 122.439445496, "median": 26}, "spectral_flux": {"dmean": 0.0203293375671, "dmean2": 0.0295275859535, "max": 0.258431941271, "dvar": 0.000477518537082, "mean": 0.0813030302525, "dvar2": 0.000900733110029, "min": 6.48401332626e-11, "var": 0.00153267593123, "median": 0.0770806670189}, "spectral_energyband_low": {"dmean": 0.00293832551688, "dmean2": 0.00492053665221, "max": 0.047832723707, "dvar": 1.81737796083e-05, "mean": 0.00698413234204, "dvar2": 4.92087492603e-05, "min": 2.00304610714e-23, "var": 2.15758627746e-05, "median": 0.00614072801545}, "spectral_decrease": {"dmean": 1.88597337747e-09, "dmean2": 2.87684565059e-09, "max": 1.57394921105e-16, "dvar": 5.11484857025e-18, "mean": -6.14060180482e-09, "dvar2": 1.20363605144e-17, "min": -2.46483402577e-08, "var": 1.35978368013e-17, "median": -5.43958433852e-09}, "barkbands_spread": {"dmean": 5.71210956573, "dmean2": 8.24180412292, "max": 143.842208862, "dvar": 40.2514152527, "mean": 25.9109039307, "dvar2": 76.1215515137, "min": 0.484869003296, "var": 186.147003174, "median": 23.6253490448}, "spectral_rms": {"dmean": 0.000701337063219, "dmean2": 0.00103219086304, "max": 0.00987613201141, "dvar": 5.49463095467e-07, "mean": 0.00471247173846, "dvar2": 1.21866821701e-06, "min": 3.11789201228e-12, "var": 2.38840857492e-06, "median": 0.00467938091606}, "spectral_centroid": {"dmean": 262.915222168, "dmean2": 388.245910645, "max": 11225.1416016, "dvar": 90615.9375, "mean": 1474.71813965, "dvar2": 179299.671875, "min": 131.649307251, "var": 604028, "median": 1397.71911621}, "barkbands_skewness": {"dmean": 0.356235593557, "dmean2": 0.549085199833, "max": 13.0633277893, "dvar": 0.132201060653, "mean": 1.1152664423, "dvar2": 0.289593458176, "min": -11.192076683, "var": 0.786246061325, "median": 1.02202653885}, "spectral_rolloff": {"dmean": 505.482971191, "dmean2": 777.885498047, "max": 21145.6054688, "dvar": 601237.625, "mean": 1689.48376465, "dvar2": 1165262.875, "min": 107.666015625, "var": 2594029.75, "median": 1378.125}, "erbbands_spread": {"dmean": 6.75397014618, "dmean2": 10.2009372711, "max": 241.354370117, "dvar": 53.543548584, "mean": 35.4607048035, "dvar2": 116.234588623, "min": 1.14169931412, "var": 229.781219482, "median": 33.3328552246}, "barkbands": {"dmean": [7.82757269917e-05, 0.00135757843964, 0.00162585824728, 0.00138156535104, 0.00132389867213, 0.00146582885645, 0.0010012134444, 0.00109618343413, 0.00123584421817, 0.000836781109683, 0.000618590507656, 0.000331714370986, 0.000361728598364, 0.000405835715355, 0.000347083434463, 0.00021678241319, 0.000187160636415, 0.000230022211326, 0.000209366029594, 0.000165975929121, 0.000127408857225, 0.000134301968501, 9.58034943324e-05, 8.25941096991e-05, 4.06648723583e-05, 1.13587939268e-05, 1.81016423539e-06], "dmean2": [0.000131123364554, 0.00227502081543, 0.0027831022162, 0.00234370445833, 0.00220901146531, 0.00232255412266, 0.00162752321921, 0.00179562414996, 0.00199853582308, 0.00135168072302, 0.00100613408722, 0.000541885674465, 0.000594303070102, 0.000662075472064, 0.000560804095585, 0.000326887151459, 0.000282455759589, 0.000349035457475, 0.000317359750625, 0.000242439462454, 0.000180002840352, 0.000188122372492, 0.000143995668623, 0.00012104005873, 5.67837996641e-05, 1.72021100298e-05, 2.94352958008e-06], "max": [0.0017401316436, 0.0285389833152, 0.0275674052536, 0.0237064920366, 0.0350053608418, 0.0474210754037, 0.0441433936357, 0.0553775206208, 0.0475664660335, 0.0330223292112, 0.0294699650258, 0.0174457598478, 0.0074907024391, 0.00795965548605, 0.0110747236758, 0.00585273467004, 0.00439605489373, 0.00583989033476, 0.00662418734282, 0.00754545116797, 0.00537338806316, 0.00413751788437, 0.00381571915932, 0.00783291086555, 0.00366349704564, 0.000874894147273, 6.24438835075e-05], "dvar": [2.50388438872e-08, 5.02231705468e-06, 6.24544509265e-06, 5.17482430951e-06, 5.12787801199e-06, 7.98762084742e-06, 4.04543470722e-06, 4.35534047938e-06, 5.34153650733e-06, 2.74078774964e-06, 2.10041730497e-06, 4.55418984302e-07, 2.50753487308e-07, 2.98179969604e-07, 2.80972244582e-07, 9.88047759165e-08, 6.91022208343e-08, 1.07648382652e-07, 8.38319706986e-08, 9.11499427048e-08, 5.3635179853e-08, 5.485883392e-08, 2.72497029385e-08, 5.92582551917e-08, 1.06001740718e-08, 6.63127275313e-10, 1.59111300524e-11], "mean": [0.0001223696745, 0.00325062009506, 0.00268538040109, 0.0017924803542, 0.00187735783402, 0.00221835775301, 0.00199068663642, 0.00178185384721, 0.00195584702305, 0.00132413639221, 0.00100070622284, 0.000527204072569, 0.00062657444505, 0.000725541962311, 0.000601014995482, 0.000371641945094, 0.000327187415678, 0.000427789287642, 0.000410403881688, 0.00033335594344, 0.000238532069488, 0.000236965104705, 0.000162100594025, 0.000137244467624, 6.82235404383e-05, 1.50771047629e-05, 2.18072477765e-06], "dvar2": [6.57298997453e-08, 1.34802439788e-05, 1.80663519131e-05, 1.41025429912e-05, 1.35574809974e-05, 2.06031381822e-05, 1.03386573755e-05, 1.15662360258e-05, 1.36706858029e-05, 6.82691870679e-06, 5.55783617529e-06, 1.24461871565e-06, 6.42686245556e-07, 7.3208326512e-07, 6.93190145284e-07, 2.22124086235e-07, 1.54855456458e-07, 2.48838517791e-07, 1.82243226732e-07, 1.96364027261e-07, 1.07999873933e-07, 1.02731860352e-07, 5.9527309304e-08, 1.17714208159e-07, 2.0697275005e-08, 1.50997281345e-09, 4.15866265036e-11], "min": [5.24478156584e-24, 3.62751297493e-24, 2.67364070935e-24, 2.865117367e-24, 8.69238416171e-24, 2.00947690124e-23, 9.11313022525e-24, 1.26649109756e-23, 1.91985299385e-23, 2.66706330545e-23, 8.14743904838e-24, 5.4310858203e-23, 4.2476139711e-23, 4.74981071197e-23, 5.39540469493e-23, 8.74318143975e-23, 8.95692992845e-23, 1.48355112967e-22, 1.45334949525e-22, 2.09165181598e-22, 3.77797175274e-22, 3.75486279827e-22, 5.40773919782e-22, 7.06549669001e-22, 8.55030608438e-22, 1.31851398145e-21, 2.18733958356e-21], "var": [2.50459173401e-08, 5.69245139559e-06, 6.08089794696e-06, 5.07738423039e-06, 6.59910074319e-06, 1.17639929158e-05, 1.0393247976e-05, 7.44550834497e-06, 8.58305156726e-06, 4.65695893581e-06, 3.90624700231e-06, 7.02646957507e-07, 4.50978973277e-07, 5.62163108953e-07, 5.53407176085e-07, 1.715096829e-07, 1.49916203895e-07, 2.36538340914e-07, 1.89050993527e-07, 2.4848301905e-07, 1.44217466413e-07, 1.4522746028e-07, 6.128340857e-08, 1.31360764044e-07, 2.27690595267e-08, 9.89997084311e-10, 1.81335779725e-11], "median": [8.58484345372e-05, 0.00284001044929, 0.00210098735988, 0.00108530709986, 0.000971208733972, 0.00108759733848, 0.00069741444895, 0.000796941923909, 0.000900476996321, 0.000608456553891, 0.000438742310507, 0.000290437426884, 0.000428110244684, 0.000483218260342, 0.000387944688555, 0.00024310174922, 0.000196833309019, 0.000268713542027, 0.000281187763903, 0.000155655056005, 8.04967567092e-05, 5.45157963643e-05, 5.22275877302e-05, 4.71168641525e-05, 2.55872164416e-05, 5.89991896049e-06, 5.75524097712e-07]}, "melbands_kurtosis": {"dmean": 3.0865342617, "dmean2": 4.86836910248, "max": 386.216339111, "dvar": 38.4215965271, "mean": 6.68594455719, "dvar2": 74.2208709717, "min": -1.3780220747, "var": 122.398582458, "median": 4.51254177094}, "erbbands_crest": {"dmean": 2.09176826477, "dmean2": 3.41320419312, "max": 27.5095710754, "dvar": 4.5513048172, "mean": 7.78781032562, "dvar2": 11.4725484848, "min": 2.37982392311, "var": 19.4517173767, "median": 6.4268913269}, "melbands_skewness": {"dmean": 0.476151615381, "dmean2": 0.75115776062, "max": 13.9831352234, "dvar": 0.231640413404, "mean": 1.96714687347, "dvar2": 0.549791812897, "min": -0.293738931417, "var": 0.940833926201, "median": 1.8794349432}, "spectral_energyband_middle_low": {"dmean": 0.00499756634235, "dmean2": 0.00785527564585, "max": 0.0797800719738, "dvar": 4.69002297905e-05, "mean": 0.012245955877, "dvar2": 0.000113472357043, "min": 1.73302883271e-22, "var": 0.000102970894659, "median": 0.00980259291828}, "spectral_contrast_coeffs": {"dmean": [0.0473548024893, 0.0452996715903, 0.0387022905052, 0.0274609420449, 0.0227180887014, 0.0188075322658], "dmean2": [0.0789141878486, 0.0743644088507, 0.0632632002234, 0.0453958958387, 0.0365779474378, 0.0287526939064], "max": [-0.428429484367, -0.43149882555, -0.545067727566, -0.590304970741, -0.649091899395, -0.598809540272], "dvar": [0.00166070787236, 0.00144247268327, 0.000914312258828, 0.000448351318482, 0.00038242910523, 0.000317393773003], "mean": [-0.677180886269, -0.747445762157, -0.772465765476, -0.796973049641, -0.78871512413, -0.774182200432], "dvar2": [0.00452406471595, 0.00382777350023, 0.00247245002538, 0.0012126424117, 0.000904732674826, 0.000702395976987], "min": [-0.975549042225, -0.980991840363, -0.978585243225, -0.976321399212, -0.966069281101, -0.962261497974], "var": [0.00356501154602, 0.00482454476878, 0.00329578784294, 0.00152570777573, 0.00151923927478, 0.00182206195313], "median": [-0.681504070759, -0.755316138268, -0.776766061783, -0.796782076359, -0.790406823158, -0.773959696293]}, "spectral_contrast_valleys": {"dmean": [0.315778046846, 0.339815199375, 0.318500727415, 0.295665830374, 0.293552041054, 0.372699558735], "dmean2": [0.525301516056, 0.545638859272, 0.488053977489, 0.430207490921, 0.388442456722, 0.474734544754], "max": [-5.61899328232, -4.29838180542, -4.92861509323, -5.51052236557, -5.55185937881, -7.44164609909], "dvar": [0.0971863344312, 0.113385289907, 0.10324986279, 0.0990159660578, 0.11610801518, 0.216847643256], "mean": [-7.01304912567, -6.4646229744, -7.00125265121, -7.31833219528, -7.41549110413, -10.0489387512], "dvar2": [0.217287003994, 0.223280608654, 0.192086458206, 0.162080839276, 0.175775885582, 0.397848278284], "min": [-27.8351459503, -27.795715332, -27.5487995148, -27.6125335693, -27.4232902527, -27.3367347717], "var": [1.6820679903, 2.42774200439, 2.78146934509, 2.74873280525, 2.73690724373, 2.63473105431], "median": [-6.85297584534, -6.25421619415, -6.75448799133, -7.04764175415, -7.14530324936, -9.7853717804]}, "silence_rate_20dB": {"dmean": 0, "dmean2": 0, "max": 1, "dvar": 0, "mean": 1, "dvar2": 0, "min": 1, "var": 0, "median": 1}, "silence_rate_30dB": {"dmean": 0, "dmean2": 0, "max": 1, "dvar": 0, "mean": 1, "dvar2": 0, "min": 1, "var": 0, "median": 1}, "spectral_strongpeak": {"dmean": 0.462012261152, "dmean2": 0.774601340294, "max": 7.39990949631, "dvar": 0.392861694098, "mean": 0.783296108246, "dvar2": 0.990059494972, "min": 0, "var": 0.833546817303, "median": 0.358243912458}, "spectral_spread": {"dmean": 576649.375, "dmean2": 822164.625, "max": 42429788, "dvar": 703471419392, "mean": 4294660, "dvar2": 1382971211780.0, "min": 1116735.5, "var": 5785198264320.0, "median": 4089559.5}, "barkbands_flatness_db": {"dmean": 0.0181654989719, "dmean2": 0.0258220992982, "max": 0.56420058012, "dvar": 0.000347132503521, "mean": 0.111266545951, "dvar2": 0.000687946623657, "min": 0.0245017148554, "var": 0.00590265961364, "median": 0.0960937961936}, "pitch_salience": {"dmean": 0.0576624535024, "dmean2": 0.0942023321986, "max": 0.915968835354, "dvar": 0.00250246725045, "mean": 0.609034776688, "dvar2": 0.00673936400563, "min": 0.319130063057, "var": 0.00783168524504, "median": 0.6163636446}, "erbbands_kurtosis": {"dmean": 0.81560343504, "dmean2": 1.26528251171, "max": 249.364730835, "dvar": 3.89752340317, "mean": 2.82798981667, "dvar2": 8.04747581482, "min": -1.7063177824, "var": 402.453948975, "median": -0.220024824142}, "average_loudness": 0.916828632355, "barkbands_crest": {"dmean": 1.81492626667, "dmean2": 2.95042490959, "max": 25.1870670319, "dvar": 2.95383310318, "mean": 7.31098651886, "dvar2": 7.82227659225, "min": 2.19569897652, "var": 8.43125534058, "median": 6.64086532593}, "hfc": {"dmean": 6.81415462494, "dmean2": 8.94158267975, "max": 139.404815674, "dvar": 67.3716583252, "mean": 22.4334068298, "dvar2": 119.932983398, "min": 1.10328099405e-16, "var": 297.568664551, "median": 18.2876796722}, "barkbands_kurtosis": {"dmean": 1.34814810753, "dmean2": 2.06501698494, "max": 287.101867676, "dvar": 9.93761920929, "mean": 2.65954303741, "dvar2": 17.5019168854, "min": -1.96658933163, "var": 185.516372681, "median": 0.600056886673}, "erbbands": {"dmean": [0.035120613873, 0.352318882942, 1.61232197285, 3.12903261185, 5.47470378876, 3.30547428131, 8.2333240509, 12.6622886658, 11.8396081924, 24.1229877472, 20.5618839264, 29.2752723694, 29.075258255, 17.4625988007, 25.6454696655, 13.9148216248, 16.445936203, 18.8873710632, 19.8963947296, 14.391626358, 11.2992744446, 10.0590953827, 11.3006629944, 12.2585248947, 8.69855976105, 7.29307222366, 5.99304866791, 5.23781681061, 4.90323925018, 4.36159324646, 2.28798055649, 1.8327755928, 1.33792161942, 0.631646752357, 0.20551893115, 0.0709140747786, 0.0171244069934, 0.00261189136654, 0.000301393447444, 2.47665902862e-05], "dmean2": [0.0590577423573, 0.592831790447, 2.76929092407, 5.31541538239, 9.57225894928, 5.34879493713, 12.9456720352, 20.2286949158, 19.1645450592, 39.4135017395, 33.4037399292, 47.17578125, 46.4899864197, 27.7332057953, 41.7871780396, 22.4510307312, 26.9331092834, 30.7948150635, 31.9522037506, 21.9920139313, 16.9413661957, 14.9442882538, 16.8621902466, 18.691652298, 12.8034934998, 10.533288002, 8.56886577606, 7.59394025803, 6.94846963882, 6.48277282715, 3.38626170158, 2.69996833801, 1.99730837345, 0.890500664711, 0.293576270342, 0.106769159436, 0.0256744325161, 0.00395660381764, 0.000482135248603, 3.90551467717e-05], "max": [0.693587660789, 7.94761276245, 27.8661880493, 46.1960334778, 103.136711121, 172.153106689, 298.228271484, 574.104248047, 546.743530273, 782.496032715, 1387.91674805, 980.294433594, 1248.97460938, 643.190002441, 1293.09838867, 757.884399414, 366.289459229, 428.297729492, 713.704406738, 515.288574219, 389.190185547, 260.863189697, 300.723815918, 354.707672119, 301.358062744, 304.988098145, 180.864227295, 320.858886719, 147.799514771, 113.727165222, 117.481918335, 130.463424683, 148.636291504, 51.8901824951, 27.7977600098, 4.81036281586, 1.39062964916, 0.166862651706, 0.0114500522614, 0.000538729073014], "dvar": [0.0032551442273, 0.342017501593, 6.27979564667, 19.2235469818, 119.308982849, 40.6310157776, 276.760253906, 675.336120605, 587.464904785, 2060.73022461, 2212.35668945, 3173.27075195, 3808.66479492, 1129.66040039, 4050.11962891, 762.015563965, 486.91583252, 676.263671875, 772.233398438, 550.842468262, 278.837554932, 204.941314697, 292.426940918, 247.522750854, 189.99697876, 163.523712158, 104.117576599, 107.653190613, 75.3993148804, 59.471446991, 15.9875898361, 19.0916118622, 22.6502933502, 2.81205797195, 0.337475717068, 0.0270389206707, 0.00151449907571, 2.9726395951e-05, 4.10904419823e-07, 2.53285037388e-09], "mean": [0.0895829573274, 0.756859958172, 2.66846013069, 5.10230875015, 6.3112206459, 5.15537309647, 12.8861293793, 18.4838752747, 20.6339511871, 47.7791290283, 33.8184356689, 47.0462226868, 46.5962295532, 31.3152217865, 42.785484314, 24.4780635834, 30.2797851562, 35.7047386169, 36.2294883728, 25.8076267242, 20.4220066071, 18.5249061584, 21.373878479, 25.2112178802, 17.4301509857, 14.7764492035, 11.7278966904, 9.22444057465, 8.67513465881, 7.08828496933, 4.03851747513, 3.03054046631, 2.1370742321, 1.07486927509, 0.318979591131, 0.0943387895823, 0.023361409083, 0.00369297713041, 0.000390910281567, 4.96028442285e-05], "dvar2": [0.00867206044495, 0.930711090565, 17.7933044434, 53.5522117615, 340.068725586, 92.0239562988, 654.191162109, 1758.35351562, 1474.89196777, 5270.39501953, 5945.22021484, 8022.890625, 9771.28808594, 2767.62280273, 11124.6669922, 2083.78808594, 1263.22705078, 1701.05236816, 1876.21899414, 1334.37548828, 618.034179688, 456.103515625, 668.860473633, 554.087524414, 406.34185791, 337.943756104, 213.164230347, 233.309875488, 144.896911621, 129.150588989, 33.7980003357, 37.3889312744, 49.817615509, 5.44400262833, 0.755858659744, 0.0619753338397, 0.00330207566731, 6.52894595987e-05, 1.04939476842e-06, 6.81895961918e-09], "min": [9.13500044722e-23, 1.12162621447e-21, 4.30832740742e-21, 1.74541216168e-20, 1.66390498298e-20, 2.23242056343e-20, 6.44842088201e-20, 7.84370073821e-20, 1.18468005999e-19, 1.86028964806e-19, 3.08434092026e-19, 5.02125411792e-19, 8.33930716544e-19, 1.03323440507e-18, 9.8184291438e-19, 2.18414497164e-18, 1.97886810852e-18, 2.17899680631e-18, 3.56821397145e-18, 4.04379815592e-18, 5.87937397372e-18, 5.87522400859e-18, 7.69583695629e-18, 8.50878427204e-18, 9.11209341489e-18, 8.85249849607e-18, 1.15186951706e-17, 1.13425114904e-17, 1.2776908847e-17, 1.06586341287e-17, 1.45971255752e-17, 1.3581132716e-17, 1.03858299627e-17, 8.47402531552e-18, 7.33655353877e-18, 4.87285440051e-18, 2.51567048255e-18, 1.00295287381e-18, 2.64452304321e-19, 3.10867980506e-20], "var": [0.00391655415297, 0.368132591248, 5.92957830429, 21.6969509125, 97.4769363403, 73.2286682129, 525.434692383, 883.114501953, 924.220336914, 5929.25537109, 3082.64355469, 5379.38964844, 5973.18701172, 2391.72387695, 7249.87011719, 1255.35766602, 913.280395508, 1271.5135498, 1605.68249512, 1030.28515625, 493.853973389, 461.659820557, 643.180786133, 608.149963379, 445.475830078, 447.903411865, 300.294158936, 240.554641724, 200.826309204, 119.513343811, 40.1775360107, 46.6827964783, 40.0351982117, 6.01417541504, 0.574979305267, 0.0393643416464, 0.00248310342431, 5.25676623511e-05, 5.19410093602e-07, 2.70586864026e-09], "median": [0.0803325921297, 0.644896149635, 2.0802936554, 3.7805082798, 3.1319732666, 2.37710785866, 5.33007192612, 8.93895149231, 10.13667202, 15.6059551239, 17.531206131, 20.8670654297, 24.7595767975, 14.4641189575, 18.9612407684, 14.3063526154, 21.6886463165, 24.7685203552, 25.0891590118, 15.746178627, 13.88194561, 11.6400852203, 13.0355529785, 17.8313732147, 11.5855073929, 7.28198480606, 4.51421499252, 2.86523628235, 1.95404624939, 1.87879931927, 1.39648365974, 1.03678441048, 0.725211322308, 0.399278134108, 0.118391565979, 0.036770299077, 0.00889518950135, 0.0012893776875, 0.000127405277453, 3.58468314516e-05]}, "spectral_energy": {"dmean": 0.00757851172239, "dmean2": 0.01141537074, "max": 0.0999764278531, "dvar": 8.15607272671e-05, "mean": 0.0252108480781, "dvar2": 0.000189355749171, "min": 9.9642822823e-21, "var": 0.000229268989642, "median": 0.0224440228194}, "zerocrossingrate": {"dmean": 0.0102712279186, "dmean2": 0.0114423409104, "max": 0.72216796875, "dvar": 0.00015148356033, "mean": 0.0643488243222, "dvar2": 0.000186435267096, "min": 0.0029296875, "var": 0.00162546208594, "median": 0.056640625}, "spectral_energyband_high": {"dmean": 0.00048629520461, "dmean2": 0.000641599588562, "max": 0.015042360872, "dvar": 5.49241747194e-07, "mean": 0.00104762462433, "dvar2": 9.62206286204e-07, "min": 7.37840582753e-21, "var": 2.