{"tonal": {"hpcp": {"dvar": [0.0135070318356, 0.0184568762779, 0.0220111720264, 0.0255313292146, 0.0183181241155, 0.0110548948869, 0.0128835253417, 0.0160759091377, 0.0325870476663, 0.0440251789987, 0.0295663569123, 0.020035116002, 0.0119936717674, 0.0134336007759, 0.0191782638431, 0.0260563232005, 0.0356157645583, 0.0430977977812, 0.0485210753977, 0.042255371809, 0.0456336513162, 0.0380054824054, 0.0426167622209, 0.0550020337105, 0.051594607532, 0.0365762114525, 0.0274562183768, 0.0269173886627, 0.0314495451748, 0.0406569167972, 0.0486352369189, 0.0227791294456, 0.0191455762833, 0.0173962078989, 0.0124222189188, 0.0124943163246], "var": [0.0137711418793, 0.0164171475917, 0.0285122599453, 0.0540241114795, 0.0251244716346, 0.00960895605385, 0.0090381167829, 0.016247715801, 0.0709270834923, 0.167273178697, 0.0603835396469, 0.0161761604249, 0.00979778822511, 0.00991318561137, 0.025929518044, 0.0569534897804, 0.0430614650249, 0.0530738756061, 0.101516284049, 0.0657280534506, 0.0395190194249, 0.0410716198385, 0.0451603382826, 0.0710117146373, 0.101989686489, 0.0496777556837, 0.0220178905874, 0.0214849393815, 0.0304429642856, 0.0783538371325, 0.128502964973, 0.0358258336782, 0.0285439491272, 0.0561681091785, 0.0194009430707, 0.0101072732359], "median": [0.00151213281788, 0.00151707150508, 0.00254720612429, 0.00334311602637, 0.00217463052832, 0.000889784714673, 0.000745889439713, 0.00307407719083, 0.0587726607919, 0.109141238034, 0.0632410123944, 0.00213071960025, 0.000564618268982, 0.00057681160979, 0.00132635410409, 0.0037299732212, 0.00744470302016, 0.0248867608607, 0.0387179106474, 0.0297389645129, 0.00815825536847, 0.00250173988752, 0.00309567712247, 0.0068972161971, 0.00601307908073, 0.00303971790709, 0.00126325152814, 0.000860960280988, 0.0042501622811, 0.0528928935528, 0.0664977654815, 0.0368851423264, 0.00320270727389, 0.00116998062003, 0.00127857248299, 0.00133498886134], "max": [1, 1, 1, 1, 1, 1, 1, 1, 1, 1, 1, 1, 1, 1, 1, 1, 1, 1, 1, 1, 1, 1, 1, 1, 1, 1, 1, 1, 1, 1, 1, 1, 1, 1, 1, 1], "dmean": [0.0391433723271, 0.0476070269942, 0.0606726892292, 0.0629054456949, 0.0513451211154, 0.0291178487241, 0.0301493220031, 0.0475462973118, 0.110607370734, 0.119582958519, 0.107327349484, 0.0531637519598, 0.0322000086308, 0.0335740894079, 0.0508390367031, 0.0695129185915, 0.0934904888272, 0.116232275963, 0.126223579049, 0.122301995754, 0.102835379541, 0.0842559561133, 0.0965676829219, 0.128163516521, 0.114786192775, 0.0939167141914, 0.0635102987289, 0.0604073964059, 0.0796864703298, 0.126439586282, 0.131226733327, 0.093672759831, 0.0567515864968, 0.045962203294, 0.0425469614565, 0.0367176048458], "dmean2": [0.0690557137132, 0.0856795683503, 0.104737482965, 0.106564708054, 0.0892866700888, 0.0532640554011, 0.0561839155853, 0.0850625559688, 0.188437953591, 0.196311220527, 0.18481451273, 0.097790338099, 0.0595422051847, 0.0618611127138, 0.0895774140954, 0.118810966611, 0.163518890738, 0.203524515033, 0.218027412891, 0.208544552326, 0.186895027757, 0.152276277542, 0.172806411982, 0.228297024965, 0.203500509262, 0.1622633636, 0.116619385779, 0.111816219985, 0.142909869552, 0.214319646358, 0.21558637917, 0.159244328737, 0.101339586079, 0.0785147100687, 0.0751555040479, 0.06608325243], "mean": [0.0346521660686, 0.0401229262352, 0.069675065577, 0.0934661701322, 0.0593531019986, 0.022904869169, 0.0216568484902, 0.0404916256666, 0.210672751069, 0.353006720543, 0.19634771347, 0.0395943671465, 0.0241213105619, 0.0236495491117, 0.0589262470603, 0.0994435921311, 0.100112341344, 0.135411262512, 0.205525100231, 0.163660421968, 0.0847507566214, 0.0765007585287, 0.0863544568419, 0.141993254423, 0.172989413142, 0.104407697916, 0.045975830406, 0.0437025986612, 0.0689720734954, 0.204934358597, 0.272341221571, 0.131780415773, 0.0667599439621, 0.0862431824207, 0.0517158173025, 0.0295889936388], "dvar2": [0.035384811461, 0.0526817776263, 0.0616391710937, 0.060920022428, 0.0473946668208, 0.0312379542738, 0.0363077931106, 0.0430436171591, 0.0873675122857, 0.0983518362045, 0.0784964561462, 0.0567373484373, 0.0323346219957, 0.0373435020447, 0.0519508719444, 0.0657086074352, 0.0952698215842, 0.112045273185, 0.121488079429, 0.109958179295, 0.125826880336, 0.100500889122, 0.11360925436, 0.151194185019, 0.130044490099, 0.0972332060337, 0.0756093487144, 0.0758183673024, 0.085118830204, 0.10313360393, 0.111594565213, 0.0616312399507, 0.052892498672, 0.0410756915808, 0.0330044664443, 0.0337223261595], "min": [0, 0, 0, 0, 0, 0, 0, 0, 0, 0, 0, 0, 0, 0, 0, 0, 0, 0, 0, 0, 0, 0, 0, 0, 0, 0, 0, 0, 0, 0, 0, 0, 0, 0, 0, 0]}, "key_key": "C", "thpcp": [1, 0.55621522665, 0.112163208425, 0.0683310255408, 0.0669946148992, 0.166926696897, 0.281704515219, 0.283598959446, 0.3835940063, 0.582212984562, 0.463618427515, 0.24008256197, 0.216711908579, 0.244625538588, 0.402239531279, 0.490045666695, 0.295766890049, 0.130240663886, 0.123801037669, 0.195384591818, 0.580539524555, 0.771490216255, 0.373308509588, 0.189118057489, 0.244310319424, 0.146500945091, 0.0838199183345, 0.0981629043818, 0.113660514355, 0.197376027703, 0.264771640301, 0.168135896325, 0.0648850798607, 0.0613496787846, 0.114704973996, 0.596795320511], "chords_key": "C", "tuning_equal_tempered_deviation": 0.0323537476361, "tuning_frequency": 439.238189697, "tuning_diatonic_strength": 0.520114958286, "chords_histogram": [43.7055358887, 8.53696250916, 7.88741111755, 5.96968746185, 0.18558613956, 4.02103328705, 0.216517165303, 11.0423755646, 0.154655113816, 0.433034330606, 2.13424062729, 0.402103304863, 0.556758403778, 0.556758403778, 0.0618620477617, 0.247448191047, 0, 0.587689459324, 0.123724095523, 0, 0, 0, 0.896999716759, 12.2796163559], "key_strength": 0.725136101246, "key_scale": "minor", "chords_strength": {"dvar": 0.000674658920616, "var": 0.0246659554541, "median": 0.541725516319, "max": 0.782353997231, "dmean": 0.0111218327656, "dmean2": 0.00997124519199, "mean": 0.527174115181, "dvar2": 0.00127459829673, "min": -1}, "chords_number_rate": 0.00247448193841, "tuning_nontempered_energy_ratio": 0.656602859497, "hpcp_entropy": {"dvar": 0.302182286978, "var": 0.680760920048, "median": 1.59784114361, "max": 4.62323522568, "dmean": 0.560374438763, "dmean2": 0.93272125721, "mean": 1.59229683876, "dvar2": 0.757251381874, "min": 0}, "chords_changes_rate": 0.0553665310144, "chords_scale": "minor"}, "rhythm": {"bpm_histogram_first_peak_spread": {"dvar": 0, "var": 0, "median": 0.408284068108, "max": 0.408284068108, "dmean": 0, "dmean2": 0, "mean": 0.408284068108, "dvar2": 0, "min": 0.408284068108}, "bpm_histogram_first_peak_weight": {"dvar": 0, "var": 0, "median": 0.384615391493, "max": 0.384615391493, "dmean": 0, "dmean2": 0, "mean": 0.384615391493, "dvar2": 0, "min": 0.384615391493}, "bpm_histogram_first_peak_bpm": {"dvar": 0, "var": 0, "median": 99, "max": 99, "dmean": 0, "dmean2": 0, "mean": 99, "dvar2": 0, "min": 99}, "bpm": 99.4703598022, "bpm_histogram_second_peak_weight": {"dvar": 0, "var": 0, "median": 0.0461538471282, "max": 0.0461538471282, "dmean": 0, "dmean2": 0, "mean": 0.0461538471282, "dvar2": 0, "min": 0.0461538471282}, "beats_loudness": {"dvar": 0.000493254163302, "var": 0.000603492022492, "median": 0.0225359480828, "max": 0.200247898698, "dmean": 0.0213607437909, "dmean2": 0.0372083112597, "mean": 0.0272862017155, "dvar2": 0.00144135090522, "min": 2.99172775442e-08}, "beats_loudness_band_ratio": {"dvar": [0.0442113466561, 0.0363254472613, 0.021189333871, 0.0146034220234, 0.00265657762066, 0.0137620810419], "var": [0.0754923000932, 0.0762788206339, 0.0244963299483, 0.0106251789257, 0.00172431010287, 0.0160703063011], "median": [0.325138181448, 0.536437988281, 0.0247113760561, 0.00438720919192, 0.00324454344809, 0.00115863373503], "max": [0.958637595177, 0.990770459175, 0.805791318417, 0.63313126564, 0.331416904926, 0.978625833988], "dmean": [0.254157960415, 0.232037395239, 0.109276860952, 0.0672190114856, 0.0250512231141, 0.0327894464135], "dmean2": [0.439270585775, 0.394341319799, 0.196402862668, 0.126488104463, 0.0463717393577, 0.0640384703875], "mean": [0.363970130682, 0.537566483021, 0.101423799992, 0.0463289245963, 0.0174912214279, 0.0280402824283], "dvar2": [0.111858248711, 0.101339399815, 0.0516098514199, 0.0415622852743, 0.00782446749508, 0.0371666364372], "min": [0.000585930538364, 3.58812917511e-06, 5.37770392839e-06, 2.30214645853e-05, 6.59525467199e-05, 4.5935237722e-05]}, "bpm_histogram_second_peak_bpm": {"dvar": 0, "var": 0, "median": 108, "max": 108, "dmean": 0, "dmean2": 0, "mean": 108, "dvar2": 0, "min": 108}, "onset_rate": 2.92506408691, "beats_count": 261, "beats_position": [0.545668900013, 1.11455774307, 1.67183673382, 2.24072551727, 2.79800438881, 3.35528349876, 3.9125623703, 4.49306106567, 5.08516979218, 5.66566896439, 6.25777769089, 6.83827638626, 7.41877555847, 7.87156438828, 8.33596324921, 8.80036258698, 9.26476192474, 9.72916126251, 10.1819496155, 10.6579589844, 11.1339683533, 11.6099767685, 12.0859861374, 12.5503854752, 13.0263938904, 13.4211339951, 13.8158731461, 14.2222223282, 14.6169614792, 15.0000905991, 15.3832197189, 15.7663488388, 16.1494789124, 16.5209980011, 16.8925170898, 17.2640361786, 17.6239452362, 18.1231746674, 18.6224040985, 19.1332416534, 19.6324710846, 20.1317005157, 20.6309299469, 21.1417675018, 21.640996933, 22.128616333, 22.7207260132, 23.312833786, 23.9165534973, 24.5086612701, 25.1123809814, 25.7160987854, 26.3198184967, 26.9119262695, 27.5040359497, 28.1077537537, 28.7463035583, 29.3964614868, 29.9769611359, 30.5458488464, 31.1147384644, 31.7068481445, 32.2989578247, 32.8910636902, 33.4831733704, 34.0868911743, 34.690612793, 35.2827186584, 35.8632202148, 36.4437179565, 37.0358276367, 37.6395454407, 38.2432632446, 38.823764801, 39.4042625427, 39.9615402222, 40.5420417786, 41.1225395203, 41.703037262, 42.2835350037, 42.8756446838, 43.4909744263, 44.0946922302, 44.6984100342, 45.3021316528, 45.9058494568, 46.5095672607, 47.1132888794, 47.7170066833, 48.3207244873, 48.9244422913, 49.5281639099, 50.1434898376, 50.7820396423, 51.420589447, 52.0591392517, 52.7092971802, 53.3362350464, 53.8238525391, 54.3114738464, 54.7990913391, 55.275100708, 55.7511100769, 56.2155075073, 56.6915168762, 57.1675262451, 57.6319274902, 58.0847167969, 58.5375061035, 59.0019035339, 59.5824012756, 60.162902832, 60.7550086975, 61.3471183777, 61.9276161194, 62.5081176758, 63.0886154175, 63.6691131592, 64.2728347778, 64.864944458, 65.4802703857, 66.0839920044, 66.6877059937, 67.2914276123, 67.90675354, 68.5220870972, 69.1374130249, 69.7527389526, 70.3680725098, 70.971786499, 71.5638961792, 72.1560058594, 72.7481155396, 73.3518371582, 73.9555511475, 74.5592727661, 75.1513824463, 75.7434921265, 76.3356018066, 76.9160995483, 77.4849853516, 78.0654830933, 78.6343765259, 79.2032623291, 79.7605438232, 80.3294296265, 80.8983230591, 81.4788208008, 82.0593185425, 82.6398162842, 83.2087097168, 83.835647583, 84.4509735107, 85.0662994385, 85.6816329956, 86.2853469849, 86.8890686035, 87.5043945312, 88.1081161499, 88.7118377686, 89.3039474487, 89.907661438, 90.4997711182, 91.1267089844, 91.7420425415, 92.3573684692, 92.9843063354, 93.5996322632, 94.2149658203, 94.830291748, 95.4456253052, 96.0609512329, 96.6646728516, 97.2683868408, 97.8721084595, 98.4526062012, 99.0331039429, 99.625213623, 100.228935242, 100.821044922, 101.424758911, 102.02848053, 102.632194519, 103.235916138, 103.851242065, 104.466575623, 105.08190155, 105.697235107, 106.312561035, 106.927886963, 107.531608582, 108.1353302, 108.739044189, 109.342765808, 109.946479797, 110.573425293, 111.188751221, 111.804077148, 112.431015015, 113.05796051, 113.684898376, 114.311836243, 114.938774109, 115.565711975, 116.20426178, 116.842811584, 117.481361389, 118.119903564, 118.770065308, 119.385391235, 120.012336731, 120.61605072, 121.231384277, 121.846710205, 122.462036133, 123.065757751, 123.66947937, 124.284805298, 124.900131226, 125.515464783, 126.154014587, 126.769340515, 127.396278381, 127.988388062, 128.592102051, 129.195831299, 129.799545288, 130.414871216, 131.030197144, 131.645523071, 132.260864258, 132.864578247, 133.479904175, 134.095230103, 134.722167969, 135.337509155, 135.952835083, 136.579772949, 137.195098877, 137.810424805, 138.414154053, 139.02947998, 139.644805908, 140.202087402, 140.759368896, 141.316635132, 141.873916626, 142.43119812, 143.000091553, 143.545761108, 144.103042603, 144.63710022, 145.182769775, 145.716827393, 146.25088501, 146.773330688, 147.295776367, 147.818222046, 148.340682983, 148.863128662, 149.385574341], "danceability": 1.08671474457, "bpm_histogram_second_peak_spread": {"dvar": 0, "var": 0, "median": 0.571428537369, "max": 0.571428537369, "dmean": 0, "dmean2": 0, "mean": 0.571428537369, "dvar2": 0, "min": 0.571428537369}}, "lowlevel": {"spectral_flux": {"dvar": 0.000473859894555, "var": 0.00150284904521, "median": 0.0344862490892, "max": 0.340119928122, "dmean": 0.0172597058117, "dmean2": 0.0273382198066, "mean": 0.0452944822609, "dvar2": 0.00108642713167, "min": 0.000104784725409}, "spectral_rolloff": {"dvar": 663073.6875, "var": 7122204, "median": 322.998046875, "max": 21942.3339844, "dmean": 170.146743774, "dmean2": 291.258270264, "mean": 848.147583008, "dvar2": 1539431.875, "min": 43.06640625}, "barkbands_flatness_db": {"dvar": 0.000643254257739, "var": 0.00637562666088, "median": 0.278418540955, "max": 0.514275670052, "dmean": 0.0247238185257, "dmean2": 0.0356864072382, "mean": 0.27831697464, "dvar2": 0.00126562046353, "min": 0.0580353550613}, "spectral_centroid": {"dvar": 60881.4765625, "var": 452396.75, "median": 336.69329834, "max": 10887.6591797, "dmean": 99.0721588135, "dmean2": 143.619735718, "mean": 541.16583252, "dvar2": 104819.765625, "min": 134.809402466}, "melbands_skewness": {"dvar": 0.892632067204, "var": 3.7839319706, "median": 2.69973230362, "max": 12.8656845093, "dmean": 0.854693591595, "dmean2": 1.30749166012, "mean": 2.97787213326, "dvar2": 2.09649777412, "min": -1.29440772533}, "melbands": {"dvar": [1.03671737861e-07, 3.31176778445e-07, 9.71639110503e-07, 8.60595662289e-07, 7.29625696749e-07, 4.82236998778e-07, 1.12383851558e-07, 3.77718158973e-08, 3.50834312712e-07, 2.6495166594e-07, 4.45016432593e-08, 8.35697733237e-09, 5.02712138584e-09, 1.10437161638e-08, 6.50949072423e-09, 9.57040668936e-10, 2.39614839082e-09, 1.41631151251e-09, 3.67236074883e-10, 7.77623937465e-11, 2.34765019924e-11, 1.45673709206e-10, 1.47979906107e-10, 8.84521796085e-12, 9.58454669797e-12, 6.40596048429e-11, 7.18385290491e-12, 1.63847288601e-12, 1.55186844278e-12, 1.00938690999e-12, 3.28133700767e-12, 2.63627466211e-12, 3.67042637603e-12, 3.60213356539e-12, 1.42905489959e-12, 4.98021003777e-13, 4.07191505991e-13, 4.01966329146e-13, 5.34339066049e-13, 4.43766632599e-13], "var": [1.55722517547e-07, 5.39913173725e-07, 1.95520146917e-06, 3.27478232975e-06, 5.37283085578e-06, 2.18302625399e-06, 3.31853186708e-07, 1.09441224083e-07, 7.04294393472e-07, 8.67943299454e-07, 1.42667232694e-07, 2.56324153014e-08, 1.8564055182e-08, 4.49040236106e-08, 2.80887562099e-08, 2.2110686615e-09, 4.5966626061e-09, 5.3765245589e-09, 1.46137268953e-09, 2.04406061521e-10, 8.21844745036e-11, 6.36855568281e-10, 5.39168709679e-10, 2.17504226435e-11, 2.75037527475e-11, 2.31884317303e-10, 2.69222144578e-11, 3.673428315e-12, 2.64483769087e-12, 1.74565917277e-12, 5.13469692112e-12, 3.59755107648e-12, 6.83912648736e-12, 4.93357871917e-12, 2.44550430253e-12, 1.1209210643e-12, 1.17807770917e-12, 1.05943108019e-12, 1.06833216319e-12, 6.14768977912e-13], "median": [3.69222689187e-05, 0.000155571848154, 0.000314447388519, 0.000499932502862, 0.000441349635366, 0.000151206695591, 2.33114806178e-05, 3.17369222103e-06, 6.23294181423e-06, 3.56232385457e-06, 4.08184450862e-06, 1.134695367e-06, 8.51695745041e-07, 6.38080678073e-07, 5.41085455552e-07, 2.40755127834e-07, 3.44874621305e-07, 2.55194038346e-07, 3.12274039516e-07, 1.97398406954e-07, 1.49236399238e-07, 2.36805277609e-07, 2.13262126181e-07, 1.18786175562e-07, 9.69280620211e-08, 8.59792805841e-08, 4.73497578923e-08, 4.44620411599e-08, 3.44859429902e-08, 1.6482676557e-08, 1.05962030261e-08, 8.18037371175e-09, 7.7283495159e-09, 5.39310507364e-09, 4.43383108006e-09, 3.85493148514e-09, 2.94685831292e-09, 2.2667021593e-09, 1.54464796509e-09, 1.41621470107e-09], "max": [0.00653327768669, 0.0102447373793, 0.0175188817084, 0.0185293704271, 0.0242427550256, 0.0163261517882, 0.0107510183007, 0.00701816286892, 0.0200624279678, 0.0197181291878, 0.0108402892947, 0.0025479500182, 0.002530422993, 0.00486467825249, 0.00460750749335, 0.00128509651404, 0.00219442555681, 0.00191317789722, 0.000631441944279, 0.000316485587973, 0.000198874986381, 0.000465791410534, 0.00046580756316, 0.000102911872091, 8.54894678923e-05, 0.00038473852328, 0.000112993599032, 4.15931135649e-05, 4.09407984989e-05, 3.75561830879e-05, 9.06426867004e-05, 0.000105456201709, 0.000122521698358, 0.000131221007905, 7.10028034518e-05, 3.79664088541e-05, 4.54047112726e-05, 3.32079071086e-05, 3.5070519516e-05, 3.55945558113e-05], "dmean": [0.000124530022731, 0.000256815401372, 0.000447834172519, 0.00046066660434, 0.00044155944488, 0.000293727440294, 9.35526550165e-05, 4.3641684897e-05, 8.67507842486e-05, 7.0637826866e-05, 3.97264411731e-05, 2.06894746952e-05, 1.43387151184e-05, 1.79288126674e-05, 1.21094390124e-05, 5.02313969264e-06, 6.95316202837e-06, 7.21758715372e-06, 4.10780012317e-06, 1.90476202988e-06, 1.11186966478e-06, 3.05901062347e-06, 2.76837454294e-06, 7.46587204503e-07, 7.95673656739e-07, 1.65889764503e-06, 5.90900754105e-07, 3.31197895775e-07, 2.74911599263e-07, 1.55106263833e-07, 2.10506570397e-07, 1.49874608724e-07, 1.69083335777e-07, 1.73788862412e-07, 1.45878260582e-07, 9.27040417764e-08, 8.83661286366e-08, 8.74737366985e-08, 8.93778846489e-08, 6.9965757632e-08], "dmean2": [0.000190390317584, 0.000410954817198, 0.000695914612152, 0.000695381197147, 0.000600459577981, 0.000412252004026, 0.000136517148349, 6.32399969618e-05, 0.000125093487441, 9.73041387624e-05, 5.14872008353e-05, 2.82542059722e-05, 1.87805217138e-05, 2.30818113778e-05, 1.6259478798e-05, 7.2334264587e-06, 1.00270181065e-05, 9.58590135269e-06, 5.39928350918e-06, 2.66581037067e-06, 1.53127996327e-06, 4.04525690101e-06, 3.83823635275e-06, 1.04160710634e-06, 1.12484542569e-06, 2.31795775107e-06, 8.39795688989e-07, 4.89698663841e-07, 4.11187215832e-07, 2.32751176554e-07, 3.19115940783e-07, 2.15714294427e-07, 2.35710459151e-07, 2.4185024472e-07, 2.00855396315e-07, 1.33435250405e-07, 1.17968824043e-07, 1.20944491755e-07, 1.27117246507e-07, 1.05126119365e-07], "mean": [0.000173915046616, 0.000453995744465, 0.00087564077694, 0.00119955022819, 0.00142049160786, 0.000761015631724, 0.000196622961084, 7.79176334618e-05, 0.000150991400005, 0.000152466309373, 8.70139410836e-05, 4.20428914367e-05, 3.09841634589e-05, 3.78657678084e-05, 2.47543102887e-05, 8.7793723651e-06, 1.09989678094e-05, 1.35266809593e-05, 8.05590025266e-06, 3.27514226228e-06, 2.17483079723e-06, 6.43370822218e-06, 5.6413632592e-06, 1.39368103191e-06, 1.44140187786e-06, 3.05703474623e-06, 1.13300473004e-06, 5.62635079859e-07, 3.9696428189e-07, 2.11241783177e-07, 2.73352270597e-07, 1.92677816813e-07, 2.39599330598e-07, 2.29736528468e-07, 2.17667192715e-07, 1.41422233924e-07, 1.36719734201e-07, 1.31583973939e-07, 1.2071329536e-07, 9.05086281477e-08], "dvar2": [2.26591950536e-07, 8.20744446628e-07, 2.31235117099e-06, 2.09018480746e-06, 1.4158574686e-06, 9.9510077689e-07, 2.31333984857e-07, 7.29264399979e-08, 8.36084609546e-07, 5.45078137293e-07, 7.29531990373e-08, 1.71150809081e-08, 8.86067219596e-09, 1.93747080601e-08, 1.17244871589e-08, 2.1376014292e-09, 4.88790830033e-09, 2.34548314104e-09, 6.29487129089e-10, 1.43124581631e-10, 4.39115688255e-11, 2.48758402766e-10, 2.52605408813e-10, 1.88550060981e-11, 1.9330700235e-11, 1.27499524827e-10, 1.46794330164e-11, 3.85651450011e-12, 3.47532809822e-12, 2.21293925025e-12, 6.65687990842e-12, 5.51724291253e-12, 5.95111503479e-12, 7.33716212786e-12, 2.69057671108e-12, 9.20204992934e-13, 6.24085852441e-13, 6.51313204758e-13, 9.807739473e-13, 9.39934003026e-13], "min": [4.94888808752e-12, 1.94906791614e-15, 3.23012520425e-15, 1.70911682295e-15, 2.33149566853e-15, 1.77169604061e-15, 2.72983112318e-15, 2.9863588629e-15, 3.74610442967e-15, 1.87974313984e-15, 2.87348536994e-15, 2.98899377064e-15, 4.85964867048e-15, 3.82261903338e-15, 5.26411240851e-15, 5.49308235481e-15, 7.00417558019e-15, 5.18669147955e-15, 7.77356609936e-15, 1.0415747312e-14, 1.15947417886e-14, 7.64985778445e-15, 1.76248735252e-14, 1.44087487167e-14, 2.00892650632e-14, 2.24621719608e-14, 1.03726011477e-14, 1.90846162251e-14, 2.50941709903e-14, 1.74814640709e-14, 2.51968618767e-14, 2.58686013555e-14, 2.58779847865e-14, 2.60477217188e-14, 3.25677358074e-14, 3.24971677985e-14, 2.64663355657e-14, 1.63460452042e-14, 1.58860249987e-14, 2.4511551236e-14]}, "spectral_decrease": {"dvar": 4.20521955733e-18, "var": 2.5745659076e-17, "median": -3.01691338578e-09, "max": 1.07086301293e-14, "dmean": 1.34761424242e-09, "dmean2": 1.85158499644e-09, "mean": -4.76936268257e-09, "dvar2": 8.48759769501e-18, "min": -4.43911112313e-08}, "barkbands_kurtosis": {"dvar": 1429.18151855, "var": 4568.40576172, "median": 19.2857513428, "max": 1499.28015137, "dmean": 15.2169618607, "dmean2": 23.5903530121, "mean": 36.7607955933, "dvar2": 3262.67138672, "min": -1.96765291691}, "silence_rate_30dB": {"dvar": 0.00246931170113, "var": 0.0035458127968, "median": 1, "max": 1, "dmean": 0.00247563049197, "dmean2": 0.00495202746242, "mean": 0.996441841125, "dvar2": 0.00554636446759, "min": 0}, "gfcc": {"mean": [-161.636917114, 132.760498047, -72.0159683228, 19.2929496765, -47.7051353455, -17.8281269073, -43.3139038086, -10.2757892609, -29.039100647, -14.227850914, -12.4426002502, -2.4167444706, -2.67942547798], "cov": [[18252.5097656, 3089.35571289, -3348.90576172, 110.40586853, -1518.85705566, -33.2205085754, -899.672912598, 345.968200684, -449.794219971, -300.510894775, 13.9102630615, -388.773254395, -228.366317749], [3089.35571289, 2057.13037109, -255.542160034, -332.312438965, -15.9516935349, -248.205276489, -61.2084503174, -103.373794556, -132.837265015, -186.611068726, -21.3218955994, -52.4443702698, 37.2697029114], [-3348.90576172, -255.542160034, 1575.49523926, 361.73614502, 322.515594482, 112.70464325, 130.55380249, -73.4548492432, 6.14768075943, 15.8708219528, -110.070747375, 97.3785095215, 47.5723800659], [110.40586853, -332.312438965, 361.73614502, 774.164916992, 174.192520142, 111.177139282, -63.8750534058, 32.0882949829, 51.6717987061, 19.1991634369, -46.6749534607, 1.07242977619, 1.94183540344], [-1518.85705566, -15.9516935349, 322.515594482, 174.192520142, 505.093597412, 44.1195602417, 91.9111785889, -52.4541168213, 63.1228256226, 37.1905899048, -23.1132183075, 9.12418842316, 37.5315895081], [-33.2205085754, -248.205276489, 112.70464325, 111.177139282, 44.1195602417, 326.688812256, 107.703147888, 109.29069519, -5.42636108398, 8.93676948547, -13.916633606, -25.2902126312, -65.7850952148], [-899.672912598, -61.2084503174, 130.55380249, -63.8750534058, 91.9111785889, 107.703147888, 273.236602783, 62.686252594, 7.8740401268, -16.8513793945, 11.1982936859, 20.7196788788, -20.0848655701], [345.968200684, -103.373794556, -73.4548492432, 32.0882949829, -52.4541168213, 109.29069519, 62.686252594, 264.941772461, 26.4328041077, -46.8322601318, 18.0756587982, -47.6096916199, -74.7212142944], [-449.794219971, -132.837265015, 6.14768075943, 51.6717987061, 63.1228256226, -5.42636108398, 7.8740401268, 26.4328041077, 153.4921875, 67.5084686279, 13.5477781296, 4.57624864578, 9.62615013123], [-300.510894775, -186.611068726, 15.8708219528, 19.1991634369, 37.1905899048, 8.93676948547, -16.8513793945, -46.8322601318, 67.5084686279, 183.190765381, 30.4284896851, 18.8464336395, 20.4908981323], [13.9102630615, -21.3218955994, -110.070747375, -46.6749534607, -23.1132183075, -13.916633606, 11.1982936859, 18.0756587982, 13.5477781296, 30.4284896851, 102.604255676, 21.2972488403, -3.61092281342], [-388.773254395, -52.4443702698, 97.3785095215, 1.07242977619, 9.12418842316, -25.2902126312, 20.7196788788, -47.6096916199, 4.57624864578, 18.8464336395, 21.2972488403, 110.398597717, 57.7334747314], [-228.366317749, 37.2697029114, 47.5723800659, 1.94183540344, 37.5315895081, -65.7850952148, -20.0848655701, -74.7212142944, 9.62615013123, 20.4908981323, -3.61092281342, 57.7334747314, 119.600318909]], "icov": [[0.0008406440611, -0.00148683611769, 0.00158312532585, -0.00154741329607, 0.00173641997389, -0.00133973429911, 0.0013527009869, -0.000918804318644, 0.00138702883851, -0.00116923230235, 0.00103591161314, -0.00035067772842, 0.000124442187371], [-0.00148683611769, 0.00329307746142, -0.00275891274214, 0.00295133027248, -0.00325076351874, 0.00272347801365, -0.0023454008624, 0.00177175155841, -0.00214670994319, 0.00265406863764, -0.00188859761693, 0.00105718465056, -0.000433791050455], [0.00158312532585, -0.00275891274214, 0.00394311314449, -0.00323866610415, 0.00287860957906, -0.00255499291234, 0.00217461236753, -0.00161037617363, 0.00285021192394, -0.00231639062986, 0.00298785208724, -0.00165478349663, 0.000473610532936], [-0.00154741329607, 0.00295133027248, -0.00323866610415, 0.00475122407079, -0.00379901845008, 0.00186998804566, -0.00129503454082, 0.00132791965734, -0.00292764813639, 0.00248756306246, -0.00165048509371, 0.000499593268614, -0.000311931071337], [0.00173641997389, -0.00325076351874, 0.00287860957906, -0.00379901845008, 0.00655263243243, -0.00298708304763, 0.00155184522737, -0.000964360951912, 0.00169095746242, -0.00251867924817, 0.00192156760022, 0.000476248475024, -0.000672410940751], [-0.00133973429911, 0.00272347801365, -0.00255499291234, 0.00186998804566, -0.00298708304763, 0.0071945679374, -0.00383560569026, -1.77857255039e-05, -0.000754131935537, 0.000648424436804, -0.00061197928153, 0.000725255289581, 0.0013995988993], [0.0013527009869, -0.0023454008624, 0.00217461236753, -0.00129503454082, 0.00155184522737, -0.00383560569026, 0.0078988596797, -0.00253789732233, 0.0019065591041, -0.00099663855508, 0.0010526929982, -0.00237541692331, 0.000809716351796], [-0.000918804318644, 0.00177175155841, -0.00161037617363, 0.00132791965734, -0.000964360951912, -1.77857255039e-05, -0.00253789732233, 0.00748690171167, -0.00382361840457, 0.00368337100372, -0.00287405517884, 0.00213896180503, 0.00141403218731], [0.00138702883851, -0.00214670994319, 0.00285021192394, -0.00292764813639, 0.00169095746242, -0.000754131935537, 0.0019065591041, -0.00382361840457, 0.0117168985307, -0.00550446519628, 0.0020471890457, -0.000674273294862, -0.000395589682739], [-0.00116923230235, 0.00265406863764, -0.00231639062986, 0.00248756306246, -0.00251867924817, 0.000648424436804, -0.00099663855508, 0.00368337100372, -0.00550446519628, 0.0102293910459, -0.00421084882692, 0.00102152873296, -0.000827527896035], [0.00103591161314, -0.00188859761693, 0.00298785208724, -0.00165048509371, 0.00192156760022, -0.00061197928153, 0.0010526929982, -0.00287405517884, 0.0020471890457, -0.00421084882692, 0.0144879417494, -0.00492554204538, 0.00221816520207], [-0.00035067772842, 0.00105718465056, -0.00165478349663, 0.000499593268614, 0.000476248475024, 0.000725255289581, -0.00237541692331, 0.00213896180503, -0.000674273294862, 0.00102152873296, -0.00492554204538, 0.0157601330429, -0.00703922798857], [0.000124442187371, -0.000433791050455, 0.000473610532936, -0.000311931071337, -0.000672410940751, 0.0013995988993, 0.000809716351796, 0.00141403218731, -0.000395589682739, -0.000827527896035, 0.00221816520207, -0.00703922798857, 0.0141894668341]]}, "silence_rate_20dB": {"dvar": 0, "var": 0, "median": 1, "max": 1, "dmean": 0, "dmean2": 0, "mean": 1, "dvar2": 0, "min": 1}, "barkbands_skewness": {"dvar": 1.41184353828, "var": 8.30466556549, "median": 2.72784423828, "max": 28.9316883087, "dmean": 0.96054661274, "dmean2": 1.47957277298, "mean": 2.98225998878, "dvar2": 3.23630475998, "min": -11.2596149445}, "erbbands_skewness": {"dvar": 0.415337234735, "var": 3.57723212242, "median": 2.23080825806, "max": 9.61228561401, "dmean": 0.601753056049, "dmean2": 0.881176829338, "mean": 2.345662117, "dvar2": 0.826015591621, "min": -5.2827963829}, "spectral_contrast_valleys": {"dvar": [0.189692094922, 0.106204479933, 0.104236423969, 0.0909716784954, 0.0969161093235, 0.101375095546], "var": [2.68890237808, 2.23357129097, 2.11624836922, 1.80584537983, 1.70538198948, 1.36159265041], "median": [-7.98638439178, -8.18806362152, -9.26569366455, -9.6734161377, -9.58340549469, -12.4220104218], "max": [-5.56319141388, -5.23402929306, -5.57435464859, -6.3863325119, -6.42340946198, -7.72787666321], "dmean": [0.461919039488, 0.345101684332, 0.34143781662, 0.304522901773, 0.294091761112, 0.248210445046], "dmean2": [0.719623088837, 0.533621490002, 0.517621934414, 0.44389629364, 0.397708892822, 0.335175275803], "mean": [-8.20007324219, -8.3596572876, -9.30224227905, -9.78660011292, -9.64669322968, -12.1875286102], "dvar2": [0.383636534214, 0.212143868208, 0.199924379587, 0.16265834868, 0.161152631044, 0.159992069006], "min": [-27.181886673, -27.1174564362, -27.1511478424, -26.8102321625, -27.3365001678, -27.214630127]}, "spectral_strongpeak": {"dvar": 0.235788673162, "var": 0.938674390316, "median": 0.582494497299, "max": 10.9716291428, "dmean": 0.298113048077, "dmean2": 0.4670342803, "mean": 0.882247567177, "dvar2": 0.536170423031, "min": 0}, "erbbands_crest": {"dvar": 6.05715274811, "var": 27.851808548, "median": 13.4782915115, "max": 31.3539867401, "dmean": 2.50813436508, "dmean2": 3.95353627205, "mean": 14.1645498276, "dvar2": 15.069560051, "min": 2.2040412426}, "barkbands_crest": {"dvar": 5.31874465942, "var": 28.9743709564, "median": 14.1514949799, "max": 26.695476532, "dmean": 2.33937859535, "dmean2": 3.68016409874, "mean": 15.020368576, "dvar2": 12.5314502716, "min": 3.67579841614}, "spectral_energyband_middle_low": {"dvar": 5.39874126844e-05, "var": 0.000307368201902, "median": 0.00943982880563, "max": 0.150370880961, "dmean": 0.00458549521863, "dmean2": 0.0064402516, "mean": 0.0154645005241, "dvar2": 0.000113312431495, "min": 2.141917828e-13}, "spectral_contrast_coeffs": {"dvar": [0.00174483284354, 0.00142236682586, 0.00101618224289, 0.000676780648064, 0.00041947545833, 0.000208506244235], "var": [0.0139850294217, 0.0152007993311, 0.00934024807066, 0.00593356788158, 0.00407415674999, 0.00179031968582], "median": [-0.564093828201, -0.636519432068, -0.767961502075, -0.811245203018, -0.821119427681, -0.822228550911], "max": [-0.19648052752, -0.234009996057, -0.426318585873, -0.446794748306, -0.527734696865, -0.621398329735], "dmean": [0.048901822418, 0.0431081950665, 0.0350774340332, 0.0281695313752, 0.0218279138207, 0.0162616949528], "dmean2": [0.0781151503325, 0.0671492740512, 0.0530610494316, 0.0421765036881, 0.031936712563, 0.0240889359266], "mean": [-0.560608148575, -0.626444399357, -0.753605306149, -0.794494867325, -0.809041261673, -0.818551242352], "dvar2": [0.00428909575567, 0.00332863396034, 0.00203184131533, 0.00129134766757, 0.000800716341473, 0.000444180477643], "min": [-0.962980866432, -0.964004397392, -0.965272784233, -0.967618763447, -0.957921385765, -0.960617542267]}, "hfc": {"dvar": 18.4663124084, "var": 130.927398682, "median": 3.56173324585, "max": 141.106994629, "dmean": 2.22116661072, "dmean2": 2.81190729141, "mean": 7.64764118195, "dvar2": 32.3339271545, "min": 0.000190278893569}, "spectral_energyband_high": {"dvar": 5.6958327832e-08, "var": 1.482408436e-07, "median": 4.13423686041e-06, "max": 0.0125394901261, "dmean": 3.87291329389e-05, "dmean2": 4.95798703923e-05, "mean": 6.64716208121e-05, "dvar2": 8.11850071614e-08, "min": 4.28431201627e-09}, "erbbands_spread": {"dvar": 120.999229431, "var": 472.718719482, "median": 13.3856754303, "max": 155.199935913, "dmean": 6.27447986603, "dmean2": 9.33721923828, "mean": 20.5879116058, "dvar2": 263.488525391, "min": 0.63088953495}, "dissonance": {"dvar": 0.00106505642179, "var": 0.00419488595799, "median": 0.404521524906, "max": 0.5, "dmean": 0.0344644710422, "dmean2": 0.0556471049786, "mean": 0.394508957863, "dvar2": 0.00269644404761, "min": 0.121638976038}, "spectral_kurtosis": {"dvar": 53.3855018616, "var": 255.519088745, "median": 14.4949321747, "max": 120.47857666, "dmean": 6.04989528656, "dmean2": 9.61295700073, "mean": 18.8406772614, "dvar2": 131.481842041, "min": -1.30473160744}, "spectral_skewness": {"dvar": 0.271590858698, "var": 1.96491205692, "median": 2.99499797821, "max": 9.19844341278, "dmean": 0.516735315323, "dmean2": 0.790369391441, "mean": 3.17849135399, "dvar2": 0.627500593662, "min": -0.502954959869}, "pitch_salience": {"dvar": 0.00427681347355, "var": 0.0232067536563, "median": 0.532731533051, "max": 0.913291454315, "dmean": 0.0674661695957, "dmean2": 0.105246320367, "mean": 0.514482915401, "dvar2": 0.0101225720719, "min": 0.0498972572386}, "spectral_complexity": {"dvar": 2.36899590492, "var": 20.9247837067, "median": 5, "max": 27, "dmean": 1.19108772278, "dmean2": 1.78180134296, "mean": 6.14975261688, "dvar2": 3.94167923927, "min": 0}, "spectral_spread": {"dvar": 549620908032, "var": 14518213148700.0, "median": 2797549, "max": 40677604, "dmean": 499111.59375, "dmean2": 725103.0625, "mean": 3601186.75, "dvar2": 999137869824, "min": 676801.25}, "dynamic_complexity": 6.42944192886, "melbands_crest": {"dvar": 7.22637939453, "var": 29.8592643738, "median": 16.6315727234, "max": 36.7879524231, "dmean": 2.70971274376, "dmean2": 4.33166980743, "mean": 17.2560195923, "dvar2": 18.672454834, "min": 4.52320861816}, "zerocrossingrate": {"dvar": 0.000235252111452, "var": 0.0105542419478, "median": 0.01708984375, "max": 0.9052734375, "dmean": 0.00524968467653, "dmean2": 0.00598133215681, "mean": 0.0359844565392, "dvar2": 0.000205022734008, "min": 0.00341796875}, "spectral_energyband_low": {"dvar": 7.30393094273e-06, "var": 1.29718173412e-05, "median": 0.00102470000274, "max": 0.0444642975926, "dmean": 0.00125536962878, "dmean2": 0.00192633783445, "mean": 0.00236847624183, "dvar2": 1.68266251421e-05, "min": 2.17837275995e-11}, "melbands_kurtosis": {"dvar": 354.636474609, "var": 1015.47570801, "median": 22.1345977783, "max": 332.087890625, "dmean": 13.2639970779, "dmean2": 20.8256034851, "mean": 31.5697498322, "dvar2": 852.440124512, "min": -1.93674004078}, "spectral_energyband_middle_high": {"dvar": 2.54408928413e-06, "var": 1.86778579518e-05, "median": 9.92910936475e-05, "max": 0.0668005868793, "dmean": 0.00053826259682, "dmean2": 0.000654831179418, "mean": 0.00149508495815, "dvar2": 3.67728898709e-06, "min": 3.32837707048e-12}, "barkbands_spread": {"dvar": 38.4147109985, "var": 111.451545715, "median": 2.794942379, "max": 161.726409912, "dmean": 2.32885599136, "dmean2": 3.45261216164, "mean": 6.10461425781, "dvar2": 74.3531265259, "min": 0.0967052206397}, "mfcc": {"mean": [-817.422363281, 171.554107666, 27.1756267548, 35.8412628174, 11.7421388626, -5.71536636353, -4.97725963593, -3.81546545029, -11.9096651077, -10.0156497955, -14.2064809799, -11.7863407135, -9.10993099213], "cov": [[11569.4267578, 628.719299316, -1851.69042969, -424.768798828, -540.467407227, -722.84588623, -203.776687622, 91.1260452271, -441.998535156, 280.516876221, -60.3891029358, -60.0022239685, 26.6396789551], [628.719299316, 1962.04931641, -133.43196106, -73.6904373169, -56.4573669434, -132.668914795, 55.4047546387, -11.057015419, -55.4134101868, -93.5648040771, -108.650627136, -75.3355026245, -94.5338363647], [-1851.69042969, -133.43196106, 1119.76916504, 271.380462646, 181.14251709, 173.872772217, 82.8728256226, 85.9978027344, 119.731117249, -75.6599273682, 28.2025375366, 7.90784072876, -24.2828598022], [-424.768798828, -73.6904373169, 271.380462646, 594.234069824, 276.316650391, 170.221664429, -36.0799179077, -29.8910942078, 60.0118865967, -38.91015625, -27.7442531586, -10.3466796875, -17.0828514099], [-540.467407227, -56.4573669434, 181.14251709, 276.316650391, 400.008117676, 151.93069458, 15.0101118088, 2.61713671684, 64.87059021, 34.162853241, -1.17986774445, -2.79147005081, 7.5982670784], [-722.84588623, -132.668914795, 173.872772217, 170.221664429, 151.93069458, 368.80847168, 51.7795219421, -47.3816452026, 76.6977005005, -26.5931472778, 20.7282390594, 15.0659570694, -38.3502082825], [-203.776687622, 55.4047546387, 82.8728256226, -36.0799179077, 15.0101118088, 51.7795219421, 241.845809937, 126.018447876, 35.0042457581, 20.2607116699, 19.9815578461, 34.9383430481, 13.593916893], [91.1260452271, -11.057015419, 85.9978027344, -29.8910942078, 2.61713671684, -47.3816452026, 126.018447876, 248.942169189, 53.0624313354, 24.9692935944, 36.5467605591, 20.5791988373, 21.5108108521], [-441.998535156, -55.4134101868, 119.731117249, 60.0118865967, 64.87059021, 76.6977005005, 35.0042457581, 53.0624313354, 140.715621948, 35.8765487671, 22.7492256165, 15.1187105179, -12.3041543961], [280.516876221, -93.5648040771, -75.6599273682, -38.91015625, 34.162853241, -26.5931472778, 20.2607116699, 24.9692935944, 35.8765487671, 158.313064575, 57.7647285461, 26.7915973663, 25.8937416077], [-60.3891029358, -108.650627136, 28.2025375366, -27.7442531586, -1.17986774445, 20.7282390594, 19.9815578461, 36.5467605591, 22.7492256165, 57.7647285461, 127.515007019, 57.5491905212, 10.8346090317], [-60.0022239685, -75.3355026245, 7.90784072876, -10.3466796875, -2.79147005081, 15.0659570694, 34.9383430481, 20.5791988373, 15.1187105179, 26.7915973663, 57.5491905212, 109.914215088, 41.2853469849], [26.6396789551, -94.5338363647, -24.2828598022, -17.0828514099, 7.5982670784, -38.3502082825, 13.593916893, 21.5108108521, -12.3041543961, 25.8937416077, 10.8346090317, 41.2853469849, 100.375686646]], "icov": [[0.000155467248987, -3.42710227414e-05, 0.00019014760619, -0.000125419202959, 0.000150415653479, 2.34252947848e-05, 0.00015275174519, -0.000302357133478, 0.000461869232822, -0.00041341476026, 0.000153516870341, -6.02873442404e-05, 0.00016428095114], [-3.42710227414e-05, 0.000619608326815, 3.43241299561e-05, 6.22738734819e-05, -0.000174911299837, 0.000376693409635, -0.000432069035014, 0.000219808440306, -0.000108173524495, 0.000414585520048, 0.000236537511228, 1.38762129609e-06, 0.000633804302197], [0.00019014760619, 3.43241299561e-05, 0.00146651919931, -0.000492178369313, -8.00445268396e-05, 4.43959870609e-05, -0.000174773827894, -0.000505259085912, -0.000246829906246, 0.000544686801732, -0.000446389312856, 0.000171826832229, 0.000214588697418], [-0.000125419202959, 6.22738734819e-05, -0.000492178369313, 0.00302143022418, -0.0018449597992, -0.00050277938135, 0.000654553121421, 0.000157567541464, -0.000620840350166, 0.000977216521278, 0.00050453201402, -0.000368975481251, 8.13432197901e-05], [0.000150415653479, -0.000174911299837, -8.00445268396e-05, -0.0018449597992, 0.00465408479795, -0.0013101749355, 0.000276481645415, -0.00059709942434, 0.000296605867334, -0.00229455134831, 0.000702807446942, 0.000647505396046, -0.00101427850313], [2.34252947848e-05, 0.000376693409635, 4.43959870609e-05, -0.00050277938135, -0.0013101749355, 0.00513600697741, -0.00220702216029, 0.00242668320425, -0.00225440436043, 0.00196028943174, -0.001488894457, -0.000258395390119, 0.00159900577273], [0.00015275174519, -0.000432069035014, -0.000174773827894, 0.000654553121421, 0.000276481645415, -0.00220702216029, 0.00728891929612, -0.00426744297147, 0.00142598897219, -0.00176588445902, 0.00179623370059, -0.00203795498237, -4.04379425163e-05], [-0.000302357133478, 0.000219808440306, -0.000505259085912, 0.000157567541464, -0.00059709942434, 0.00242668320425, -0.00426744297147, 0.00794821791351, -0.00385826220736, 0.00208661216311, -0.00261133373715, 0.00142643623985, -0.00127725163475], [0.000461869232822, -0.000108173524495, -0.000246829906246, -0.000620840350166, 0.000296605867334, -0.00225440436043, 0.00142598897219, -0.00385826220736, 0.0125402277336, -0.00481035653502, 0.00181861943565, -0.0017871359596, 0.00267697265372], [-0.00041341476026, 0.000414585520048, 0.000544686801732, 0.000977216521278, -0.00229455134831, 0.00196028943174, -0.00176588445902, 0.00208661216311, -0.00481035653502, 0.0116302957758, -0.00522910337895, 0.0012864965247, -0.002