{"metadata": {"audio_properties": {"downmix": "mix", "bit_rate": 274669, "lossless": false, "md5_encoded": "482a6ff005d105992d387b8a7214ddc0", "analysis_sample_rate": 44100, "sample_rate": 44100, "replay_gain": -12.7959938049, "equal_loudness": 0, "codec": "aac", "length": 253.561904907}, "tags": {"date": ["2005-11-08"], "musicbrainz_albumid": ["e131f838-cf97-43ef-95b4-66d0cabcf657"], "musicbrainz_recordingid": ["59ded9b4-5d46-4c71-8376-c70e4adc6e6f"], "musicbrainz_artistid": ["403b0a31-630f-4e69-83f0-af06b636f0a6"], "catalognumber": ["DMCR 13982"], "albumartistsort": ["Manx, Harry"], "tracknumber": ["3/12"], "script": ["Latn"], "label": ["Dog My Cat Records"], "barcode": ["624481139822"], "album": ["Mantras for Madmen"], "artist": ["Harry Manx"], "title": ["The Point of Purchase"], "musicbrainz_releasegroupid": ["da081ae0-9fca-33f0-9e9a-d7a889d766ae"], "asin": ["B000BITT1M"], "artistsort": ["Manx, Harry"], "discnumber": ["1/1"], "media": ["CD"], "musicbrainz_albumartistid": ["403b0a31-630f-4e69-83f0-af06b636f0a6"], "file_name": "03. Harry Manx - The Point of Purchase.m4a"}, "version": {"essentia_build_sha": "70f2e5ece6736b2c40cc944ad0e695b16b925413", "essentia_git_sha": "v2.1_beta2", "extractor": "music 1.0", "essentia": "2.1-beta2"}}, "tonal": {"chords_scale": "major", "hpcp": {"dmean": [0.105781048536, 0.0993110537529, 0.0935904234648, 0.0838492289186, 0.0644668936729, 0.0397019535303, 0.0331636145711, 0.0386742837727, 0.0708483606577, 0.0907663106918, 0.0701517686248, 0.040847953409, 0.0390062071383, 0.0447172932327, 0.0556537620723, 0.0653406232595, 0.0817236378789, 0.107472725213, 0.114848062396, 0.096845664084, 0.0784387215972, 0.0928839370608, 0.136658102274, 0.212119057775, 0.197016179562, 0.193576559424, 0.109381005168, 0.0754945725203, 0.0657361596823, 0.0727121159434, 0.0774105787277, 0.0756045803428, 0.0785734653473, 0.0904077067971, 0.0997538715601, 0.10990550369], "dvar2": [0.094089768827, 0.0844159424305, 0.0731060504913, 0.0628987699747, 0.0495274402201, 0.0428925231099, 0.0388687700033, 0.0332279615104, 0.0444457791746, 0.0622489824891, 0.046937841922, 0.0391517728567, 0.0477176457644, 0.0556077249348, 0.0740940794349, 0.0834796801209, 0.0929148793221, 0.11505240202, 0.118308760226, 0.0996234640479, 0.0922341197729, 0.110897623003, 0.133070185781, 0.135024115443, 0.163068547845, 0.123577706516, 0.115034811199, 0.100987784564, 0.0836775302887, 0.0904587730765, 0.0840836167336, 0.0711011216044, 0.0711058005691, 0.0819135010242, 0.0901518464088, 0.0938882157207], "mean": [0.139151081443, 0.10675957799, 0.110634051263, 0.131860822439, 0.0786968916655, 0.031063945964, 0.0234558209777, 0.0315567739308, 0.103515952826, 0.160878315568, 0.0943413153291, 0.0297251753509, 0.0259832777083, 0.0298128910363, 0.0408191755414, 0.0521911345422, 0.0711642727256, 0.114406384528, 0.140890985727, 0.100034989417, 0.0591677650809, 0.0655265673995, 0.108095876873, 0.398042470217, 0.626374781132, 0.352284371853, 0.0791781395674, 0.0488650128245, 0.0436683557928, 0.062251470983, 0.0880524367094, 0.0795928090811, 0.0778404325247, 0.100601628423, 0.1009003371, 0.116477452219], "var": [0.0629386156797, 0.040009547025, 0.0388880930841, 0.0578851401806, 0.0297248475254, 0.012564833276, 0.00992522574961, 0.010577195324, 0.0298185609281, 0.0593374371529, 0.0239634606987, 0.00953686702996, 0.0103236874565, 0.0124225644395, 0.0188848394901, 0.0237062741071, 0.030598340556, 0.0462743677199, 0.064548112452, 0.043833013624, 0.0258737504482, 0.0302665363997, 0.0419127717614, 0.0852179452777, 0.153836324811, 0.0751892328262, 0.0312756560743, 0.0254599638283, 0.0217457786202, 0.0285682622343, 0.0426195859909, 0.0317234918475, 0.0333474688232, 0.0507166720927, 0.0461551807821, 0.040198430419], "dmean2": [0.183712035418, 0.173226550221, 0.162035644054, 0.138361349702, 0.110497280955, 0.0725109651685, 0.0615848638117, 0.0701471418142, 0.120153792202, 0.150518000126, 0.120017588139, 0.0745958611369, 0.07236546278, 0.083271689713, 0.102603361011, 0.119264855981, 0.147068604827, 0.187509655952, 0.195850595832, 0.169311821461, 0.143784746528, 0.17085967958, 0.24645999074, 0.35836738348, 0.33965203166, 0.331703215837, 0.20033185184, 0.141088217497, 0.12249468267, 0.133787736297, 0.139237254858, 0.134440481663, 0.138077840209, 0.157082483172, 0.173185050488, 0.190923675895], "dvar": [0.0369958244264, 0.0313030779362, 0.0275175385177, 0.0269776564091, 0.0200097486377, 0.0155499875546, 0.0136824846268, 0.0122940372676, 0.0175935328007, 0.0257660225034, 0.0176234785467, 0.0137672210112, 0.0166003275663, 0.0195156522095, 0.0266226883978, 0.0302771963179, 0.0340488813818, 0.0424976609647, 0.0466232523322, 0.0378820002079, 0.0341246090829, 0.0410683788359, 0.0495044067502, 0.0511651672423, 0.0694387182593, 0.0459129214287, 0.0412030778825, 0.0369565859437, 0.0308433007449, 0.0324617139995, 0.0317977704108, 0.0267331413925, 0.027925979346, 0.0338992923498, 0.0356475003064, 0.0345124155283], "min": [0, 0, 0, 0, 0, 0, 0, 0, 0, 0, 0, 0, 0, 0, 0, 0, 0, 0, 0, 0, 0, 0, 0, 0, 0, 0, 0, 0, 0, 0, 0, 0, 0, 0, 0, 0], "median": [0.0235348120332, 0.0190932583064, 0.0239178091288, 0.0218418221921, 0.0111153107136, 0.00194916687906, 0.00117404828779, 0.00358472880907, 0.036620400846, 0.0622442662716, 0.0349813997746, 0.00354584003799, 0.00155816413462, 0.00199742661789, 0.00241223163903, 0.00253810128197, 0.00500194961205, 0.0176817122847, 0.0201109405607, 0.00921153649688, 0.00397494388744, 0.00415175361559, 0.021485093981, 0.394940555096, 0.773661375046, 0.334945201874, 0.0105336867273, 0.001031480846, 0.0010971139418, 0.00534053798765, 0.010434333235, 0.0114265196025, 0.00560000073165, 0.00397713109851, 0.00705235125497, 0.0236102566123], "max": [1, 1, 1, 1, 1, 1, 1, 1, 1, 1, 1, 1, 1, 1, 1, 1, 1, 1, 1, 1, 1, 1, 1, 1, 1, 1, 1, 1, 1, 1, 1, 1, 1, 1, 1, 1]}, "tuning_equal_tempered_deviation": 0.0128755215555, "chords_key": "F", "chords_strength": {"dmean": 0.00800607446581, "dvar2": 0.000736558111385, "mean": 0.520095467567, "var": 0.00797204580158, "dmean2": 0.0078540770337, "dvar": 0.00038677212433, "min": -1, "median": 0.522605657578, "max": 0.766876935959}, "tuning_diatonic_strength": 0.576460063457, "thpcp": [1, 0.562417864799, 0.12640696764, 0.0780124217272, 0.0697160214186, 0.0993837416172, 0.140574678779, 0.127068981528, 0.124271340668, 0.160609319806, 0.161086201668, 0.185954883695, 0.222153067589, 0.170440420508, 0.176625967026, 0.210514262319, 0.125638663769, 0.0495932251215, 0.0374469421804, 0.0503800213337, 0.165261998773, 0.256840348244, 0.150614798069, 0.0474558956921, 0.0414819978178, 0.0475959330797, 0.065167337656, 0.083322532475, 0.113612927496, 0.182648450136, 0.224930807948, 0.159704685211, 0.0944606438279, 0.104612395167, 0.172573804855, 0.635470151901], "chords_histogram": [12.7815418243, 2.76506137848, 48.4343528748, 0.0366233289242, 0.60428494215, 0.897271573544, 1.11701154709, 0.402856618166, 0.549349963665, 0, 0.238051638007, 0, 0.292986631393, 0, 0, 0.659219920635, 0, 1.86778974533, 0.585973262787, 23.98828125, 1.08038818836, 2.65519142151, 0.549349963665, 0.494414955378], "tuning_nontempered_energy_ratio": 0.661622405052, "tuning_frequency": 437.971466064, "key_strength": 0.684827148914, "chords_changes_rate": 0.0437648780644, "key_scale": "major", "hpcp_entropy": {"dmean": 0.6072961092, "dvar2": 0.739004075527, "mean": 1.6714001894, "var": 0.643932342529, "dmean2": 1.00297796726, "dvar": 0.299799740314, "min": 0, "median": 1.6781822443, "max": 4.3294801712}, "key_key": "A#", "chords_number_rate": 0.00146493315697}, "lowlevel": {"melbands_skewness": {"dmean": 0.77440994978, "dvar2": 1.88852107525, "mean": 3.25508666039, "var": 4.19536161423, "dmean2": 1.17755544186, "dvar": 0.826057136059, "min": -1.57854175568, "median": 2.88135671616, "max": 18.1042480469}, "melbands_kurtosis": {"dmean": 10.5078344345, "dvar2": 792.349304199, "mean": 26.7013206482, "var": 1339.66699219, "dmean2": 16.3065319061, "dvar": 335.853790283, "min": -1.86538147926, "median": 16.2555236816, "max": 533.765197754}, "barkbands_kurtosis": {"dmean": 5.94417238235, "dvar2": 370.29208374, "mean": 14.0838394165, "var": 491.910644531, "dmean2": 9.30007171631, "dvar": 152.041305542, "min": -1.9376899004, "median": 8.74084186554, "max": 457.248809814}, "hfc": {"dmean": 4.49428319931, "dvar2": 163.633804321, "mean": 11.9434127808, "var": 320.003753662, "dmean2": 6.13958263397, "dvar": 91.4511032104, "min": 1.07894236258e-16, "median": 5.46812725067, "max": 318.316925049}, "silence_rate_20dB": {"dmean": 0, "dvar2": 0, "mean": 1, "var": 0, "dmean2": 0, "dvar": 0, "min": 1, "median": 1, "max": 1}, "erbbands_flatness_db": {"dmean": 0.0177515950054, "dvar2": 0.000829969940241, "mean": 0.176629886031, "var": 0.00211514881812, "dmean2": 0.0251936148852, "dvar": 0.000413248577388, "min": 0.0369171053171, "median": 0.176778972149, "max": 0.396751195192}, "spectral_flux": {"dmean": 0.0268036555499, "dvar2": 0.00373339350335, "mean": 0.0642901659012, "var": 0.00323958648369, "dmean2": 0.0424350909889, "dvar": 0.00159413984511, "min": 6.51646445138e-11, "median": 0.0470828637481, "max": 0.360396593809}, "spectral_energyband_low": {"dmean": 0.00612614816055, "dvar2": 0.000577349681407, "mean": 0.00917417369783, "var": 0.000321736442856, "dmean2": 0.00993163697422, "dvar": 0.000249902135693, "min": 1.49436492963e-23, "median": 0.00374400801957, "max": 0.176481723785}, "spectral_rolloff": {"dmean": 263.779296875, "dvar2": 1304400.125, "mean": 873.722290039, "var": 3629230.75, "dmean2": 448.069824219, "dvar": 626086, "min": 86.1328125, "median": 430.6640625, "max": 21856.2011719}, "spectral_entropy": {"dmean": 0.219373077154, "dvar2": 0.151241824031, "mean": 6.95227575302, "var": 0.435237199068, "dmean2": 0.315413326025, "dvar": 0.0715535506606, "min": 4.34465789795, "median": 6.92363548279, "max": 9.81910228729}, "spectral_energy": {"dmean": 0.00983640179038, "dvar2": 0.000712294597179, "mean": 0.0244536306709, "var": 0.000732660002541, "dmean2": 0.0150965014473, "dvar": 0.000329184607835, "min": 1.00686096293e-20, "median": 0.015208510682, "max": 0.197612464428}, "spectral_centroid": {"dmean": 161.909347534, "dvar2": 188626.46875, "mean": 764.488464355, "var": 870571.5, "dmean2": 245.109573364, "dvar": 97172.96875, "min": 114.808586121, "median": 530.020507812, "max": 11638.4189453}, "barkbands_flatness_db": {"dmean": 0.0241622105241, "dvar2": 0.00160253967624, "mean": 0.199834525585, "var": 0.0044628707692, "dmean2": 0.0362570807338, "dvar": 0.000736300135031, "min": 0.0354596115649, "median": 0.196684390306, "max": 0.560545623302}, "spectral_rms": {"dmean": 0.00083797093248, "dvar2": 3.17844637721e-06, "mean": 0.00429157307371, "var": 5.4396377891e-06, "dmean2": 0.00125521037262, "dvar": 1.55142834046e-06, "min": 3.13417195842e-12, "median": 0.00385195668787, "max": 0.0138849793002}, "melbands": {"dmean": [0.00120669673197, 0.00127991801128, 0.00063506065635, 0.000465822929982, 0.000281318149064, 0.000271353783319, 0.000180303759407, 0.000126884624478, 7.31931140763e-05, 6.48200802971e-05, 3.80326418963e-05, 2.67788091151e-05, 2.36479900195e-05, 2.20256424655e-05, 2.42909609369e-05, 2.83349509118e-05, 1.90287919395e-05, 1.3966955521e-05, 6.72098985888e-06, 3.75647596229e-06, 3.31799697051e-06, 2.75007641903e-06, 2.81648317468e-06, 1.88776368759e-06, 1.65347830716e-06, 1.91398703464e-06, 1.67771463566e-06, 1.6390881683e-06, 1.86302020211e-06, 1.8164435005e-06, 1.54787437623e-06, 1.19434628232e-06, 1.1435399756e-06, 1.2777354641e-06, 1.17604918159e-06, 1.05886033452e-06, 9.57304450822e-07, 9.30345038341e-07, 5.47622903468e-07, 2.593565398e-07], "dvar2": [2.76005393971e-05, 2.86879294435e-05, 4.78919173474e-06, 2.04886555366e-06, 1.33844775974e-06, 1.12899601845e-06, 5.74004388909e-07, 7.22995139313e-07, 3.8067454966e-07, 1.28804487076e-07, 4.9779561806e-08, 2.00725658317e-08, 1.36029738584e-08, 2.51183109867e-08, 3.73282418309e-08, 2.46180320573e-08, 2.18954436804e-08, 1.93149354288e-08, 1.92984006553e-09, 5.11436837325e-10, 3.17729398347e-10, 1.50197076998e-10, 1.60670476923e-10, 6.44070838329e-11, 9.91369972225e-11, 1.03151973074e-10, 7.73956246314e-11, 9.56558582343e-11, 1.71851199937e-10, 1.86952286985e-10, 1.14123106798e-10, 4.44116098064e-11, 3.50663525994e-11, 4.62459202877e-11, 3.99076882651e-11, 4.39785326212e-11, 3.51277687494e-11, 3.55915297234e-11, 1.3218840085e-11, 2.18299185152e-12], "mean": [0.00147183914669, 0.00183266878594, 0.00114296330139, 0.000868247530889, 0.000568104791455, 0.000594186189119, 0.000429686770076, 0.000247496354859, 0.00014301527699, 0.000117313524242, 9.32361144805e-05, 6.32596056676e-05, 5.23680137121e-05, 4.41313386546e-05, 4.33851419075e-05, 5.17665976076e-05, 3.04598124785e-05, 2.39683286054e-05, 1.21619368656e-05, 6.34586012893e-06, 6.84506494508e-06, 5.48672278455e-06, 5.34711853106e-06, 3.47149989466e-06, 2.8272270356e-06, 2.75027923635e-06, 2.42357396019e-06, 2.5198687581e-06, 2.68798498837e-06, 2.45468504545e-06, 1.96503901861e-06, 1.59753369644e-06, 1.51142489813e-06, 1.72391128217e-06, 1.47219168412e-06, 1.37095958053e-06, 1.3128953924e-06, 1.3362844129e-06, 7.95814685262e-07, 3.53400167796e-07], "var": [1.2251643966e-05, 1.38430341394e-05, 2.73481032309e-06, 1.41502891893e-06, 9.23305151446e-07, 8.44905400754e-07, 1.13189730655e-06, 9.23264110497e-07, 7.41676842608e-07, 1.533197036e-07, 2.17352834397e-07, 7.58370148901e-08, 4.91970020278e-08, 1.02948838787e-07, 5.02396595436e-08, 2.36421300315e-08, 2.7865482366e-08, 1.9013018715e-08, 3.93951937738e-09, 7.15801806717e-10, 1.04643338439e-09, 4.06251643437e-10, 3.05351965935e-10, 8.91102747147e-11, 8.74740627155e-11, 5.3221347468e-11, 4.52174131471e-11, 7.15814976737e-11, 1.30587346492e-10, 1.18862059084e-10, 7.21476073329e-11, 3.55363689863e-11, 2.78271104076e-11, 4.8479935344e-11, 2.78644555346e-11, 3.36812522317e-11, 3.80669419597e-11, 4.34684961637e-11, 1.31124989339e-11, 1.72457740363e-12], "dmean2": [0.00201395596378, 0.00211063819006, 0.00106191635132, 0.000765874108765, 0.00045102860895, 0.000402732635848, 0.000261864071945, 0.000181882802281, 9.95175287244e-05, 9.14080956136e-05, 5.00539063069e-05, 3.5203560401e-05, 3.31402770826e-05, 3.12214469886e-05, 3.62360515282e-05, 4.07103289035e-05, 2.81415341306e-05, 1.99009518838e-05, 9.533148841e-06, 5.49726019017e-06, 4.85753207613e-06, 4.05386572311e-06, 4.06694925914e-06, 2.83311692328e-06, 2.50677908298e-06, 3.00465558212e-06, 2.60148340203e-06, 2.49336039815e-06, 2.78953916677e-06, 2.76501009466e-06, 2.38791631091e-06, 1.77265155799e-06, 1.69146107964e-06, 1.89335912637e-06, 1.78616653557e-06, 1.61225000284e-06, 1.4214812154e-06, 1.34372419325e-06, 7.98150779246e-07, 3.89043663063e-07], "dvar": [1.1057744814e-05, 1.19608002933e-05, 1.79014864443e-06, 7.843068488e-07, 5.2213329127e-07, 4.77626940665e-07, 3.15409380391e-07, 4.17176778456e-07, 2.44572220254e-07, 6.1063474277e-08, 3.49544535538e-08, 1.45432439425e-08, 7.96973953499e-09, 1.77307803995e-08, 1.78442185472e-08, 1.15340412776e-08, 1.13914069289e-08, 9.23228515859e-09, 1.04354280772e-09, 2.43680603473e-10, 1.57002688628e-10, 7.40228295326e-11, 8.34896665691e-11, 2.85818660406e-11, 4.56172911945e-11, 4.20604766294e-11, 3.23812886227e-11, 4.12035856823e-11, 7.86250300977e-11, 8.1068103619e-11, 5.00635956302e-11, 2.10872118378e-11, 1.6261516439e-11, 2.42893986174e-11, 1.80506512515e-11, 1.97008850206e-11, 1.84624520533e-11, 2.03546554611e-11, 6.87925931497e-12, 1.05123722227e-12], "min": [7.38096621286e-25, 8.6392733124e-25, 1.87279819027e-24, 1.37621389891e-24, 1.52945427127e-24, 1.34877741524e-24, 2.25304709317e-24, 8.41691511689e-25, 1.82488494825e-24, 2.24194722859e-24, 2.18808183383e-24, 2.84781863342e-24, 2.78146438724e-24, 4.25548096536e-24, 3.61808135394e-24, 3.55834959506e-24, 4.3910542061e-24, 3.76500906412e-24, 3.25500496687e-24, 4.02753802908e-24, 3.1863310752e-24, 4.70889218127e-24, 2.48762770233e-24, 4.72547522079e-24, 4.8321852243e-24, 4.36355609267e-24, 3.70189072537e-24, 6.13185407604e-24, 5.37270640567e-24, 4.63651300993e-24, 4.17755097426e-24, 5.75497222869e-24, 5.57987390116e-24, 6.15519607579e-24, 4.94205777118e-24, 6.31920499115e-24, 6.46955359665e-24, 6.51368641999e-24, 4.3843630879e-24, 6.1024674296e-24], "median": [0.000364862644346, 0.000768720521592, 0.000554411672056, 0.000472101353807, 0.00030110598891, 0.000312103249598, 0.000101674580947, 4.30979380326e-05, 7.19247282177e-06, 1.92235274881e-05, 1.05096523839e-05, 7.002363418e-06, 7.90286139818e-06, 5.45668854102e-06, 5.15272131452e-06, 7.75860826252e-06, 3.15200145451e-06, 2.35357128986e-06, 1.27884845824e-06, 7.86937960129e-07, 8.27951396332e-07, 7.81628102686e-07, 6.66783478209e-07, 5.14992279932e-07, 5.37429286851e-07, 5.22332584296e-07, 4.52929413086e-07, 3.0301401921e-07, 2.69994870905e-07, 2.29340287206e-07, 1.59836901048e-07, 1.54974614475e-07, 1.38199695243e-07, 1.65544875586e-07, 1.34451653366e-07, 1.27865561694e-07, 1.35420108904e-07, 8.2121367484e-08, 5.79793955069e-08, 3.28250351345e-08], "max": [0.0396344661713, 0.0332422703505, 0.0261224620044, 0.0192325524986, 0.0171865671873, 0.0140827624127, 0.0192271135747, 0.0267846938223, 0.0274655427784, 0.00755436066538, 0.010915578343, 0.00714574055746, 0.00587237207219, 0.0146696167067, 0.00870899856091, 0.00401854049414, 0.00744245480746, 0.00403251731768, 0.0015363934217, 0.0007334483671, 0.000687640742399, 0.000393978785723, 0.000416834431235, 0.000155733971042, 0.000378207449103, 0.000201841379749, 0.000132611123263, 0.000297130929539, 0.000423083838541, 0.00038195255911, 0.000263804540737, 0.000134220288601, 0.000110158907773, 0.000195188316866, 0.000122894329252, 0.000154801819008, 0.000180773437023, 0.000250702927588, 0.000111591012683, 3.94595153921e-05]}, "barkbands_crest": {"dmean": 2.46137261391, "dvar2": 16.1217155457, "mean": 11.5063362122, "var": 18.415266037, "dmean2": 4.01313018799, "dvar": 6.08137512207, "min": 3.06604337692, "median": 10.5179243088, "max": 26.546918869}, "mfcc": {"icov": [[0.000118478987133, 3.35832373821e-05, 5.05228781549e-05, 0.000139803800266, 0.000106519219116, 2.71686576525e-06, 0.000109596141556, -0.000134198664455, 0.000166727346368, -0.000152610635269, 0.000125930659124, -0.00015778215311, 0.000201312563149], [3.35832373821e-05, 0.000755849992856, 2.47979387495e-05, -4.21491604357e-05, 3.1090748962e-05, 0.000175530527486, -0.000304311106447, -0.000104279941297, 0.000285782880383, -0.000231483747484, 1.74358192453e-05, -8.4690953372e-05, -0.000197793648113], [5.05228781549e-05, 2.47979387495e-05, 0.00196975492872, -3.35642980644e-05, -0.000445206038421, 0.00038497679634, -0.000743464974221, 0.000343485065969, 9.16802891879e-05, 0.000451065599918, 2.88809610538e-06, -0.000408101710491, -0.000946671294514], [0.000139803800266, -4.21491604357e-05, -3.35642980644e-05, 0.00297282496467, -0.000772087427322, -0.00126727798488, 0.00131192815024, -0.000791217433289, -0.000974765163846, 4.52447202406e-05, 0.000846014823765, -0.000639023608528, 0.000326795619912], [0.000106519219116, 3.1090748962e-05, -0.000445206038421, -0.000772087427322, 0.00387408677489, 0.000241535686655, 0.00126591697335, -0.000475438602734, -0.000224880655878, -0.000640330952592, -0.00088155886624, -0.000498035980854, 0.000269940821454], [2.71686576525e-06, 0.000175530527486, 0.00038497679634, -0.00126727798488, 0.000241535686655, 0.00438257632777, -0.00267923949286, 0.00186666240916, 0.000451582513051, -0.000973233254626, 0.000651775044389, -0.000550392956939, 0.000148948049173], [0.000109596141556, -0.000304311106447, -0.000743464974221, 0.00131192815024, 0.00126591697335, -0.00267923949286, 0.00776788964868, -0.00314744492061, 0.000163305856404, -0.000362417340511, -0.000401809724281, -0.000863463734277, 0.000997060211375], [-0.000134198664455, -0.000104279941297, 0.000343485065969, -0.000791217433289, -0.000475438602734, 0.00186666240916, -0.00314744492061, 0.00848430860788, -0.00257473904639, 0.00190708658192, -0.00219052983448, 0.00193834106904, -0.00112768344115], [0.000166727346368, 0.000285782880383, 9.16802891879e-05, -0.000974765163846, -0.000224880655878, 0.000451582513051, 0.000163305856404, -0.00257473904639, 0.00957279466093, -0.00488942256197, 0.000738129136153, -0.000865153095219, 0.00101521762554], [-0.000152610635269, -0.000231483747484, 0.000451065599918, 4.52447202406e-05, -0.000640330952592, -0.000973233254626, -0.000362417340511, 0.00190708658192, -0.00488942256197, 0.011716010049, -0.00242882966995, 0.000654690258671, -0.000153345856233], [0.000125930659124, 1.74358192453e-05, 2.88809610538e-06, 0.000846014823765, -0.00088155886624, 0.000651775044389, -0.000401809724281, -0.00219052983448, 0.000738129136153, -0.00242882966995, 0.0103654684499, -0.00301876384765, 0.00105791096576], [-0.00015778215311, -8.4690953372e-05, -0.000408101710491, -0.000639023608528, -0.000498035980854, -0.000550392956939, -0.000863463734277, 0.00193834106904, -0.000865153095219, 0.000654690258671, -0.00301876384765, 0.0147706614807, -0.00504234666005], [0.000201312563149, -0.000197793648113, -0.000946671294514, 0.000326795619912, 0.000269940821454, 0.000148948049173, 0.000997060211375, -0.00112768344115, 0.00101521762554, -0.000153345856233, 0.00105791096576, -0.00504234666005, 0.0133559983224]], "mean": [-718.049926758, 141.662750244, 32.7385787964, 25.5709266663, 8.37784576416, 12.1148347855, 0.848907589912, -2.8372232914, -12.8394575119, -0.828193485737, -3.05136394501, 0.887468457222, -3.35127305984], "cov": [[10716.0830078, -426.092956543, -458.821716309, -719.640319824, -497.028381348, -110.906837463, -32.7081832886, -4.24428606033, -228.998901367, 1.50706076622, -86.6859970093, -39.8978919983, -160.151519775], [-426.092956543, 1404.63171387, 37.4056587219, -13.0731201172, -10.988527298, -32.7284469604, 71.7801055908, 37.7605133057, -26.6649360657, 6.18805074692, 20.1489524841, 15.889377594, 35.112739563], [-458.821716309, 37.4056587219, 601.452636719, 9.25306892395, 72.077796936, -38.6268157959, 35.1595687866, 0.429762899876, -14.945309639, -31.5150127411, 13.5400094986, 39.3746833801, 60.8266830444], [-719.640319824, -13.0731201172, 9.25306892395, 520.73034668, 147.028884888, 105.32988739, -61.1955070496, 8.56497573853, 87.4181976318, 32.4416656494, -21.6747055054, 19.2882385254, 2.43970346451], [-497.028381348, -10.988527298, 72.077796936, 147.028884888, 355.199798584, -36.5889205933, -70.7144775391, 20.1036872864, 52.9293670654, 29.4408359528, 35.7970733643, 19.279253006, 9.80358409882], [-110.906837463, -32.7284469604, -38.6268157959, 105.32988739, -36.5889205933, 357.612854004, 87.4683303833, -58.6490097046, 0.117545597255, 32.044254303, -28.497838974, 16.342748642, -10.0721702576], [-32.7081832886, 71.7801055908, 35.1595687866, -61.1955070496, -70.7144775391, 87.4683303833, 209.031433105, 47.7797966003, -3.03819966316, 3.44800901413, 15.315281868, 6.642162323, -4.00626802444], [-4.24428606033, 37.7605133057, 0.429762899876, 8.56497573853, 20.1036872864, -58.6490097046, 47.7797966003, 177.120986938, 43.8839187622, -3.95792841911, 36.66040802, -10.5471048355, 1.8128721714], [-228.998901367, -26.6649360657, -14.945309639, 87.4181976318, 52.9293670654, 0.117545597255, -3.03819966316, 43.8839187622, 163.951980591, 63.5040512085, 14.4272537231, 3.32018041611, -8.9030380249], [1.50706076622, 6.18805074692, -31.5150127411, 32.4416656494, 29.4408359528, 32.044254303, 3.44800901413, -3.95792841911, 63.5040512085, 122.612442017, 23.2502498627, 3.6685655117, -8.37854290009], [-86.6859970093, 20.1489524841, 13.5400094986, -21.6747055054, 35.7970733643, -28.497838974, 15.315281868, 36.66040802, 14.4272537231, 23.2502498627, 122.596923828, 20.332403183, 1.77710771561], [-39.8978919983, 15.889377594, 39.3746833801, 19.2882385254, 19.279253006, 16.342748642, 6.642162323, -10.5471048355, 3.32018041611, 3.6685655117, 20.332403183, 87.5826873779, 32.4420280457], [-160.151519775, 35.112739563, 60.8266830444, 2.43970346451, 9.80358409882, -10.0721702576, -4.00626802444, 1.8128721714, -8.9030380249, -8.37854290009, 1.77710771561, 32.4420280457, 95.1124343872]]}, "spectral_decrease": {"dmean": 2.52168907977e-09, "dvar2": 4.83847090127e-17, "mean": -6.19208639918e-09, "var": 4.78685483105e-17, "dmean2": 3.88785270644e-09, "dvar": 2.22547931093e-17, "min": -5.13293585414e-08, "median": -3.81029030549e-09, "max": 1.54600969694e-16}, "zerocrossingrate": {"dmean": 0.00794391520321, "dvar2": 0.000165682358784, "mean": 0.0391759313643, "var": 0.00291221681982, "dmean2": 0.00921393278986, "dvar": 0.000169028993696, "min": 0.00341796875, "median": 0.02783203125, "max": 0.82763671875}, "spectral_contrast_coeffs": {"dmean": [0.0464231148362, 0.0415578410029, 0.0358139947057, 0.0299524161965, 0.0208347775042, 0.0165111925453], "dvar2": [0.00461766449735, 0.00340381334536, 0.00231505488046, 0.0015853359364, 0.00081195862731, 0.000514581275638], "mean": [-0.633321464062, -0.621672749519, -0.737083077431, -0.76288485527, -0.800912857056, -0.786541581154], "var": [0.00635160319507, 0.00826070643961, 0.00633750157431, 0.00506828213111, 0.00283265276812, 0.0022857314907], "dmean2": [0.0768387019634, 0.0659997165203, 0.0556022934616, 0.046967305243, 0.0320373848081, 0.0246197320521], "dvar": [0.00169010809623, 0.00143920676783, 0.0010448169196, 0.000725532649085, 0.000399629265303, 0.000259131047642], "min": [-0.974430143833, -0.999124228954, -0.997488498688, -0.993616878986, -0.989449620247, -0.964591681957], "median": [-0.637553870678, -0.621849775314, -0.741214394569, -0.775674343109, -0.80991089344, -0.788463294506], "max": [-0.300213903189, -0.324755847454, -0.444746464491, -0.496793776751, -0.553997516632, -0.541108906269]}, "spectral_skewness": {"dmean": 0.266636520624, "dvar2": 0.199028760195, "mean": 1.96342504025, "var": 0.573301851749, "dmean2": 0.404003113508, "dvar": 0.0925455540419, "min": -0.271349728107, "median": 1.91691291332, "max": 7.2466135025}, "spectral_energyband_middle_high": {"dmean": 0.000956265896093, "dvar2": 1.09969187179e-05, "mean": 0.00263155857101, "var": 4.00576500397e-05, "dmean2": 0.0012622467475, "dvar": 6.69424207445e-06, "min": 1.1383546095e-21, "median": 0.000648570538033, "max": 0.119397334754}, "gfcc": {"icov": [[0.000163235265063, -0.000254739978118, 0.000349169189576, -0.000368285895092, 0.000460497947643, -0.000515616848134, 0.000380944024073, -0.000306385947624, 0.000373959745048, -0.000317439727951, 0.000513429287821, -0.000392691930756, 0.000408670573961], [-0.000254739978118, 0.00177464541048, -0.000588730734307, 0.00105837441515, -0.000893462274689, 0.00124163657892, -0.00111433514394, 0.00109730765689, -0.00161012052558, 0.00193213089369, -0.00283093866892, 0.00210606516339, -0.00167815783061], [0.000349169189576, -0.000588730734307, 0.00233304547146, -0.00118180853315, 0.000796375155915, -0.00138552370481, 0.00109840754885, -0.00111801514868, 0.000767443329096, -0.000696970848367, 0.000447543716291, -0.00141592521686, 0.00070577225415], [-0.000368285895092, 0.00105837441515, -0.00118180853315, 0.00388140510768, -0.00201836018823, 0.00139732449315, -0.000888002105057, 0.0013764690375, -0.00162092770915, 0.000773511477746, -0.000626229622867, 0.00121352437418, -0.00190207443666], [0.000460497947643, -0.000893462274689, 0.000796375155915, -0.00201836018823, 0.00509824650362, -0.00153777841479, 2.78142360912e-05, -0.000228996999795, -0.00162005296443, -0.000227040902246, 0.00177475204691, -0.00130096613429, 0.00116524857003], [-0.000515616848134, 0.00124163657892, -0.00138552370481, 0.00139732449315, -0.00153777841479, 0.00693079968914, -0.00225637760013, 0.000293520162813, 0.00124066835269, -0.000473144609714, -0.00296732364222, 0.00321088149212, -0.00105674949009], [0.000380944024073, -0.00111433514394, 0.00109840754885, -0.000888002105057, 2.78142360912e-05, -0.00225637760013, 0.00493746344, -0.00084993802011, 0.00138645374682, -0.00133578968234, 0.00168915558606, -0.00165637477767, 0.000165589008247], [-0.000306385947624, 0.00109730765689, -0.00111801514868, 0.0013764690375, -0.000228996999795, 0.000293520162813, -0.00084993802011, 0.00634551560506, -0.00485708471388, 0.00375914876349, -0.00197954569012, 0.00114979525097, -0.000278999650618], [0.000373959745048, -0.00161012052558, 0.000767443329096, -0.00162092770915, -0.00162005296443, 0.00124066835269, 0.00138645374682, -0.00485708471388, 0.0132099790499, -0.00620345305651, 0.00270603573881, -0.000456927606137, 0.000508618017193], [-0.000317439727951, 0.00193213089369, -0.000696970848367, 0.000773511477746, -0.000227040902246, -0.000473144609714, -0.00133578968234, 0.00375914876349, -0.00620345305651, 0.0124474605545, -0.00528049143031, 0.00260353926569, -0.00160557194613], [0.000513429287821, -0.00283093866892, 0.000447543716291, -0.000626229622867, 0.00177475204691, -0.00296732364222, 0.00168915558606, -0.00197954569012, 0.00270603573881, -0.00528049143031, 0.0147424871102, -0.00621273508295, 0.00192206830252], [-0.000392691930756, 0.00210606516339, -0.00141592521686, 0.00121352437418, -0.00130096613429, 0.00321088149212, -0.00165637477767, 0.00114979525097, -0.000456927606137, 0.00260353926569, -0.00621273508295, 0.0144870979711, -0.00275208218955], [0.000408670573961, -0.00167815783061, 0.00070577225415, -0.00190207443666, 0.00116524857003, -0.00105674949009, 0.000165589008247, -0.000278999650618, 0.000508618017193, -0.00160557194613, 0.00192206830252, -0.00275208218955, 0.0152815189213]], "mean": [-74.4847564697, 119.730300903, -86.2015914917, 36.4455680847, -60.3281822205, 13.7013463974, -39.3886756897, -5.16179323196, -22.2212085724, -0.497657805681, -3.32010293007, -3.4883055687, -8.3581943512], "cov": [[18979.1015625, -420.263916016, -1464.11938477, -160.516906738, -1503.84863281, 680.589172363, -714.790527344, 55.9768371582, -649.3125, -43.9066467285, -185.267562866, -76.9253234863, -309.115356445], [-420.263916016, 1345.31396484, 23.6471271515, -113.107017517, 144.509109497, -84.9027938843, 154.294143677, -28.0263252258, 100.161468506, -55.1314659119, 139.106201172, -54.0090713501, 88.3827056885], [-1464.11938477, 23.6471271515, 732.096252441, 99.127532959, 71.6740341187, 20.1739292145, -21.0319766998, 68.2152938843, 43.0432739258, 11.9091520309, 55.7450218201, 40.7822990417, 17.8329906464], [-160.516906738, -113.107017517, 99.127532959, 464.866607666, 182.030532837, -41.6705169678, 22.9828529358, -30.588054657, 74.9844818115, 26.1307067871, -46.1521492004, -2.33427810669, 33.2198905945], [-1503.84863281, 144.509109497, 71.6740341187, 182.030532837, 442.639526367, -47.8663063049, 109.840164185, -0.358310699463, 134.824295044, 16.3190097809, -15.8409929276, -5.82829141617, 35.3444328308], [680.589172363, -84.9027938843, 20.1739292145, -41.6705169678, -47.8663063049, 257.871429443, 45.1501731873, -2.81872940063, -62.7634887695, 30.8337631226, 26.2159748077, -18.7601833344, -14.0487880707], [-714.790527344, 154.294143677, -21.0319766998, 22.9828529358, 109.840164185, 45.1501731873, 312.582458496, -17.2276172638, 16.5592212677, 15.0603179932, 12.27688694, 0.0378758683801, 30.4303913116], [55.9768371582, -28.0263252258, 68.2152938843, -30.588054657, -0.358310699463, -2.81872940063, -17.2276172638, 252.752365112, 66.0328369141, -34.8009300232, 1.8051879406, 0.0300441663712, -12.9746551514], [-649.3125, 100.161468506, 43.0432739258, 74.9844818115, 134.824295044, -62.7634887695, 16.5592212677, 66.0328369141, 175.548095703, 38.1450309753, -3.78755545616, -10.9390077591, 18.7856693268], [-43.9066467285, -55.1314659119, 11.9091520309, 26.1307067871, 16.3190097809, 30.8337631226, 15.0603179932, -34.8009300232, 38.1450309753, 132.806259155, 27.225025177, -4.87811279297, 6.29266452789], [-185.267562866, 139.106201172, 55.7450218201, -46.1521492004, -15.8409929276, 26.2159748077, 12.27688694, 1.8051879406, -3.78755545616, 27.225025177, 124.629066467, 27.8931522369, 7.16665792465], [-76.9253234863, -54.0090713501, 40.7822990417, -2.33427810669, -5.82829141617, -18.7601833344, 0.0378758683801, 0.0300441663712, -10.9390077591, -4.87811279297, 27.8931522369, 96.3971939087, 6.80293273926], [-309.115356445, 88.3827056885, 17.8329906464, 33.2198905945, 35.3444328308, -14.0487880707, 30.4303913116, -12.9746551514, 18.7856693268, 6.29266452789, 7.16665792465, 6.80293273926, 82.8486480713]]}, "erbbands_spread": {"dmean": 8.03814315796, "dvar2": 284.468444824, "mean": 34.5689277649, "var": 403.193054199, "dmean2": 12.0046834946, "dvar": 125.211112976, "min": 1.13370895386, "median": 29.9052562714, "max": 132.073547363}, "erbbands_kurtosis": {"dmean": 1.72596240044, "dvar2": 20.682472229, "mean": 3.43829274178, "var": 57.5747566223, "dmean2": 2.59378552437, "dvar": 9.78984546661, "min": -1.79986560345, "median": 1.2770690918, "max": 125.025894165}, "dynamic_complexity": 4.36458683014, "erbbands_crest": {"dmean": 2.33589315414, "dvar2": 12.8236341476, "mean": 10.9679670334, "var": 21.4160327911, "dmean2": 3.60637021065, "dvar": 5.42109823227, "min": 2.30284452438, "median": 10.0970935822, "max": 32.6519432068}, "erbbands": {"dmean": [0.106116205454, 1.24765729904, 2.10484075546, 2.73754429817, 7.09586620331, 6.57816934586, 8.20485401154, 12.6649713516, 11.4234704971, 12.5730323792, 9.13506507874, 10.354426384, 7.63789224625, 6.38163137436, 7.5100903511, 8.97291946411, 11.6642608643, 10.1059713364, 7.88341617584, 2.9921848774, 2.72338724136, 2.54918169975, 2.47117090225, 2.00675106049, 2.44939446449, 2.31626558304, 2.88604927063, 2.66109395027, 2.04450750351, 2.15340876579, 1.9651850462, 1.55371415615, 1.14326953888, 0.380585134029, 0.112555153668, 0.0526102818549, 0.0127905402333, 0.00282549345866, 0.000378248572815, 3.24620850733e-05], "dvar2": [0.250768691301, 25.0070972443, 99.7016906738, 103.261665344, 629.299682617, 438.159759521, 1403.68884277, 2544.21264648, 2249.26147461, 7256.18408203, 5792.41748047, 3200.84838867, 1922.3026123, 1165.25097656, 1268.4005127, 5548.98388672, 3416.92602539, 6051.13964844, 6057.94384766, 239.696121216, 199.677444458, 109.543708801, 100.810081482, 123.58757782, 168.705108643, 156.059936523, 416.29888916, 313.792602539, 115.155288696, 117.309036255, 109.499504089, 86.6414413452, 49.2968444824, 5.12446212769, 0.317690938711, 0.113638527691, 0.00445037335157, 0.000254771701293, 4.78474612464e-06, 2.00661993688e-08], "mean": [0.124267496169, 1.59364140034, 2.92778897285, 4.72278642654, 12.0425138474, 12.2653303146, 15.7721309662, 27.7057132721, 27.9740600586, 25.2986297607, 18.0768032074, 19.1257133484, 19.1653194427, 15.7778902054, 16.5916175842, 18.0556221008, 21.9801559448, 17.9765815735, 14.6461687088, 5.85546207428, 5.74603557587, 5.26060152054, 4.94297075272, 3.60606575012, 3.63584733009, 3.74433922768, 4.27982139587, 3.57908821106, 2.82707071304, 2.96641469002, 2.55422711372, 2.17219662666, 1.70013391972, 0.555081188679, 0.141230657697, 0.0583947040141, 0.0136703699827, 0.00263183680363, 0.000337379984558, 4.69846308988e-05], "var": [0.0944187194109, 13.0905332565, 33.2948036194, 53.3119888306, 319.719940186, 483.160430908, 755.888122559, 1874.50842285, 4959.30810547, 8527.41699219, 11241.6982422, 4005.00244141, 8304.08691406, 4236.78222656, 4392.97949219, 18501.4316406, 3322.66308594, 7507.97460938, 6313.83496094, 513.527709961, 616.951171875, 285.906616211, 200.294387817, 115.114822388, 88.098777771, 133.37538147, 322.327728271, 224.607223511, 103.483474731, 123.719657898, 87.1774368286, 94.5438690186, 64.7470321655, 4.94414186478, 0.202880054712, 0.0474408604205, 0.00213674851693, 9.69399770838e-05, 1.74630645233e-06, 8.10027334097e-09], "dmean2": [0.182376876473, 2.03147912025, 3.61461210251, 4.64767932892, 11.6684484482, 10.7720241547, 13.1670894623, 18.6986885071, 16.577091217, 18.0756473541, 12.2891235352, 14.5710248947, 10.0933895111, 8.3264131546, 10.5534658432, 12.9853153229, 16.7257423401, 14.6377906799, 11.0843639374, 4.26865434647, 3.94363760948, 3.67245483398, 3.60812973976, 2.97596549988, 3.79768776894, 3.48367142677, 4.23188829422, 3.99497723579, 2.96859288216, 3.12080335617, 2.94499230385, 2.25933766365, 1.62588870525, 0.554949998856, 0.169381946325, 0.0819858536124, 0.0197850167751, 0.00447645736858, 0.000604812870733, 5.08465054736e-05], "dvar": [0.0926500186324, 10.852725029, 36.9038658142, 38.2635002136, 235.409362793, 174.808670044, 536.406066895, 1076.62878418, 1271.45715332, 4005.828125, 3782.01538086, 1544.01025391, 1321.10900879, 806.835632324, 719.029968262, 3152.2277832, 1549.05773926, 3170.75097656, 2924.14624023, 123.201644897, 102.705734253, 56.2397270203, 49.4514541626, 56.9086952209, 69.7025756836, 69.9662628174, 191.707672119, 141.895385742, 56.5053520203, 61.0093536377, 51.1774101257, 45.4871940613, 29.1628093719, 2.64294433594, 0.145975440741, 0.0466616749763, 0.00192168832291, 0.000105671948404, 1.9788294594e-06, 8.25622858969e-09], "min": [7.54033769106e-23, 3.87264263443e-22, 1.33048538114e-21, 9.56001795275e-21, 1.23405540779e-20, 2.81057812946e-20, 4.21508008014e-20, 5.85679675098e-20, 1.42400641716e-19, 1.03544582074e-19, 3.14645468794e-19, 3.7552461771e-19, 5.48951485883e-19, 8.57225932051e-19, 1.15507480057e-18, 1.40464997723e-18, 1.83255205907e-18, 2.6486662358e-18, 2.66769573259e-18, 2.73279505359e-18, 3.55296158814e-18, 4.44910921144e-18, 4.89129266995e-18, 6.77074504258e-18, 6.90265470768e-18, 9.04629285152e-18, 9.92258896731e-18, 9.43574602752e-18, 1.16081812236e-17, 1.16101358514e-17, 1.12130138839e-17, 1.18975869045e-17, 8.54871310739e-18, 7.49281705546e-18, 6.58290142445e-18, 4.30361020965e-18, 2.38463245902e-18, 1.00557565673e-18, 2.75873006093e-19, 2.60998876962e-20], "median": [0.0216242428869, 0.502888679504, 1.37746095657, 2.23367524147, 6.03987503052, 5.45835113525, 8.13426971436, 14.3475055695, 7.3360710144, 5.24836063385, 1.3614654541, 3.16541457176, 2.50119900703, 2.17876243591, 2.70869326591, 1.92553555965, 3.79497909546, 2.5765247345, 1.51808321476, 0.783341050148, 0.792132854462, 0.782175719738, 0.712689399719, 0.711257338524, 0.742541611195, 0.547018110752, 0.455440342426, 0.330713182688, 0.291689038277, 0.302944540977, 0.253034770489, 0.240306645632, 0.115945525467, 0.0507508330047, 0.0132993953303, 0.00534362345934, 0.000936910277233, 0.000134897010867, 2.38112825173e-05, 1.97645331355e-05], "max": [3.16979670525, 41.1953849792, 61.7806167603, 124.211143494, 214.888870239, 420.985961914, 457.451599121, 693.237487793, 1440.39038086, 2536.17260742, 3327.14941406, 1398.49841309, 1988.88098145, 1930.7677002, 1907.49475098, 5554.73046875, 1194.93994141, 4222.96728516, 2455.84155273, 475.11895752, 725.676025391, 292.651031494, 262.163146973, 404.524963379, 241.245254517, 367.701324463, 663.205200195, 428.692138672, 214.540939331, 285.740142822, 226.711624146, 278.214538574, 290.955322266, 60.2724342346, 9.01100254059, 7.75889348984, 0.943040966988, 0.188545361161, 0.0235731583089, 0.00115705514327]}, "silence_rate_30dB": {"dmean": 0.0199633706361, "dvar2": 0.0484056286514, "mean": 0.980771005154, "var": 0.0188573952764, "dmean2": 0.039930395782, "dvar": 0.0195635762066, "min": 0, "median": 1, "max": 1}, "silence_rate_60dB": {"dmean": 0.0179487187415, "dvar2": 0.0402840003371, "mean": 0.089277535677, "var": 0.0813226625323, "dmean2": 0.0359007231891, "dvar": 0.0176249798387, "min": 0, "median": 0, "max": 1}, "spectral_energyband_middle_low": {"dmean": 0.0046779201366, "dvar2": 0.000162311189342, "mean": 0.013070599176, "var": 0.000216336266021, "dmean2": 0.0070933625102, "dvar": 7.4092829891e-05, "min": 1.5597414616e-22, "median": 0.00827165972441, "max": 0.139166653156}, "spectral_spread": {"dmean": 492410.59375, "dvar2": 1032873836540.0, "mean": 4686305.5, "var": 8289101807620.0, "dmean2": 733306.875, "dvar": 510185439232, "min": 1210345.125, "median": 4315285.5, "max": 42905052}, "barkbands": {"dmean": [6.49830762995e-05, 0.00494874175638, 0.0015571693657, 0.00143492652569, 0.0019439564785, 0.00138094183058, 0.000938662502449, 0.000451878062449, 0.000407241954235, 0.000240548673901, 0.000191629573237, 0.000204961164854, 0.00025449579698, 0.000182952557225, 0.000121680030134, 5.5133306887e-05, 5.12252481712e-05, 4.47980601166e-05, 4.55035296909e-05, 5.13719605806e-05, 7.03013356542e-05, 5.8