{"tonal": {"chords_key": "D", "hpcp_entropy": {"dmean": 0.529012084007, "dmean2": 0.885604679585, "max": 4.15033149719, "dvar": 0.233571484685, "mean": 1.82126450539, "dvar2": 0.580374777317, "min": 0, "var": 0.503970980644, "median": 1.82832324505}, "key_key": "G", "chords_strength": {"dmean": 0.00888938363642, "dmean2": 0.00662504835054, "max": 0.780295789242, "dvar": 5.01032736793e-05, "mean": 0.52598041296, "dvar2": 3.8273192331e-05, "min": 0.260642647743, "var": 0.0113128032535, "median": 0.524233341217}, "key_scale": "major", "chords_number_rate": 0.00193283404224, "thpcp": [1, 0.583636343479, 0.138210892677, 0.0903540626168, 0.125013709068, 0.396670758724, 0.647807598114, 0.426934659481, 0.321725696325, 0.439260989428, 0.283506572247, 0.135867506266, 0.119780294597, 0.108839683235, 0.302739650011, 0.705800294876, 0.584071338177, 0.183127254248, 0.0958958044648, 0.0720558688045, 0.177604913712, 0.365443557501, 0.28555315733, 0.132208034396, 0.125734105706, 0.0911489576101, 0.144844725728, 0.309921234846, 0.320042818785, 0.500428855419, 0.759259581566, 0.453050911427, 0.114419028163, 0.0779421627522, 0.121373958886, 0.594890296459], "key_strength": 0.767843782902, "tuning_nontempered_energy_ratio": 0.654815018177, "tuning_frequency": 439.745910645, "chords_changes_rate": 0.0398647002876, "tuning_diatonic_strength": 0.593078911304, "chords_scale": "major", "chords_histogram": [20.1497955322, 10.654747963, 33.8487548828, 0.38656681776, 0.507368922234, 0, 0.410727232695, 0, 1.54626727104, 0, 0, 0, 0, 0, 0, 0.314085513353, 0, 0.459048092365, 0, 0.33824595809, 1.23218166828, 21.9618263245, 5.87098312378, 2.31940078735], "tuning_equal_tempered_deviation": 0.0403539948165, "hpcp": {"dmean": [0.104385308921, 0.10760641098, 0.057875405997, 0.0424876362085, 0.0597487427294, 0.0911873728037, 0.0938268229365, 0.102682232857, 0.077455855906, 0.0641168281436, 0.0658265724778, 0.0532934889197, 0.0457528717816, 0.0466562919319, 0.0746102780104, 0.0826813057065, 0.0890426039696, 0.0603569820523, 0.03440804407, 0.0300443004817, 0.044819034636, 0.0546604469419, 0.0503492541611, 0.0357706211507, 0.032518453896, 0.0316482372582, 0.039443012327, 0.0568422079086, 0.0681943818927, 0.0950291082263, 0.087152197957, 0.0830122232437, 0.0454438403249, 0.0351883731782, 0.0535680092871, 0.105345912278], "dmean2": [0.173405647278, 0.176852405071, 0.103668756783, 0.0782239362597, 0.110026843846, 0.154702886939, 0.164249479771, 0.175029799342, 0.1323389709, 0.112014353275, 0.112910047174, 0.0957453176379, 0.0828437283635, 0.0844936594367, 0.129421815276, 0.137847408652, 0.151750832796, 0.10862005502, 0.062929160893, 0.0551257245243, 0.0754179954529, 0.0875299274921, 0.086021348834, 0.0625743344426, 0.0586891286075, 0.0577927865088, 0.0674689263105, 0.0950848385692, 0.117883235216, 0.16045537591, 0.146133065224, 0.139527574182, 0.0824067667127, 0.0648619532585, 0.0965724214911, 0.174710467458], "max": [1, 1, 1, 1, 1, 1, 1, 1, 1, 1, 1, 1, 1, 1, 1, 1, 1, 1, 1, 1, 1, 1, 1, 1, 1, 1, 1, 1, 1, 1, 1, 1, 1, 1, 1, 1], "dvar": [0.0374980829656, 0.035633135587, 0.0221603941172, 0.0182929318398, 0.0271382387727, 0.033629976213, 0.0435220263898, 0.0396251641214, 0.0254708491266, 0.027507442981, 0.024213604629, 0.0209451429546, 0.0198184624314, 0.0183521490544, 0.0241401065141, 0.0270514134318, 0.0283988360316, 0.0201956816018, 0.0154321743175, 0.0101074529812, 0.0131660336629, 0.0141752725467, 0.0151064805686, 0.0096241068095, 0.0129685690627, 0.0136928632855, 0.0131810447201, 0.0179965533316, 0.023248007521, 0.0289079248905, 0.0314451344311, 0.0281148180366, 0.0147618670017, 0.0129060009494, 0.0201841462404, 0.032388150692], "mean": [0.346114456654, 0.20200496912, 0.0478367879987, 0.0312728472054, 0.0432690531015, 0.137293487787, 0.224215582013, 0.147768259048, 0.111353911459, 0.152034580708, 0.0981257259846, 0.0470257103443, 0.0414576902986, 0.0376709885895, 0.104782573879, 0.24428768456, 0.202155530453, 0.0633829906583, 0.0331909246743, 0.0249395780265, 0.0614716298878, 0.126485303044, 0.0988340750337, 0.0457591116428, 0.0435183905065, 0.0315479710698, 0.0501328520477, 0.107268221676, 0.11077144742, 0.173205658793, 0.262790709734, 0.156807467341, 0.0396020784974, 0.0269769094884, 0.0420092828572, 0.205900132656], "dvar2": [0.0828511938453, 0.0832522362471, 0.0605646371841, 0.0518497638404, 0.0743842050433, 0.0839434191585, 0.098674684763, 0.094893656671, 0.0664397627115, 0.0651412084699, 0.0637288615108, 0.0594483837485, 0.0559338480234, 0.0511227287352, 0.0667968168855, 0.0631171688437, 0.0720000639558, 0.0608605258167, 0.0443722456694, 0.0286598000675, 0.0340119898319, 0.0310318656266, 0.037890125066, 0.0258374176919, 0.0356530807912, 0.0414650551975, 0.0342057570815, 0.0400848202407, 0.0588311739266, 0.0775692090392, 0.0737451910973, 0.0703571438789, 0.0413485169411, 0.0356985628605, 0.0560916028917, 0.0796263441443], "min": [0, 0, 0, 0, 0, 0, 0, 0, 0, 0, 0, 0, 0, 0, 0, 0, 0, 0, 0, 0, 0, 0, 0, 0, 0, 0, 0, 0, 0, 0, 0, 0, 0, 0, 0, 0], "var": [0.1602717489, 0.0718924254179, 0.0179108940065, 0.0120958136395, 0.0188625697047, 0.061687938869, 0.133804008365, 0.0655637457967, 0.0429166704416, 0.0965048596263, 0.0396405309439, 0.0146868182346, 0.0133678698912, 0.013050946407, 0.0317192897201, 0.119923457503, 0.0929608866572, 0.01899882406, 0.0167765803635, 0.00815038196743, 0.01681618765, 0.0556036680937, 0.0411980971694, 0.0125630563125, 0.0236425474286, 0.0135606341064, 0.0170902553946, 0.0483002997935, 0.0521273612976, 0.0553309805691, 0.138529151678, 0.060861594975, 0.0127863464877, 0.0096678789705, 0.0147237293422, 0.0738028809428], "median": [0.0871043875813, 0.0531798005104, 0.00712177436799, 0.00428581237793, 0.00402241619304, 0.012476278469, 0.0203474238515, 0.0193469896913, 0.0117218242958, 0.00810008402914, 0.00907298829406, 0.0123229604214, 0.011671481654, 0.00674473168328, 0.0257811658084, 0.0494613237679, 0.0390724167228, 0.0107437213883, 0.00300138653256, 0.00289566046558, 0.010773983784, 0.0224424488842, 0.0209409743547, 0.00704987021163, 0.00355161493644, 0.00252651493065, 0.0105343572795, 0.0193543806672, 0.0197064038366, 0.0425316616893, 0.0346514619887, 0.0179465040565, 0.00593162933365, 0.00325999502093, 0.00593491271138, 0.0449593067169]}}, "lowlevel": {"melbands_flatness_db": {"dmean": 0.0195676162839, "dmean2": 0.0269702039659, "max": 0.49289175868, "dvar": 0.000522131100297, "mean": 0.249847218394, "dvar2": 0.000934847048484, "min": 0.00434800749645, "var": 0.00418150844052, "median": 0.248089134693}, "melbands_crest": {"dmean": 1.80760776997, "dmean2": 2.84953451157, "max": 31.1379737854, "dvar": 3.85358548164, "mean": 14.1887559891, "dvar2": 9.53273963928, "min": 1.7993029356, "var": 20.4256973267, "median": 13.3144264221}, "spectral_entropy": {"dmean": 0.1618732512, "dmean2": 0.218138560653, "max": 9.81910324097, "dvar": 0.0370027609169, "mean": 7.32792806625, "dvar2": 0.0611623451114, "min": 5.5821557045, "var": 0.288152962923, "median": 7.28699874878}, "melbands": {"dmean": [0.00066500128014, 0.000884587992914, 0.00057868892327, 0.000909560825676, 0.000455276225694, 0.00015129618987, 0.000226491392823, 0.000180357368663, 9.53819981078e-05, 6.17665791651e-05, 4.94795531267e-05, 4.2116997065e-05, 3.12664269586e-05, 2.58808940998e-05, 1.98871202883e-05, 2.16629505303e-05, 2.78801453533e-05, 2.16663429455e-05, 1.27461289594e-05, 1.09616739792e-05, 9.58516557148e-06, 7.49509308662e-06, 7.50253411752e-06, 4.55529789178e-06, 2.74749299933e-06, 2.89591889668e-06, 4.14122769143e-06, 4.6774061957e-06, 4.47021830041e-06, 5.15448164151e-06, 5.06342394146e-06, 2.82666360363e-06, 4.14806117988e-06, 2.93603443424e-06, 1.33762262067e-06, 6.97610857969e-07, 6.83948655933e-07, 4.83618180169e-07, 3.86952166309e-07, 5.83536007071e-07], "dmean2": [0.00107136066072, 0.00145802204497, 0.000961514189839, 0.00144947238732, 0.000696559902281, 0.000213942694245, 0.000292638345854, 0.00022889918182, 0.000122265919344, 8.23550944915e-05, 6.92055109539e-05, 6.08315967838e-05, 4.70180966659e-05, 3.98565462092e-05, 3.0132543543e-05, 3.32650888595e-05, 4.3068164814e-05, 3.32329327648e-05, 1.95457269001e-05, 1.7065256543e-05, 1.54541412485e-05, 1.19021851788e-05, 1.16573874038e-05, 7.34711738914e-06, 4.37246717411e-06, 4.49372737421e-06, 6.35401465843e-06, 7.21370588508e-06, 6.74209422868e-06, 7.44737371861e-06, 7.38494600228e-06, 4.09532003687e-06, 6.02596355748e-06, 4.22085486207e-06, 1.94510903384e-06, 1.00149554783e-06, 1.00225827282e-06, 7.22666243291e-07, 5.82278516958e-07, 9.04544208424e-07], "max": [0.0230914633721, 0.0226375162601, 0.0158367455006, 0.021588338539, 0.015401233919, 0.0109220324084, 0.00800205767155, 0.01109392941, 0.00888780131936, 0.00394019857049, 0.00237146415748, 0.00263593136333, 0.00187708600424, 0.000724778685253, 0.000745722849388, 0.0012726560235, 0.001423401176, 0.00104152935091, 0.000709968735464, 0.00143095885869, 0.000369872315787, 0.000586545327678, 0.000305771885905, 0.000184534612345, 0.000141896292916, 0.000372030015569, 0.000416296883486, 0.000474639964523, 0.000368220411474, 0.000419948162744, 0.000607574533205, 0.000203727322514, 0.000290179566946, 0.000248026859481, 0.000147251834278, 4.82982832182e-05, 4.4588905439e-05, 2.94587152894e-05, 3.61828642781e-05, 3.46053457179e-05], "dvar": [2.03267313736e-06, 2.85121564048e-06, 1.17043077807e-06, 1.94352332983e-06, 7.42878000892e-07, 1.54015921794e-07, 1.79390795552e-07, 1.52845572643e-07, 8.08581006595e-08, 1.8313112804e-08, 8.41333047674e-09, 6.28728624719e-09, 3.75126418817e-09, 1.74304981559e-09, 1.18953491501e-09, 1.39958722389e-09, 2.55983279018e-09, 1.87834348075e-09, 5.35366639909e-10, 9.52729450887e-10, 2.85592521854e-10, 2.88805895865e-10, 1.91625243451e-10, 7.7368965401e-11, 3.96355934185e-11, 1.10228506878e-10, 1.61748323069e-10, 2.36903469064e-10, 1.98220273528e-10, 3.2515742876e-10, 3.64196756086e-10, 5.95920465751e-11, 1.74285530452e-10, 9.60894003255e-11, 2.22036208863e-11, 4.54889468107e-12, 3.70770037936e-12, 2.02482063234e-12, 1.40619764097e-12, 3.52596055651e-12], "mean": [0.00276165106334, 0.00379189127125, 0.00126551894937, 0.00264304224402, 0.00129250099417, 0.000467790028779, 0.000731711450499, 0.000578627281357, 0.000307489215629, 0.000197163652047, 0.000127073173644, 9.40379104577e-05, 6.45135223749e-05, 5.01215072291e-05, 4.0975628508e-05, 4.33005407103e-05, 5.7501354604e-05, 4.40388357674e-05, 2.8413887776e-05, 2.62432495219e-05, 2.37037347688e-05, 1.5929044821e-05, 1.51515769176e-05, 8.30220960779e-06, 4.64231288788e-06, 4.66643177788e-06, 7.34139484848e-06, 8.00307770987e-06, 7.20139814803e-06, 7.7279355537e-06, 7.34761079002e-06, 4.37936432718e-06, 7.39050756238e-06, 5.20612184118e-06, 2.24440464081e-06, 1.16645549042e-06, 1.07703704089e-06, 7.27832798475e-07, 5.85280645282e-07, 8.00633131348e-07], "dvar2": [5.56420218345e-06, 7.94158859208e-06, 3.24589132106e-06, 4.87616898681e-06, 1.77068841367e-06, 2.96818342349e-07, 2.92769840371e-07, 2.19990923256e-07, 1.20647598578e-07, 3.21895541333e-08, 1.6141278536e-08, 1.2801568694e-08, 7.89055842887e-09, 4.00608524131e-09, 2.70332511931e-09, 3.07462411087e-09, 5.50335244043e-09, 4.47950521121e-09, 1.21759258231e-09, 2.25531726628e-09, 7.14501624532e-10, 6.85776213594e-10, 4.43685754803e-10, 1.78816836338e-10, 9.86416295867e-11, 2.42889708346e-10, 3.37173733378e-10, 5.32562549616e-10, 4.34267344307e-10, 6.57525589531e-10, 8.22950929624e-10, 1.24574392468e-10, 3.52182588648e-10, 1.81644893571e-10, 4.9177214384e-11, 8.80646944257e-12, 7.98274380626e-12, 4.54849005682e-12, 3.10835428577e-12, 8.23759897101e-12], "min": [1.08385948364e-24, 1.37034368909e-24, 2.89591962433e-24, 2.60608995839e-24, 3.83964556095e-24, 3.66283501082e-24, 2.87773815541e-24, 4.13738691013e-24, 2.41875225669e-24, 3.35399083883e-24, 2.72637310263e-24, 2.76364125838e-24, 3.58393117093e-24, 4.91998465419e-24, 3.77197155047e-24, 9.06787919158e-25, 3.44377149288e-24, 4.46869902399e-24, 3.00634910701e-24, 4.6124279032e-24, 4.44183594358e-24, 4.49317343357e-24, 4.49642117392e-24, 4.49444704951e-24, 5.01053839193e-24, 5.47261169501e-24, 4.31644058624e-24, 6.25807970948e-24, 4.51031064788e-24, 4.9451859991e-24, 5.02353921408e-24, 5.20226314634e-24, 5.34407430469e-24, 5.20512552813e-24, 6.8371008529e-24, 6.76529873331e-24, 6.4341660853e-24, 6.52378817831e-24, 7.15011691579e-24, 6.74313489731e-24], "var": [3.335250085e-06, 4.53972734249e-06, 2.0590848635e-06, 7.53032509238e-06, 2.81942084257e-06, 9.78188154477e-07, 1.03802312879e-06, 1.11931137781e-06, 6.11738471434e-07, 1.46936343981e-07, 3.68127714978e-08, 3.02020133347e-08, 9.8307966212e-09, 4.03239397428e-09, 3.59357010815e-09, 3.80816533863e-09, 9.6479570999e-09, 4.19941192931e-09, 1.46992951144e-09, 4.10185752031e-09, 9.60610591072e-10, 6.14738537852e-10, 4.74204397971e-10, 1.46932438438e-10, 7.18685458367e-11, 1.55745291663e-10, 2.87333573601e-10, 3.93843402335e-10, 3.5233940765e-10, 6.40767605642e-10, 5.91466264854e-10, 1.25975826992e-10, 4.28447916034e-10, 2.58550875154e-10, 4.81836168187e-11, 1.14284710168e-11, 7.68623706349e-12, 3.71156837903e-12, 2.37414558499e-12, 5.01091832958e-12], "median": [0.00247993762605, 0.00361132971011, 0.000817390624434, 0.00168420863338, 0.000674658105709, 0.000100297635072, 0.000291569973342, 0.000156228939886, 6.4200736233e-05, 6.1534679844e-05, 6.86273851898e-05, 4.61634481326e-05, 3.88531552744e-05, 3.01000836771e-05, 2.19408429984e-05, 2.50202374446e-05, 2.69917672995e-05, 2.29962752201e-05, 1.65735746123e-05, 1.17957151815e-05, 1.20782715385e-05, 8.77356069395e-06, 7.80507616582e-06, 4.54390647064e-06, 2.05377250495e-06, 1.83333190762e-06, 3.26642339132e-06, 2.70872624242e-06, 1.83432302947e-06, 1.35867026074e-06, 1.14571002996e-06, 8.6848774572e-07, 1.84636382983e-06, 8.99156020751e-07, 3.89174061866e-07, 1.99223563868e-07, 2.22005795081e-07, 1.30411550003e-07, 1.13216543696e-07, 1.27090160618e-07]}, "silence_rate_60dB": {"dmean": 0.00265861023217, "dmean2": 0.00531786307693, "max": 1, "dvar": 0.00265208561905, "mean": 0.0587240196764, "dvar2": 0.00577148795128, "min": 0, "var": 0.0552751272917, "median": 0}, "spectral_energyband_middle_high": {"dmean": 0.00099977676291, "dmean2": 0.00145092257299, "max": 0.0217788349837, "dvar": 1.73388468738e-06, "mean": 0.00399196194485, "dvar2": 3.49408333022e-06, "min": 1.1766998633e-21, "var": 1.03262473203e-05, "median": 0.00320330541581}, "erbbands_skewness": {"dmean": 0.298156857491, "dmean2": 0.418851524591, "max": 4.9418296814, "dvar": 0.131561115384, "mean": 0.475001692772, "dvar2": 0.215500667691, "min": -4.66325092316, "var": 0.864965677261, "median": 0.546538949013}, "dynamic_complexity": 3.27306270599, "dissonance": {"dmean": 0.016084164381, "dmean2": 0.025939764455, "max": 0.500000119209, "dvar": 0.000249546777923, "mean": 0.453014135361, "dvar2": 0.000611094932538, "min": 0.269395470619, "var": 0.000942827959079, "median": 0.457763373852}, "spectral_skewness": {"dmean": 0.252854198217, "dmean2": 0.382824718952, "max": 7.13956642151, "dvar": 0.101646184921, "mean": 1.85678017139, "dvar2": 0.251066476107, "min": -0.0652380883694, "var": 0.527991175652, "median": 1.80081009865}, "spectral_kurtosis": {"dmean": 2.08414721489, "dmean2": 3.4167098999, "max": 89.8205490112, "dvar": 15.848402977, "mean": 6.70387935638, "dvar2": 46.5404968262, "min": -1.28157138824, "var": 57.9423179626, "median": 5.10086917877}, "gfcc": {"cov": [[17873.0703125, -170.910217285, -1068.71496582, 1108.55029297, -472.985717773, 398.721343994, -331.410949707, 49.4856529236, 55.4845314026, 459.399414062, -483.833312988, 151.017425537, -330.231445312], [-170.910217285, 1592.48242188, -491.302490234, -485.170379639, 216.42578125, -270.901062012, -78.0073547363, -108.313835144, 47.0386962891, -154.381774902, 75.5302734375, -155.420059204, 24.6903820038], [-1068.71496582, -491.302490234, 750.956176758, 216.671768188, -69.2755508423, 163.883239746, 57.0408859253, 50.1400794983, -14.5643901825, 53.105922699, 22.4354038239, 84.8159332275, -4.60309648514], [1108.55029297, -485.170379639, 216.671768188, 569.445495605, -53.9287910461, 148.115783691, 22.7656040192, 8.8322057724, 8.82420921326, 55.3071327209, -31.9742069244, 75.016418457, -6.61490488052], [-472.985717773, 216.42578125, -69.2755508423, -53.9287910461, 234.189743042, 3.99924659729, 11.8371839523, 1.53862547874, -6.18691396713, -55.4673576355, 24.5858058929, -33.5202293396, 18.6622657776], [398.721343994, -270.901062012, 163.883239746, 148.115783691, 3.99924659729, 205.714080811, 72.5350875854, 38.9211349487, -5.61296319962, 35.4820785522, -5.97051239014, 30.3220176697, -19.4384326935], [-331.410949707, -78.0073547363, 57.0408859253, 22.7656040192, 11.8371839523, 72.5350875854, 145.196792603, 28.1425609589, -15.8788862228, 0.442750006914, 11.3957910538, -10.5854444504, -1.27810037136], [49.4856529236, -108.313835144, 50.1400794983, 8.8322057724, 1.53862547874, 38.9211349487, 28.1425609589, 91.1572723389, 8.10840988159, 19.0831031799, 1.65513432026, 4.7362446785, -7.87279319763], [55.4845314026, 47.0386962891, -14.5643901825, 8.82420921326, -6.18691396713, -5.61296319962, -15.8788862228, 8.10840988159, 78.5461349487, 17.3204498291, -4.36767101288, -0.692191183567, -4.56523132324], [459.399414062, -154.381774902, 53.105922699, 55.3071327209, -55.4673576355, 35.4820785522, 0.442750006914, 19.0831031799, 17.3204498291, 98.5535125732, -7.89007377625, 17.6037597656, -19.9952888489], [-483.833312988, 75.5302734375, 22.4354038239, -31.9742069244, 24.5858058929, -5.97051239014, 11.3957910538, 1.65513432026, -4.36767101288, -7.89007377625, 82.4068222046, 1.32211744785, 11.2298555374], [151.017425537, -155.420059204, 84.8159332275, 75.016418457, -33.5202293396, 30.3220176697, -10.5854444504, 4.7362446785, -0.692191183567, 17.6037597656, 1.32211744785, 78.0959472656, 9.87105941772], [-330.231445312, 24.6903820038, -4.60309648514, -6.61490488052, 18.6622657776, -19.4384326935, -1.27810037136, -7.87279319763, -4.56523132324, -19.9952888489, 11.2298555374, 9.87105941772, 68.4145126343]], "mean": [3.52315425873, 104.900115967, -92.8530273438, 28.7730751038, -45.1379432678, 13.9495429993, -31.6785507202, 4.64457082748, -21.3307285309, 8.55871582031, -21.9024219513, 4.61916780472, -10.3720264435], "icov": [[0.00019951761351, -0.000330182519974, 0.000472330051707, -0.000470377039164, 0.00036890906631, -0.000685036007781, 0.000529724813532, -0.000433811248513, 0.000565007736441, -0.000749635859393, 0.000838701438624, -0.000483003648696, 0.000483852054458], [-0.000330182519974, 0.00203626346774, -0.000469150225399, 0.00138404313475, -0.00133269268554, 0.00178922014311, -0.000749978469685, 0.00184256769717, -0.00217674975283, 0.00217824196443, -0.002409117762, 0.00199172715656, -0.000557014893275], [0.000472330051707, -0.000469150225399, 0.00306120561436, -0.00128100346774, 0.00114889594261, -0.00247959676199, 0.00116112118121, -0.00128658278845, 0.00140981923323, -0.00166238553356, 0.00101080723107, -0.00202145846561, 0.00112099875696], [-0.000470377039164, 0.00138404313475, -0.00128100346774, 0.00388488057069, -0.00104360759724, 0.000404777005315, -0.00109267153312, 0.00215624412522, -0.00219636363909, 0.00168744276743, -0.00150813627988, 0.000228556717047, -0.00129193090834], [0.00036890906631, -0.00133269268554, 0.00114889594261, -0.00104360759724, 0.00669092964381, -0.00314444070682, 0.00139367755037, -0.00193600496277, 0.00143647799268, 0.00100994692184, 0.000517530541401, 0.000622771447524, -0.00046106314403], [-0.000685036007781, 0.00178922014311, -0.00247959676199, 0.000404777005315, -0.00314444070682, 0.0118211181834, -0.00546722300351, 0.000524473376572, -0.00202968739904, 0.00129176594783, -0.00237213331275, 0.000118711461255, 0.000708982930519], [0.000529724813532, -0.000749978469685, 0.00116112118121, -0.00109267153312, 0.00139367755037, -0.00546722300351, 0.0110015422106, -0.00291759776883, 0.00298254122026, -0.00115170539357, 0.000773220090196, 0.00190885248594, 0.000196385983145], [-0.000433811248513, 0.00184256769717, -0.00128658278845, 0.00215624412522, -0.00193600496277, 0.000524473376572, -0.00291759776883, 0.0147981932387, -0.0037400717847, 0.000411405460909, -0.00247598462738, 0.00145119777881, -0.000243799848249], [0.000565007736441, -0.00217674975283, 0.00140981923323, -0.00219636363909, 0.00143647799268, -0.00202968739904, 0.00298254122026, -0.0037400717847, 0.016539318487, -0.00540411518887, 0.00337735912763, -0.00166214525234, 0.00126176513731], [-0.000749635859393, 0.00217824196443, -0.00166238553356, 0.00168744276743, 0.00100994692184, 0.00129176594783, -0.00115170539357, 0.000411405460909, -0.00540411518887, 0.017550855875, -0.00411180173978, 0.0016631546896, 0.000968001841102], [0.000838701438624, -0.002409117762, 0.00101080723107, -0.00150813627988, 0.000517530541401, -0.00237213331275, 0.000773220090196, -0.00247598462738, 0.00337735912763, -0.00411180173978, 0.0178139396012, -0.0040677706711, 0.000440809817519], [-0.000483003648696, 0.00199172715656, -0.00202145846561, 0.000228556717047, 0.000622771447524, 0.000118711461255, 0.00190885248594, 0.00145119777881, -0.00166214525234, 0.0016631546896, -0.0040677706711, 0.0203809663653, -0.0049953837879], [0.000483852054458, -0.000557014893275, 0.00112099875696, -0.00129193090834, -0.00046106314403, 0.000708982930519, 0.000196385983145, -0.000243799848249, 0.00126176513731, 0.000968001841102, 0.000440809817519, -0.0049953837879, 0.018422158435]]}, "spectral_complexity": {"dmean": 3.02090644836, "dmean2": 4.53662061691, "max": 57, "dvar": 14.5127773285, "mean": 18.6597385406, "dvar2": 27.457326889, "min": 0, "var": 79.1126785278, "median": 18}, "spectral_flux": {"dmean": 0.0214521028101, "dmean2": 0.0333034135401, "max": 0.300640404224, "dvar": 0.000656775198877, "mean": 0.0696638822556, "dvar2": 0.00144834374078, "min": 6.52414650082e-11, "var": 0.00173639028799, "median": 0.0616282150149}, "spectral_energyband_low": {"dmean": 0.00399185717106, "dmean2": 0.0065674316138, "max": 0.115429751575, "dvar": 6.27657864243e-05, "mean": 0.0179104078561, "dvar2": 0.000173531821929, "min": 1.06796707212e-23, "var": 8.54776953929e-05, "median": 0.0177196580917}, "spectral_decrease": {"dmean": 1.98315919242e-09, "dmean2": 3.13898307347e-09, "max": 1.57939026763e-28, "dvar": 6.95070935178e-18, "mean": -1.1501362529e-08, "dvar2": 1.7696505156e-17, "min": -3.43026052008e-08, "var": 2.74229298954e-17, "median": -1.24773134047e-08}, "barkbands_spread": {"dmean": 4.54865503311, "dmean2": 6.37303638458, "max": 107.340835571, "dvar": 74.9183273315, "mean": 18.4915599823, "dvar2": 117.751266479, "min": 0.883463859558, "var": 310.95715332, "median": 12.7059650421}, "spectral_rms": {"dmean": 0.000550957629457, "dmean2": 0.000858443323523, "max": 0.0113930897787, "dvar": 4.71761183007e-07, "mean": 0.00637614121661, "dvar2": 1.14147167096e-06, "min": 3.12510954614e-12, "var": 3.81353629564e-06, "median": 0.00693217292428}, "spectral_centroid": {"dmean": 195.212783813, "dmean2": 274.689483643, "max": 11570.6318359, "dvar": 127583.828125, "mean": 1013.92626953, "dvar2": 197343.5, "min": 149.690643311, "var": 823288.3125, "median": 747.817321777}, "barkbands_skewness": {"dmean": 0.376267880201, "dmean2": 0.549794018269, "max": 11.124414444, "dvar": 0.227994456887, "mean": 2.07783508301, "dvar2": 0.465438693762, "min": -2.14246368408, "var": 1.72669684887, "median": 1.94291448593}, "spectral_rolloff": {"dmean": 300.532409668, "dmean2": 490.583770752, "max": 19509.0820312, "dvar": 710316.9375, "mean": 1001.12609863, "dvar2": 1340713.875, "min": 64.599609375, "var": 2704756.25, "median": 516.796875}, "erbbands_spread": {"dmean": 6.91595172882, "dmean2": 10.2033834457, "max": 135.711456299, "dvar": 93.228187561, "mean": 39.4845581055, "dvar2": 203.397247314, "min": 4.86807155609, "var": 333.777618408, "median": 36.5932350159}, "barkbands": {"dmean": [3.7007710489e-05, 0.00287965382449, 0.00149559939746, 0.00118524138816, 0.00393256545067, 0.000903633073904, 0.00118639832363, 0.000613214739133, 0.000452623411547, 0.000324917113176, 0.00021369526803, 0.000215418185689, 0.000210046768188, 0.000276365492027, 0.00022693889332, 0.000145623242133, 0.00013908384426, 9.6149458841e-05, 7.399104652e-05, 0.000134716654429, 0.000199618109036, 0.000169733277289, 9.19515441637e-05, 4.2643656343e-05, 6.31713701296e-05, 5.99918821536e-05, 4.85571035824e-06], "dmean2": [6.3601641159e-05, 0.00462673604488, 0.00250765564851, 0.00200759992003, 0.00628440594301, 0.00128499348648, 0.0015319440281, 0.00079033698421, 0.0006094253622, 0.000469210383017, 0.000319967075484, 0.000331089453539, 0.000325520610204, 0.000426533370046, 0.000351691967808, 0.000230872392422, 0.000217068605707, 0.000151706728502, 0.000114570699225, 0.00020548964676, 0.000287787261186, 0.00024152858532, 0.000130686166813, 6.10946881352e-05, 9.49812747422e-05, 8.66689588293e-05, 7.33630804461e-06], "max": [0.00183776114136, 0.0873348191381, 0.0463854596019, 0.0441475585103, 0.0776760056615, 0.0479094833136, 0.0443402826786, 0.0469507314265, 0.0296240355819, 0.0154807372019, 0.0146366106346, 0.0060283751227, 0.0111580844969, 0.0133364982903, 0.0124330604449, 0.0138806542382, 0.00836479477584, 0.00514569552615, 0.00729726068676, 0.011768755503, 0.0145062860101, 0.0111907850951, 0.00754060130566, 0.00243491912261, 0.00592271052301, 0.00481011811644, 0.000555419595912], "dvar": [9.42429156936e-09, 3.41606682923e-05, 9.98195719148e-06, 5.69114672544e-06, 3.41781269526e-05, 4.64921777166e-06, 4.53621760244e-06, 2.54442966252e-06, 9.72981297309e-07, 3.31741603077e-07, 1.86906717659e-07, 1.16151142038e-07, 1.50843234792e-07, 2.43655932763e-07, 1.76508422101e-07, 1.12915785166e-07, 7.06805849404e-08, 3.53119027352e-08, 5.14134832486e-08, 1.57098796194e-07, 4.16403139525e-07, 2.41522428723e-07, 8.7867391585e-08, 1.36519515692e-08, 4.21527559524e-08, 3.72311887986e-08, 4.46952613808e-10], "mean": [0.000105835053546, 0.0116836233065, 0.00514024402946, 0.0018921867013, 0.0116935204715, 0.00261754239909, 0.00383411068469, 0.00187094439752, 0.00142158125527, 0.000744879362173, 0.000419632822741, 0.000415029440774, 0.000399779994041, 0.000568265328184, 0.000486634322442, 0.000364165927749, 0.000309097551508, 0.000181973780855, 0.00012538988085, 0.000249213073403, 0.000327009154717, 0.000302488828311, 0.000163816745044, 7.07739818608e-05, 8.9905995992e-05, 9.58659074968e-05, 6.76395438859e-06], "dvar2": [2.57188741415e-08, 9.32607217692e-05, 2.86192989734e-05, 1.56511396199e-05, 8.60520449351e-05, 9.08195488591e-06, 7.2384291343e-06, 3.65788537238e-06, 1.75657953605e-06, 6.63121511479e-07, 3.91194532767e-07, 2.62592351419e-07, 3.53642093387e-07, 5.45405214325e-07, 4.17001984943e-07, 2.76492698958e-07, 1.66552766245e-07, 7.80724462857e-08, 1.13128642454e-07, 3.2964589991e-07, 8.18157730009e-07, 4.69162387162e-07, 1.69581639398e-07, 2.79841430029e-08, 9.66615090192e-08, 7.25805975321e-08, 1.01208397218e-09], "min": [1.26693920999e-25, 3.00040267351e-24, 8.33208101515e-25, 9.32914992339e-25, 1.28032842781e-23, 1.9901767881e-23, 1.79084362804e-23, 1.60004641629e-23, 2.28922007332e-23, 2.27928705235e-23, 2.41575825346e-23, 2.22458680609e-23, 1.78226886777e-23, 4.92360434246e-23, 4.68385594495e-23, 7.65938058819e-23, 8.05767267271e-23, 1.05495365975e-22, 1.41181653657e-22, 2.08414375343e-22, 3.08203967189e-22, 2.7137564873e-22, 3.79000535253e-22, 6.07022786769e-22, 9.44957318511e-22, 1.38547512042e-21, 2.05538286933e-21], "var": [1.97743723618e-08, 5.10712488904e-05, 2.06211334444e-05, 9.00772556633e-06, 0.000132378860144, 2.45072642429e-05, 2.7444179068e-05, 2.11365004361e-05, 7.33261595087e-06, 1.52457948843e-06, 4.9210348152e-07, 2.89327289238e-07, 3.55677855168e-07, 7.65465358654e-07, 4.49411430736e-07, 4.86168801217e-07, 1.82903832524e-07, 6.90254395863e-08, 8.06376334594e-08, 3.03790272937e-07, 8.95317498362e-07, 6.35020455775e-07, 2.39492067067e-07, 3.12646726286e-08, 5.89106683435e-08, 8.86963746893e-08, 6.26288187977e-10], "median": [4.04150923714e-05, 0.0112630054355, 0.00447217468172, 0.000958459801041, 0.00843407679349, 0.000645965978038, 0.0014063033741, 0.000322894571582, 0.000423892081017, 0.000379205564968, 0.000228081917157, 0.000240903958911, 0.000218903049245, 0.000281342712697, 0.000265552516794, 0.00016403227346, 0.000172767569893, 0.000101273668406, 5.39133616257e-05, 0.00010210522305, 6.34939133306e-05, 7.32216285542e-05, 2.75594138657e-05, 1.44969071698e-05, 1.65029068739e-05, 1.62276719493e-05, 1.14552449304e-06]}, "melbands_kurtosis": {"dmean": 5.96073246002, "dmean2": 8.91261386871, "max": 316.875518799, "dvar": 128.103744507, "mean": 19.4434375763, "dvar2": 289.74395752, "min": -1.42006850243, "var": 640.951721191, "median": 12.8349399567}, "erbbands_crest": {"dmean": 1.98110461235, "dmean2": 2.99853491783, "max": 28.1498908997, "dvar": 4.56158208847, "mean": 9.90756988525, "dvar2": 9.93030357361, "min": 2.27553963661, "var": 19.280544281, "median": 9.12373542786}, "melbands_skewness": {"dmean": 0.518543541431, "dmean2": 0.76093763113, "max": 13.1674966812, "dvar": 0.478980302811, "mean": 3.13346791267, "dvar2": 1.02301335335, "min": -0.705400586128, "var": 2.80698728561, "median": 2.92365980148}, "spectral_energyband_middle_low": {"dmean": 0.00543728470802, "dmean2": 0.00846020039171, "max": 0.0830109715462, "dvar": 5.4011852626e-05, "mean": 0.0235798005015, "dvar2": 0.000125734208268, "min": 1.87954125496e-22, "var": 0.000259030028246, "median": 0.0266776364297}, "spectral_contrast_coeffs": {"dmean": [0.0390354767442, 0.0413672812283, 0.0314115919173, 0.0272149946541, 0.0212037432939, 0.0181042160839], "dmean2": [0.0641997680068, 0.0643250271678, 0.0500505454838, 0.0435939952731, 0.0333489105105, 0.0276129469275], "max": [-0.32756409049, -0.373597115278, -0.509791314602, -0.582940459251, -0.603282868862, -0.597917079926], "dvar": [0.00123669125605, 0.00144151668064, 0.000693820533343, 0.00051217735745, 0.000346001412254, 0.00032066370477], "mean": [-0.618394911289, -0.660823106766, -0.748935461044, -0.756283223629, -0.782500386238, -0.749350905418], "dvar2": [0.00312678655609, 0.00306065683253, 0.0017151000211, 0.00126099062618, 0.000795811181888, 0.000663274142426], "min": [-0.975874602795, -0.973335385323, -0.976816594601, -0.966386437416, -0.965715110302, -0.966002047062], "var": [0.00693431356922, 0.00943336542696, 0.00371980154887, 0.0031080939807, 0.00222541159019, 0.00253409333527], "median": [-0.616647601128, -0.656505227089, -0.751974761486, -0.75245654583, -0.782272338867, -0.74275124073]}, "spectral_contrast_valleys": {"dmean": [0.284726321697, 0.334391534328, 0.266696155071, 0.249222233891, 0.264126628637, 0.275502204895], "dmean2": [0.468001484871, 0.535484492779, 0.419434666634, 0.387198477983, 0.362793922424, 0.357520192862], "max": [-5.08678913116, -4.85901451111, -5.4840798378, -5.97925329208, -5.70433950424, -7.73467636108], "dvar": [0.0884746983647, 0.117222510278, 0.0835139527917, 0.0793506652117, 0.102713920176, 0.140647128224], "mean": [-6.80869245529, -7.1476931572, -7.47125005722, -7.9379029274, -7.98333644867, -10.5030508041], "dvar2": [0.197055071592, 0.241030052304, 0.158790573478, 0.142639130354, 0.169842630625, 0.222264349461], "min": [-28.0852279663, -28.0772266388, -27.5855255127, -27.587726593, -27.4209537506, -27.3546276093], "var": [2.62406206131, 2.39975547791, 2.27897787094, 2.46538591385, 2.70868468285, 2.48842644691], "median": [-6.46951293945, -6.91332244873, -7.24159097672, -7.67082691193, -7.7086687088, -10.3816452026]}, "silence_rate_20dB": {"dmean": 0, "dmean2": 0, "max": 1, "dvar": 0, "mean": 1, "dvar2": 0, "min": 1, "var": 0, "median": 1}, "silence_rate_30dB": {"dmean": 0.000241691843257, "dmean2": 0.000483442097902, "max": 1, "dvar": 0.000241587680648, "mean": 0.999879181385, "dvar2": 0.000724746438209, "min": 0, "var": 0.000120805285405, "median": 1}, "spectral_strongpeak": {"dmean": 0.345058888197, "dmean2": 0.596941292286, "max": 5.08071184158, "dvar": 0.278611809015, "mean": 0.993690788746, "dvar2": 0.638214766979, "min": 0, "var": 0.723465442657, "median": 0.617456912994}, "spectral_spread": {"dmean": 503501.28125, "dmean2": 730196.3125, "max": 47897472, "dvar": 754373033984, "mean": 4794130, "dvar2": 1414863781890.0, "min": 794748.875, "var": 6636189515780.0, "median": 4363391}, "barkbands_flatness_db": {"dmean": 0.0162494052202, "dmean2": 0.0228583719581, "max": 0.345735192299, "dvar": 0.000339218182489, "mean": 0.161700174212, "dvar2": 0.000630081980489, "min": 0.0242985747755, "var": 0.00270033907145, "median": 0.159482419491}, "pitch_salience": {"dmean": 0.0454810149968, "dmean2": 0.0712357833982, "max": 0.893213510513, "dvar": 0.00264603504911, "mean": 0.494101047516, "dvar2": 0.00643289089203, "min": 0.107779331505, "var": 0.00934756174684, "median": 0.49435210228}, "erbbands_kurtosis": {"dmean": 0.816670000553, "dmean2": 1.2178299427, "max": 33.2307434082, "dvar": 2.02519726753, "mean": 0.729166924953, "dvar2": 4.3345489502, "min": -1.81359863281, "var": 5.81030797958, "median": 0.0647690296173}, "average_loudness": 0.963761389256, "barkbands_crest": {"dmean": 1.6992251873, "dmean2": 2.6756439209, "max": 25.0120067596, "dvar": 3.07295703888, "mean": 10.9662799835, "dvar2": 7.91385555267, "min": 2.89478731155, "var": 13.473408699, "median": 10.3452587128}, "hfc": {"dmean": 5.79595518112, "dmean2": 7.98306083679, "max": 138.91708374, "dvar": 109.797485352, "mean": 23.9422302246, "dvar2": 186.652679443, "min": 1.09698707603e-16, "var": 383.245910645, "median": 20.3582305908}, "barkbands_kurtosis": {"dmean": 2.59447574615, "dmean2": 3.83119654655, "max": 201.314941406, "dvar": 21.8427009583, "mean": 8.16097354889, "dvar2": 44.7734794617, "min": -1.93347680569, "var": 240.568527222, "median": 4.63913440704}, "erbbands": {"dmean": [0.0547793991864, 0.747238397598, 1.64574015141, 2.74817585945, 8.50227737427, 15.8877983093, 10.7561368942, 6.60235881805, 14.2287998199, 17.8022136688, 12.0082273483, 9.77331733704, 9.7808380127, 9.91791057587, 8.57652187347, 8.05597114563, 9.19765758514, 14.2491168976, 12.6469049454, 8.67134475708, 7.91859006882, 6.67703104019, 5.53487110138, 3.37507033348, 4.53162145615, 6.37927150726, 7.01261425018, 8.34867668152, 5.55908346176, 5.6448969841, 2.00664424896, 1.08918964863, 0.641721189022, 0.614296078682, 0.513787448406, 0.326330810785, 0.106521517038, 0.0107473824173, 0.000820004031993, 3.51566450263e-05], "dmean2": [0.0897324606776, 1.19808483124, 2.75493097305, 4.63656330109, 13.8016119003, 24.9758110046, 16.2700519562, 9.35616016388, 18.4528160095, 22.6252307892, 15.4297513962, 12.9181451797, 13.6674013138, 14.2998590469, 12.9196567535, 12.2035293579, 14.1638364792, 21.8451023102, 19.3276500702, 13.4152898788, 12.6800727844, 10.4191160202, 8.5663766861, 5.29294204712, 6.89252281189, 9.64345359802, 10.1720266342, 12.0053272247, 7.95207691193, 7.88010215759, 2.8320350647, 1.55924797058, 0.940168976784, 0.938669621944, 0.780938744545, 0.477855712175, 0.156110197306, 0.0159156471491, 0.00122061138973, 5.30887919012e-05], "max": [2.05828547478, 21.9939575195, 52.9283638, 94.0215682983, 263.042785645, 423.697998047, 547.382507324, 514.465087891, 540.073303223, 901.925964355, 1097.8223877, 733.646850586, 491.498413086, 606.436523438, 464.958129883, 263.990722656, 450.764678955, 768.349121094, 711.08807373, 622.016357422, 341.373474121, 503.255126953, 290.747528076, 163.693313599, 583.282470703, 686.323669434, 506.058532715, 781.532714844, 367.51171875, 494.008483887, 187.393920898, 74.7814941406, 36.6797218323, 37.0266571045, 86.2203979492, 25.695110321, 10.8040924072, 1.52038931847, 0.0890895500779, 0.0027906592004], "dvar": [0.0160231459886, 2.18789839745, 11.0189304352, 33.1765937805, 228.011886597, 692.489257812, 568.597961426, 337.86630249, 785.462219238, 1541.79406738, 1295.38574219, 513.199157715, 328.876495361, 328.623199463, 242.511276245, 174.487564087, 285.572662354, 660.995300293, 619.346679688, 295.059509277, 202.195999146, 207.874938965, 116.111869812, 54.4079627991, 254.101516724, 394.165405273, 510.617767334, 822.245117188, 237.402694702, 342.33706665, 44.7570571899, 9.33696651459, 3.37090373039, 3.74401640892, 3.59406232834, 1.11522781849, 0.116340793669, 0.00142950599547, 1.06270354081e-05, 1.33895712295e-08], "mean": [0.23755736649, 2.94539785385, 6.7141866684, 6.07586479187, 18.3884010315, 50.3094482422, 27.9880466461, 20.573589325, 45.3080749512, 58.8527488708, 39.960723877, 32.9967727661, 26.1487598419, 23.3080673218, 19.2344455719, 17.1110706329, 19.5825939178, 30.6102848053, 27.6074142456, 19.8406143188, 21.2715549469, 15.7221040726, 11.941942215, 6.38773965836, 8.10970497131, 11.809803009, 11.7871398926, 13.0438890457, 9.69481086731, 10.5467758179, 3.63969302177, 1.84397411346, 1.02177417278, 0.884749352932, 0.705873012543, 0.506357848644, 0.162967965007, 0.015939200297, 0.00120529625565, 9.3974005722e-05], "dvar2": [0.0440987683833, 5.93954229355, 31.3329658508, 94.6211395264, 605.896118164, 1623.67883301, 1282.59777832, 654.513916016, 1270.76220703, 2228.03540039, 1892.57910156, 885.541503906, 636.12286377, 665.392944336, 501.778442383, 382.454406738, 661.82598877, 1394.74890137, 1473.41320801, 702.167419434, 497.747192383, 482.209594727, 254.76423645, 127.70035553, 549.376342773, 833.016540527, 1020.0098877, 1715.18127441, 455.598968506, 624.752685547, 90.0855560303, 18.3803863525, 7.27226877213, 8.58786201477, 8.50084781647, 2.23645401001, 0.243117436767, 0.003163224319, 2.37524254771e-05, 3.1658093036e-08], "min": [1.31101387062e-22, 5.50222176264e-22, 3.73632312811e-21, 1.0998637711e-20, 2.42787041748e-20, 5.58440165163e-20, 1.08444735399e-19, 1.53804528457e-19, 2.07254096207e-19, 4.22626401439e-19, 2.88863360625e-19, 5.36449736599e-19, 5.36394884185e-19, 7.06258852815e-19, 1.29499570991e-18, 1.34660764423e-18, 8.24930319395e-19, 1.8725456213e-18, 3.27822368064e-18, 2.730362729e-18, 4.36876060905e-18, 5.12749161233e-18, 5.01715026811e-18, 6.83866401549e-18, 5.96016884005e-18, 1.00885561398e-17, 1.13399273781e-17, 1.04601405602e-17, 1.00010586289e-17, 1.05637953899e-17, 1.21309113943e-17, 1.09369779233e-17, 9.86890080965e-18, 8.80790105335e-18, 6.9363557002e-18, 4.63056740883e-18, 2.44513203543e-18, 9.3558893908e-19, 2.54997655769e-19, 2.6979851156e-20], "var": [0.0343099273741, 3.36438417435, 24.0659408569, 50.0524368286, 526.536010742, 3538.38061523, 1902.13037109, 1997.81494141, 4527.10742188, 11178.3056641, 10379.0410156, 4439.03710938, 1446.11376953, 1581.27893066, 711.186340332, 438.015411377, 763.720092773, 2444.47070312, 1455.21899414, 1021.6696167, 838.043518066, 491.953857422, 253.732879639, 110.652946472, 381.982147217, 741.389770508, 1039.07641602, 1593.72766113, 610.503295898, 958.955566406, 115.176483154, 22.9308872223, 6.61173725128, 5.65673446655, 4.31145381927, 2.3993947506, 0.259692251682, 0.0026913494803, 1.61397510965e-05, 1.76484551417e-08], "median": [0.213258609176, 2.8680138588, 5.77190685272, 4.04144191742, 8.94639968872, 23.829284668, 13.9834318161, 5.56454181671, 16.1281242371, 16.2935886383, 11.4022636414, 9.75450325012, 15.0899829865, 12.7503147125, 12.5185756683, 10.5537166595, 11.2276306152, 15.3347053528, 15.7115688324, 11.1228408813, 10.5404472351, 9.20970726013, 7.19230365753, 3.21301460266, 3.64580011368, 4.61141681671, 2.81829071045, 2.24167633057, 2.2406668663, 2.22009754181, 0.674156546593, 0.376817643642, 0.198643058538, 0.152587965131, 0.135630071163, 0.0882350802422, 0.025602851063, 0.00246396008879, 0.000241509216721, 7.09446248948e-05]}, "spectral_energy": {"dmean": 0.00778660969809, "dmean2": 0.012292670086, "max": 0.133047550917, "dvar": 0.000103438884253, "mean": 0.0455803461373, "dvar2": 0.000262616958935, "min": 1.00104670717e-20, "var": 0.000414895126596, "median": 0.0492563918233}, "zerocrossingrate": {"dmean": 0.0091799236834, "dmean2": 0.010101178661, "max": 0.51953125, "dvar": 0.00019753689412, "mean": 0.0468611344695, "dvar2": 0.000192696767044, "min": 0.00244140625, "var": 0.00190768868197, "median": 0.03515625}, "spectral_energyband_high": {"dmean": 0.000570921518374, "dmean2": 0.000766558398027, "max": 0.0222671162337, "dvar": 2.15570503