{"tonal": {"chords_key": "C", "hpcp_entropy": {"dmean": 0.628772974014, "dmean2": 1.06638228893, "max": 4.73422956467, "dvar": 0.260742127895, "mean": 1.99343538284, "dvar2": 0.722954154015, "min": 0, "var": 0.475021123886, "median": 1.99361586571}, "key_key": "F", "chords_strength": {"dmean": 0.00840357132256, "dmean2": 0.00940186716616, "max": 0.779851138592, "dvar": 4.99223133374e-05, "mean": 0.565109550953, "dvar2": 6.6599699494e-05, "min": 0.268418222666, "var": 0.00860693957657, "median": 0.563855826855}, "key_scale": "major", "chords_number_rate": 0.00136939401273, "thpcp": [1, 0.690142571926, 0.197004809976, 0.0851311907172, 0.0736440271139, 0.126019641757, 0.349727243185, 0.460029691458, 0.333180308342, 0.282907038927, 0.273038953543, 0.326739221811, 0.528390467167, 0.534237682819, 0.296747177839, 0.139602079988, 0.0917940661311, 0.0959539711475, 0.224132180214, 0.309237003326, 0.30466350913, 0.533758342266, 0.631167113781, 0.352697432041, 0.146642968059, 0.0955635905266, 0.0956688374281, 0.15415006876, 0.210368037224, 0.174133494496, 0.113695956767, 0.118114694953, 0.204037979245, 0.494735360146, 0.683753728867, 0.784505188465], "key_strength": 0.771317064762, "tuning_nontempered_energy_ratio": 0.899442911148, "tuning_frequency": 434.193115234, "chords_changes_rate": 0.0624786019325, "tuning_diatonic_strength": 0.666962563992, "chords_scale": "major", "chords_histogram": [18.8634033203, 22.0985965729, 28.2608699799, 4.29647397995, 0.102704554796, 0.119821980596, 0, 0, 2.63608360291, 0.239643961191, 7.4974322319, 0, 0, 0, 0, 0.410818219185, 0.924340963364, 11.2632656097, 0, 0, 0, 0, 0, 3.28654575348], "tuning_equal_tempered_deviation": 0.219317033887, "hpcp": {"dmean": [0.163263365626, 0.159591495991, 0.115448638797, 0.067907743156, 0.0469059944153, 0.0487701967359, 0.081882737577, 0.105957314372, 0.11609557271, 0.150412082672, 0.161195158958, 0.122691445053, 0.0765261873603, 0.0500920265913, 0.0453561209142, 0.0604009591043, 0.066323146224, 0.0615245290101, 0.0541438311338, 0.0639006569982, 0.0860678553581, 0.137219592929, 0.161268621683, 0.208379879594, 0.252103745937, 0.158662602305, 0.0651549622416, 0.0402785800397, 0.035285782069, 0.0527358949184, 0.107105880976, 0.138301745057, 0.136445075274, 0.143894091249, 0.142489165068, 0.149199932814], "dmean2": [0.285310357809, 0.27089241147, 0.204846218228, 0.124060206115, 0.0874126255512, 0.0910472944379, 0.14394056797, 0.185593828559, 0.205374881625, 0.25614887476, 0.272671729326, 0.21573035419, 0.143265247345, 0.0940694212914, 0.0836543515325, 0.107031919062, 0.116038367152, 0.108834095299, 0.09890422225, 0.117893323302, 0.150763496757, 0.230998411775, 0.268273442984, 0.356780827045, 0.450605422258, 0.273600131273, 0.113464698195, 0.0733991339803, 0.0639282390475, 0.0926282927394, 0.186643436551, 0.245816126466, 0.252546370029, 0.2730422616, 0.267928570509, 0.273585408926], "max": [1, 1, 1, 1, 1, 1, 1, 1, 1, 1, 1, 1, 1, 1, 1, 1, 1, 1, 1, 1, 1, 1, 1, 1, 1, 1, 1, 1, 1, 1, 1, 1, 1, 1, 1, 1], "dvar": [0.0609021820128, 0.0573320835829, 0.0408983118832, 0.0269291009754, 0.0195266176015, 0.020373865962, 0.0289236530662, 0.0386140942574, 0.0384420193732, 0.0495592094958, 0.0552179291844, 0.0430050902069, 0.0339291617274, 0.0220616720617, 0.0168882813305, 0.0225989501923, 0.0255439393222, 0.0247949697077, 0.0202406626195, 0.0271607078612, 0.026280041784, 0.0370453186333, 0.0467282123864, 0.0488958731294, 0.113319329917, 0.0426490418613, 0.0188658647239, 0.012990327552, 0.0105395177379, 0.0142986690626, 0.0372084751725, 0.0528346598148, 0.0549944378436, 0.07080540061, 0.0657820180058, 0.0648633465171], "mean": [0.197244495153, 0.199427217245, 0.110773660243, 0.0521124899387, 0.0342660881579, 0.0358189530671, 0.0836669877172, 0.115436032414, 0.113728776574, 0.199248299003, 0.235610306263, 0.131659507751, 0.0547408051789, 0.0356732271612, 0.0357125140727, 0.0575431510806, 0.0785289332271, 0.0650028288364, 0.0424419119954, 0.0440913960338, 0.0761659666896, 0.184681281447, 0.255240529776, 0.292850345373, 0.373293071985, 0.257625430822, 0.0735405310988, 0.031778883189, 0.0274908058345, 0.0470422618091, 0.130550757051, 0.171725898981, 0.124373905361, 0.105607233942, 0.101923547685, 0.121969491243], "dvar2": [0.155054241419, 0.145378798246, 0.112274825573, 0.0761785656214, 0.0551922880113, 0.0591727010906, 0.0798259079456, 0.101379700005, 0.104535244405, 0.125848546624, 0.131453827024, 0.116346471012, 0.0967601314187, 0.0631733313203, 0.0481589846313, 0.0623789951205, 0.0665523186326, 0.0652299895883, 0.0559175312519, 0.0761514157057, 0.0678482428193, 0.0993697196245, 0.107409216464, 0.105593621731, 0.225365713239, 0.0875419229269, 0.0503544583917, 0.0361395701766, 0.0299731902778, 0.0394019782543, 0.100242353976, 0.144607305527, 0.157283633947, 0.203087821603, 0.187980860472, 0.181720435619], "min": [0, 0, 0, 0, 0, 0, 0, 0, 0, 0, 0, 0, 0, 0, 0, 0, 0, 0, 0, 0, 0, 0, 0, 0, 0, 0, 0, 0, 0, 0, 0, 0, 0, 0, 0, 0], "var": [0.0849031955004, 0.0828492194414, 0.037946023047, 0.0191966947168, 0.0134142674506, 0.0127207851037, 0.0276181474328, 0.0450223870575, 0.0366293378174, 0.079253025353, 0.0995097383857, 0.0457030758262, 0.0224201716483, 0.0139298951253, 0.0111515689641, 0.0191685315222, 0.0341235920787, 0.028284303844, 0.0148714715615, 0.0176574513316, 0.0242774542421, 0.0577878430486, 0.0993472859263, 0.0758026689291, 0.173638790846, 0.0991781577468, 0.0228078830987, 0.00913026276976, 0.00711105205119, 0.0124849360436, 0.0500085540116, 0.0728010833263, 0.0438342504203, 0.050366897136, 0.0459258556366, 0.0525690466166], "median": [0.0527979806066, 0.0631702393293, 0.0318838730454, 0.0100096091628, 0.00473702698946, 0.0061120102182, 0.020513933152, 0.0300145912915, 0.0343886837363, 0.0638708174229, 0.0766667053103, 0.0368819013238, 0.00899713858962, 0.00594629626721, 0.00757979694754, 0.0124560650438, 0.012955211103, 0.00938375480473, 0.00668239686638, 0.00566757749766, 0.0165124069899, 0.0782051831484, 0.106356151402, 0.203516304493, 0.122091278434, 0.0747417807579, 0.0104087255895, 0.00636235252023, 0.00560147874057, 0.0111500574276, 0.0314934924245, 0.0417057573795, 0.0338925197721, 0.01762053743, 0.0157502442598, 0.0228634402156]}}, "lowlevel": {"melbands_flatness_db": {"dmean": 0.037217900157, "dmean2": 0.0519423745573, "max": 0.711017310619, "dvar": 0.00150855118409, "mean": 0.251986294985, "dvar2": 0.00266514252871, "min": 0.0135945286602, "var": 0.0109447361901, "median": 0.232852682471}, "melbands_crest": {"dmean": 3.81690573692, "dmean2": 5.83629846573, "max": 38.851600647, "dvar": 11.8596115112, "mean": 18.267375946, "dvar2": 27.1324138641, "min": 3.45497989655, "var": 62.7414093018, "median": 17.0003376007}, "spectral_entropy": {"dmean": 0.247481226921, "dmean2": 0.349745929241, "max": 8.96987438202, "dvar": 0.0816694870591, "mean": 7.46287202835, "dvar2": 0.151577219367, "min": 4.84569406509, "var": 0.393869102001, "median": 7.53334474564}, "melbands": {"dmean": [0.00408769212663, 0.0021568199154, 0.00075827591354, 0.000301203515846, 0.000270631688181, 0.000327080313582, 9.4332091976e-05, 0.000133221619762, 0.000182817107998, 0.000236405408941, 8.61858497956e-05, 6.01859210292e-05, 7.54612265155e-05, 2.61854711425e-05, 2.56679431914e-05, 2.27714845096e-05, 4.16898510593e-05, 4.37358430645e-05, 2.91720825771e-05, 3.04490768031e-05, 1.35777345349e-05, 1.25930855575e-05, 1.01437271951e-05, 5.74845716983e-06, 6.36162531009e-06, 4.65534685645e-06, 3.72478461941e-06, 4.04304273616e-06, 3.50456571141e-06, 2.76456444226e-06, 2.69622614724e-06, 2.01543889489e-06, 1.97923395717e-06, 2.00935096473e-06, 2.59452440332e-06, 3.62447281077e-06, 4.70881514048e-06, 3.33235539074e-06, 2.04275306714e-06, 1.98797215489e-06], "dmean2": [0.00587005261332, 0.0033350805752, 0.00124572915956, 0.000505543779582, 0.000432041211752, 0.000526156858541, 0.000149694213178, 0.000209192512557, 0.000265703420155, 0.000331926159561, 0.000132094195578, 9.49223103817e-05, 0.000115979797556, 4.29315768997e-05, 4.07812876801e-05, 3.59223886335e-05, 6.6172942752e-05, 6.63120590616e-05, 4.61371782876e-05, 4.7258563427e-05, 2.19699832087e-05, 1.89721613424e-05, 1.58933526109e-05, 9.56639269134e-06, 1.06474890345e-05, 7.88057786849e-06, 6.21217759544e-06, 6.62243019178e-06, 5.79014522373e-06, 4.44390070697e-06, 4.36836853623e-06, 3.3196113236e-06, 3.25070300278e-06, 3.36953667102e-06, 4.28062594438e-06, 6.21302888248e-06, 8.11161589809e-06, 5.62008426641e-06, 3.12296083393e-06, 2.85856731352e-06], "max": [0.073175214231, 0.0459517240524, 0.0173028353602, 0.00852150563151, 0.0102521497756, 0.0128593500704, 0.00292399246246, 0.00875887554139, 0.0153264580294, 0.0300729237497, 0.0121587095782, 0.00506614753976, 0.00747112184763, 0.00335824512877, 0.00430930918083, 0.00237139780074, 0.00410925364122, 0.00639483146369, 0.00287225004286, 0.0031460551545, 0.00126867194194, 0.0014033355983, 0.00153075694107, 0.000270113436272, 0.000280544103589, 0.00017452731845, 0.000322359672282, 0.00078918482177, 0.000629719055723, 0.000196088119992, 0.000127024657559, 0.000249640957918, 8.45623362693e-05, 8.06240495876e-05, 6.15087119513e-05, 9.63430575212e-05, 0.000119554992125, 0.000109647247882, 6.36508484604e-05, 7.97017492005e-05], "dvar": [4.11906294175e-05, 1.22816509247e-05, 1.61843388469e-06, 1.93633553636e-07, 1.55425396997e-07, 3.03676046087e-07, 1.7602374669e-08, 7.05086051767e-08, 2.74446364301e-07, 5.06119704369e-07, 4.51285373515e-08, 2.63924153643e-08, 3.54206513009e-08, 4.62229365894e-09, 7.76411024361e-09, 2.86232171298e-09, 1.32734179203e-08, 2.03186587555e-08, 5.88057558204e-09, 5.84387382929e-09, 8.61015869713e-10, 1.0233468517e-09, 8.71636540722e-10, 1.28551780332e-10, 1.53087167942e-10, 9.82997294674e-11, 7.48036840803e-11, 1.0749859336e-10, 7.7652807795e-11, 3.42420258814e-11, 3.48317659438e-11, 2.94616379903e-11, 1.98333346274e-11, 2.01425525564e-11, 2.86483458484e-11, 6.38675917708e-11, 1.09099951295e-10, 6.35079835942e-11, 2.76791905368e-11, 2.66665040743e-11], "mean": [0.00834939535707, 0.00379986455664, 0.00128401082475, 0.000572602963075, 0.000594102719333, 0.00065511057619, 0.000183817275683, 0.000238727152464, 0.000362762541045, 0.000459155242424, 0.000142134347698, 0.000105172824988, 0.00014014550834, 3.97564690502e-05, 4.12020999647e-05, 3.74399132852e-05, 7.28290324332e-05, 7.29254825274e-05, 5.17453045177e-05, 5.80283776799e-05, 2.525499076e-05, 2.27839245781e-05, 1.97711888177e-05, 8.90584215085e-06, 1.00391407614e-05, 6.70075951348e-06, 4.61301488031e-06, 5.07976346853e-06, 4.92764274895e-06, 4.04348884331e-06, 3.49517745235e-06, 2.32873253481e-06, 2.27516147788e-06, 2.32181400861e-06, 2.76190689874e-06, 3.45300713889e-06, 4.34594949184e-06, 3.34657602252e-06, 2.35209813582e-06, 2.24054770115e-06], "dvar2": [9.18822042877e-05, 2.67170307779e-05, 4.12577401221e-06, 5.41119050013e-07, 3.87328782381e-07, 8.03437103514e-07, 4.47859704877e-08, 1.66279264135e-07, 5.34377420536e-07, 8.29874579722e-07, 9.5365059849e-08, 6.3981410392e-08, 7.79181306143e-08, 1.17043654768e-08, 1.58374451331e-08, 6.459584867e-09, 3.08509413571e-08, 3.96008950077e-08, 1.33247501921e-08, 1.23596697321e-08, 1.98108596194e-09, 1.81151726952e-09, 1.96905292071e-09, 3.34468786001e-10, 4.01836314223e-10, 2.61976079718e-10, 1.97127605905e-10, 2.35985370134e-10, 1.66593489004e-10, 8.66589577875e-11, 9.18974063513e-11, 8.00101443432e-11, 5.19029576262e-11, 5.448095447e-11, 7.47691283887e-11, 1.71515704417e-10, 2.91266871733e-10, 1.6516300827e-10, 6.21901558029e-11, 5.04987822392e-11], "min": [1.28224643766e-14, 2.64648477524e-15, 1.26553636226e-15, 8.31269664106e-16, 3.78862696593e-16, 4.4462130536e-16, 9.58565375309e-16, 1.74248939167e-15, 1.79521518094e-15, 2.58171682444e-15, 3.82066958705e-15, 3.96253532374e-15, 2.64803315146e-15, 2.26713344651e-15, 3.44921938166e-15, 3.95579505906e-15, 2.47566829944e-15, 4.44577863157e-15, 1.57837601699e-15, 4.36125236673e-15, 1.27800458137e-15, 1.43587765257e-15, 1.81882431852e-15, 4.34183540697e-15, 5.19852325927e-15, 2.65474249944e-15, 3.7911958051e-15, 1.9168230659e-15, 1.92470894264e-15, 2.79787179753e-15, 2.79427889552e-15, 2.52073765202e-15, 2.66763158804e-15, 3.33942125356e-15, 3.35009683331e-15, 1.72516375625e-15, 2.96001105605e-15, 2.01129201523e-15, 1.63676316271e-15, 2.70733159876e-15], "var": [0.000128591360408, 2.46263971349e-05, 2.28647695621e-06, 3.82358763318e-07, 5.87763679505e-07, 9.61298383118e-07, 5.07855091314e-08, 1.59051694482e-07, 1.05608546619e-06, 1.97404256141e-06, 9.91540360928e-08, 6.36035366597e-08, 1.18496167545e-07, 6.9902990063e-09, 1.56560790998e-08, 7.92296894758e-09, 3.79892632907e-08, 4.81963269294e-08, 1.62704942852e-08, 2.04160279793e-08, 3.18316728531e-09, 3.84702625311e-09, 4.47809744841e-09, 2.24715843156e-10, 2.95021174157e-10, 1.41970130096e-10, 8.55534879052e-11, 2.13998013754e-10, 1.70969349789e-10, 4.9928425977e-11, 5.213724244e-11, 2.91292615029e-11, 2.79693854882e-11, 2.80348522175e-11, 2.91777366157e-11, 6.04011285432e-11, 9.74417282973e-11, 6.23737589356e-11, 3.68197312917e-11, 3.94064988973e-11], "median": [0.00237970310263, 0.00189639558084, 0.000845211674459, 0.000408833177062, 0.000355518714059, 0.000305345136439, 0.000114407543151, 0.000112257999717, 8.84586188477e-05, 9.72331617959e-05, 6.08902118984e-05, 4.13884554291e-05, 4.78541296616e-05, 2.04613279493e-05, 1.82406038221e-05, 1.68717360793e-05, 2.47601419687e-05, 2.21345198952e-05, 1.65710589499e-05, 1.72488598764e-05, 9.52085520112e-06, 8.35683567857e-06, 6.08243681199e-06, 3.88936814488e-06, 4.31641592513e-06, 2.83784675048e-06, 1.77336380602e-06, 1.87757541426e-06, 1.88296826309e-06, 1.66405072832e-06, 1.30001706111e-06, 5.93294601003e-07, 4.46722850711e-07, 5.55735766739e-07, 6.64787251026e-07, 5.64793140256e-07, 7.07086087459e-07, 6.66455093778e-07, 3.43058047747e-07, 2.388485143e-07]}, "silence_rate_60dB": {"dmean": 0.00445129256696, "dmean2": 0.00881773792207, "max": 1, "dvar": 0.00443079508841, "mean": 0.0180604290217, "dvar2": 0.0102796200663, "min": 0, "var": 0.0177359562367, "median": 0}, "spectral_energyband_middle_high": {"dmean": 0.00182992301416, "dmean2": 0.00273836683482, "max": 0.0892190262675, "dvar": 8.12525649962e-06, "mean": 0.00548853492364, "dvar2": 1.76726152858e-05, "min": 4.72195091188e-13, "var": 4.54959081253e-05, "median": 0.00351065397263}, "erbbands_skewness": {"dmean": 0.408929944038, "dmean2": 0.624055624008, "max": 6.26851034164, "dvar": 0.161125838757, "mean": 0.445317476988, "dvar2": 0.36160376668, "min": -3.31058001518, "var": 0.792178869247, "median": 0.38399708271}, "dynamic_complexity": 2.58383798599, "dissonance": {"dmean": 0.0224780514836, "dmean2": 0.037197034806, "max": 0.500000059605, "dvar": 0.000503076065797, "mean": 0.45375213027, "dvar2": 0.00130910519511, "min": 0.167697459459, "var": 0.00166541640647, "median": 0.465102523565}, "spectral_skewness": {"dmean": 0.325352400541, "dmean2": 0.501671791077, "max": 9.63169384003, "dvar": 0.1660271734, "mean": 1.91389131546, "dvar2": 0.379892081022, "min": -0.254614412785, "var": 0.701759159565, "median": 1.79556429386}, "spectral_kurtosis": {"dmean": 2.64807295799, "dmean2": 4.20701313019, "max": 138.772827148, "dvar": 22.7884998322, "mean": 6.7711520195, "dvar2": 57.863861084, "min": -1.40633404255, "var": 89.6456832886, "median": 4.77832317352}, "gfcc": {"cov": [[8998.44628906, -2407.5402832, 246.592575073, 327.02835083, -255.658828735, 226.663772583, -690.954040527, 152.221542358, -380.562194824, 337.37109375, -305.89453125, 291.572174072, -134.165481567], [-2407.5402832, 2203.10571289, 112.323829651, 25.2528991699, 265.325592041, -353.019714355, 186.043334961, -310.314178467, 214.344604492, -116.804969788, 258.022338867, -87.7030334473, 253.870529175], [246.592575073, 112.323829651, 1718.87268066, 243.367996216, -26.3839244843, -59.4354133606, -202.095504761, -245.237915039, -79.0852966309, 169.37272644, 80.9408721924, 339.717346191, -3.81340956688], [327.02835083, 25.2528991699, 243.367996216, 336.512237549, 29.9320964813, -3.90943098068, -56.8014678955, -66.0979003906, 28.4407577515, 28.4049549103, 50.3688468933, 69.9880447388, 32.7172050476], [-255.658828735, 265.325592041, -26.3839244843, 29.9320964813, 321.792358398, -22.790687561, 75.4498901367, -11.4032564163, 14.0042533875, 32.5215835571, -2.73181319237, 3.31500220299, 14.6611976624], [226.663772583, -353.019714355, -59.4354133606, -3.90943098068, -22.790687561, 347.073516846, 104.56047821, 82.2938461304, 33.4039726257, 24.7581062317, -16.0254402161, -32.896774292, -59.647605896], [-690.954040527, 186.043334961, -202.095504761, -56.8014678955, 75.4498901367, 104.56047821, 334.290527344, 65.5248260498, 68.8342056274, -5.75651264191, -6.01136684418, -55.921043396, -29.0296401978], [152.221542358, -310.314178467, -245.237915039, -66.0979003906, -11.4032564163, 82.2938461304, 65.5248260498, 241.012924194, 25.9768695831, -12.7649679184, -54.230884552, -53.1065368652, -25.3199291229], [-380.562194824, 214.344604492, -79.0852966309, 28.4407577515, 14.0042533875, 33.4039726257, 68.8342056274, 25.9768695831, 175.602340698, -15.4377822876, 42.4659347534, -40.5485305786, 39.6636238098], [337.37109375, -116.804969788, 169.37272644, 28.4049549103, 32.5215835571, 24.7581062317, -5.75651264191, -12.7649679184, -15.4377822876, 154.629455566, 4.50509119034, 57.3277549744, 2.02551913261], [-305.89453125, 258.022338867, 80.9408721924, 50.3688468933, -2.73181319237, -16.0254402161, -6.01136684418, -54.230884552, 42.4659347534, 4.50509119034, 160.641601562, 22.9085483551, 60.6471595764], [291.572174072, -87.7030334473, 339.717346191, 69.9880447388, 3.31500220299, -32.896774292, -55.921043396, -53.1065368652, -40.5485305786, 57.3277549744, 22.9085483551, 189.780899048, 4.14832925797], [-134.165481567, 253.870529175, -3.81340956688, 32.7172050476, 14.6611976624, -59.647605896, -29.0296401978, -25.3199291229, 39.6636238098, 2.02551913261, 60.6471595764, 4.14832925797, 150.149658203]], "mean": [12.7541456223, 92.1111526489, -93.3209381104, 21.8078842163, -43.6637992859, 19.2483520508, -30.1916866302, 14.7596120834, -14.4034748077, 5.52234840393, -15.4865646362, -0.834782063961, -6.86222505569], "icov": [[0.00021020929853, 9.49620152824e-05, 9.17144934647e-05, -0.000213994499063, 5.41162080481e-05, -0.000129149571876, 0.000365680694813, -5.33738384547e-05, 0.000177825175342, -0.000351482332917, 0.000264758215053, -0.000181263210834, -6.28242778475e-05], [9.49620152824e-05, 0.00191223842558, -0.000427477789344, 0.000428728264524, -0.00110875896644, 0.00150602241047, -0.00131214386784, 0.00188633822836, -0.00123425154015, 0.00116248335689, -0.00136390281841, 0.00135255034547, -0.00165777117945], [9.17144934647e-05, -0.000427477789344, 0.00124737957958, -0.000509956968017, 0.000438068032963, -0.000532618374564, 0.000801678339485, 0.000161506002769, 0.000316246849252, -0.00105189811438, 0.000379067234462, -0.00187766714953, 0.000704808684532], [-0.000213994499063, 0.000428728264524, -0.000509956968017, 0.00411141943187, -0.000853080011439, 0.000170000756043, -0.000150894047692, 0.00107987434603, -0.00149821885861, 0.000789802288637, -0.00110886443872, -0.000184290460311, -0.000683069927618], [5.41162080481e-05, -0.00110875896644, 0.000438068032963, -0.000853080011439, 0.00427349191159, -0.000454637221992, -8.85582267074e-05, -0.000891084549949, 0.000869664771017, -0.00179209839553, 0.00137516320683, -0.000946383923292, 0.00061990931863], [-0.000129149571876, 0.00150602241047, -0.000532618374564, 0.000170000756043, -0.000454637221992, 0.00520453276113, -0.00240805698559, 0.000621709739789, -0.00162429350894, 0.000376351526938, -0.00170913618058, 0.00190300727263, 0.000100618985016], [0.000365680694813, -0.00131214386784, 0.000801678339485, -0.000150894047692, -8.85582267074e-05, -0.00240805698559, 0.00603105826303, -0.00184729951434, -0.000104959450255, -0.00171604752541, 0.00130366464145, -0.00140990491491, 0.00206836289726], [-5.33738384547e-05, 0.00188633822836, 0.000161506002769, 0.00107987434603, -0.000891084549949, 0.000621709739789, -0.00184729951434, 0.00772536313161, -0.00224100286141, 0.00117306108586, 5.12445585628e-05, 0.00120426656213, -0.0016665199073], [0.000177825175342, -0.00123425154015, 0.000316246849252, -0.00149821885861, 0.000869664771017, -0.00162429350894, -0.000104959450255, -0.00224100286141, 0.00886002089828, -0.000732922577299, -0.000370643741917, 0.000363379280316, -0.000739048118703], [-0.000351482332917, 0.00116248335689, -0.00105189811438, 0.000789802288637, -0.00179209839553, 0.000376351526938, -0.00171604752541, 0.00117306108586, -0.000732922577299, 0.00955172069371, -0.00131674937438, -0.000258107611444, -0.00168411398772], [0.000264758215053, -0.00136390281841, 0.000379067234462, -0.00110886443872, 0.00137516320683, -0.00170913618058, 0.00130366464145, 5.12445585628e-05, -0.000370643741917, -0.00131674937438, 0.0100487871096, -0.00208697724156, -0.0016441536136], [-0.000181263210834, 0.00135255034547, -0.00187766714953, -0.000184290460311, -0.000946383923292, 0.00190300727263, -0.00140990491491, 0.00120426656213, 0.000363379280316, -0.000258107611444, -0.00208697724156, 0.0103038130328, -0.00121172051877], [-6.28242778475e-05, -0.00165777117945, 0.000704808684532, -0.000683069927618, 0.00061990931863, 0.000100618985016, 0.00206836289726, -0.0016665199073, -0.000739048118703, -0.00168411398772, -0.0016441536136, -0.00121172051877, 0.0105873793364]]}, "spectral_complexity": {"dmean": 4.07892465591, "dmean2": 6.28302383423, "max": 56, "dvar": 26.2502994537, "mean": 18.4818973541, "dvar2": 57.6114616394, "min": 0, "var": 77.147064209, "median": 17}, "spectral_flux": {"dmean": 0.0307901054621, "dmean2": 0.047713637352, "max": 0.37883490324, "dvar": 0.000980566022918, "mean": 0.104512751102, "dvar2": 0.00236656377092, "min": 1.13277465061e-05, "var": 0.00274942349643, "median": 0.0945739671588}, "spectral_energyband_low": {"dmean": 0.0144082000479, "dmean2": 0.0212589986622, "max": 0.254919022322, "dvar": 0.00039964937605, "mean": 0.0338577739894, "dvar2": 0.000911997572985, "min": 6.1007188884e-14, "var": 0.00142176577356, "median": 0.0164444968104}, "spectral_decrease": {"dmean": 4.21815826712e-09, "dmean2": 6.2186029659e-09, "max": 2.69301891182e-22, "dvar": 2.54396948936e-17, "mean": -1.35301272408e-08, "dvar2": 5.88798740544e-17, "min": -7.03618141529e-08, "var": 1.0448167948e-16, "median": -1.05534967432e-08}, "barkbands_spread": {"dmean": 8.22372436523, "dmean2": 12.0950031281, "max": 109.023124695, "dvar": 120.799980164, "mean": 20.5251979828, "dvar2": 233.365280151, "min": 0.299648016691, "var": 313.750823975, "median": 15.7328138351}, "spectral_rms": {"dmean": 0.00105593865737, "dmean2": 0.00154997070786, "max": 0.0161477196962, "dvar": 1.08192716652e-06, "mean": 0.00670723384246, "dvar2": 2.37668905356e-06, "min": 5.39576703318e-08, "var": 7.308561635e-06, "median": 0.00650073075667}, "spectral_centroid": {"dmean": 248.042358398, "dmean2": 371.088043213, "max": 4243.54150391, "dvar": 92299.7578125, "mean": 1114.78210449, "dvar2": 202644.203125, "min": 152.686248779, "var": 326337.40625, "median": 1036.44067383}, "barkbands_skewness": {"dmean": 0.751574516296, "dmean2": 1.11999022961, "max": 21.204164505, "dvar": 0.771176815033, "mean": 2.28122782707, "dvar2": 1.70999526978, "min": -2.86198830605, "var": 3.58573746681, "median": 1.88008916378}, "spectral_rolloff": {"dmean": 653.604797363, "dmean2": 1073.26013184, "max": 19466.015625, "dvar": 1925147.5, "mean": 1243.33288574, "dvar2": 4075697.75, "min": 21.533203125, "var": 2942410.25, "median": 667.529296875}, "erbbands_spread": {"dmean": 10.8908252716, "dmean2": 17.103094101, "max": 171.92527771, "dvar": 191.597793579, "mean": 41.0449943542, "dvar2": 428.064758301, "min": 1.16022288799, "var": 535.774963379, "median": 38.0163345337}, "barkbands": {"dmean": [0.00178567657713, 0.0125382496044, 0.00381854758598, 0.00152381625958, 0.00128753925674, 0.00163113931194, 0.000424108759034, 0.000827679759823, 0.00149512756616, 0.00057109183399, 0.000516382744536, 0.00019953607989, 0.000245623494266, 0.000533812853973, 0.000422987795901, 0.000304175016936, 0.000234916733461, 0.00014410597214, 0.000131371722091, 0.000124879501527, 0.000114596376079, 9.96476301225e-05, 0.000153225642862, 0.000300646497635, 0.000227829601499, 0.000164632627275, 3.45574699168e-05], "dmean2": [0.00270004104823, 0.0184011012316, 0.00663048028946, 0.00250909361057, 0.00214532134123, 0.00264838314615, 0.000681214558426, 0.00124884326942, 0.00211180513725, 0.000889379240107, 0.000796552805696, 0.000328116177116, 0.000395694340114, 0.000831245037261, 0.000667566608172, 0.00048469461035, 0.000371730799088, 0.000228217511903, 0.000221030612011, 0.000204325435334, 0.000184376054676, 0.000163096963661, 0.000253926380537, 0.000501685601193, 0.000330803886754, 0.000241092246142, 5.394695836e-05], "max": [0.0574140883982, 0.243370711803, 0.0807803571224, 0.0372555181384, 0.0290343184024, 0.0596096515656, 0.0126108136028, 0.0656122565269, 0.171861752868, 0.0517230778933, 0.0453005582094, 0.0394849106669, 0.0253323111683, 0.0780934914947, 0.056207690388, 0.0188254825771, 0.0212077256292, 0.0174409393221, 0.00583548890427, 0.0223517939448, 0.00757448608056, 0.00713321147487, 0.0036005328875, 0.00716131133959, 0.00624975189567, 0.00413635000587, 0.00105392455589], "dvar": [8.55849521031e-06, 0.000395946059143, 6.04346751061e-05, 7.23587118046e-06, 3.27266207023e-06, 7.31220779926e-06, 4.02036050673e-07, 4.74164517072e-06, 1.90501832549e-05, 1.69697830188e-06, 1.59846103998e-06, 4.8454046464e-07, 3.44306442912e-07, 2.7530038551e-06, 1.40092492984e-06, 4.7664357794e-07, 3.63007728765e-07, 1.52202218828e-07, 6.60394263718e-08, 9.62123678505e-08, 5.5264543164e-08, 5.3565198499e-08, 1.03594310019e-07, 4.16631280586e-07, 3.37021134555e-07, 1.36076906188e-07, 6.27331120384e-09], "mean": [0.0028430337552, 0.0256892498583, 0.00457657547668, 0.00235179113224, 0.00251192692667, 0.00345436064526, 0.000803600414656, 0.00149031775072, 0.00284823728725, 0.00095509289531, 0.000959984667134, 0.000273580779321, 0.000413670670241, 0.000916942604817, 0.000741012627259, 0.000542347261216, 0.000424001482315, 0.000216435801121, 0.000206790457014, 0.000157144371769, 0.000173117761733, 0.000117496208986, 0.000163678865647, 0.000301344058244, 0.000250230892561, 0.000184184857062, 3.67479406123e-05], "dvar2": [2.08167966775e-05, 0.000886819732841, 0.00016366316413, 1.92263432837e-05, 9.08840411284e-06, 1.95689390239e-05, 1.04652315258e-06, 9.81207176665e-06, 3.21805491694e-05, 3.80124697585e-06, 3.51324842995e-06, 1.22121878121e-06, 8.36721369524e-07, 5.60562602914e-06, 2.96786606668e-06, 1.07249604753e-06, 7.02827094301e-07, 3.02971045585e-07, 1.74662574182e-07, 2.13621845546e-07, 1.39678689948e-07, 1.42926708691e-07, 2.73095963621e-07, 1.07815264982e-06, 6.98123756138e-07, 2.64996145916e-07, 1.48873979811e-08], "min": [1.2387457054e-13, 1.58520945529e-14, 4.60109652201e-15, 2.23724038325e-15, 3.9684243203e-15, 1.9432066599e-15, 5.64622167651e-15, 9.46508411877e-15, 1.6899677797e-14, 3.0797806254e-14, 2.01000816739e-14, 2.55353853703e-14, 3.45707247822e-14, 3.39784996743e-14, 3.08643999844e-14, 4.90305021518e-14, 2.06361078399e-14, 8.36676715865e-14, 9.53249252537e-14, 7.76412557835e-14, 1.22688141656e-13, 1.22110668473e-13, 1.82272315188e-13, 1.7453300903e-13, 2.92871656831e-13, 4.82280285586e-13, 6.62627179689e-13], "var": [1.76062221726e-05, 0.00118641275913, 5.84084409638e-05, 1.00315992313e-05, 7.14336829333e-06, 2.65189064521e-05, 1.02607248209e-06, 1.6797983335e-05, 7.16600916348e-05, 4.00331600758e-06, 5.37391588296e-06, 5.45906061689e-07, 1.11332303732e-06, 7.31525824449e-06, 3.6319265746e-06, 1.16641126624e-06, 1.18504988222e-06, 2.55120312431e-07, 1.17787124054e-07, 1.79957481805e-07, 9.39538438161e-08, 6.23823055435e-08, 1.02510085753e-07, 4.2219636498e-07, 4.60907386923e-07, 2.009048643e-07, 7.42989980651e-09], "median": [0.000926071254071, 0.0081042246893, 0.00227550929412, 0.00130431132857, 0.00178038550075, 0.00162209186237, 0.000483662181068, 0.000435508263763, 0.000609158421867, 0.000403131445637, 0.000321760569932, 0.000131655091536, 0.000178171496373, 0.000283232075162, 0.00023833924206, 0.000197406683583, 0.000160591807798, 8.75342666404e-05, 9.43209597608e-05, 6.08935661148e-05, 7.26421712898e-05, 2.81293632725e-05, 3.92104775528e-05, 5.64871443203e-05, 2.96848120342e-05, 2.29656598094e-05, 3.83357428291e-06]}, "melbands_kurtosis": {"dmean": 13.3645133972, "dmean2": 20.5469760895, "max": 1541.37976074, "dvar": 897.185668945, "mean": 26.135383606, "dvar2": 1865.39306641, "min": -1.73534786701, "var": 2415.32299805, "median": 13.0177726746}, "erbbands_crest": {"dmean": 2.7496984005, "dmean2": 4.36401081085, "max": 32.953086853, "dvar": 6.71209192276, "mean": 9.67023563385, "dvar2": 15.7806444168, "min": 2.04080486298, "var": 28.7564525604, "median": 8.16814231873}, "melbands_skewness": {"dmean": 0.92211574316, "dmean2": 1.40413033962, "max": 26.1071968079, "dvar": 1.04660594463, "mean": 3.45818519592, "dvar2": 2.37405467033, "min": -2.9434595108, "var": 5.69605255127, "median": 3.06323409081}, "spectral_energyband_middle_low": {"dmean": 0.00472301663831, "dmean2": 0.00734714092687, "max": 0.1720046103, "dvar": 3.69684748875e-05, "mean": 0.0139024555683, "dvar2": 8.11591016827e-05, "min": 4.39835376508e-14, "var": 0.000141418960993, "median": 0.0111268386245}, "spectral_contrast_coeffs": {"dmean": [0.04693236202, 0.0463654063642, 0.0398965924978, 0.0311166178435, 0.0221745111048, 0.0229940731078], "dmean2": [0.0759464800358, 0.0756899043918, 0.0646594166756, 0.0504243336618, 0.0358174405992, 0.0357141420245], "max": [-0.296920835972, -0.30852124095, -0.379920244217, -0.488712608814, -0.510199904442, -0.54911583662], "dvar": [0.00154558441136, 0.00133253342938, 0.00100080866832, 0.000629373535048, 0.000351411930751, 0.000505328178406], "mean": [-0.678452968597, -0.696606636047, -0.746975183487, -0.76912766695, -0.789458453655, -0.777637958527], "dvar2": [0.0039647128433, 0.00348561676219, 0.00257079466246, 0.00161685422063, 0.000853538978845, 0.00114378239959], "min": [-0.944867670536, -0.961196303368, -0.953511416912, -0.943706393242, -0.93755364418, -0.926062405109], "var": [0.00646550999954, 0.00612791301683, 0.00524449674413, 0.00356105412357, 0.00209272396751, 0.00206609955058], "median": [-0.682854831219, -0.703978598118, -0.757409393787, -0.777762889862, -0.795014262199, -0.778308391571]}, "spectral_contrast_valleys": {"dmean": [0.344137817621, 0.339398652315, 0.327432215214, 0.30990973115, 0.332010030746, 0.519216954708], "dmean2": [0.568301618099, 0.558016121387, 0.519747614861, 0.476495921612, 0.487123191357, 0.71292835474], "max": [-5.0693321228, -4.67259693146, -5.33091259003, -5.78535413742, -5.72046041489, -7.27011299133], "dvar": [0.0979617834091, 0.0798767134547, 0.0898613780737, 0.106584407389, 0.176237821579, 0.375620365143], "mean": [-6.84874916077, -6.79090356827, -7.22668409348, -7.65008640289, -7.8145570755, -10.119477272], "dvar2": [0.229683592916, 0.202275782824, 0.200729370117, 0.205749973655, 0.345760524273, 0.711263477802], "min": [-18.8684082031, -18.4928264618, -18.1797542572, -18.3273963928, -17.8363018036, -19.186422348], "var": [1.45919167995, 1.09292304516, 0.736762225628, 0.953295946121, 1.22134947777, 2.01940488815], "median": [-6.49728536606, -6.5720872879, -7.10862112045, -7.48447704315, -7.63376283646, -9.9578294754]}, "silence_rate_20dB": {"dmean": 0, "dmean2": 0, "max": 1, "dvar": 0, "mean": 1, "dvar2": 0, "min": 1, "var": 0, "median": 1}, "silence_rate_30dB": {"dmean": 0.100325286388, "dmean2": 0.200667753816, "max": 1, "dvar": 0.0902599394321, "mean": 0.862192928791, "dvar2": 0.186945125461, "min": 0, "var": 0.118825957179, "median": 1}, "spectral_strongpeak": {"dmean": 0.491395235062, "dmean2": 0.824331641197, "max": 17.4495925903, "dvar": 0.955229699612, "mean": 0.998141169548, "dvar2": 2.39730620384, "min": 0, "var": 2.29560637474, "median": 0.560582101345}, "spectral_spread": {"dmean": 1040774.25, "dmean2": 1535480.125, "max": 16287940, "dvar": 1766513180670.0, "mean": 5208588.5, "dvar2": 3477906128900.0, "min": 699448.5625, "var": 5177079758850.0, "median": 4793131}, "barkbands_flatness_db": {"dmean": 0.0320282839239, "dmean2": 0.0444684661925, "max": 0.559236705303, "dvar": 0.00111397297587, "mean": 0.162067741156, "dvar2": 0.00198507145979, "min": 0.0141663970426, "var": 0.00807001348585, "median": 0.146964982152}, "pitch_salience": {"dmean": 0.0785687640309, "dmean2": 0.121454492211, "max": 0.838627994061, "dvar": 0.00501610338688, "mean": 0.477979660034, "dvar2": 0.0111265741289, "min": 0.0433786995709, "var": 0.0243471264839, "median": 0.499020010233}, "erbbands_kurtosis": {"dmean": 1.2417485714, "dmean2": 1.93330478668, "max": 59.2005882263, "dvar": 6.66337490082, "mean": 1.02989590168, "dvar2": 14.77318573, "min": -1.86793255806, "var": 16.5877723694, "median": -0.0450615882874}, "average_loudness": 0.95461165905, "barkbands_crest": {"dmean": 2.85255599022, "dmean2": 4.37068939209, "max": 26.4224281311, "dvar": 6.63079690933, "mean": 12.5220327377, "dvar2": 14.4195861816, "min": 2.34984827042, "var": 34.1502571106, "median": 11.305765152}, "hfc": {"dmean": 12.9637794495, "dmean2": 19.3414154053, "max": 244.859725952, "dvar": 479.926635742, "mean": 27.9703769684, "dvar2": 1088.25097656, "min": 3.29122045173e-08, "var": 819.443481445, "median": 18.3725986481}, "barkbands_kurtosis": {"dmean": 7.05649471283, "dmean2": 10.829454422, "max": 629.502990723, "dvar": 299.120239258, "mean": 11.146033287, "dvar2": 668.821105957, "min": -1.91068589687, "var": 634.808166504, "median": 3.95563554764}, "erbbands": {"dmean": [0.571309268475, 2.38741993904, 4.03277444839, 4.51715326309, 4.62265253067, 4.24816417694, 8.41228294373, 15.3337345123, 6.4793343544, 11.1316671371, 18.8008079529, 40.9280319214, 18.1679363251, 14.8940601349, 19.5885334015, 8.76581954956, 11.4443588257, 18.6265563965, 22.3358078003, 25.2671585083, 11.5319137573, 10.8803510666, 7.20741224289, 7.24474143982, 5.4854221344, 5.75798416138, 5.04770040512, 4.48085689545, 3.52682256699, 3.48668789864, 4.77485752106, 7.1457324028, 4.23032903671, 2.37299060822, 1.72598350048, 0.801717042923, 0.279683381319, 0.0737520679832, 0.00536162406206, 0.000101427736809], "dmean2": [0.777031719685, 3.5992436409, 6.67204332352, 7.564848423, 7.71787405014, 7.00634717941, 13.3495235443, 24.5548763275, 10.2981357574, 17.5998649597, 27.7420597076, 57.2705726624, 27.5059547424, 23.3311500549, 30.2524986267, 14.0529708862, 18.2652950287, 29.5536403656, 34.1511573792, 39.6409683228, 18.2292308807, 16.2746620178, 11.304766655, 12.0654211044, 9.15155696869, 9.44546508789, 8.20937347412, 7.1561923027, 5.72807264328, 5.78531694412, 7.91414260864, 12.2699947357, 6.99132394791, 3.38453245163, 2.52023935318, 1.15580677986, 0.416630238295, 0.113893955946, 0.00830601714551, 0.000154708628543], "max": [9.50211906433, 47.5067214966, 88.6692886353, 110.96912384, 113.622825623, 120.433380127, 380.962127686, 624.827270508, 208.071609497, 786.394470215, 1840.41650391, 5231.83056641, 2521.5612793, 1127.13574219, 1801.29553223, 1928.75708008, 1153.32775879, 1526.49926758, 3400.53955078, 3397.94116211, 849.55682373, 1417.85803223, 828.30670166, 307.003814697, 216.643692017, 1010.09893799, 674.997619629, 228.953353882, 328.852661133, 138.459762573, 101.802124023, 167.431335449, 133.477264404, 72.3761978149, 49.2528305054, 19.2949638367, 7.09335851669, 2.13093400002, 0.162280216813, 0.00278268777765], "dvar": [0.791547119617, 16.532081604, 61.2338066101, 70.8818893433, 53.5344276428, 39.2949523926, 176.725006104, 700.359802246, 83.7635498047, 483.71005249, 3260, 15390.9326172, 1889.53857422, 1436.02453613, 2256.86987305, 1048.02416992, 754.900085449, 2336.29370117, 4605.36767578, 5117.60595703, 505.999145508, 743.817749023, 265.208709717, 192.656311035, 137.042373657, 208.142929077, 130.752334595, 88.7095794678, 76.0550079346, 58.7178039551, 98.1625366211, 241.984634399, 98.2757415771, 37.0315589905, 18.7317218781, 3.10893559456, 0.415043324232, 0.0298152733594, 0.000159705828992, 4.50238495375e-08], "mean": [1.11438584328, 4.24676704407, 5.52616834641, 6.92440319061, 8.08512401581, 8.2069940567, 17.7471427917, 29.3900032043, 13.0608949661, 20.3752574921, 37.6006622314, 80.1410369873, 32.2825775146, 27.46393013, 36.2909240723, 14.1408605576, 20.0277023315, 34.113658905, 39.7758827209, 49.5703849792, 24.2423152924, 22.188873291, 13.5834989548, 12.1243124008, 8.00092315674, 7.49224948883, 7.53427457809, 6.25584316254, 4.24719142914, 4.15181970596, 5.01104545593, 6.75676870346, 4.4067735672, 2.71375632286, 1.85015559196, 0.904119610786, 0.299371421337, 0.0772326588631, 0.00585795333609, 0.000161538497196], "dvar2": [1.65327370167, 36.9288711548, 152.428771973, 187.263977051, 149.255706787, 104.275863647, 419.839355469, 1828.90100098, 213.671310425, 1174.38586426, 6584.14746094, 25353.1933594, 3929.76049805, 3447.84179688, 4963.60742188, 2501.89453125, 1746.46704102, 5624.40722656, 9083.05761719, 10893.0908203, 1164.3302002, 1426.93994141, 580.037658691, 504.378875732, 362.760345459, 483.522399902, 298.086334229, 230.62210083, 203.227676392, 157.383407593, 257.088653564, 643.360351562, 250.151855469, 72.7323226929, 38.0678062439, 5.78745889664, 0.877222001553, 0.070624127984, 0.000369066372514, 1.03230085813e-07], "min": [1.16396757684e-12, 2.17843082982e-12, 5.69577891796e-12, 4.27340498058e-12, 1.57677048501e-11, 8.2820235045e-12, 1.08237481478e-11, 2.26520104757e-11, 5.5555643419e-11, 1.38927813698e-10, 2.24426657813e-10, 3.95060595348e-10, 7.06070368839e-10, 8.90109430607e-10, 7.37340577484e-10, 1.28002675126e-09, 1.75189163176e-09, 1.49658474502e-09, 2.47601472658e-09, 2.08633910148e-09, 1.71163927476e-09, 1.50915435704e-09, 3.61534868709e-09, 6.13664941085e-09, 4.78974815366e-09, 3.39761085932e-09, 3.6182250529e-09, 5.12911002559e-09, 4.84048134908e-09, 5.1343818086e-09, 4.71036143423e-09, 4.01827415786e-09, 2.67715760671e-09, 2.88896995215e-09, 2.14256368203e-09, 1.27554766749e-09, 9.53370937751e-10, 3.57220225622e-10, 9.27746074408e-11, 1.02908549737e-11], "var": [2.52933263779, 37.4613494873, 73.9777755737, 81.8124923706, 89.0048828125, 96.6134109497, 674.147399902, 2033.20361328, 236.939758301, 1017.7677002, 12540.3320312, 59622.1992188, 4354.16845703, 3598.37841797, 6907.98242188, 1242.76086426, 2448.60986328, 6876.68359375, 10744.8027344, 18445.9257812, 1857.70947266, 3473.11108398, 902.614379883, 378.545959473, 182.773391724, 369.197692871, 280.1277771, 127.068595886, 84.0952148438, 82.7509689331, 96.9748916626, 226.857406616, 104.357269287, 54.2898483276, 25.207277298, 4.89710617065, 0.54817122221, 0.0345535613596, 0.000195898115635, 5.86454049767e-08], "median": [0.272524446249, 1.33772313595, 2.8624792099, 4.33497810364, 5.42152404785, 5.27501440048, 9.47373485565, 13.2366714478, 8.41810417175, 10.1269197464, 10.643450737, 16.9904289246, 14.9358253479, 11.3607139587, 14.4079275131, 7.39942312241, 9.38716030121, 13.0375413895, 14.1197013855, 14.5712652206, 10.1694555283, 8.33918857574, 5.73760414124, 5.56685972214, 3.55515933037, 3.02891731262, 3.03828167915, 2.52729701996, 1.10293281078, 1.00170183182, 1.15926396847, 1.14866101742, 0.851454377174, 0.336824327707, 0.189711943269, 0.0976866558194, 0.0371644161642, 0.0102264126763, 0.000663263606839, 9.81856574072e-05]}, "spectral_energy": {"dmean": 0.0163642913103, "dmean2": 0.0242322161794, "max": 0.267267584801, "dvar": 0.000366265827324, "mean": 0.0536032356322, "dvar2": 0.000855857040733, "min": 2.98421595595e-12, "var": 0.00151868327521, "median": 0.043315988034}, "zerocrossingrate": {"dmean": 0.015553066507, "dmean2": 0.0176768600941, "max": 0.50537109375, "dvar": 0.000355789292371, "mean": 0.0547454692423, "dvar2": 0.000376214477001, "min": 0.00146484375, "var": 0.00181853258982, "median": 0.04638671875}, "spectral_energyband_high": {"dmean": 0.00109439028893, "dmean2": 0.00167328375392, "max": 0.0250678453594, "dvar": 4.73750878882e-06, "mean": 0.00131928699557, "dvar2": 1.09734464786e-05, "min": 1.974