{"tonal": {"chords_key": "C#", "hpcp_entropy": {"dmean": 0.703847646713, "dmean2": 1.18771755695, "max": 4.79455089569, "dvar": 0.323567837477, "mean": 2.45031189919, "dvar2": 0.894247531891, "min": 0.0362888239324, "var": 0.635190665722, "median": 2.41817378998}, "key_key": "E", "chords_strength": {"dmean": 0.0126604968682, "dmean2": 0.0150708518922, "max": 0.786155879498, "dvar": 0.000103856436908, "mean": 0.491923511028, "dvar2": 0.000160515046446, "min": 0.225422412157, "var": 0.00864453054965, "median": 0.48907661438}, "key_scale": "major", "chords_number_rate": 0.00189949921332, "thpcp": [1, 0.595801055431, 0.28050377965, 0.343893945217, 0.436109900475, 0.394120842218, 0.374580204487, 0.408283382654, 0.401607602835, 0.460296630859, 0.504592120647, 0.406987577677, 0.304908752441, 0.261371463537, 0.256626844406, 0.32357481122, 0.362147808075, 0.366836190224, 0.484892338514, 0.589633285999, 0.511976003647, 0.397092521191, 0.353343516588, 0.381783902645, 0.615334689617, 0.854305148125, 0.667073965073, 0.393373847008, 0.343003243208, 0.345962315798, 0.42660716176, 0.51904708147, 0.541002511978, 0.676458954811, 0.834448754787, 0.979938864708], "key_strength": 0.503439188004, "tuning_nontempered_energy_ratio": 0.908860623837, "tuning_frequency": 434.193115234, "chords_changes_rate": 0.0877223312855, "tuning_diatonic_strength": 0.43487021327, "chords_scale": "minor", "chords_histogram": [8.21965122223, 1.12243139744, 3.97168016434, 0.967017769814, 2.83198070526, 4.59333467484, 11.448800087, 0.224486276507, 0.535313427448, 1.31238126755, 0, 0, 0.172681748867, 0, 0, 0.0345363505185, 2.52115345001, 12.5884990692, 0.138145402074, 0.58711796999, 0, 0.259022623301, 2.1067173481, 46.3650474548], "tuning_equal_tempered_deviation": 0.221059709787, "hpcp": {"dmean": [0.115873001516, 0.103178299963, 0.0983311906457, 0.113774694502, 0.124786652625, 0.129784375429, 0.15259359777, 0.164135187864, 0.155403569341, 0.14388717711, 0.132378533483, 0.134834170341, 0.164980381727, 0.184788018465, 0.164588347077, 0.134493142366, 0.129403814673, 0.139051735401, 0.15687713027, 0.16199888289, 0.182408064604, 0.208269193769, 0.214771166444, 0.252131789923, 0.280206382275, 0.181510001421, 0.111912168562, 0.111943081021, 0.117303453386, 0.116612114012, 0.138033479452, 0.159620285034, 0.155540958047, 0.15538443625, 0.154902413487, 0.133443340659], "dmean2": [0.210354015231, 0.189399033785, 0.179347097874, 0.20581664145, 0.224789217114, 0.234488174319, 0.267939448357, 0.28304579854, 0.275292396545, 0.26005512476, 0.239282339811, 0.242603629827, 0.28676879406, 0.318065106869, 0.281549334526, 0.2388368994, 0.234470546246, 0.257763832808, 0.290042251348, 0.295149713755, 0.333202660084, 0.369961559772, 0.377253770828, 0.448053538799, 0.503305435181, 0.320822954178, 0.205033913255, 0.198504671454, 0.203390613198, 0.204175621271, 0.250748276711, 0.291644722223, 0.285979747772, 0.281294733286, 0.275041550398, 0.238527774811], "max": [1, 1, 1, 1, 1, 1, 1, 1, 1, 1, 1, 1, 1, 1, 1, 1, 1, 1, 1, 1, 1, 1, 1, 1, 1, 1, 1, 1, 1, 1, 1, 1, 1, 1, 1, 1], "dvar": [0.0393727310002, 0.036605309695, 0.0340175367892, 0.0377923958004, 0.0405538566411, 0.0424276180565, 0.0486497879028, 0.0498744547367, 0.049702372402, 0.0496053993702, 0.0462404564023, 0.0442291460931, 0.0454684235156, 0.0542623735964, 0.044414576143, 0.0407928079367, 0.0430697053671, 0.0507963448763, 0.0559424087405, 0.0519450232387, 0.0631788372993, 0.0638459250331, 0.0644781216979, 0.0709369853139, 0.0927633717656, 0.0435779392719, 0.0342556424439, 0.0312275383621, 0.0335614047945, 0.0327354706824, 0.0474549867213, 0.0615231432021, 0.0563187897205, 0.0506178364158, 0.0477050244808, 0.0419508852065], "mean": [0.100167289376, 0.08586461097, 0.0843059271574, 0.106299377978, 0.118971213698, 0.120511420071, 0.159294709563, 0.193703740835, 0.168192118406, 0.130451098084, 0.116078868508, 0.125421971083, 0.202147051692, 0.280652582645, 0.219144210219, 0.129229456186, 0.112681925297, 0.113654024899, 0.140147119761, 0.170515075326, 0.177727773786, 0.222227334976, 0.274129450321, 0.321925222874, 0.32851561904, 0.195729956031, 0.0921498760581, 0.112974531949, 0.143268913031, 0.129474848509, 0.123055450618, 0.134127467871, 0.131934374571, 0.151214629412, 0.165766388178, 0.133701771498], "dvar2": [0.109762005508, 0.102402314544, 0.0950438454747, 0.105763211846, 0.113364450634, 0.119118824601, 0.131544440985, 0.127785533667, 0.131294071674, 0.140128627419, 0.130889251828, 0.121040187776, 0.120020635426, 0.1336787045, 0.116945192218, 0.112062141299, 0.118387050927, 0.143554955721, 0.159898102283, 0.145603433251, 0.178070917726, 0.178585395217, 0.165885418653, 0.186300083995, 0.240857467055, 0.117740176618, 0.0949836745858, 0.0856028646231, 0.0845713093877, 0.0850126743317, 0.131265833974, 0.169472530484, 0.156113252044, 0.141257703304, 0.129220217466, 0.115109033883], "min": [0, 0, 0, 0, 0, 0, 0, 0, 0, 0, 0, 0, 0, 0, 0, 0, 7.65073309594e-06, 0, 4.07598381571e-05, 0, 0, 0, 0, 0, 0, 0, 0, 0, 0, 0, 0, 0, 0, 0, 0, 0], "var": [0.0313277579844, 0.0279449168593, 0.0263566896319, 0.0320411100984, 0.0367442965508, 0.0369964651763, 0.0494518056512, 0.0636216253042, 0.056222114712, 0.0442111715674, 0.0407440215349, 0.0429650396109, 0.0606868900359, 0.105161204934, 0.0731926634908, 0.0393723957241, 0.0369884893298, 0.0393591597676, 0.0480069369078, 0.0666806250811, 0.0662005022168, 0.0751589611173, 0.10289465636, 0.104731984437, 0.12187165767, 0.0492946058512, 0.0267063938081, 0.0337357111275, 0.0525893233716, 0.0413223542273, 0.0415721125901, 0.0510745681822, 0.045213650912, 0.0459115132689, 0.0494170971215, 0.0396203808486], "median": [0.0321741588414, 0.0263599734753, 0.0269273798913, 0.0390032194555, 0.0454412512481, 0.0440154373646, 0.0680174231529, 0.0892597213387, 0.0664645433426, 0.0397653728724, 0.0322212837636, 0.0384543091059, 0.0920731425285, 0.130943581462, 0.0961019843817, 0.0480520986021, 0.0336341224611, 0.0314296483994, 0.0457928292453, 0.0526576936245, 0.0574358031154, 0.0970138534904, 0.119104862213, 0.190110713243, 0.170839205384, 0.101322285831, 0.0278334133327, 0.0383883118629, 0.0479605197906, 0.04301180318, 0.0379682742059, 0.0389503724873, 0.0424608662724, 0.0640727505088, 0.0725589394569, 0.051278565079]}}, "lowlevel": {"melbands_flatness_db": {"dmean": 0.0380147732794, "dmean2": 0.060835968703, "max": 0.619271159172, "dvar": 0.00147153891157, "mean": 0.165102928877, "dvar2": 0.00386624434032, "min": 0.00910654105246, "var": 0.00472729839385, "median": 0.156883567572}, "melbands_crest": {"dmean": 3.93275690079, "dmean2": 6.60176897049, "max": 33.0136070251, "dvar": 12.4469556808, "mean": 14.8803977966, "dvar2": 31.7892684937, "min": 2.42629003525, "var": 33.6764755249, "median": 14.3402957916}, "spectral_entropy": {"dmean": 0.195628106594, "dmean2": 0.283130079508, "max": 9.03129196167, "dvar": 0.0449985787272, "mean": 7.99258756638, "dvar2": 0.0927328616381, "min": 4.99708127975, "var": 0.148411124945, "median": 8.04853057861}, "melbands": {"dmean": [0.00152896950021, 0.00248404033482, 0.00156843534205, 0.000250721233897, 7.67010496929e-05, 6.74646216794e-05, 4.53149914392e-05, 8.27877229312e-05, 8.35241153254e-05, 9.18909790926e-05, 7.65610602684e-05, 5.52238016098e-05, 7.86804230302e-05, 7.11300017429e-05, 5.51335433556e-05, 4.77765606774e-05, 3.85238345189e-05, 3.17874219036e-05, 2.1821093469e-05, 2.15692853089e-05, 2.36873111135e-05, 1.37326360345e-05, 1.1284246284e-05, 1.0410937648e-05, 1.48645194713e-05, 1.82220574061e-05, 1.14803624456e-05, 8.83182929101e-06, 1.01377845567e-05, 1.23448789964e-05, 1.77837791853e-05, 6.29783380646e-06, 4.91880746267e-06, 4.52544963991e-06, 5.11730922881e-06, 5.41195322512e-06, 3.22179425893e-06, 2.39297514781e-06, 2.63513538812e-06, 2.43572071668e-06], "dmean2": [0.00261286017485, 0.00449013570324, 0.00274213543162, 0.000416363589466, 0.000126176528283, 0.000109397311462, 7.52061387175e-05, 0.000135173395392, 0.000133338588057, 0.000146617167047, 0.000122868965263, 8.6303713033e-05, 0.000126326151076, 0.000113619309559, 8.98616199265e-05, 7.82079077908e-05, 6.24965687166e-05, 5.07413678861e-05, 3.53999021172e-05, 3.53781579179e-05, 3.94743256038e-05, 2.21337977564e-05, 1.78853915713e-05, 1.76814864972e-05, 2.57671454165e-05, 3.15275974572e-05, 1.95224947674e-05, 1.51752210513e-05, 1.80216284207e-05, 2.29077286349e-05, 3.3313921449e-05, 1.07738087536e-05, 8.1370199041e-06, 7.36472338758e-06, 7.84504027251e-06, 8.0958388935e-06, 4.70942541142e-06, 3.61441834684e-06, 3.94979679186e-06, 3.63796016245e-06], "max": [0.0519480071962, 0.0426978245378, 0.035169698298, 0.00791036337614, 0.00264753727242, 0.00374050531536, 0.00161243719049, 0.00287549500354, 0.00309968157671, 0.00545747112483, 0.00323742209002, 0.00255565624684, 0.00440157949924, 0.0030093928799, 0.00208205007948, 0.00166774273384, 0.00165399373509, 0.00105409510434, 0.000631918490399, 0.000627943431027, 0.000919698912185, 0.000522705784533, 0.000391061446862, 0.000375843374059, 0.000342991668731, 0.000561235530768, 0.00070827716263, 0.000459049741039, 0.00033138008439, 0.000324085878674, 0.000376281503122, 0.000275526224868, 0.000243924368988, 0.000320541206747, 0.000275342870736, 0.000270626507699, 0.000196347609744, 0.000154995403136, 0.000129531807033, 9.48494198383e-05], "dvar": [8.24329345051e-06, 3.27550405927e-05, 9.85964834399e-06, 2.48385561008e-07, 2.59617678466e-08, 2.56844341351e-08, 6.37670449777e-09, 2.39550637104e-08, 2.81688858905e-08, 3.89040515358e-08, 2.07055066426e-08, 9.14985687217e-09, 2.51876670632e-08, 1.82011401506e-08, 9.32704669054e-09, 6.68572708307e-09, 5.09808906202e-09, 3.6345211285e-09, 1.44050094075e-09, 1.38677469508e-09, 2.35999930709e-09, 5.91091287028e-10, 3.74264258474e-10, 3.4711850061e-10, 7.85138731807e-10, 1.336401656e-09, 5.54913726081e-10, 3.34032079774e-10, 6.36003694154e-10, 1.2000200833e-09, 2.821392453e-09, 2.30946053947e-10, 1.22278576153e-10, 1.33249272727e-10, 1.19572532431e-10, 1.1026989738e-10, 7.72227143342e-11, 4.67098720813e-11, 2.74114359683e-11, 1.67974766041e-11], "mean": [0.00205008382909, 0.0023939514067, 0.00226814951748, 0.000407378596719, 0.00012333811901, 0.000104981911136, 6.81386518409e-05, 0.000128498897539, 0.000132858855068, 0.00016054615844, 0.000128823216073, 9.68831809587e-05, 0.000135164169478, 0.000110448469059, 8.8687389507e-05, 7.70053375163e-05, 6.1223297962e-05, 4.855510997e-05, 3.21451188938e-05, 3.35016666213e-05, 3.51578310074e-05, 2.18682853301e-05, 1.71759274963e-05, 1.40486927194e-05, 1.95895627257e-05, 2.37535259657e-05, 1.61683601618e-05, 1.22481924336e-05, 1.05964518298e-05, 1.07667556222e-05, 1.41639839057e-05, 7.96721724328e-06, 7.13776626071e-06, 6.33539912087e-06, 7.07511617293e-06, 7.06674745743e-06, 4.78112769997e-06, 3.55910333383e-06, 3.70018437934e-06, 3.35558934239e-06], "dvar2": [2.16954595089e-05, 9.12313262234e-05, 2.70358414127e-05, 6.39698782834e-07, 6.87399435151e-08, 6.59101786482e-08, 1.63475775139e-08, 6.13126260873e-08, 6.88386592174e-08, 9.48907654674e-08, 5.21980112467e-08, 2.22446541187e-08, 6.43300452907e-08, 4.41880700919e-08, 2.35317827446e-08, 1.7298964039e-08, 1.31313671048e-08, 9.2116776429e-09, 3.52033691087e-09, 3.56060358975e-09, 6.20300921739e-09, 1.43516709628e-09, 8.51438142213e-10, 9.22048715157e-10, 2.18290008291e-09, 3.65499541743e-09, 1.4765555445e-09, 8.85463924405e-10, 1.77142922553e-09, 3.45118822409e-09, 8.16617884425e-09, 6.16149242738e-10, 2.79795575597e-10, 3.05215797081e-10, 2.47384723817e-10, 2.2165067004e-10, 1.5401926956e-10, 1.0546522683e-10, 6.318543605e-11, 3.92718739473e-11], "min": [1.20657867378e-12, 8.4656191562e-13, 3.99463204485e-13, 1.1537019712e-13, 4.20011857867e-14, 6.67840552282e-14, 7.99961632309e-14, 7.10162451848e-14, 4.67969914664e-14, 1.70028294693e-14, 8.73447585011e-15, 6.25025696482e-15, 1.34692955811e-15, 3.76067339636e-15, 5.72166266596e-15, 8.8910676781e-15, 5.95314609783e-14, 7.24102920094e-14, 1.66595710615e-14, 5.29459966538e-15, 4.46131914506e-15, 3.17109907804e-15, 1.27488157089e-15, 2.54005317959e-15, 6.31652056404e-16, 1.05038713492e-15, 1.31563147895e-15, 1.26445650113e-15, 6.51014541364e-16, 4.68233089918e-16, 4.46276725376e-16, 5.46278864497e-16, 3.45365719903e-16, 2.92104711696e-16, 3.95798167461e-16, 3.56455287006e-16, 2.24547613754e-16, 3.55195828423e-16, 4.48924709188e-16, 3.1513694043e-16], "var": [8.72298915056e-06, 2.24058130698e-05, 1.36306525746e-05, 3.71435135094e-07, 4.19546459796e-08, 5.13700690874e-08, 1.13969944593e-08, 4.38073222142e-08, 5.55850192541e-08, 1.17653037535e-07, 4.53368578235e-08, 2.18474820457e-08, 5.66672113678e-08, 3.77420974473e-08, 1.95599323405e-08, 1.37699682767e-08, 8.87664874938e-09, 6.63850752147e-09, 2.53817922236e-09, 2.54065946059e-09, 4.02794331222e-09, 1.24696730719e-09, 6.91332435743e-10, 4.73397432366e-10, 8.84726125694e-10, 1.54486967663e-09, 7.39756866874e-10, 4.80827433424e-10, 5.22266063729e-10, 7.65905838751e-10, 1.65686564468e-09, 2.52140530677e-10, 2.15763809597e-10, 2.18970966359e-10, 2.44296721741e-10, 2.28613031283e-10, 1.55998894358e-10, 7.89675547175e-11, 4.64707751446e-11, 2.51519360894e-11], "median": [0.00129315524828, 0.00108126841951, 0.000784485251643, 0.000183150128578, 5.61523702345e-05, 4.18935160269e-05, 3.05612265947e-05, 5.23009002791e-05, 4.78098227177e-05, 5.3540985391e-05, 5.13804443472e-05, 3.91960929846e-05, 4.87147881358e-05, 4.2410883907e-05, 4.22396879003e-05, 3.82614780392e-05, 3.09627648676e-05, 2.16783300857e-05, 1.44693813127e-05, 1.54512763402e-05, 1.33235462272e-05, 9.84766211332e-06, 7.88555098552e-06, 6.28145835435e-06, 8.58712246554e-06, 9.36134074436e-06, 6.57008922644e-06, 4.90330830871e-06, 3.53667132913e-06, 2.79042728835e-06, 3.10120435643e-06, 2.86252975457e-06, 2.61043055616e-06, 2.43391832555e-06, 3.32818126481e-06, 3.14698263537e-06, 1.87334865132e-06, 1.44241948874e-06, 1.92478796635e-06, 1.99884266294e-06]}, "silence_rate_60dB": {"dmean": 0.0239205528051, "dmean2": 0.0478452369571, "max": 1, "dvar": 0.0233447253704, "mean": 0.0906657427549, "dvar2": 0.0538536459208, "min": 0, "var": 0.0824430733919, "median": 0}, "spectral_energyband_middle_high": {"dmean": 0.00234658783302, "dmean2": 0.00379600073211, "max": 0.0512792542577, "dvar": 1.00635488707e-05, "mean": 0.00641231331974, "dvar2": 2.62554931396e-05, "min": 1.51195798503e-12, "var": 2.92699642159e-05, "median": 0.00528459111229}, "erbbands_skewness": {"dmean": 0.450933307409, "dmean2": 0.695725440979, "max": 4.55306100845, "dvar": 0.210042953491, "mean": 0.00645770505071, "dvar2": 0.490864396095, "min": -4.92911672592, "var": 0.64849460125, "median": 0.0408275201917}, "dynamic_complexity": 3.67240548134, "dissonance": {"dmean": 0.0139512522146, "dmean2": 0.0235063713044, "max": 0.500000059605, "dvar": 0.000234079998336, "mean": 0.477833390236, "dvar2": 0.000610165938269, "min": 0.0855793505907, "var": 0.000423149758717, "median": 0.483843445778}, "spectral_skewness": {"dmean": 0.228140860796, "dmean2": 0.337431848049, "max": 6.6322889328, "dvar": 0.0736050009727, "mean": 1.40514218807, "dvar2": 0.158642694354, "min": -0.285786122084, "var": 0.221460804343, "median": 1.39288187027}, "spectral_kurtosis": {"dmean": 1.15841281414, "dmean2": 1.70070564747, "max": 60.5058860779, "dvar": 3.54922580719, "mean": 3.16900873184, "dvar2": 7.37708473206, "min": -1.26785957813, "var": 6.33456659317, "median": 2.80431032181}, "gfcc": {"cov": [[11426.9960938, 770.69317627, -340.925079346, 340.33694458, 58.5279998779, 182.484710693, 154.155029297, 45.7366256714, -197.74772644, 3.60501742363, -242.632324219, -47.0055923462, -126.525421143], [770.69317627, 1972.72119141, -116.108200073, 115.195533752, 303.670440674, 121.389175415, 188.064956665, 31.1641159058, 8.78607654572, 4.38756036758, -2.80781078339, -74.1794128418, 30.1044902802], [-340.925079346, -116.108200073, 942.058044434, 112.694854736, 117.525001526, 157.103027344, -8.45650100708, 0.8555098176, 34.7221870422, -28.2570705414, -26.4314155579, -33.104309082, -41.0973968506], [340.33694458, 115.195533752, 112.694854736, 587.273254395, 174.373764038, 39.4023933411, 80.1485137939, -4.15341949463, 10.863193512, 17.1280765533, -79.940574646, -29.6866722107, 35.3540458679], [58.5279998779, 303.670440674, 117.525001526, 174.373764038, 459.671600342, 147.116851807, 59.7638587952, 47.097694397, 56.0845222473, -7.80018091202, -36.2465705872, -33.1336479187, 17.4111366272], [182.484710693, 121.389175415, 157.103027344, 39.4023933411, 147.116851807, 251.065414429, 87.2475662231, 36.0078926086, 23.6834926605, 11.7911319733, 0.574091076851, -21.0544681549, -10.7681055069], [154.155029297, 188.064956665, -8.45650100708, 80.1485137939, 59.7638587952, 87.2475662231, 245.0259552, 58.1796417236, -12.854183197, 24.6495113373, 4.78278970718, -6.68581056595, 1.1539503336], [45.7366256714, 31.1641159058, 0.8555098176, -4.15341949463, 47.097694397, 36.0078926086, 58.1796417236, 127.123046875, 68.8026809692, 10.7480335236, 9.63601970673, 8.51813411713, 8.91409015656], [-197.74772644, 8.78607654572, 34.7221870422, 10.863193512, 56.0845222473, 23.6834926605, -12.854183197, 68.8026809692, 151.233306885, 36.8077468872, 15.7955570221, 0.319363564253, 16.091211319], [3.60501742363, 4.38756036758, -28.2570705414, 17.1280765533, -7.80018091202, 11.7911319733, 24.6495113373, 10.7480335236, 36.8077468872, 97.8963699341, 36.2634887695, 10.2487764359, 4.6825928688], [-242.632324219, -2.80781078339, -26.4314155579, -79.940574646, -36.2465705872, 0.574091076851, 4.78278970718, 9.63601970673, 15.7955570221, 36.2634887695, 121.178749084, 55.3274841309, 14.0444974899], [-47.0055923462, -74.1794128418, -33.104309082, -29.6866722107, -33.1336479187, -21.0544681549, -6.68581056595, 8.51813411713, 0.319363564253, 10.2487764359, 55.3274841309, 96.0052337646, 45.6551818848], [-126.525421143, 30.1044902802, -41.0973968506, 35.3540458679, 17.4111366272, -10.7681055069, 1.1539503336, 8.91409015656, 16.091211319, 4.6825928688, 14.0444974899, 45.6551818848, 79.3446502686]], "mean": [22.7858753204, 35.3624725342, -94.3921203613, 23.9548778534, -42.1426353455, 28.1511802673, -25.7381629944, 12.5327339172, -24.8921165466, 1.94620919228, -18.6836738586, -1.67341709137, -18.4772911072], "icov": [[0.000109673143015, -5.73374818487e-05, 6.18414560449e-05, -7.46444420656e-05, 5.18474334967e-05, -0.0001391627884, 8.09625416878e-05, -0.000158868686412, 0.000178655711352, -0.000125199803733, 0.00033287529368, -0.000331347342581, 0.000351235939888], [-5.73374818487e-05, 0.000680131139234, 8.36082108435e-05, 8.07845208328e-05, -0.000412341672927, 7.12820183253e-05, -0.000471962353913, 0.000246745505137, -5.72461649426e-05, 0.000201320843189, -0.000599315448198, 0.00105811934918, -0.000765907985624], [6.18414560449e-05, 8.36082108435e-05, 0.00136941520032, -0.000356076605385, -2.42997375608e-05, -0.000973293499555, 0.000273561949143, 0.000195160129806, -0.00037206619163, 0.000575242564082, 7.95136074885e-05, -0.000349876325345, 0.00101094658021], [-7.46444420656e-05, 8.07845208328e-05, -0.000356076605385, 0.00249501527287, -0.000825649709441, 0.000569789728615, -0.000965862767771, 0.000837972038426, -0.000186473422218, -0.000954468618147, 0.00144507130608, 0.000443720375188, -0.00168438209221], [5.18474334967e-05, -0.000412341672927, -2.42997375608e-05, -0.000825649709441, 0.0035103589762, -0.00175230274908, 0.000342123676091, -0.000573679571971, -0.000760914233979, 0.000732929853257, 0.000469859456643, 0.000211645936361, -0.000448098027846], [-0.0001391627884, 7.12820183253e-05, -0.000973293499555, 0.000569789728615, -0.00175230274908, 0.00642221188173, -0.00196666317061, -4.82536233903e-06, -0.000308034475893, -0.000453597895103, -0.000915529148187, 0.0011287482921, -0.000119920528959], [8.09625416878e-05, -0.000471962353913, 0.000273561949143, -0.000965862767771, 0.000342123676091, -0.00196666317061, 0.00669527379796, -0.00419329479337, 0.00324122863822, -0.00186396064237, -0.000220990841626, 0.000164194963872, 0.000309302122332], [-0.000158868686412, 0.000246745505137, 0.000195160129806, 0.000837972038426, -0.000573679571971, -4.82536233903e-06, -0.00419329479337, 0.0139217246324, -0.0074155619368, 0.00225439644419, 0.000253497477388, -0.0018309475854, 0.000382414582418], [0.000178655711352, -5.72461649426e-05, -0.00037206619163, -0.000186473422218, -0.000760914233979, -0.000308034475893, 0.00324122863822, -0.0074155619368, 0.0123744625598, -0.00465536816046, -0.000634951342363, 0.00236088573001, -0.00237276591361], [-0.000125199803733, 0.000201320843189, 0.000575242564082, -0.000954468618147, 0.000732929853257, -0.000453597895103, -0.00186396064237, 0.00225439644419, -0.00465536816046, 0.0142709817737, -0.00472356472164, 0.000812105659861, 0.000469366874313], [0.00033287529368, -0.000599315448198, 7.95136074885e-05, 0.00144507130608, 0.000469859456643, -0.000915529148187, -0.000220990841626, 0.000253497477388, -0.000634951342363, -0.00472356472164, 0.0156910941005, -0.0100025180727, 0.00328847463243], [-0.000331347342581, 0.00105811934918, -0.000349876325345, 0.000443720375188, 0.000211645936361, 0.0011287482921, 0.000164194963872, -0.0018309475854, 0.00236088573001, 0.000812105659861, -0.0100025180727, 0.0235910769552, -0.0133293168619], [0.000351235939888, -0.000765907985624, 0.00101094658021, -0.00168438209221, -0.000448098027846, -0.000119920528959, 0.000309302122332, 0.000382414582418, -0.00237276591361, 0.000469366874313, 0.00328847463243, -0.0133293168619, 0.0223038289696]]}, "spectral_complexity": {"dmean": 5.74974107742, "dmean2": 8.8527507782, "max": 66, "dvar": 56.3828315735, "mean": 21.2514457703, "dvar2": 127.388427734, "min": 0, "var": 166.638671875, "median": 20}, "spectral_flux": {"dmean": 0.0331148840487, "dmean2": 0.0514812916517, "max": 0.447127133608, "dvar": 0.00236140028574, "mean": 0.102163650095, "dvar2": 0.00427303696051, "min": 0.000146200545714, "var": 0.00421893130988, "median": 0.0906699672341}, "spectral_energyband_low": {"dmean": 0.011428241618, "dmean2": 0.0201075002551, "max": 0.181998640299, "dvar": 0.000533542654011, "mean": 0.0152350384742, "dvar2": 0.00145852356218, "min": 6.59156106433e-12, "var": 0.000475388660561, "median": 0.00949028227478}, "spectral_decrease": {"dmean": 3.6624134836e-09, "dmean2": 6.20176709987e-09, "max": 7.22651105622e-11, "dvar": 4.3921735427e-17, "mean": -7.28889748558e-09, "dvar2": 1.16120434953e-16, "min": -5.45114779982e-08, "var": 4.98652431952e-17, "median": -5.92084381523e-09}, "barkbands_spread": {"dmean": 12.3278055191, "dmean2": 19.702627182, "max": 143.037826538, "dvar": 163.409790039, "mean": 36.3746261597, "dvar2": 413.49887085, "min": 0.845502614975, "var": 321.171020508, "median": 34.8252601624}, "spectral_rms": {"dmean": 0.00115609413479, "dmean2": 0.00184993236326, "max": 0.0143339699134, "dvar": 2.52318386629e-06, "mean": 0.00492693483829, "dvar2": 6.18352487436e-06, "min": 1.33366413024e-07, "var": 5.63590083402e-06, "median": 0.00498055992648}, "spectral_centroid": {"dmean": 433.583587646, "dmean2": 696.851501465, "max": 8251.24023438, "dvar": 272437.15625, "mean": 1899.13977051, "dvar2": 677524.5, "min": 160.879882812, "var": 983294.9375, "median": 1784.27111816}, "barkbands_skewness": {"dmean": 0.749156355858, "dmean2": 1.21326780319, "max": 16.975320816, "dvar": 0.866616725922, "mean": 1.16728448868, "dvar2": 2.13096404076, "min": -7.41988039017, "var": 2.08452343941, "median": 1.03509676456}, "spectral_rolloff": {"dmean": 1378.88122559, "dmean2": 2312.61621094, "max": 22050, "dvar": 4051025, "mean": 2879.21533203, "dvar2": 9101882, "min": 64.599609375, "var": 9967296, "median": 1765.72265625}, "erbbands_spread": {"dmean": 13.2814064026, "dmean2": 20.2784576416, "max": 202.145141602, "dvar": 225.401245117, "mean": 44.5467796326, "dvar2": 496.591491699, "min": 2.35475230217, "var": 596.946533203, "median": 39.5508613586}, "barkbands": {"dmean": [0.000186781267985, 0.00644480343908, 0.00480668945238, 0.00363055709749, 0.000754573615268, 0.000350360875018, 0.000271531287581, 0.000460875249701, 0.000606791232713, 0.000453203363577, 0.000538662541658, 0.000601427804213, 0.000507089949679, 0.000451262720162, 0.000278305844404, 0.000347873923602, 0.000233557089814, 0.000215161009692, 0.000430517975474, 0.000289286079351, 0.000592244206928, 0.000294090103125, 0.000310069444822, 0.000217187756789, 0.000236450578086, 0.000178594476893, 9.23828993109e-05], "dmean2": [0.000284963229205, 0.0112303122878, 0.00900205224752, 0.00619070464745, 0.00127140479162, 0.000567697221413, 0.00045162459719, 0.000748945574742, 0.000965388782788, 0.000730911851861, 0.000871935859323, 0.000967819418292, 0.000832491787151, 0.000732441665605, 0.000451076164609, 0.000577386643272, 0.000376641895855, 0.000361142243491, 0.000744194898289, 0.00049599504564, 0.00109894748311, 0.000497239001561, 0.00047359339078, 0.000312001124257, 0.000347864843206, 0.00027224823134, 0.000140693518915], "max": [0.00577565468848, 0.175116211176, 0.0976409912109, 0.105538472533, 0.0311230793595, 0.0175618659705, 0.00995677709579, 0.0170988272876, 0.0290851891041, 0.0176628902555, 0.0273891799152, 0.021183507517, 0.0200913175941, 0.0181751213968, 0.00878717750311, 0.0113119408488, 0.00881143845618, 0.00558745767921, 0.00996303930879, 0.0108828544617, 0.0124147497118, 0.0114993099123, 0.0156393237412, 0.0116249183193, 0.00745400600135, 0.00218294025399, 0.00087846344104], "dvar": [1.0787587712e-07, 0.00015383012942, 0.000150895066326, 4.92577783007e-05, 2.36409823628e-06, 6.63480022922e-07, 2.26700223038e-07, 9.54808115239e-07, 1.42318185681e-06, 7.01447731899e-07, 1.1504489521e-06, 1.11644919798e-06, 8.08605136626e-07, 6.54668042444e-07, 2.28831623872e-07, 4.39008857711e-07, 1.72849311753e-07, 1.33906439714e-07, 7.25931784018e-07, 3.51092324991e-07, 2.91209448733e-06, 4.5276902938e-07, 3.80526529398e-07, 3.23170354477e-07, 1.74286142851e-07, 5.08030879587e-08, 1.16961409447e-08], "mean": [0.000365107815014, 0.00767761841416, 0.00417815241963, 0.0054723219946, 0.00120915449224, 0.000545235583559, 0.000394714617869, 0.000681297271512, 0.00105714437086, 0.000747322046664, 0.000914343108889, 0.000922389444895, 0.000818209315185, 0.000728619634174, 0.000408865103964, 0.000529944256414, 0.000370036461391, 0.00030593687552, 0.000584107299801, 0.000408309977502, 0.000512058148161, 0.000397931260522, 0.000433735869592, 0.000347636843799, 0.000337299425155, 0.000223389317398, 8.73615281307e-05], "dvar2": [2.40521018213e-07, 0.000409273838159, 0.000438127608504, 0.000128582280013, 6.49074581816e-06, 1.70320197412e-06, 5.8293528582e-07, 2.39493056142e-06, 3.47858394889e-06, 1.79904736797e-06, 2.91905143968e-06, 2.73825435215e-06, 2.10492135011e-06, 1.69185784671e-06, 5.65021196053e-07, 1.15266925604e-06, 4.25118514613e-07, 3.51127624754e-07, 2.00663589567e-06, 9.46227828535e-07, 8.39301446831e-06, 1.16812043416e-06, 7.54161533223e-07, 6.43413500256e-07, 3.95934392827e-07, 1.05642989467e-07, 2.74406488643e-08], "min": [2.73758142891e-12, 3.38426769247e-12, 1.40787663645e-12, 6.93318883208e-13, 4.30909431401e-13, 3.05728695398e-13, 3.97066440058e-13, 3.01659738855e-13, 1.29773904296e-13, 5.85485910513e-14, 1.16027869075e-14, 4.41638235314e-14, 5.60065028751e-14, 7.85936528531e-13, 3.5261884016e-13, 8.11892464066e-14, 4.28100039955e-14, 4.22192527249e-14, 2.29218431887e-14, 3.92024195224e-14, 2.01182302019e-14, 2.27631888355e-14, 1.96131427614e-14, 3.12024237285e-14, 4.29985467533e-14, 7.88501412058e-14, 1.28179164873e-13], "var": [2.62697426479e-07, 0.000140673058922, 9.36695141718e-05, 9.22059625736e-05, 2.94121650768e-06, 1.31728177166e-06, 3.83363129686e-07, 1.74320859969e-06, 4.21216009272e-06, 1.54099654992e-06, 2.7139140002e-06, 2.26753218158e-06, 1.77031756721e-06, 1.19600792914e-06, 3.99768225634e-07, 7.80147900059e-07, 3.34120784373e-07, 1.96538692876e-07, 8.20369507437e-07, 4.74079826063e-07, 1.80370068392e-06, 5.82511859193e-07, 8.21449020805e-07, 6.79633785694e-07, 2.70315723583e-07, 8.03861084364e-08, 1.30904700413e-08], "median": [0.000142371980473, 0.00448731612414, 0.00134791829623, 0.00156084191985, 0.000627144996542, 0.00021316242055, 0.000168128462974, 0.000223931900109, 0.000386042665923, 0.000275922706351, 0.000288907787763, 0.000379638833692, 0.00039824238047, 0.000352505128831, 0.000187996090972, 0.000221483962378, 0.000170272003743, 0.000143498255056, 0.000251255667536, 0.000171001142007, 0.000134150657686, 0.000148478196934, 0.0002073077776, 0.000159015864483, 0.000180642105988, 0.000110723995022, 3.54101211997e-05]}, "melbands_kurtosis": {"dmean": 12.3555173874, "dmean2": 21.0615406036, "max": 635.080993652, "dvar": 891.333068848, "mean": 15.8248624802, "dvar2": 2325.93164062, "min": -1.96851921082, "var": 1148.17028809, "median": 5.78698062897}, "erbbands_crest": {"dmean": 2.57029914856, "dmean2": 4.23389005661, "max": 30.7064781189, "dvar": 5.96725845337, "mean": 8.03234195709, "dvar2": 15.2138843536, "min": 2.11700510979, "var": 13.0548658371, "median": 7.25127220154}, "melbands_skewness": {"dmean": 1.16463625431, "dmean2": 1.88972234726, "max": 19.2712898254, "dvar": 2.07485365868, "mean": 2.75077176094, "dvar2": 5.2281627655, "min": -7.18612289429, "var": 5.12086009979, "median": 2.24622702599}, "spectral_energyband_middle_low": {"dmean": 0.00473773246631, "dmean2": 0.00793791003525, "max": 0.116282299161, "dvar": 6.42082595732e-05, "mean": 0.00962332822382, "dvar2": 0.000167332051205, "min": 2.32902087373e-12, "var": 0.000125877282699, "median": 0.00622340710834}, "spectral_contrast_coeffs": {"dmean": [0.0615304410458, 0.0468460358679, 0.0403149686754, 0.0355073027313, 0.025240438059, 0.0307822041214], "dmean2": [0.102622821927, 0.0779191553593, 0.0658519789577, 0.0574071891606, 0.0406813584268, 0.0502300448716], "max": [-0.288164645433, -0.480202376842, -0.478602856398, -0.485253751278, -0.551296412945, -0.532440841198], "dvar": [0.00309156742878, 0.00146111194044, 0.00111416762229, 0.000931680086069, 0.000507278658915, 0.0014141513966], "mean": [-0.656640827656, -0.772127509117, -0.775692939758, -0.778085708618, -0.793466866016, -0.785962641239], "dvar2": [0.00804712343961, 0.00395050831139, 0.00288983504288, 0.00231358408928, 0.00123178691138, 0.00367934885435], "min": [-0.932429254055, -0.954559862614, -0.972672581673, -0.94478559494, -0.94246762991, -0.916002571583], "var": [0.00927809998393, 0.00492289615795, 0.00504401652142, 0.00398836284876, 0.00215374934487, 0.00244270637631], "median": [-0.667035341263, -0.779139220715, -0.782387375832, -0.784932494164, -0.798944175243, -0.792395114899]}, "spectral_contrast_valleys": {"dmean": [0.441252499819, 0.417049735785, 0.394525527954, 0.390485942364, 0.393692851067, 0.480044513941], "dmean2": [0.698941409588, 0.674942016602, 0.640468239784, 0.604975402355, 0.600797653198, 0.621876895428], "max": [-4.92463445663, -5.18330621719, -5.24547195435, -5.30218791962, -5.10652494431, -6.98671531677], "dvar": [0.206225454807, 0.160649672151, 0.175937578082, 0.19237524271, 0.276785224676, 0.255951136351], "mean": [-7.47071313858, -7.19162654877, -7.24223995209, -7.56197452545, -7.38936328888, -9.29831981659], "dvar2": [0.413708359003, 0.395216435194, 0.427094399929, 0.42350128293, 0.64813876152, 0.523263394833], "min": [-16.9885940552, -16.5261516571, -17.7515296936, -17.6637897491, -18.4514732361, -20.3726787567], "var": [2.03192257881, 1.2230399847, 1.32020878792, 1.3146135807, 1.29669809341, 1.18872344494], "median": [-7.00759506226, -6.95821142197, -7.00055885315, -7.32657289505, -7.21315765381, -9.07271957397]}, "silence_rate_20dB": {"dmean": 0, "dmean2": 0, "max": 1, "dvar": 0, "mean": 1, "dvar2": 0, "min": 1, "var": 0, "median": 1}, "silence_rate_30dB": {"dmean": 0.0186528488994, "dmean2": 0.0373089201748, "max": 1, "dvar": 0.0183069333434, "mean": 0.987393140793, "dvar2": 0.0480142794549, "min": 0, "var": 0.0124466260895, "median": 1}, "spectral_strongpeak": {"dmean": 0.486699223518, "dmean2": 0.845919132233, "max": 24.0342140198, "dvar": 0.764564335346, "mean": 0.703503549099, "dvar2": 2.03301000595, "min": 0, "var": 0.923053622246, "median": 0.349953234196}, "spectral_spread": {"dmean": 1267008.875, "dmean2": 1757741.5, "max": 18116670, "dvar": 1754012581890.0, "mean": 6525348, "dvar2": 3306691493890.0, "min": 1435889.75, "var": 4538100088830.0, "median": 6139941.5}, "barkbands_flatness_db": {"dmean": 0.029150320217, "dmean2": 0.045787923038, "max": 0.462902635336, "dvar": 0.000835181912407, "mean": 0.0964846313, "dvar2": 0.0021042956505, "min": 0.0166662279516, "var": 0.00251395301893, "median": 0.0846970379353}, "pitch_salience": {"dmean": 0.0858770906925, "dmean2": 0.144432872534, "max": 0.927771270275, "dvar": 0.00718335341662, "mean": 0.544755220413, "dvar2": 0.0197699796408, "min": 0.117180585861, "var": 0.01307717897, "median": 0.550485312939}, "erbbands_kurtosis": {"dmean": 1.15874838829, "dmean2": 1.83866584301, "max": 50.5858154297, "dvar": 3.48709511757, "mean": 0.781912386417, "dvar2": 7.84196519852, "min": -1.89650738239, "var": 5.65733098984, "median": 0.222347974777}, "average_loudness": 0.789723396301, "barkbands_crest": {"dmean": 3.06389641762, "dmean2": 5.116959095, "max": 26.0933895111, "dvar": 7.80815267563, "mean": 9.46408939362, "dvar2": 20.3095684052, "min": 2.38964676857, "var": 17.5089607239, "median": 8.59620952606}, "hfc": {"dmean": 17.7138118744, "dmean2": 27.1325836182, "max": 302.197662354, "dvar": 740.852478027, "mean": 34.7101516724, "dvar2": 1861.92993164, "min": 1.51182916852e-07, "var": 1130.68725586, "median": 27.0731372833}, "barkbands_kurtosis": {"dmean": 3.69022631645, "dmean2": 6.24003267288, "max": 367.556121826, "dvar": 124.43422699, "mean": 3.12030816078, "dvar2": 323.505828857, "min": -1.97252571583, "var": 121.401283264, "median": 0.490885734558}, "erbbands": {"dmean": [0.146579533815, 1.6715323925, 5.10649871826, 9.40626525879, 6.9296002388, 1.59662234783, 2.29665374756, 3.02985072136, 2.84407424927, 6.81818342209, 10.1480731964, 14.3968315125, 15.0217008591, 13.3751535416, 22.5100193024, 20.198638916, 24.1901683807, 19.3891716003, 16.5315208435, 15.8428821564, 19.2820644379, 12.4860658646, 10.480597496, 17.3321437836, 20.723947525, 13.3475418091, 16.5033836365, 27.8746051788, 10.8952522278, 7.95415449142, 8.76737213135, 5.81428909302, 3.48328614235, 2.898696661, 1.62661325932, 0.792474150658, 0.277984052896, 0.163150310516, 0.0112857762724, 0.000396723567974], "dmean2": [0.243967607617, 2.94923067093, 9.43116283417, 16.6644821167, 11.5424203873, 2.66517615318, 3.7791800499, 4.92623901367, 4.71253633499, 11.2113142014, 16.279291153, 22.9848003387, 24.0840263367, 20.9292697906, 35.7243804932, 32.2356338501, 39.5624847412, 31.2860622406, 26.2578239441, 25.5063591003, 32.1986579895, 19.8984088898, 17.0509395599, 29.940322876, 35.7501411438, 22.7441997528, 29.6021080017, 52.2113952637, 18.6153583527, 12.8197393417, 13.1204957962, 8.43608474731, 5.15650892258, 4.29581928253, 2.43427562714, 1.19315779209, 0.427954822779, 0.249052301049, 0.0174091756344, 0.000625633343589], "max": [5.85292053223, 37.0863265991, 93.3830184937, 230.43170166, 218.749801636, 91.7554931641, 81.7611923218, 180.571487427, 123.487289429, 276.791015625, 369.516845703, 924.515441895, 670.36895752, 545.473815918, 1158.30627441, 632.342651367, 1097.82836914, 766.552307129, 547.66192627, 472.611083984, 764.271606445, 442.472595215, 316.641357422, 393.168273926, 780.431030273, 595.396179199, 487.474517822, 644.974243164, 400.75881958, 504.978973389, 465.246917725, 334.963470459, 173.255020142, 108.470863342, 51.8350067139, 15.7170066833, 3.40646576881, 1.58532559872, 0.1106993258, 0.00383283663541], "dvar": [0.0754295736551, 11.3087558746, 161.723800659, 381.25491333, 185.455978394, 13.1462459564, 24.2118358612, 55.4289245605, 27.7325458527, 157.36000061, 451.127502441, 1006.10797119, 809.629455566, 511.465789795, 1796.73022461, 1216.35839844, 2010.42163086, 1173.15124512, 914.796630859, 681.032592773, 1499.5279541, 481.542907715, 294.412078857, 1086.40368652, 1842.3972168, 711.037658691, 1792.9543457, 6941.82568359, 671.381896973, 368.777587891, 303.023925781, 199.230010986, 76.0516662598, 25.2803325653, 9.6021232605, 1.62894570827, 0.124151460826, 0.0354887321591, 0.000187944649952, 3.17486126278e-07], "mean": [0.221709609032, 1.69722652435, 4.56033039093, 12.9906625748, 10.6756916046, 2.75104212761, 3.60148763657, 4.66127109528, 4.32693481445, 10.4927415848, 16.0095653534, 25.7734050751, 26.2122192383, 24.8445911407, 39.4545097351, 34.817817688, 40.5065689087, 33.2578163147, 27.1920108795, 25.9486370087, 29.9880924225, 21.2663345337, 16.516954422, 24.0435676575, 28.4327754974, 19.7503623962, 17.1312179565, 22.8278560638, 14.2265968323, 11.8248844147, 12.4164123535, 8.766040802, 5.33121538162, 4.10590744019, 2.22113275528, 1.06735873222, 0.342512875795, 0.151225268841, 0.011114965193, 0.000429877109127], "dvar2": [0.196567848325, 30.2820186615, 463.99331665, 1079.40698242, 460.505401611, 36.8616828918, 63.2460746765, 142.353439331, 70.7847900391, 404.491271973, 1108.02819824, 2471.50097656, 2034.21887207, 1243.75305176, 4500.32958984, 2980.41186523, 5288.4765625, 3009.13452148, 2331.90112305, 1700.25463867, 3979.3059082, 1159.94128418, 735.77520752, 3035.1965332, 5027.63085938, 1889.35693359, 5067.38671875, 20082.6953125, 1784.61572266, 817.939453125, 576.385375977, 381.999481201, 166.262084961, 57.6866760254, 22.304851532, 3.49782848358, 0.263416945934, 0.0863406360149, 0.00044193546637, 7.84537633081e-07], "min": [1.35494768183e-10, 6.35536623328e-10, 1.57406621071e-09, 2.28981367201e-09, 2.062491955e-09, 1.1811588374e-09, 1.22697740856e-09, 2.99208435806e-09, 5.13712272721e-09, 6.50257181434e-09, 6.11591932653e-09, 3.10741232745e-09, 1.80123682636e-09, 1.43560685562e-09, 4.84798090561e-10, 2.05976591339e-09, 2.94432456194e-09, 2.79808887171e-08, 3.79939812944e-08, 6.18078965786e-09, 4.41642677984e-09, 2.64221289292e-09, 2.53256615679e-09, 1.10433717726e-09, 1.52453105695e-09, 1.95859328755e-09, 9.90775128606e-10, 7.83697051698e-10, 8.31829660708e-10, 5.72060288029e-10, 6.56542431532e-10, 4.47098996714e-10, 5.65919977547e-10, 4.11006617629e-10, 3.18828824453e-10, 2.76978939784e-10, 9.67346411307e-11, 8.76582348375e-11, 1.53380485396e-11, 5.58395127012e-12], "var": [0.0960764810443, 9.0000371933, 100.773155212, 490.367889404, 308.234680176, 14.5692987442, 39.9605865479, 109.514961243, 51.2951431274, 275.070129395, 839.36126709, 3122.70141602, 1808.98400879, 1317.9440918, 4219.6796875, 2617.49511719, 4273.80859375, 2185.14135742, 1668.25305176, 1405.48535156, 2622.51538086, 1017.54711914, 510.988372803, 1222.42260742, 2137.89575195, 1065.3157959, 1368.35913086, 4109.32470703, 770.028259277, 666.43560791, 696.932556152, 438.373443604, 140.368011475, 41.0059165955, 13.2846050262, 2.53686213493, 0.184916943312, 0.0384500734508, 0.000211871563806, 3.28081085854e-07], "median": [0.135041028261, 0.815366208553, 1.79268622398, 3.9007768631, 3.87359905243, 1.77739477158, 1.50415611267, 1.82270777225, 1.91476881504, 4.43406581879, 5.84886217117, 8.7193145752, 10.806016922, 10.6130924225, 15.7048072815, 17.3316421509, 20.6210746765, 18.6567935944, 14.0139398575, 12.7420387268, 12.4759082794, 10.4732961655, 8.42982578278, 11.230266571, 11.6722364426, 8.55909156799, 5.73903894424, 5.3372759819, 5.22457695007, 4.60972833633, 5.99360704422, 3.8554546833, 2.52763605118, 2.353713274, 0.950721025467, 0.468198150396, 0.172833353281, 0.061739820987, 0.00522152520716, 0.00021304715483]}, "spectral_energy": {"dmean": 0.0148376198485, "dmean2": 0.0247863065451, "max": 0.210599243641, "dvar": 0.000682574464008, "mean": 0.0306583549827, "dvar2": 0.00178428622894, "min": 1.82312654556e-11, "var": 0.000797245476861, "median": 0.0254261270165}, "zerocrossingrate": {"dmean": 0.0247769001871, "dmean2": 0.0286203492433, "max": 0.57177734375, "dvar": 0.000702640216332, "mean": 0.109544366598, "dvar2": 0.000802556343842, "min": 0.00732421875, "var": 0.00525734620169, "median": 0.09326171875}, "spectral_energyband_high": {"dmean": 0.00183835881762, "dmean2": 0.00293631362729, "max": 0.037991989404, "dvar": 1.1451374121e-05, "mean": 0.002547225