{"tonal": {"hpcp": {"dvar": [0.0251109246165, 0.0313936732709, 0.0382921472192, 0.0601162835956, 0.0351638793945, 0.015456777066, 0.0156457088888, 0.0183421541005, 0.023295328021, 0.0340610928833, 0.0253780130297, 0.0216897744685, 0.0419744066894, 0.0304619930685, 0.027036909014, 0.038777269423, 0.0369143895805, 0.0333842076361, 0.0435605570674, 0.0295138508081, 0.0176029764116, 0.0262797232717, 0.0267428569496, 0.0300468262285, 0.0459349416196, 0.0299819651991, 0.0183552838862, 0.0170248970389, 0.0153288887814, 0.0255940407515, 0.0358112566173, 0.0183651503175, 0.0158748216927, 0.0332463309169, 0.0231836233288, 0.0165383704007], "var": [0.0323336198926, 0.0268506128341, 0.0551654919982, 0.145962193608, 0.0776613801718, 0.0176277142018, 0.0138748409227, 0.01594742015, 0.0356239341199, 0.0805267393589, 0.0432511158288, 0.0298605374992, 0.0736284330487, 0.0418692901731, 0.0284844040871, 0.064948759973, 0.0465281866491, 0.05603184551, 0.100998558104, 0.0416517332196, 0.0158998649567, 0.0289821494371, 0.0277999769896, 0.0494906306267, 0.0956481918693, 0.0632204115391, 0.022991374135, 0.0221795029938, 0.0137759260833, 0.0386385880411, 0.069114588201, 0.0248957518488, 0.0193858705461, 0.0628711283207, 0.0342692919075, 0.0159547701478], "median": [0.00371338613331, 0.00478893052787, 0.0166910327971, 0.022540492937, 0.0151502043009, 0.00403018156067, 0.00134658976458, 0.00171412527561, 0.00531940720975, 0.00884937215596, 0.00838227104396, 0.00666126050055, 0.00373774720356, 0.00340174953453, 0.00689713703468, 0.010428824462, 0.0111992899328, 0.0104879308492, 0.00681404769421, 0.00521769933403, 0.00276070670225, 0.00181901617907, 0.00243854196742, 0.00947003811598, 0.0169644095004, 0.013028472662, 0.00347037147731, 0.0013066381216, 0.00116792391054, 0.00384730566293, 0.00515058450401, 0.00485901720822, 0.00478741386905, 0.00412960723042, 0.00394404493272, 0.00375564675778], "max": [1, 1, 1, 1, 1, 1, 1, 1, 1, 1, 1, 1, 1, 1, 1, 1, 1, 1, 1, 1, 1, 1, 1, 1, 1, 1, 1, 1, 1, 1, 1, 1, 1, 1, 1, 1], "dmean": [0.0613433495164, 0.079348988831, 0.113296225667, 0.130111768842, 0.111283361912, 0.0504093356431, 0.0412059314549, 0.048013061285, 0.0700490474701, 0.0825135558844, 0.0746443122625, 0.0710637047887, 0.0857068374753, 0.0783752575517, 0.074598222971, 0.0887757018209, 0.0973125994205, 0.093629643321, 0.0931251943111, 0.079611338675, 0.0497699007392, 0.0532665625215, 0.0638334825635, 0.0835181996226, 0.106946446002, 0.0851804688573, 0.0526696555316, 0.0409878008068, 0.0433123148978, 0.0631069168448, 0.0730717927217, 0.0561881959438, 0.0518769919872, 0.0652030557394, 0.0606936626136, 0.0496548451483], "dmean2": [0.10545682162, 0.143445149064, 0.197248339653, 0.222650066018, 0.187199056149, 0.0896560326219, 0.0751530006528, 0.0888640955091, 0.123728103936, 0.1387488693, 0.127683460712, 0.123948581517, 0.151104778051, 0.136401638389, 0.130278885365, 0.153921559453, 0.171997502446, 0.164315760136, 0.161337092519, 0.140415519476, 0.0907784327865, 0.0967271998525, 0.113023549318, 0.144793823361, 0.182394355536, 0.145889312029, 0.0944615378976, 0.0741594582796, 0.0790110006928, 0.109553314745, 0.125328078866, 0.0966701209545, 0.0902774035931, 0.113366857171, 0.106292642653, 0.0874238833785], "mean": [0.0624542348087, 0.063772328198, 0.142114207149, 0.253248989582, 0.172617986798, 0.0491297543049, 0.0336390957236, 0.0376615934074, 0.0830274745822, 0.132903620601, 0.0961707010865, 0.0773108825088, 0.114919580519, 0.0864628702402, 0.0713675692677, 0.114633508027, 0.10327899456, 0.120416939259, 0.159587547183, 0.0951813384891, 0.0407047346234, 0.0490897446871, 0.0581313297153, 0.108566947281, 0.173633590341, 0.130509957671, 0.0577654615045, 0.0403692871332, 0.0359290577471, 0.0750578865409, 0.106128185987, 0.0625775530934, 0.0557911135256, 0.0968913808465, 0.0707696899772, 0.0442460104823], "dvar2": [0.0564550459385, 0.0860626026988, 0.0998165011406, 0.127957418561, 0.0844422727823, 0.0430385321379, 0.0453009158373, 0.0514219999313, 0.061563692987, 0.073934212327, 0.0612402707338, 0.0537550076842, 0.0883582234383, 0.0743469819427, 0.0719729065895, 0.0865935012698, 0.0983316302299, 0.0864477157593, 0.09227309376, 0.0769966617227, 0.0478985160589, 0.0631266236305, 0.0700224116445, 0.0719881430268, 0.103053584695, 0.0722430497408, 0.0503057613969, 0.0430382788181, 0.0428442433476, 0.0630618259311, 0.0797823145986, 0.0466002859175, 0.0411879047751, 0.0679864287376, 0.0564616769552, 0.0442343428731], "min": [0, 0, 0, 0, 0, 0, 0, 0, 0, 0, 0, 0, 0, 0, 0, 0, 0, 0, 0, 0, 0, 0, 0, 0, 0, 0, 0, 0, 0, 0, 0, 0, 0, 0, 0, 0]}, "key_key": "D#", "thpcp": [1, 0.681613743305, 0.193997830153, 0.132830128074, 0.148713693023, 0.327849179506, 0.524794280529, 0.379747629166, 0.305276185274, 0.45378100872, 0.341414481401, 0.281807899475, 0.452651381493, 0.407816022635, 0.475488334894, 0.630160629749, 0.375840932131, 0.160730093718, 0.193839848042, 0.229542195797, 0.428696453571, 0.68562400341, 0.515342473984, 0.228097498417, 0.159405514598, 0.141872465611, 0.296379804611, 0.41906657815, 0.247098922729, 0.220301419497, 0.382593363523, 0.279447078705, 0.174713477492, 0.246611982584, 0.25181671977, 0.561163961887], "chords_key": "A#", "tuning_equal_tempered_deviation": 0.0352703370154, "tuning_frequency": 443.828887939, "tuning_diatonic_strength": 0.499173343182, "chords_histogram": [11.5771808624, 6.76733779907, 22.9026851654, 0.755033552647, 3.80313205719, 0.139821022749, 1.0626398325, 0.0279642064124, 0.810961961746, 1.03467559814, 0, 0.0838926210999, 1.20246088505, 1.98545861244, 0.251677840948, 0.19574944675, 0.307606250048, 1.23042500019, 1.81767332554, 15.771812439, 3.18791937828, 11.1017894745, 7.24272918701, 6.73937368393], "key_strength": 0.786361932755, "key_scale": "major", "chords_strength": {"dvar": 0.00062664685538, "var": 0.0318879447877, "median": 0.433161586523, "max": 0.767734408379, "dmean": 0.0129349036142, "dmean2": 0.0121679399163, "mean": 0.424142360687, "dvar2": 0.00113463890739, "min": -1}, "chords_number_rate": 0.0041946307756, "tuning_nontempered_energy_ratio": 0.679217219353, "hpcp_entropy": {"dvar": 0.409357577562, "var": 0.843725264072, "median": 1.41606354713, "max": 4.24931001663, "dmean": 0.649140059948, "dmean2": 1.11629080772, "mean": 1.39289617538, "dvar2": 1.00250983238, "min": 0}, "chords_changes_rate": 0.0844518989325, "chords_scale": "major"}, "rhythm": {"bpm_histogram_first_peak_spread": {"dvar": 0, "var": 0, "median": 0, "max": 0, "dmean": 0, "dmean2": 0, "mean": 0, "dvar2": 0, "min": 0}, "bpm_histogram_first_peak_weight": {"dvar": 0, "var": 0, "median": 0.429193913937, "max": 0.429193913937, "dmean": 0, "dmean2": 0, "mean": 0.429193913937, "dvar2": 0, "min": 0.429193913937}, "bpm_histogram_first_peak_bpm": {"dvar": 0, "var": 0, "median": 167, "max": 167, "dmean": 0, "dmean2": 0, "mean": 167, "dvar2": 0, "min": 167}, "bpm": 165.342834473, "bpm_histogram_second_peak_weight": {"dvar": 0, "var": 0, "median": 0.33986929059, "max": 0.33986929059, "dmean": 0, "dmean2": 0, "mean": 0.33986929059, "dvar2": 0, "min": 0.33986929059}, "beats_loudness": {"dvar": 0.000872332369909, "var": 0.00106579565909, "median": 0.0163812078536, "max": 0.195032268763, "dmean": 0.0234996527433, "dmean2": 0.042532928288, "mean": 0.0279423315078, "dvar2": 0.00237150467001, "min": 0}, "beats_loudness_band_ratio": {"dvar": [0.0567785166204, 0.0424788556993, 0.0326786860824, 0.00885260757059, 0.000209014993743, 0.00177620642353], "var": [0.0939677730203, 0.088958568871, 0.0474315546453, 0.00819188635796, 0.000191382190678, 0.00178684829734], "median": [0.377822935581, 0.403028190136, 0.108182840049, 0.0181302689016, 0.00238265143707, 0.00157508696429], "max": [0.979028642178, 0.979913413525, 0.918974459171, 0.754650831223, 0.118779934943, 0.553832650185], "dmean": [0.27252843976, 0.22964207828, 0.15157392621, 0.0493273921311, 0.00940977595747, 0.0103967208415], "dmean2": [0.462741494179, 0.393020033836, 0.267131775618, 0.0905695706606, 0.0174717586488, 0.0196001324803], "mean": [0.38980191946, 0.417860001326, 0.191617384553, 0.0488466359675, 0.00804199371487, 0.00852861255407], "dvar2": [0.130628287792, 0.0906945839524, 0.0823486372828, 0.026816425845, 0.000619826547336, 0.00433259643614], "min": [0, 0, 0, 0, 0, 0]}, "bpm_histogram_second_peak_bpm": {"dvar": 0, "var": 0, "median": 172, "max": 172, "dmean": 0, "dmean2": 0, "mean": 172, "dvar2": 0, "min": 172}, "onset_rate": 4.30121898651, "beats_count": 460, "beats_position": [0.417959183455, 0.835918366909, 1.24226760864, 1.62539684772, 1.99691605568, 2.36843538284, 2.71673464775, 3.07664394379, 3.43655323982, 3.79646253586, 4.15637159348, 4.51628112793, 4.87619018555, 5.23609972, 5.59600877762, 5.95591831207, 6.31582736969, 6.68734693527, 7.04725599289, 7.40716552734, 7.76707458496, 8.12698364258, 8.498503685, 8.85841274261, 9.21832180023, 9.58984088898, 9.96135997772, 10.321269989, 10.6927890778, 11.0759181976, 11.4358272552, 11.7957363129, 12.1556463242, 12.5155553818, 12.8638544083, 13.235373497, 13.6068935394, 13.9784126282, 14.3499317169, 14.7214508057, 15.0697498322, 15.4296598434, 15.7895689011, 16.1494789124, 16.50938797, 16.8692970276, 17.2292060852, 17.6123352051, 17.9838542938, 18.3553733826, 18.7152824402, 19.0868015289, 19.4467124939, 19.8066215515, 20.1665306091, 20.5380496979, 20.9095687866, 21.2694778442, 21.6293869019, 21.9892959595, 22.3375968933, 22.6975059509, 23.0574150085, 23.4289340973, 23.7888431549, 24.1487522125, 24.5086612701, 24.8801803589, 25.2400894165, 25.5883903503, 25.9599094391, 26.3198184967, 26.6797275543, 27.0512466431, 27.3879356384, 27.747844696, 28.1077537537, 28.4676647186, 28.8275737762, 29.1874828339, 29.5473918915, 29.9073009491, 30.2555999756, 30.6038990021, 30.9521980286, 31.3121089935, 31.6720180511, 32.0319252014, 32.3802261353, 32.7401351929, 33.0884361267, 33.4367332458, 33.7850341797, 34.1449432373, 34.4932403564, 34.8531494141, 35.2246704102, 35.5845794678, 35.9561004639, 36.3276176453, 36.6759185791, 37.0358276367, 37.3957366943, 37.755645752, 38.1155548096, 38.4754638672, 38.8121528625, 39.1720619202, 39.520362854, 39.8686599731, 40.2401809692, 40.6000900269, 40.9599990845, 41.3199081421, 41.6682090759, 42.0281181335, 42.3764152527, 42.7363243103, 43.0846252441, 43.4445343018, 43.8044433594, 44.164352417, 44.5126533508, 44.86095047, 45.2208595276, 45.5807685852, 45.9406776428, 46.3005905151, 46.6604995728, 47.0320167542, 47.3919258118, 47.7634468079, 48.111743927, 48.4600448608, 48.80834198, 49.1798629761, 49.5281639099, 49.8764610291, 50.2247619629, 50.5962791443, 50.9445800781, 51.3044891357, 51.6643981934, 52.0126991272, 52.3609962463, 52.7092971802, 53.0808143616, 53.4523353577, 53.8006324768, 54.1605415344, 54.5204544067, 54.8803634644, 55.240272522, 55.6001815796, 55.9600906372, 56.3199996948, 56.668296814, 57.0165977478, 57.3648986816, 57.7131958008, 58.0731048584, 58.4214057922, 58.7697029114, 59.129611969, 59.4895210266, 59.8494338989, 60.2093429565, 60.5692520142, 60.9291610718, 61.3006782532, 61.6721992493, 62.0204963684, 62.3687973022, 62.7170982361, 63.0653953552, 63.4253044128, 63.7619934082, 64.1102905273, 64.4585952759, 64.8185043335, 65.1784133911, 65.5383224487, 65.8750076294, 66.2233123779, 66.5716094971, 66.9199066162, 67.2798156738, 67.6397247314, 67.9996337891, 68.3479385376, 68.6962356567, 69.0561447144, 69.4044418335, 69.7643508911, 70.1242599487, 70.4725646973, 70.8208618164, 71.1691589355, 71.5174560547, 71.8889770508, 72.2488861084, 72.608795166, 73.0035324097, 73.3982772827, 73.8162307739, 74.2341918945, 74.6173248291, 74.9772338867, 75.3255310059, 75.6854400635, 76.0453491211, 76.3936462402, 76.7651672363, 77.1366882324, 77.49659729, 77.8448944092, 78.1931991577, 78.5531082153, 78.9014053345, 79.2845306396, 79.6560516357, 80.0159606934, 80.375869751, 80.7357788086, 81.0956878662, 81.4555969238, 81.8039016724, 82.16381073, 82.5237197876, 82.8720169067, 83.2319259644, 83.5802230835, 83.9401321411, 84.2884368896, 84.6367340088, 84.9850311279, 85.3449401855, 85.7048492432, 86.0647583008, 86.4130630493, 86.7729721069, 87.1328811646, 87.4927902222, 87.8410873413, 88.1893844604, 88.537689209, 88.8859863281, 89.2458953857, 89.6058044434, 89.9541015625, 90.3023986816, 90.6623077393, 91.0106124878, 91.3705215454, 91.7188186646, 92.0671157837, 92.4270248413, 92.7753295898, 93.123626709, 93.4719238281, 93.8202285767, 94.1569137573, 94.5052108765, 94.853515625, 95.2134246826, 95.5733337402, 95.9216308594, 96.2699279785, 96.6298370361, 96.9897460938, 97.3380508423, 97.6863479614, 98.046257019, 98.4061660767, 98.7544631958, 99.1027679443, 99.462677002, 99.8225860596, 100.170883179, 100.519180298, 100.867477417, 101.215782166, 101.564079285, 101.912376404, 102.260681152, 102.608978271, 102.957275391, 103.317184448, 103.677093506, 104.025398254, 104.373695374, 104.733604431, 105.093513489, 105.441810608, 105.790107727, 106.138412476, 106.486709595, 106.835006714, 107.183311462, 107.531608582, 107.891517639, 108.251426697, 108.599723816, 108.948028564, 109.296325684, 109.644622803, 109.992919922, 110.34122467, 110.68952179, 111.037818909, 111.397727966, 111.757637024, 112.105941772, 112.454238892, 112.790924072, 113.139228821, 113.48752594, 113.82421875, 114.172515869, 114.532424927, 114.892333984, 115.240631104, 115.588935852, 115.937232971, 116.28553009, 116.633827209, 116.982131958, 117.330429077, 117.678726196, 118.027030945, 118.375328064, 118.735237122, 119.083534241, 119.43183136, 119.780136108, 120.128433228, 120.488342285, 120.836639404, 121.196548462, 121.55645752, 121.927978516, 122.276275635, 122.624580383, 122.972877502, 123.33278656, 123.692695618, 124.064216614, 124.43573761, 124.807250977, 125.155555725, 125.503852844, 125.863761902, 126.223670959, 126.571968079, 126.931877136, 127.291786194, 127.640090942, 128, 128.359909058, 128.719818115, 129.079727173, 129.43963623, 129.799545288, 130.147842407, 130.519363403, 130.856048584, 131.215957642, 131.564254761, 131.924163818, 132.284072876, 132.643981934, 133.003890991, 133.363800049, 133.712112427, 134.072021484, 134.420318604, 134.768615723, 135.12852478, 135.488433838, 135.836730957, 136.196640015, 136.556549072, 136.928070068, 137.299591064, 137.659500122, 138.031021118, 138.390930176, 138.750839233, 139.110748291, 139.482269287, 139.853790283, 140.213699341, 140.585220337, 140.945129395, 141.316635132, 141.688156128, 142.059677124, 142.419586182, 142.779495239, 143.151016235, 143.510925293, 143.870834351, 144.230743408, 144.590652466, 144.962173462, 145.333694458, 145.705215454, 146.07673645, 146.436645508, 146.796554565, 147.156463623, 147.516372681, 147.887893677, 148.259414673, 148.63092041, 148.979232788, 149.350738525, 149.710647583, 150.070556641, 150.430480957, 150.813598633, 151.185119629, 151.556640625, 151.928161621, 152.299682617, 152.659591675, 153.042724609, 153.437454224, 153.832199097, 154.226928711, 154.621673584, 155.016418457, 155.411148071, 155.805892944, 156.17741394, 156.548934937, 156.920455933, 157.303573608, 157.70993042, 158.116271973, 158.522628784, 158.917373657, 159.335327148, 159.741668701, 160.159637451, 160.50793457, 160.856231689, 161.204528809, 161.552825928, 161.901138306, 162.249435425, 162.597732544, 162.946029663, 163.294326782, 163.65423584, 164.014144897, 164.385665894, 164.75718689, 165.128707886, 165.488616943], "danceability": 1.25994098186, "bpm_histogram_second_peak_spread": {"dvar": 0, "var": 0, "median": 0, "max": 0, "dmean": 0, "dmean2": 0, "mean": 0, "dvar2": 0, "min": 0}}, "lowlevel": {"spectral_flux": {"dvar": 0.00109585560858, "var": 0.00150667515118, "median": 0.0303585026413, "max": 0.376542687416, "dmean": 0.0227303765714, "dmean2": 0.0370185226202, "mean": 0.040964089334, "dvar2": 0.00278571248055, "min": 6.44551426121e-11}, "spectral_rolloff": {"dvar": 252172.0625, "var": 7057179, "median": 409.130859375, "max": 19638.28125, "dmean": 151.153045654, "dmean2": 266.527130127, "mean": 888.7265625, "dvar2": 622757.125, "min": 86.1328125}, "barkbands_flatness_db": {"dvar": 0.00117932015564, "var": 0.00746662123129, "median": 0.249716132879, "max": 0.562822341919, "dmean": 0.0324631743133, "dmean2": 0.0459499210119, "mean": 0.26043844223, "dvar2": 0.00219422322698, "min": 0.020736830309}, "spectral_centroid": {"dvar": 51789.046875, "var": 1999705.875, "median": 434.232299805, "max": 11860.6777344, "dmean": 104.812957764, "dmean2": 165.841567993, "mean": 694.809082031, "dvar2": 114645.023438, "min": 150.637298584}, "melbands_skewness": {"dvar": 0.983582437038, "var": 4.63364458084, "median": 2.31232595444, "max": 17.5789604187, "dmean": 0.848891854286, "dmean2": 1.29654943943, "mean": 2.79990577698, "dvar2": 2.13230776787, "min": -2.11816596985}, "melbands": {"dvar": [4.85521596261e-08, 1.46163642967e-07, 4.57794129716e-07, 7.85523297964e-07, 1.59782689479e-06, 6.50934225632e-07, 4.77201581361e-07, 6.09668063589e-07, 4.22168369596e-07, 9.31645161018e-08, 6.16213284843e-08, 4.41921521599e-08, 2.05190957558e-08, 6.32568397663e-09, 2.23198859395e-09, 6.07271621877e-10, 3.77637809912e-10, 3.40487082973e-10, 1.74623732141e-10, 1.48955153767e-10, 3.25268006973e-11, 2.25624779276e-11, 2.50184486843e-12, 2.15642239308e-12, 6.6620103531e-13, 3.04913971676e-12, 1.98203215993e-12, 7.04612014351e-14, 2.16689039216e-13, 1.79374188571e-13, 7.46040531327e-14, 1.7553326685e-13, 6.78561956516e-14, 6.78556942081e-14, 1.01435092286e-14, 1.83994546622e-14, 1.13938874069e-14, 1.5248248153e-14, 9.53242323807e-15, 1.91935294156e-15], "var": [2.64741260025e-07, 3.9822157305e-07, 1.25078179281e-06, 2.73407727036e-06, 6.36906270302e-06, 2.51861433753e-06, 2.03308673008e-06, 3.11563530886e-06, 1.48890444507e-06, 3.10818364824e-07, 1.84046413665e-07, 1.28822904344e-07, 8.90069316029e-08, 2.83448660099e-08, 5.81786352427e-09, 1.16148823892e-09, 7.8326362063e-10, 7.6895129153e-10, 2.98333108217e-10, 3.85180803919e-10, 7.27649537846e-11, 5.40721634135e-11, 4.00196629308e-12, 2.36624500376e-12, 1.22373454686e-12, 4.14784005753e-12, 2.53349207932e-12, 9.52337574035e-14, 2.5354547563e-13, 2.66736990568e-13, 7.01383260282e-14, 1.4615623978e-13, 6.06248043303e-14, 5.07016236178e-14, 9.95538998732e-15, 1.51295839192e-14, 8.66009111075e-15, 1.18257912008e-14, 6.71213767821e-15, 2.5686981398e-15], "median": [6.15693279542e-05, 0.000270950782578, 0.00016290313215, 0.000106720544863, 8.63685709191e-05, 4.32940287283e-05, 2.11481474253e-05, 1.58249895321e-05, 1.26243394334e-05, 7.46638306737e-06, 3.33908974426e-06, 3.20228900819e-06, 2.19269895751e-06, 1.48953836288e-06, 9.1457934559e-07, 7.65962340665e-07, 5.59343106943e-07, 3.65904384125e-07, 2.53966675245e-07, 1.6049867213e-07, 1.18968671359e-07, 1.22197491237e-07, 9.88688384496e-08, 3.36308367821e-08, 7.18436155012e-08, 1.66833274307e-07, 2.03952090772e-08, 4.83843010102e-08, 8.81545219045e-08, 1.18139773519e-07, 5.64723805496e-08, 4.2055816607e-08, 5.47312914989e-08, 1.97148217751e-08, 1.43323664048e-08, 1.1614816664e-08, 8.32475688384e-09, 1.32085542504e-08, 5.85403281406e-09, 5.04362596132e-09], "max": [0.0041734110564, 0.0062041990459, 0.020712364465, 0.0243806336075, 0.0355152972043, 0.0254036802799, 0.0227449350059, 0.0320739038289, 0.0372867248952, 0.0134981526062, 0.008290653117, 0.00710060307756, 0.0044418903999, 0.00257076486014, 0.00192285946105, 0.000766732846387, 0.000562757835723, 0.000801385205705, 0.000326427194523, 0.000401320488891, 0.000158913913765, 0.000142223667353, 2.62898574874e-05, 3.78746626666e-05, 2.25215226237e-05, 0.000128217929159, 0.000106064471765, 9.32866987569e-06, 2.89855688607e-05, 1.48187064042e-05, 6.51995378576e-06, 2.61583718384e-05, 6.53474171486e-06, 7.24151414033e-06, 2.02863179766e-06, 2.51699793807e-06, 1.93127266357e-06, 2.54791211773e-06, 2.52137488133e-06, 1.05833782982e-06], "dmean": [0.000116783659905, 0.000226403513807, 0.000261042878265, 0.000325580476783, 0.000378785305656, 0.000219286361244, 0.000160366456839, 0.000166163095855, 0.000105491577415, 5.38838867215e-05, 4.02283039875e-05, 3.41171798937e-05, 2.64213631453e-05, 1.55655598064e-05, 9.28606004891e-06, 5.67605411561e-06, 4.40954590886e-06, 3.68929681827e-06, 2.78314792013e-06, 2.21001755563e-06, 1.24430880533e-06, 9.82543269856e-07, 4.41328211309e-07, 3.0446219057e-07, 1.96793124019e-07, 2.6903194339e-07, 1.22894221022e-07, 7.12800840574e-08, 1.16044631682e-07, 1.77999908146e-07, 9.15007518643e-08, 6.74093598718e-08, 8.74412506846e-08, 7.47657082911e-08, 3.21331228292e-08, 3.90701124786e-08, 3.04580822785e-08, 3.3711106795e-08, 2.32551560231e-08, 1.45355780745e-08], "dmean2": [0.00017106976884, 0.000329464121023, 0.000397748779505, 0.000479503418319, 0.000512639584485, 0.000308431423036, 0.000234742066823, 0.000213719380554, 0.000148716586409, 7.17371513019e-05, 5.69180192542e-05, 4.59530747321e-05, 3.57612116204e-05, 2.23398237722e-05, 1.32967270474e-05, 8.93123069545e-06, 6.67037284074e-06, 5.49468313693e-06, 4.27657641922e-06, 3.24875486513e-06, 1.89762408809e-06, 1.43111162743e-06, 6.88426951001e-07, 4.82794575873e-07, 3.0684159924e-07, 4.16300906636e-07, 1.89938987205e-07, 1.13774618171e-07, 1.87828433695e-07, 2.98564401646e-07, 1.54316211365e-07, 1.10436708667e-07, 1.48882350004e-07, 1.30582293423e-07, 5.40657154602e-08, 6.79200553577e-08, 5.37943307677e-08, 5.8730496022e-08, 4.09319689254e-08, 2.29857413103e-08], "mean": [0.000259049498709, 0.000488601624966, 0.000488055957248, 0.000615675351582, 0.000784295494668, 0.000477365218103, 0.000346022367012, 0.00040145800449, 0.000214335916098, 0.000107409076008, 8.17522741272e-05, 6.56320771668e-05, 5.7214350818e-05, 3.22402447637e-05, 1.53549717652e-05, 9.33105638978e-06, 7.26328426026e-06, 5.90774288867e-06, 3.9736414692e-06, 3.56474424734e-06, 1.92514221453e-06, 1.51919141445e-06, 6.38235121642e-07, 3.65186849649e-07, 3.17618940926e-07, 4.25180104457e-07, 1.59509113473e-07, 1.160189953e-07, 2.08535013257e-07, 2.89058704084e-07, 1.28919552367e-07, 1.03540628515e-07, 1.20809858117e-07, 7.97373118644e-08, 4.39430962729e-08, 4.71008370084e-08, 3.53980560419e-08, 4.37549516619e-08, 2.78579523894e-08, 2.30083827546e-08], "dvar2": [9.77832357307e-08, 2.90525434821e-07, 1.01044633993e-06, 1.54335793923e-06, 2.16168496081e-06, 1.1530738675e-06, 8.46791692766e-07, 9.4786827276e-07, 7.10064966825e-07, 1.41666163245e-07, 1.10941520859e-07, 6.64869332923e-08, 3.24202957813e-08, 1.1946288403e-08, 4.11244416298e-09, 1.40925171532e-09, 7.87964749005e-10, 5.94816973454e-10, 3.97801486196e-10, 2.96246360776e-10, 7.00790606101e-11, 4.2654154514e-11, 5.94711953295e-12, 5.24434922572e-12, 1.52490205792e-12, 5.97825434989e-12, 3.95144767601e-12, 1.68166465453e-13, 5.32514516424e-13, 4.56126022369e-13, 2.02997354711e-13, 4.74010262465e-13, 1.84835030311e-13, 1.86998460878e-13, 2.7059597442e-14, 5.13482993918e-14, 3.23403413424e-14, 4.3584544475e-14, 2.7480269579e-14, 4.60984171368e-15], "min": [7.72975415957e-25, 7.04737369934e-25, 4.38414970103e-25, 1.30336279153e-24, 1.53004029632e-24, 6.53487936542e-25, 5.88073322306e-25, 1.60869949072e-24, 2.22580733168e-24, 1.77525297554e-24, 2.61022674498e-24, 6.25426379207e-25, 2.48978425083e-24, 2.67598599282e-24, 3.63383135635e-24, 3.30542422277e-24, 2.58806547278e-24, 2.40834087047e-24, 3.65362072101e-24, 2.79598790815e-24, 3.66839766349e-24, 3.14018468439e-24, 4.42345509006e-24, 4.14481127454e-24, 4.23383343883e-24, 3.91511036172e-24, 4.2923708623e-24, 5.19027443273e-24, 4.50037376149e-24, 4.92837852865e-24, 3.95331528979e-24, 5.4574056122e-24, 5.69622654594e-24, 5.24890257521e-24, 4.01854580362e-24, 5.47036107485e-24, 6.03705547777e-24, 6.30506110955e-24, 5.42474992617e-24, 6.16480242947e-24]}, "spectral_decrease": {"dvar": 7.93609073802e-18, "var": 3.45042411397e-17, "median": -1.77895143061e-09, "max": 1.66907420475e-28, "dmean": 1.38639466574e-09, "dmean2": 1.87524151762e-09, "mean": -3.80286291346e-09, "dvar2": 1.29978314178e-17, "min": -4.83892357295e-08}, "barkbands_kurtosis": {"dvar": 481.115783691, "var": 1124.45043945, "median": 8.06004333496, "max": 784.698730469, "dmean": 8.6135931015, "dmean2": 13.1470880508, "mean": 16.3078098297, "dvar2": 1027.62097168, "min": -1.82264328003}, "silence_rate_30dB": {"dvar": 0.00996892806143, "var": 0.0158257782459, "median": 1, "max": 1, "dmean": 0.0100713390857, "dmean2": 0.0201454944909, "mean": 0.98391610384, "dvar2": 0.0208617709577, "min": 0}, "gfcc": {"mean": [-183.269943237, 143.47543335, -83.1726074219, 15.6880292892, -62.82554245, 4.22424459457, -32.0153465271, -9.46393203735, -16.8208122253, -3.35860896111, -13.9253377914, -7.07811975479, -5.54365158081], "cov": [[30283.9140625, 2620.38232422, -3757.65600586, 270.537597656, -2279.58300781, 666.244628906, -712.977478027, 382.639465332, -546.733093262, 100.914131165, 16.245098114, -381.009887695, -71.8703994751], [2620.38232422, 2141.69189453, 148.651412964, -641.030883789, 158.976715088, -238.988174438, -6.34549617767, -247.870666504, 129.40737915, -179.709335327, 14.358083725, -42.0856666565, 129.736587524], [-3757.65600586, 148.651412964, 1382.65100098, 154.720153809, 348.789215088, -62.2415885925, 136.554855347, -18.7015972137, -35.311290741, -41.7343902588, -15.3691272736, 24.4138584137, 2.6683485508], [270.537597656, -641.030883789, 154.720153809, 845.628540039, -73.9225387573, 192.02684021, 89.4867401123, 87.9668807983, -98.9634094238, 88.9284133911, -54.4694786072, -43.893497467, -78.3482818604], [-2279.58300781, 158.976715088, 348.789215088, -73.9225387573, 490.538574219, -10.2774219513, 77.1255493164, -25.8488483429, 141.30317688, -21.5892314911, 13.4855880737, 37.6273651123, 15.8917627335], [666.244628906, -238.988174438, -62.2415885925, 192.02684021, -10.2774219513, 250.973114014, 77.9415130615, 146.023696899, -24.2359275818, 64.8942718506, 25.8855438232, -1.22296595573, -26.0097370148], [-712.977478027, -6.34549617767, 136.554855347, 89.4867401123, 77.1255493164, 77.9415130615, 210.786102295, 79.9921569824, 37.5407829285, 11.2289505005, 22.2397098541, -6.75093841553, 18.5697860718], [382.639465332, -247.870666504, -18.7015972137, 87.9668807983, -25.8488483429, 146.023696899, 79.9921569824, 280.706237793, 5.22554111481, 55.5899505615, 45.2304000854, -12.4170331955, -26.2136135101], [-546.733093262, 129.40737915, -35.311290741, -98.9634094238, 141.30317688, -24.2359275818, 37.5407829285, 5.22554111481, 190.726745605, 33.3855895996, 12.8418617249, 28.6667919159, 14.7051086426], [100.914131165, -179.709335327, -41.7343902588, 88.9284133911, -21.5892314911, 64.8942718506, 11.2289505005, 55.5899505615, 33.3855895996, 114.332290649, 39.8574981689, 14.8745069504, -14.3384342194], [16.245098114, 14.358083725, -15.3691272736, -54.4694786072, 13.4855880737, 25.8855438232, 22.2397098541, 45.2304000854, 12.8418617249, 39.8574981689, 119.824256897, 33.184677124, 25.9631290436], [-381.009887695, -42.0856666565, 24.4138584137, -43.893497467, 37.6273651123, -1.22296595573, -6.75093841553, -12.4170331955, 28.6667919159, 14.8745069504, 33.184677124, 104.646957397, 43.3659629822], [-71.8703994751, 129.736587524, 2.6683485508, -78.3482818604, 15.8917627335, -26.0097370148, 18.5697860718, -26.2136135101, 14.7051086426, -14.3384342194, 25.9631290436, 43.3659629822, 104.499534607]], "icov": [[0.000405841768952, -0.00116904801689, 0.000862977583893, -0.000761830538977, 0.00105597102083, -0.00104447477497, 0.00135570205748, -0.000998001545668, 0.000631146831438, -0.000343936844729, 0.00014556950191, -0.000155199391884, 0.000117701223644], [-0.00116904801689, 0.00421907193959, -0.00271153496578, 0.00265695457347, -0.00282065710053, 0.0026594819501, -0.00387481064536, 0.00354415155016, -0.00268608308397, 0.00198954809457, -0.000945342006162, 0.00160957581829, -0.00109434337355], [0.000862977583893, -0.00271153496578, 0.00309170922264, -0.00197414518334, 0.00106160261203, -0.0010615196079, 0.00202488782816, -0.00256125000305, 0.00293018529192, -0.00138229259755, 0.000734746572562, -0.00118649681099, 0.000680710189044], [-0.000761830538977, 0.00265695457347, -0.00197414518334, 0.00367917283438, -0.00174043769948, 0.000770746264607, -0.00331797311082, 0.00252849957906, -0.000562111847103, -0.000678635609802, 0.000906415807549, 0.000972439069301, 2.39158016484e-05], [0.00105597102083, -0.00282065710053, 0.00106160261203, -0.00174043769948, 0.00686103478074, -0.00427609868348, 0.00353092537262, -0.00157896138262, -0.00225766119547, 0.00153868144844, -0.00066405988764, -0.000390862260247, 0.000620884471573], [-0.00104447477497, 0.0026594819501, -0.0010615196079, 0.000770746264607, -0.00427609868348, 0.0113818636164, -0.00577924354002, -0.000779284571763, 0.00176301982719, -0.00252164597623, 0.000315126468195, -0.00154065026436, 0.000866548914928], [0.00135570205748, -0.00387481064536, 0.00202488782816, -0.00331797311082, 0.00353092537262, -0.00577924354002, 0.0122599098831, -0.00441557122394, -0.000656021467876, 0.000921288330574, -0.000942976679653, 0.0017587528564, -0.00233487086371], [-0.000998001545668, 0.00354415155016, -0.00256125000305, 0.00252849957906, -0.00157896138262, -0.000779284571763, -0.00441557122394, 0.00891477055848, -0.00313764903694, 0.00131467438769, -0.00241348217241, 0.00209811725654, 0.000292609882308], [0.000631146831438, -0.00268608308397, 0.00293018529192, -0.000562111847103, -0.00225766119547, 0.00176301982719, -0.000656021467876, -0.00313764903694, 0.0127116963267, -0.00741441734135, 0.00329195242375, -0.00320860929787, 0.00109176337719], [-0.000343936844729, 0.00198954809457, -0.00138229259755, -0.000678635609802, 0.00153868144844, -0.00252164597623, 0.000921288330574, 0.00131467438769, -0.00741441734135, 0.0176660679281, -0.00637085735798, 0.000328499882016, 0.00103820767254], [0.00014556950191, -0.000945342006162, 0.000734746572562, 0.000906415807549, -0.00066405988764, 0.000315126468195, -0.000942976679653, -0.00241348217241, 0.00329195242375, -0.00637085735798, 0.013036984019, -0.00323017011397, -0.0015598225873], [-0.000155199391884, 0.00160957581829, -0.00118649681099, 0.000972439069301, -0.000390862260247, -0.00154065026436, 0.0017587528564, 0.00209811725654, -0.00320860929787, 0.000328499882016, -0.00323017011397, 0.0153731331229, -0.00653642462566], [0.000117701223644, -0.00109434337355, 0.000680710189044, 2.39158016484e-05, 0.000620884471573, 0.000866548914928, -0.00233487086371, 0.000292609882308, 0.00109176337719, 0.00103820767254, -0.0015598225873, -0.00653642462566, 0.0147080188617]]}, "silence_rate_20dB": {"dvar": 0, "var": 0, "median": 1, "max": 1, "dmean": 0, "dmean2": 0, "mean": 1, "dvar2": 0, "min": 1}, "barkbands_skewness": {"dvar": 0.922086298466, "var": 3.8337290287, "median": 2.01592946053, "max": 20.768119812, "dmean": 0.782374858856, "dmean2": 1.17656886578, "mean": 2.32803082466, "dvar2": 1.91465270519, "min": -2.15856266022}, "erbbands_skewness": {"dvar": 0.290563225746, "var": 1.21500849724, "median": 1.28665947914, "max": 9.18860244751, "dmean": 0.488126546144, "dmean2": 0.722565114498, "mean": 1.41265189648, "dvar2": 0.609115064144, "min": -1.56481957436}, "spectral_contrast_valleys": {"dvar": [0.15725569427, 0.176114499569, 0.200705751777, 0.206914708018, 0.157919257879, 0.223051443696], "var": [7.52399301529, 8.03908634186, 7.31496620178, 6.58641624451, 6.49336147308, 5.47799015045], "median": [-8.01707077026, -7.58288860321, -8.63748645782, -9.46920394897, -9.74498558044, -12.0340862274], "max": [-5.97873973846, -4.93601131439, -5.73684263229, -6.47756910324, -6.78833961487, -9.11635303497], "dmean": [0.434790283442, 0.429772853851, 0.44246968627, 0.396629780531, 0.304321914911, 0.313326269388], "dmean2": [0.683816492558, 0.699917137623, 0.695029914379, 0.63424539566, 0.462084263563, 0.461041808128], "mean": [-8.5597076416, -8.08407115936, -9.10615730286, -9.84666538239, -10.2619352341, -12.4795808792], "dvar2": [0.349227815866, 0.420424431562, 0.463879793882, 0.473835289478, 0.33080303669, 0.508639931679], "min": [-28.6534194946, -28.2430992126, -27.8298187256, -27.6698951721, -27.5015563965, -27.4077415466]}, "spectral_strongpeak": {"dvar": 0.286982029676, "var": 1.2419282198, "median": 0.36136674881, "max": 10.2806339264, "dmean": 0.29909402132, "dmean2": 0.445065379143, "mean": 0.799577951431, "dvar2": 0.513287425041, "min": 0}, "erbbands_crest": {"dvar": 8.79871273041, "var": 36.8423576355, "median": 12.7017049789, "max": 33.1943359375, "dmean": 2.90938067436, "dmean2": 4.43426847458, "mean": 13.5319452286, "dvar2": 19.0274238586, "min": 2.19232869148}, "barkbands_crest": {"dvar": 7.57034540176, "var": 24.404214859, "median": 13.9320344925, "max": 26.7492103577, "dmean": 2.89328932762, "dmean2": 4.57157516479, "mean": 14.4058742523, "dvar2": 17.8978443146, "min": 3.54477500916}, "spectral_energyband_middle_low": {"dvar": 9.94299844024e-05, "var": 0.000410883629229, "median": 0.00391885032877, "max": 0.180667310953, "dmean": 0.00464891316369, "dmean2": 0.00637140776962, "mean": 0.0114799821749, "dvar2": 0.000161716976436, "min": 1.73547468017e-22}, "spectral_contrast_coeffs": {"dvar": [0.00193100550678, 0.00259916507639, 0.00133699539583, 0.000812607293483, 0.000330117851263, 0.000260211498244], "var": [0.0127140944824, 0.0142452539876, 0.00911305565387, 0.00579043431208, 0.00217563658953, 0.00308296340518], "median": [-0.622286975384, -0.715912461281, -0.782941102982, -0.81856751442, -0.822466611862, -0.779379844666], "max": [-0.260523051023, -0.320765912533, -0.362324714661, -0.52958959341, -0.63069486618, -0.576709210873], "dmean": [0.04938300699, 0.0530974939466, 0.0400210507214, 0.0300881750882, 0.0190264228731, 0.0146350031719], "dmean2": [0.076365314424, 0.0814349204302, 0.0612035617232, 0.0465171188116, 0.031040193513, 0.0238719265908], "mean": [-0.618621885777, -0.695366084576, -0.767099559307, -0.804569005966, -0.826392710209, -0.790384352207], "dvar2": [0.00425769714639, 0.00526427198201, 0.00287604006007, 0.00173574790824, 0.000791274243966, 0.000570587115362], "min": [-0.985656619072, -0.978385329247, -0.973929286003, -0.970393419266, -0.96675992012, -0.964253306389]}, "hfc": {"dvar": 36.1459312439, "var": 149.828048706, "median": 1.9598634243, "max": 129.517578125, "dmean": 2.30742573738, "dmean2": 3.06735491753, "mean": 6.19804191589, "dvar2": 61.4291915894, "min": 1.07971183907e-16}, "spectral_energyband_high": {"dvar": 2.05174455203e-09, "var": 2.38380692963e-09, "median": 1.27951798277e-05, "max": 0.00158194790129, "dmean": 1.5512927348e-05, "dmean2": 2.511079947e-05, "mean": 2.64560076175e-05, "dvar2": 5.29862109744e-09, "min": 7.19097994854e-21}, "erbbands_spread": {"dvar": 97.7530136108, "var": 414.130615234, "median": 16.7511634827, "max": 138.666824341, "dmean": 6.60143089294, "dmean2": 10.1404161453, "mean": 23.5020141602, "dvar2": 222.520492554, "min": 0.78799289465}, "dissonance": {"dvar": 0.00171033828519, "var": 0.00467555597425, "median": 0.413646876812, "max": 0.5, "dmean": 0.0420325770974, "dmean2": 0.0688614398241, "mean": 0.401304930449, "dvar2": 0.00434320233762, "min": 0.0922969505191}, "spectral_kurtosis": {"dvar": 202.92364502, "var": 1057.63562012, "median": 9.36257743835, "max": 264.263977051, "dmean": 7.89249992371, "dmean2": 12.3176250458, "mean": 21.8087310791, "dvar2": 444.411193848, "min": -1.25567352772}, "spectral_skewness": {"dvar": 0.622413098812, "var": 4.42110776901, "median": 2.53669762611, "max": 13.4045667648, "dmean": 0.582809686661, "dmean2": 0.901136219501, "mean": 3.15980005264, "dvar2": 1.31100904942, "min": -0.123584643006}, "pitch_salience": {"dvar": 0.00608014687896, "var": 0.0167795289308, "median": 0.469406962395, "max": 0.969338595867, "dmean": 0.0776648670435, "dmean2": 0.123200856149, "mean": 0.467712968588, "dvar2": 0.0148190185428, "min": 0.0567842870951}, "spectral_complexity": {"dvar": 2.27200365067, "var": 13.7286405563, "median": 5, "max": 24, "dmean": 1.3036788702, "dmean2": 2.04868483543, "mean": 5.74965047836, "dvar2": 4.76445007324, "min": 0}, "spectral_spread": {"dvar": 806182649856, "var": 25860941807600.0, "median": 3366671.5, "max": 42535340, "dmean": 605018.5625, "dmean2": 980327.625, "mean": 4113911.75, "dvar2": 1717000863740.0, "min": 353831.09375}, "dynamic_complexity": 6.49764680862, "melbands_crest": {"dvar": 10.6956453323, "var": 35.1949386597, "median": 17.1396484375, "max": 34.4232749939, "dmean": 3.2895219326, "dmean2": 5.2085723877, "mean": 17.6744689941, "dvar2": 24.083656311, "min": 1.60383152962}, "zerocrossingrate": {"dvar": 4.15926479036e-05, "var": 0.00467597832903, "median": 0.0205078125, "max": 0.52587890625, "dmean": 0.00471370015293, "dmean2": 0.0060256421566, "mean": 0.033339433372, "dvar2": 5.81609710935e-05, "min": 0.0029296875}, "spectral_energyband_low": {"dvar": 2.76443347502e-06, "var": 9.68189397099e-06, "median": 0.00128442468122, "max": 0.0272655878216, "dmean": 0.00103897671215, "dmean2": 0.0015160671901, "mean": 0.00244607403874, "dvar2": 5.75214062337e-06, "min": 1.6102321883e-23}, "melbands_kurtosis": {"dvar": 387.349090576, "var": 1268.16674805, "median": 11.2604093552, "max": 456.592163086, "dmean": 11.5685844421, "dmean2": 17.8124885559, "mean": 24.0187129974, "dvar2": 832.095275879, "min": -1.50247013569}, "spectral_energyband_middle_high": {"dvar": 6.96314327797e-06, "var": 2.3333601348e-05, "median": 0.000147744925926, "max": 0.082095451653, "dmean": 0.000670710229315, "dmean2": 0.000927677028812, "mean": 0.00146769208368, "dvar2": 1.15730927064e-05, "min": 1.16644694345e-21}, "barkbands_spread": {"dvar": 23.6282958984, "var": 82.1740264893, "median": 5.05488538742, "max": 123.101013184, "dmean": 2.50605416298, "dmean2": 4.00485420227, "mean": 7.17370176315, "dvar2": 59.1040878296, "min": 0.0669603347778}, "mfcc": {"mean": [-816.732421875, 163.822540283, 35.052280426, 15.882815361, -3.24213528633, 8.50421142578, -5.79901075363, -6.10766077042, 0.0128059694543, -4.61194133759, -2.68252921104, -2.31569576263, -5.04300689697], "cov": [[11991.9521484, 1418.27050781, -1250.15148926, -377.388885498, -627.788085938, -126.924835205, 31.8835201263, 35.9330329895, -15.4094963074, 37.9638061523, 134.752868652, 200.79826355, 44.0828704834], [1418.27050781, 2265.16381836, 216.012954712, -261.454040527, 27.1599140167, -52.4103736877, -64.3020858765, -34.3957824707, -4.22407341003, -67.9924697876, -104.614593506, -50.9804267883, 2.56891155243], [-1250.15148926, 216.012954712, 900.997314453, 288.974151611, 88.0154647827, 73.7511749268, 140.322860718, 17.209695816, 6.23672389984, 15.7769289017, -26.488735199, -49.8408241272, -36.2123603821], [-377.388885498, -261.454040527, 288.974151611, 403.861236572, 76.355506897, 117.364097595, 88.9426498413, 26.1187858582, 49.8719329834, 31.7886180878, 45.4255752563, 14.2871541977, -35.4579544067], [-627.788085938, 27.1599140167, 88.0154647827, 76.355506897, 254.733581543, 64.7355651855, -9.2685136795, 24.9085979462, 12.4276580811, 27.5500679016, 15.7870559692, -8.20035076141, 14.3845024109], [-126.924835205, -52.4103736877, 73.7511749268, 117.364097595, 64.7355651855, 186.734268188, 43.9029541016, 7.39298915863, 35.1525688171, 2.73534798622, 28.6158466339, 9.54266262054, -16.4328918457], [31.8835201263, -64.3020858765, 140.322860718, 88.9426498413, -9.2685136795, 43.9029541016, 201.425079346, 84.4577026367, 26.9611568451, 41.7356452942, 27.3392238617, 27.1060905457, 6.5700097084], [35.9330329895, -34.3957824707, 17.209695816, 26.1187858582, 24.9085979462, 7.39298915863, 84.4577026367, 128.811767578, 62.2282066345, 44.7096939087, 25.579454422, 22.3827400208, 32.7854347229], [-15.4094963074, -4.22407341003, 6.23672389984, 49.8719329834, 12.4276580811, 35.1525688171, 26.9611568451, 62.2282066345, 123.755310059, 55.318321228, 27.1109352112, 22.3132305145, 7.56946325302], [37.9638061523, -67.9924697876, 15.7769289017, 31.7886180878, 27.5500679016, 2.73534798622, 41.7356452942, 44.7096939087, 55.318321228, 105.947563171, 59.7513313293, 23.7072410583, 13.683839798], [134.752868652, -104.614593506, -26.488735199, 45.4255752563, 15.7870559692, 28.6158466339, 27.3392238617, 25.579454422, 27.1109352112, 59.7513313293, 100.976486206, 55.6520004272, 15.9936714172], [200.79826355, -50.9804267883, -49.8408241272, 14.2871541977, -8.20035076141, 9.54266262054, 27.