{"tonal": {"chords_number_rate": 0.000884732056875, "thpcp": [1, 0.425721615553, 0.0831564068794, 0.0602941587567, 0.0560354813933, 0.068397924304, 0.0826793983579, 0.0913272947073, 0.0888050496578, 0.0996583849192, 0.272358357906, 0.73554110527, 0.961738526821, 0.614013135433, 0.549021065235, 0.798589587212, 0.556612730026, 0.269600331783, 0.242709591985, 0.193325221539, 0.268435329199, 0.290471106768, 0.156904324889, 0.0842902287841, 0.0713791623712, 0.097881436348, 0.313017517328, 0.435410141945, 0.252912461758, 0.126851513982, 0.115505687892, 0.259739756584, 0.809998273849, 0.880423665047, 0.471839725971, 0.821575939655], "hpcp": {"dvar": [0.0114774415269, 0.0226554609835, 0.0368356779218, 0.0425863787532, 0.0389900393784, 0.0422120578587, 0.0513625703752, 0.0420675240457, 0.0352265462279, 0.030751304701, 0.0219859294593, 0.0197502989322, 0.0167833827436, 0.0138640971854, 0.0116559239104, 0.0105399116874, 0.0116445235908, 0.0147775616497, 0.0179072394967, 0.0111667653546, 0.0103410128504, 0.0132451597601, 0.0194114372134, 0.0327758528292, 0.0365386903286, 0.0236557982862, 0.0301782973111, 0.035420704633, 0.0194464232773, 0.00929537322372, 0.00464735692367, 0.00297896494158, 0.00418799649924, 0.00547663029283, 0.00931851379573, 0.00890019349754], "mean": [0.0321725197136, 0.0879249125719, 0.237453281879, 0.310476154089, 0.198220640421, 0.177239388227, 0.25780710578, 0.179690182209, 0.0870345383883, 0.0783534571528, 0.0624108016491, 0.0866584479809, 0.0937722176313, 0.0506531111896, 0.0272112488747, 0.0230431947857, 0.0315988697112, 0.101050831378, 0.140562593937, 0.0816472321749, 0.0409512259066, 0.0372884720564, 0.0838512703776, 0.261490136385, 0.284225434065, 0.152323082089, 0.265227735043, 0.322828024626, 0.137434870005, 0.0268452186137, 0.0194646436721, 0.0180898234248, 0.0220807678998, 0.0266912262887, 0.0294830091298, 0.0286687593907], "min": [0, 0, 0, 0, 0, 0, 0, 0, 0, 0, 0, 0, 0, 0, 0, 0, 0, 0, 0, 0, 0, 0, 0, 0, 0, 0, 0, 0, 0, 0, 0, 0, 0, 0, 0, 0], "median": [0.00488173076883, 0.0121564092115, 0.0536083094776, 0.0749742388725, 0.0602013021708, 0.0306942928582, 0.010274480097, 0.0152346361428, 0.0208137482405, 0.0177467428148, 0.0180106349289, 0.0234585665166, 0.0248675104231, 0.0138415899128, 0.00645758025348, 0.00480648316443, 0.0065449969843, 0.0514050647616, 0.075179412961, 0.0453389212489, 0.0157482493669, 0.0104519315064, 0.0218411181122, 0.0613380782306, 0.0737962946296, 0.092813283205, 0.0860447585583, 0.0824080705643, 0.0277505163103, 0.00560293067247, 0.00547267636284, 0.00408085249364, 0.00324857840315, 0.00320659158751, 0.00437899585813, 0.00490684481338], "dvar2": [0.0320376008749, 0.0622508749366, 0.0949205756187, 0.0943313464522, 0.103952087462, 0.115567289293, 0.115719288588, 0.111352428794, 0.094005189836, 0.0832194983959, 0.0613467730582, 0.0545060373843, 0.0447328947484, 0.0398408435285, 0.0339274443686, 0.0301639679819, 0.0328594110906, 0.0383255295455, 0.0449943169951, 0.0305242259055, 0.0287482105196, 0.0375102050602, 0.0538593716919, 0.07574044168, 0.081868365407, 0.0652619227767, 0.0715148970485, 0.0734879150987, 0.0508906021714, 0.0260708201677, 0.0128761110827, 0.0077643035911, 0.0109302420169, 0.014412256889, 0.0256168488413, 0.024630529806], "var": [0.00828103162348, 0.0282367598265, 0.0960906818509, 0.150623574853, 0.0654321089387, 0.0637916624546, 0.155259951949, 0.0789479985833, 0.0315399952233, 0.0283973831683, 0.0175591427833, 0.034289393574, 0.0389939248562, 0.0129264155403, 0.00748026650399, 0.00660265889019, 0.00835246499628, 0.0209134072065, 0.032475836575, 0.0123975202441, 0.0078256810084, 0.00926370173693, 0.020910166204, 0.117838777602, 0.132259622216, 0.0280672367662, 0.101253762841, 0.154214113951, 0.0416503064334, 0.0064184772782, 0.00337928556837, 0.00297751044855, 0.0052622789517, 0.0061025545001, 0.00716483127326, 0.00662834011018], "dmean2": [0.0718226283789, 0.144343227148, 0.213664412498, 0.199615567923, 0.225562334061, 0.225455626845, 0.188231319189, 0.207322627306, 0.168207943439, 0.138000786304, 0.112869389355, 0.106615789235, 0.0969062000513, 0.07462272048, 0.0559756681323, 0.0524152219296, 0.0622143596411, 0.100874133408, 0.12601301074, 0.0911592617631, 0.0736159607768, 0.0769037827849, 0.124352090061, 0.186047032475, 0.189955532551, 0.184859201312, 0.192268773913, 0.167595118284, 0.136624842882, 0.0613569766283, 0.03803601861, 0.0296375211328, 0.0333568826318, 0.0434816069901, 0.0590745471418, 0.062162373215], "max": [1, 1, 1, 1, 1, 1, 1, 1, 1, 1, 1, 1, 1, 1, 1, 1, 1, 1, 1, 1, 1, 1, 1, 1, 1, 1, 1, 1, 1, 1, 1, 1, 1, 1, 1, 1], "dmean": [0.0398602150381, 0.0828200876713, 0.127767056227, 0.120834246278, 0.132194668055, 0.128835886717, 0.108416244388, 0.11878400296, 0.0955537259579, 0.0792935937643, 0.0637796297669, 0.0612651817501, 0.0573543347418, 0.0429205559194, 0.0307655259967, 0.0287016127259, 0.0347218252718, 0.0622456036508, 0.0789699554443, 0.054234366864, 0.042237341404, 0.0429725795984, 0.0710275769234, 0.110486023128, 0.115458928049, 0.108029916883, 0.118023619056, 0.104311734438, 0.0805057361722, 0.0337822623551, 0.0213708728552, 0.0173320826143, 0.0197279881686, 0.0256367251277, 0.0335029736161, 0.0345527119935]}, "key_strength": 0.615160942078, "chords_strength": {"dvar": 0.000293723773211, "mean": 0.521717309952, "min": -1, "median": 0.51771402359, "dvar2": 0.000547943229321, "var": 0.0256680566818, "dmean2": 0.00664236629382, "max": 0.796481847763, "dmean": 0.00933019630611}, "tuning_equal_tempered_deviation": 0.077089458704, "chords_key": "B", "tuning_frequency": 444.085327148, "chords_scale": "major", "chords_changes_rate": 0.0509352870286, "key_scale": "minor", "tuning_diatonic_strength": 0.511003732681, "hpcp_entropy": {"dvar": 0.180152028799, "mean": 1.89652121067, "min": 0, "median": 1.91307592392, "dvar2": 0.480698555708, "var": 0.396083027124, "dmean2": 0.796512722969, "max": 3.97343993187, "dmean": 0.482381761074}, "chords_histogram": [26.7947425842, 2.03488373756, 16.5950450897, 0.492922157049, 0.960566222668, 0, 0.429726988077, 0.164307385683, 0, 4.4868555069, 0.176946416497, 0.859453976154, 4.51213359833, 0.353892832994, 0, 0, 0.631951451302, 0, 0.252780586481, 4.12032365799, 0.0758341774344, 0, 0.404448926449, 36.6531867981], "tuning_nontempered_energy_ratio": 0.707774460316, "key_key": "D#"}, "metadata": {"version": {"extractor": "music 1.0", "essentia_build_sha": "2d9f1f26377add8aeb1075a9c2973f962c4f09fd", "essentia": "2.1-beta2", "essentia_git_sha": "v2.1_beta2-1-ge3940c0"}, "audio_properties": {"sample_rate": 22050, "length": 367.386108398, "lossless": false, "analysis_sample_rate": 44100, "downmix": "mix", "bit_rate": 64007, "equal_loudness": 0, "md5_encoded": "195751dc966c1ec7376eb6479e865594", "codec": "mp3", "replay_gain": -14.482749939}, "tags": {"copyrighturl": ["http://creativecommons.org/licenses/by-nc-sa/3.0/de/"], "catalognumber": ["afm034/ZFR012"], "musicbrainz_recordingid": ["3314fc31-e972-4078-950a-e9934be32bcf"], "language": ["eng"], "title": ["A Hundred Thousand Faces"], "artist": ["The SlimP"], "discnumber": ["1/1"], "artistsort": ["SlimP, The"], "originaldate": ["2008"], "musicbrainz_artistid": ["40a9a25b-9846-4869-9b16-96a1eead026b"], "tracknumber": ["6/23"], "musicbrainz_albumartistid": ["89ad4ac3-39f7-470e-963a-56509c546377"], "musicbrainz album status": ["official"], "date": ["2008"], "acoustid_id": ["d7a9e70b-1b08-417d-a297-91bd8eb64088"], "albumartistsort": ["Various Artists"], "musicbrainz_releasegroupid": ["41a26488-4a6b-36b1-a1b2-1be359357e0b"], "media": ["Digital Media"], "musicbrainz album release country": ["XW"], "label": ["afmusic/Zorch Factory Records"], "musicbrainz album type": ["album/compilation"], "script": ["Latn"], "musicbrainz_albumid": ["655c7ab7-7bfa-37af-8c0a-d4c4ad0e42f9"], "file_name": "06 A Hundred Thousand Faces.mp3", "album": ["Howly Night"], "albumartist": ["Various Artists"]}}, "lowlevel": {"melbands": {"dvar": [2.88496516987e-06, 2.57450278696e-06, 1.06780953502e-06, 2.71661235729e-07, 2.25162779088e-07, 8.27107271562e-07, 2.20474831281e-07, 9.35748687425e-08, 1.94996196967e-08, 4.58910207612e-08, 1.41908298446e-08, 2.77260010506e-08, 1.81622379358e-08, 6.27281382393e-09, 1.48823060542e-08, 6.1061831147e-09, 5.36141042673e-09, 4.73293226833e-09, 3.22444670964e-09, 1.84015591653e-09, 2.08955186487e-09, 6.86757317681e-10, 1.35643840604e-09, 2.37892705535e-10, 4.74415784435e-11, 1.04733938536e-11, 1.19777781443e-11, 1.51522735331e-11, 1.24245102054e-11, 4.46228514209e-12, 4.16004687295e-12, 1.71617527047e-12, 8.49890849971e-13, 4.88749340478e-13, 1.14908874516e-12, 6.15695482879e-13, 7.21169651774e-13, 7.19192012801e-13, 9.73073943471e-13, 3.7836141826e-14], "mean": [0.00275954673998, 0.00392794888467, 0.00180523237213, 0.000774534186348, 0.000553756370209, 0.00130334496498, 0.000560901185963, 0.000318603328196, 0.000147835409734, 0.000190388367628, 7.24845813238e-05, 0.000126472150441, 0.000111172754259, 8.95568591659e-05, 0.000172508705873, 6.64994659019e-05, 4.56355701317e-05, 4.41728443548e-05, 4.64057375211e-05, 3.73803377443e-05, 5.70399024582e-05, 3.77174583264e-05, 4.68219186587e-05, 2.04930365726e-05, 8.45365866553e-06, 4.24892095907e-06, 4.83614121549e-06, 6.24803760729e-06, 5.02868488184e-06, 2.60276578956e-06, 1.4789548004e-06, 9.52791765485e-07, 7.45387467305e-07, 5.93363608914e-07, 5.91764035107e-07, 4.74239016057e-07, 5.58208796519e-07, 5.81310587222e-07, 4.86368548991e-07, 8.65672831196e-08], "min": [6.12168289796e-25, 4.88640807166e-25, 1.03370597526e-24, 1.40208774774e-24, 1.30295840171e-24, 1.37204654397e-24, 1.25951819824e-24, 1.64513510239e-24, 1.97015999484e-24, 1.38477363138e-24, 2.26743926874e-24, 1.87951987683e-24, 1.80795007677e-24, 1.42232173414e-24, 2.48168757971e-24, 2.59275801188e-24, 1.78622110035e-24, 1.88394893638e-24, 3.49679122875e-24, 3.07408839573e-24, 2.81741908958e-24, 2.92177296278e-24, 3.84989996386e-24, 3.36715929392e-24, 4.28869319276e-24, 3.21427075352e-24, 4.08260762001e-24, 4.55106083566e-24, 4.07462789752e-24, 4.543912967e-24, 4.64714448835e-24, 4.7998719039e-24, 4.97588254907e-24, 4.80780232258e-24, 5.45672955841e-24, 5.80989745808e-24, 5.91670646363e-24, 6.33863187424e-24, 5.37213605924e-24, 6.36829777744e-24], "median": [0.00213514175266, 0.00347333867103, 0.00147228350397, 0.000486705976073, 0.000298897182802, 0.00059807515936, 0.000281255750451, 0.000126057566376, 8.49245043355e-05, 8.96865385585e-05, 2.64308328042e-05, 3.14619028359e-05, 3.76489042537e-05, 4.45102559752e-05, 7.70326078054e-05, 3.15706565743e-05, 1.92716179299e-05, 8.2694550656e-06, 1.9347300622e-05, 1.68004753505e-05, 3.29960312229e-05, 2.49729037023e-05, 3.00164174405e-05, 1.18715697681e-05, 5.18746446687e-06, 2.96791404253e-06, 3.17078070111e-06, 4.1925163714e-06, 2.54861265603e-06, 1.45695548781e-06, 5.64192703223e-07, 3.42322579172e-07, 2.55048178133e-07, 1.82755854894e-07, 1.60249754799e-07, 1.37352941465e-07, 1.02383687306e-07, 1.18616895861e-07, 9.74190257352e-08, 1.29147768035e-08], "dvar2": [6.78985861668e-06, 6.55276653561e-06, 3.17539843309e-06, 6.72268413382e-07, 5.22588265994e-07, 2.12809140976e-06, 5.45174373201e-07, 2.15826602812e-07, 4.27221742427e-08, 1.02146948677e-07, 3.02455198664e-08, 6.0070377117e-08, 3.71264015087e-08, 1.36950069063e-08, 3.0759892411e-08, 1.44427296789e-08, 1.15152589686e-08, 1.05624424762e-08, 7.00149138666e-09, 4.20704981963e-09, 4.97439955893e-09, 1.66668745472e-09, 3.49929707433e-09, 5.79893966179e-10, 1.15316756144e-10, 2.64102489878e-11, 3.00348981797e-11, 3.72856849562e-11, 3.21539357639e-11, 1.06973102251e-11, 1.03014255112e-11, 3.89542044454e-12, 1.9144291187e-12, 1.12819465142e-12, 2.65721754496e-12, 1.37374877099e-12, 1.41356154212e-12, 1.53191240075e-12, 2.23436612094e-12, 8.85802864978e-14], "var": [5.90904392084e-06, 6.50115998724e-06, 2.01374950848e-06, 8.476322364e-07, 6.82468225932e-07, 3.03909928334e-06, 5.18481044764e-07, 2.39990669115e-07, 4.2946609824e-08, 1.15574522397e-07, 2.80164780264e-08, 1.1717818893e-07, 5.73879574972e-08, 2.28348326914e-08, 6.86529162408e-08, 1.28955877088e-08, 1.12322728896e-08, 1.43967122668e-08, 7.98507571176e-09, 4.33572866498e-09, 5.07105024639e-09, 1.69503311387e-09, 2.52784482235e-09, 7.32583493868e-10, 1.16398640726e-10, 2.01576394465e-11, 3.01362095001e-11, 4.23399648675e-11, 4.79108107354e-11, 1.33966856705e-11, 1.12832807334e-11, 4.54833046226e-12, 2.12404703201e-12, 1.35053806246e-12, 2.91643120244e-12, 1.5085294125e-12, 2.095098834e-12, 1.97196686064e-12, 2.15269620706e-12, 7.12902772839e-14], "dmean2": [0.00140780000947, 0.00177380000241, 0.0012958496809, 0.000541047484148, 0.000397561234422, 0.000932124326937, 0.000414976268075, 0.000261850684183, 0.000107820014819, 0.000145611324115, 6.42848171992e-05, 8.8333588792e-05, 7.92682330939e-05, 6.11754148849e-05, 0.000103655482235, 5.4769043345e-05, 3.80683159165e-05, 3.38432910212e-05, 3.98649062845e-05, 2.9590271879e-05, 4.68909020128e-05, 2.95705831377e-05, 4.13270499848e-05, 1.47737182488e-05, 6.81977417116e-06, 3.32314584739e-06, 3.65194114238e-06, 4.5157439672e-06, 3.192792974e-06, 1.83253371233e-06, 1.13239036637e-06, 7.47789840716e-07, 5.72734734305e-07, 4.49736688779e-07, 4.61660221163e-07, 3.52403787929e-07, 4.35947157484e-07, 4.45488382184e-07, 3.84792713248e-07, 8.35981310843e-08], "max": [0.0307584069669, 0.0255376398563, 0.0158253721893, 0.0185807868838, 0.0112953428179, 0.0170699469745, 0.00883950199932, 0.00637961784378, 0.00576709909365, 0.00580067327246, 0.00349255604669, 0.00585249904543, 0.00731805805117, 0.00288891000673, 0.00512458663434, 0.00281811598688, 0.00345276342705, 0.0022130869329, 0.00214094249532, 0.00182662135921, 0.000713961198926, 0.000917802855838, 0.000632507610135, 0.000591779069509, 0.000298293598462, 8.09477060102e-05, 0.000106255356513, 7.86448072176e-05, 9.37144723139e-05, 6.7258697527e-05, 8.23841328383e-05, 6.01604406256e-05, 3.15193246934e-05, 2.12623017433e-05, 4.44125180366e-05, 3.16345940519e-05, 5.06674768985e-05, 2.8697975722e-05, 6.36424010736e-05, 6.93839911037e-06], "dmean": [0.000871696858667, 0.00108711211942, 0.000761896604672, 0.000336861703545, 0.000258795160335, 0.0005936215166, 0.000271003344096, 0.000175028326339, 7.08927182131e-05, 9.51576221269e-05, 4.22226439696e-05, 5.90059971728e-05, 5.24063507328e-05, 4.01099277951e-05, 7.23102784832e-05, 3.53129908035e-05, 2.49352306128e-05, 2.2310510758e-05, 2.5608786018e-05, 1.93714931811e-05, 2.97022252198e-05, 1.87157420442e-05, 2.55263494182e-05, 9.41796224652e-06, 4.23153915108e-06, 2.07950688491e-06, 2.29487841352e-06, 2.85112696474e-06, 2.01101420316e-06, 1.17331103411e-06, 7.2498477266e-07, 4.85305747588e-07, 3.74086397414e-07, 2.94814753943e-07, 3.02585107192e-07, 2.33271038041e-07, 2.84758726821e-07, 2.94339969287e-07, 2.51526444117e-07, 5.34769739602e-08]}, "spectral_decrease": {"dvar": 6.04906180458e-18, "mean": -1.05252349059e-08, "min": -3.6744189913e-08, "median": -1.04024548975e-08, "dvar2": 1.35427060407e-17, "var": 2.02041031829e-17, "dmean2": 3.10263503778e-09, "max": 1.75326984339e-28, "dmean": 2.01427785562e-09}, "spectral_rolloff": {"dvar": 139763.03125, "mean": 1051.99206543, "min": 64.599609375, "median": 645.99609375, "dvar2": 318336.40625, "var": 3345171.25, "dmean2": 393.380645752, "max": 19616.7480469, "dmean": 233.348709106}, "melbands_crest": {"dvar": 4.05343389511, "mean": 14.1977596283, "min": 1.03173410892, "median": 13.8264293671, "dvar2": 10.4388160706, "var": 17.159034729, "dmean2": 3.47393608093, "max": 31.4259853363, "dmean": 2.14604783058}, "barkbands_skewness": {"dvar": 0.18482889235, "mean": 1.65292775631, "min": -2.20222258568, "median": 1.59931623936, "dvar2": 0.400008559227, "var": 1.11889004707, "dmean2": 0.502775669098, "max": 41.429233551, "dmean": 0.332601130009}, "spectral_centroid": {"dvar": 33854.375, "mean": 1155.62097168, "min": 93.6099319458, "median": 1040.9329834, "dvar2": 75254.40625, "var": 1115305, "dmean2": 254.495010376, "max": 11729.9570313, "dmean": 167.468292236}, "spectral_energyband_middle_low": {"dvar": 3.80959027098e-05, "mean": 0.0166828315705, "min": 1.25292732849e-22, "median": 0.0143193723634, "dvar2": 9.56369258347e-05, "var": 0.000125447128084, "dmean2": 0.00820882339031, "max": 0.100139208138, "dmean": 0.00522050214931}, "erbbands_crest": {"dvar": 4.03773403168, "mean": 9.02826309204, "min": 2.4660077095, "median": 8.10962104797, "dvar2": 10.5542421341, "var": 14.6424465179, "dmean2": 3.47096920013, "max": 29.2431297302, "dmean": 2.15398836136}, "dynamic_complexity": 2.1090502739, "spectral_energyband_low": {"dvar": 5.79523002671e-05, "mean": 0.0189932528883, "min": 1.06242082776e-23, "median": 0.0171159561723, "dvar2": 0.000136020375066, "var": 0.000140456992085, "dmean2": 0.00775607768446, "max": 0.12795612216, "dmean": 0.00485915178433}, "silence_rate_60dB": {"dvar": 0.00151463050861, "mean": 0.0273020286113, "min": 0, "median": 0, "dvar2": 0.00340411462821, "var": 0.0265551134944, "dmean2": 0.00303394231014, "max": 1, "dmean": 0.00151687522884}, "erbbands_kurtosis": {"dvar": 2.45502710342, "mean": 0.584641575813, "min": -1.81507015228, "median": -0.64214849472, "dvar2": 6.49467563629, "var": 45.8093719482, "dmean2": 1.07512712479, "max": 127.354850769, "dmean": 0.681171238422}, "spectral_complexity": {"dvar": 8.06329250336, "mean": 20.1567344666, "min": 0, "median": 20, "dvar2": 15.4059820175, "var": 61.3285827637, "dmean2": 4.27128505707, "max": 53, "dmean": 2.84970283508}, "barkbands_crest": {"dvar": 3.32852578163, "mean": 9.91933917999, "min": 3.12577581406, "median": 9.44930171967, "dvar2": 8.52863883972, "var": 11.5929737091, "dmean2": 2.93465971947, "max": 26.3360729218, "dmean": 1.80302655697}, "spectral_energy": {"dvar": 9.10427115741e-05, "mean": 0.0416041687131, "min": 9.91526940762e-21, "median": 0.0411957241595, "dvar2": 0.000201991584618, "var": 0.000312507909257, "dmean2": 0.0120512377471, "max": 0.141660571098, "dmean": 0.00785822607577}, "spectral_spread": {"dvar": 256739262464, "mean": 3370920.75, "min": 108201.648438, "median": 2852938.5, "dvar2": 490667835392, "var": 13838344781800.0, "dmean2": 434108.9375, "max": 42658864, "dmean": 285698.3125}, "spectral_contrast_valleys": {"dvar": [0.0970620214939, 0.0881634876132, 0.075633443892, 0.0624950043857, 0.0491380393505, 0.130480974913], "mean": [-6.95649671555, -6.89677715302, -7.76692676544, -8.06895160675, -7.86758041382, -11.6241159439], "min": [-28.3274917603, -28.0431156158, -28.1713466644, -27.6638393402, -27.6077156067, -27.4482784271], "median": [-6.67082643509, -6.5467839241, -7.43034172058, -7.72727775574, -7.4768409729, -11.2622566223], "dvar2": [0.246401131153, 0.204889878631, 0.174563348293, 0.125269472599, 0.0790988057852, 0.237757235765], "var": [4.52100372314, 5.23684358597, 5.01570224762, 5.04730319977, 5.12938833237, 4.3756146431], "dmean2": [0.608755946159, 0.548712432384, 0.514237880707, 0.430995315313, 0.321904361248, 0.434382170439], "max": [-5.29195976257, -4.73188686371, -5.33246326447, -5.89886522293, -5.93355464935, -8.50363063812], "dmean": [0.363068342209, 0.339397996664, 0.324978232384, 0.28817102313, 0.235979691148, 0.342983275652]}, "spectral_rms": {"dvar": 4.56756453104e-07, "mean": 0.00616296287626, "min": 3.11021434302e-12, "median": 0.00633963337168, "dvar2": 9.57486690822e-07, "var": 2.60722049461e-06, "dmean2": 0.000894654775038, "max": 0.0117560802028, "dmean": 0.000590517185628}, "barkbands_spread": {"dvar": 10.3967342377, "mean": 17.6860752106, "min": 0.111592762172, "median": 17.0949783325, "dvar2": 23.6261310577, "var": 74.0265655518, "dmean2": 4.8237156868, "max": 70.1654586792, "dmean": 3.17525792122}, "pitch_salience": {"dvar": 0.0022177125793, "mean": 0.489301025867, "min": 0.0847376361489, "median": 0.480038225651, "dvar2": 0.00565966172144, "var": 0.00756159052253, "dmean2": 0.0812514126301, "max": 0.995235681534, "dmean": 0.0494889877737}, "erbbands_skewness": {"dvar": 0.0727335736156, "mean": 0.15403996408, "min": -2.92310523987, "median": 0.0132297296077, "dvar2": 0.170524433255, "var": 0.747670829296, "dmean2": 0.462101995945, "max": 8.83219909668, "dmean": 0.301705598831}, "spectral_energyband_middle_high": {"dvar": 5.09148185301e-06, "mean": 0.00667639262974, "min": 1.17254073617e-21, "median": 0.00486050872132, "dvar2": 9.03807358554e-06, "var": 3.74738483515e-05, "dmean2": 0.00231975200586, "max": 0.0568521916866, "dmean": 0.00166592304595}, "erbbands": {"dvar": [0.0250258017331, 2.5311589241, 11.2868013382, 30.038225174, 91.4754180908, 89.1630859375, 185.473358154, 2112.26000977, 862.694458008, 1048.32067871, 275.619476318, 1018.86804199, 552.960510254, 1816.85668945, 1005.48480225, 1067.89660645, 1009.48101807, 1367.48596191, 1374.85351563, 1071.81213379, 1283.1574707, 786.928527832, 459.978057861, 60.0990905762, 16.947763443, 23.331111908, 18.779001236, 10.9212026596, 3.81069040298, 1.64584624767, 2.04654955864, 1.45418202877, 1.24808371067, 0.207254394889, 0.000155782690854, 2.36109912066e-07, 2.02535654914e-09, 5.27817199669e-11, 2.28264837587e-11, 1.13417643333e-10], "mean": [0.253104448318, 2.7898452282, 7.2673740387, 8.67181491852, 13.3997926712, 9.44567775726, 16.7841758728, 63.5718193054, 33.643283844, 33.3549690247, 17.3087749481, 28.7732105255, 16.0944366455, 33.7583351135, 29.65807724, 47.5790138245, 41.0385055542, 27.3280620575, 28.537607193, 29.6009674072, 47.805809021, 43.1013450623, 34.2687950134, 11.7660131454, 6.33965349197, 8.74353885651, 6.92128658295, 3.09545874596, 1.6656216383, 1.16299760342, 0.970583021641, 0.879223704338, 0.809353768826, 0.230396360159, 0.00654365727678, 0.000312632968416, 4.6729681344e-05, 9.81111043075e-06, 2.21134541789e-05, 4.78168585687e-05], "min": [7.04508134843e-23, 4.81464605381e-22, 7.12855305584e-22, 4.68807197104e-21, 1.10430009259e-20, 1.87395344393e-20, 2.29132664748e-20, 6.75667813833e-20, 9.45083770516e-20, 1.72072721812e-19, 2.61086377161e-19, 2.82504125322e-19, 4.44776204442e-19, 5.25795443514e-19, 1.0391720109e-18, 6.082817908e-19, 1.45403917385e-18, 1.2122118878e-18, 1.68287972429e-18, 2.98689790673e-18, 3.07594514044e-18, 3.78140653945e-18, 4.81383134149e-18, 5.93508458798e-18, 6.25261647767e-18, 8.21162625443e-18, 7.04414353787e-18, 9.18760259711e-18, 9.71637118624e-18, 1.08131986164e-17, 1.04103393242e-17, 1.01492505172e-17, 1.03265591631e-17, 8.05339818377e-18, 6.742482349e-18, 4.03686100571e-18, 2.15853132397e-18, 9.14294518379e-19, 2.42985106269e-19, 2.6645965841e-20], "median": [0.157934919, 2.28850245476, 6.47828578949, 7.01756095886, 8.14493274689, 4.18081235886, 9.46540260315, 27.9633464813, 17.5608310699, 12.4891338348, 10.6949796677, 14.3393039703, 6.41469097137, 8.94493579865, 11.7332744598, 25.4728794098, 24.0118656158, 12.9194545746, 8.33735752106, 13.1053066254, 29.1294460297, 29.1218967438, 22.0423526764, 7.6388926506, 4.51815080643, 5.99842453003, 3.92911624908, 1.48833298683, 0.626514315605, 0.372480779886, 0.282449394464, 0.189946755767, 0.169772550464, 0.0430116541684, 0.00121881009545, 8.82200547494e-05, 2.5516937967e-05, 5.96486324866e-06, 2.17698470806e-05, 4.73860782222e-05], "dvar2": [0.0573331825435, 6.1098484993, 30.8985214233, 89.4170303345, 247.23374939, 215.986816406, 410.983978271, 5535.12109375, 2171.30249023, 2419.92993164, 590.741882324, 2274.42211914, 1171.06115723, 3905.625, 2005.95385742, 2205.1315918, 2380.46850586, 2962.77709961, 3069.54492188, 2369.22119141, 3028.28466797, 1915.10021973, 1124.42700195, 141.555755615, 41.1293983459, 55.683303833, 47.0240859985, 26.5220775604, 8.38128662109, 3.60496234894, 4.58887529373, 2.75271058083, 2.55777025223, 0.471168220043, 0.000343899504514, 5.10419738475e-07, 4.22242951714e-09, 1.05683364837e-10, 4.7696843003e-11, 2.47440345991e-10], "var": [0.0698365569115, 4.94448471069, 24.4397945404, 51.2484550476, 235.275009155, 285.072418213, 605.564453125, 7481.05957031, 1824.77832031, 2768.35522461, 572.249694824, 2589.3137207, 1136.18701172, 7875.83935547, 3105.26464844, 4726.01171875, 2727.21020508, 2953.90771484, 4335.95996094, 3077.97119141, 3218.7409668, 1863.29760742, 1421.64929199, 179.629165649, 41.7715873718, 76.8037338257, 78.9894332886, 30.9376773834, 11.3173999786, 4.95005607605, 5.73268032074, 4.81819868088, 3.88912844658, 0.458207637072, 0.000364311767044, 6.11447148913e-07, 6.08061023755e-09, 1.90548396506e-10, 9.12181233326e-11, 4.05565470096e-10], "dmean2": [0.126754924655, 1.45570290089, 3.71216917038, 6.81361103058, 10.1430950165, 7.28116083145, 11.5989370346, 46.813747406, 25.2546463013, 27.0246391296, 12.1005134583, 21.6454868317, 12.9296312332, 22.8797168732, 20.0646724701, 28.1867351532, 25.0014381409, 20.3903427124, 20.1355953217, 21.6096038818, 37.0790328979, 32.7176094055, 24.0038051605, 7.8084192276, 4.05489969254, 5.53624296188, 3.97504615784, 2.03533053398, 1.15617394447, 0.806630134583, 0.674973547459, 0.608881950378, 0.561526238918, 0.182143583894, 0.00508649228141, 0.00020695112471, 2.31903886743e-05, 4.67233894597e-06, 5.95136043557e-06, 1.34409519887e-05], "max": [2.8603041172, 27.0799617767, 57.6844482422, 84.5488052368, 210.597213745, 380.793914795, 329.660583496, 830.176574707, 559.748168945, 657.664001465, 836.93963623, 909.364318848, 709.233215332, 1530.83789063, 1978.6517334, 2195.83105469, 1609.3425293, 1707.35229492, 1183.1887207, 1180.58947754, 633.453125, 731.090454102, 469.918121338, 326.976989746, 143.457992554, 101.143165588, 128.271209717, 156.764083862, 70.6286773682, 35.3510398865, 49.6617279053, 65.203125, 39.7764587402, 24.9471759796, 0.585787296295, 0.024869158864, 0.0023474926129, 0.000363850791473, 9.15737473406e-05, 0.000156218840857], "dmean": [0.0808644592762, 0.879942119122, 2.27383041382, 3.96302747726, 6.2055811882, 4.58767414093, 7.62279319763, 29.5940990448, 16.3553695679, 17.9090080261, 8.07672977448, 14.0999498367, 8.54495620728, 15.3313131332, 13.2786083221, 19.2056999207, 16.8078861237, 13.4088363647, 13.3581209183, 14.2870149612, 23.7017211914, 20.8667850494, 15.3451805115, 4.97513532639, 2.62427306175, 3.55912518501, 2.54107761383, 1.32756173611, 0.766421854496, 0.539667904377, 0.451954931021, 0.406955480576, 0.377290159464, 0.120323687792, 0.00337894516997, 0.000139816111187, 1.57991144079e-05, 3.18536467603e-06, 3.99004284191e-06, 8.8241577032e-06]}, "dissonance": {"dvar": 0.000290219817543, "mean": 0.457184374332, "min": 0.0804315954447, "median": 0.463525027037, "dvar2": 0.000831935321912, "var": 0.000972905079834, "dmean2": 0.0300001259893, "max": 0.499999970198, "dmean": 0.0178811848164}, "erbbands_flatness_db": {"dvar": 0.000138108691317, "mean": 0.210706993937, "min": 0.0817298665643, "median": 0.207086429, "dvar2": 0.00029023992829, "var": 0.00226585217752, "dmean2": 0.0176521986723, "max": 0.559349894524, "dmean": 0.0121616329998}, "melbands_kurtosis": {"dvar": 79.9744415283, "mean": 12.1123991013, "min": -1.68696784973, "median": 8.58766746521, "dvar2": 149.045227051, "var": 275.157409668, "dmean2": 6.09842252731, "max": 984.670166016, "dmean": 4.05271911621}, "melbands_spread": {"dvar": 19.5481185913, "mean": 18.1375827789, "min": 0.235342368484, "median": 15.1107034683, "dvar2": 47.1908607483, "var": 223.913894653, "dmean2": 5.5303902626, "max": 159.781677246, "dmean": 3.60707616806}, "melbands_skewness": {"dvar": 0.26663261652, "mean": 2.70615410805, "min": -0.590048789978, "median": 2.52418780327, "dvar2": 0.559875786304, "var": 1.64618253708, "dmean2": 0.704197943211, "max": 21.1104698181, "dmean": 0.46290242672}, "spectral_entropy": {"dvar": 0.013140196912, "mean": 7.17566204071, "min": 3.52656579018, "median": 7.24659442902, "dvar2": 0.0242756679654, "var": 0.422808945179, "dmean2": 0.162695944309, "max": 9.8239068985, "dmean": 0.116612568498}, "zerocrossingrate": {"dvar": 2.95670688502e-05, "mean": 0.0410541370511, "min": 0.00244140625, "median": 0.03515625, "dvar2": 3.98676165787e-05, "var": 0.0022980470676, "dmean2": 0.00613661622629, "max": 0.5224609375, "dmean": 0.00489528011531}, "average_loudness": 0.968573868275, "spectral_contrast_coeffs": {"dvar": [0.00149784423411, 0.00151783367619, 0.00098407943733, 0.000641600519884, 0.00034373337985, 0.000318101549055], "mean": [-0.636869728565, -0.673089921474, -0.745282769203, -0.726511836052, -0.754560112953, -0.712145328522], "min": [-0.979750990868, -0.994925200939, -0.997609853745, -0.987653672695, -0.988196194172, -0.964441657066], "median": [-0.635052859783, -0.673439323902, -0.74849396944, -0.72542566061, -0.754288136959, -0.715297937393], "dvar2": [0.0041938489303, 0.00404314789921, 0.00244758487679, 0.0015828985488, 0.000871336553246, 0.000783395196777], "var": [0.00548384943977, 0.007114934735, 0.00531576853245, 0.00421667285264, 0.00216868566349, 0.00369929010049], "dmean2": [0.0774898827076, 0.0769047141075, 0.0620541460812, 0.0504588261247, 0.037600595504, 0.0314478762448], "max": [-0.361048966646, -0.379256486893, -0.490317821503, -0.48838609457, -0.548632323742, -0.50632840395], "dmean": [0.0459356047213, 0.0470640659332, 0.0389009267092, 0.0321707352996, 0.0232860296965, 0.0202480629086]}, "barkbands_flatness_db": {"dvar": 0.000274976307992, "mean": 0.216031461954, "min": 0.0561961755157, "median": 0.202576428652, "dvar2": 0.000672623398714, "var": 0.00621119141579, "dmean2": 0.0308090317994, "max": 0.835745930672, "dmean": 0.0193650443107}, "silence_rate_30dB": {"dvar": 0.000378970900783, "mean": 0.999810397625, "min": 0, "median": 1, "dvar2": 0.00113673647866, "var": 0.000189538710401, "dmean2": 0.000758485577535, "max": 1, "dmean": 0.000379218807211}, "spectral_energyband_high": {"dvar": 3.83214171507e-08, "mean": 0.000365482032066, "min": 6.79111647835e-21, "median": 0.000210116937524, "dvar2": 7.80606583817e-08, "var": 2.08753974107e-07, "dmean2": 0.00017053821648, "max": 0.00535612367094, "dmean": 0.000117935938761}, "melbands_flatness_db": {"dvar": 0.000342926679878, "mean": 0.260008573532, "min": 0.00110475800466, "median": 0.245347753167, "dvar2": 0.000650722940918, "var": 0.0106491753832, "dmean2": 0.024906558916, "max": 1, "dmean": 0.0182532090694}, "barkbands": {"dvar": [2.9115366118e-08, 4.18760901084e-05, 1.21437833513e-05, 6.86278417561e-06, 6.44765304969e-06, 1.46574930113e-05, 6.09475819147e-06, 7.71777479258e-07, 1.88189164874e-06, 5.13859731655e-07, 1.44779528455e-06, 7.26753796698e-07, 4.94628125125e-07, 5.93474226207e-07, 5.25162874965e-07, 4.14982679331e-07, 3.12285180826e-07, 1.0320418653e-07, 1.04773993925e-08, 1.10756825933e-08, 7.26657534145e-09, 2.37968977856e-09, 1.92421101275e-09, 3.56096707677e-09, 6.25536566989e-10, 3.35381806246e-18, 3.77299245826e-18], "mean": [9.50540706981e-05, 0.0112844202667, 0.00652506761253, 0.00298420991749, 0.0034462264739, 0.00592958461493, 0.00222252262756, 0.000632531766314, 0.00140675180592, 0.000375686300686, 0.00099075154867, 0.0012100408785, 0.00083666073624, 0.000499982270412, 0.000604385626502, 0.000779502675869, 0.00072847341653, 0.000467752019176, 0.000145356782014, 0.00019042128406, 0.000115613234811, 4.34515459347e-05, 3.30282346113e-05, 4.69838341814e-05, 9.69840857579e-06, 1.18846521513e-09, 1.25820653896e-09], "min": [4.23567030145e-26, 2.04957915812e-24, 3.40307691979e-25, 1.07485670717e-24, 7.11019739854e-24, 5.62652910724e-24, 4.02593190827e-24, 6.62510000665e-24, 7.88766951887e-24, 1.22347435462e-23, 9.46972454227e-24, 1.32825259555e-23, 2.39729101966e-23, 2.1188788137e-23, 4.65064490084e-23, 5.83748423948e-23, 4.32213766081e-23, 8.36794239524e-23, 1.20269986045e-22, 1.65959004762e-22, 2.56629200461e-22, 2.86604324515e-22, 3.83988357606e-22, 6.06024959765e-22, 8.49573659971e-22, 1.2709891635e-21, 1.84852692972e-21], "median": [4.98654299008e-05, 0.00937092397362, 0.0055269934237, 0.00198138691485, 0.00198583700694, 0.00298442086205, 0.000723070639651, 0.000255601829849, 0.000781383132562, 8.05035888334e-05, 0.000308168615447, 0.000637873949017, 0.00047334030387, 0.000175451481482, 0.000225435302127, 0.000443595869001, 0.000473893072922, 0.000265400856733, 9.84387370409e-05, 0.000128558793222, 6.14247182966e-05, 1.57286813192e-05, 9.98924679152e-06, 9.95729533315e-06, 1.56310795774e-06, 5.12287823273e-10, 5.42230205181e-10], "dvar2": [7.83118707659e-08, 9.94535148493e-05, 3.32389245159e-05, 2.14022202272e-05, 1.59677110787e-05, 3.65415799024e-05, 1.4856337657e-05, 1.68478459273e-06, 4.21815775553e-06, 1.16757951218e-06, 3.03543811242e-06, 1.57767374276e-06, 1.15570810522e-06, 1.25179110455e-06, 1.14978286092e-06, 9.53639698764e-07, 7.79679794505e-07, 2.55306247254e-07, 2.52333105522e-08, 2.67127120424e-08, 1.76070233948e-08, 5.16234033299e-09, 4.32206492817e-09, 6.55922338666e-09, 1.51543211313e-09, 1.02443423733e-17, 1.15214960041e-17], "var": [2.81655623269e-08, 8.18293410703e-05, 2.47345506068e-05, 1.00123988886e-05, 1.92859261006e-05, 5.6967834098e-05, 1.40485508382e-05, 1.4357596001e-06, 4.53000393463e-06, 1.28925114495e-06, 4.75642264064e-06, 2.92802565127e-06, 1.24824236991e-06, 1.44462103435e-06, 1.50888627104e-06, 1.00643262613e-06, 5.93856384512e-07, 3.41953011684e-07, 2.60399204421e-08, 3.91431527191e-08, 2.65439314973e-08, 7.22237514239e-09, 5.6117732683e-09, 1.26803021416e-08, 1.08135400634e-09, 2.93690869398e-18, 3.30584489566e-18], "dmean2": [0.000124974845676, 0.0057660206221, 0.00361547782086, 0.00312233855948, 0.00235744612291, 0.00400460511446, 0.00194672320504, 0.000591607764363, 0.00102296599653, 0.000324002874549, 0.00072805484524, 0.000752464809921, 0.000569998810533, 0.000399960001232, 0.000483744224766, 0.000623417494353, 0.000637811259367, 0.000338563258993, 0.000106640793092, 0.000117266099551, 7.24637575331e-05, 3.00540250464e-05, 2.24915365834e-05, 3.03646775137e-05, 9.23952575249e-06, 2.6858422153e-09, 2.85049628346e-09], "max": [0.00454562716186, 0.115001633763, 0.0587864555418, 0.036715593189, 0.067408375442, 0.0747442692518, 0.0408889278769, 0.0329878106713, 0.0292861461639, 0.0262847933918, 0.045057579875, 0.0483287386596, 0.0295872483402, 0.0284754671156, 0.020632987842, 0.0197914205492, 0.0106281898916, 0.00775770610198, 0.00341085088439, 0.00207810197026, 0.00259872968309, 0.00151742738672, 0.00142644904554, 0.00272765639238, 0.00165071443189, 1.88006268331e-08, 2.04181116459e-08], "dmean": [7.24089622963e-05, 0.00350974407047, 0.00223369756714, 0.00178036338184, 0.00148731400259, 0.00258544809185, 0.00126545212697, 0.000396079121856, 0.000670277513564, 0.000213293911656, 0.000479697919218, 0.000506778073031, 0.000374741532141, 0.000264510454144, 0.000315301731462, 0.000400491902838, 0.000397847121349, 0.0002131023939, 6.74430411891e-05, 7.53425920266e-05, 4.71570056106e-05, 1.99719470402e-05, 1.51230196934e-05, 2.06514305319e-05, 5.88226112086e-06, 1.4697346673e-09, 1.5599310732e-09]}, "erbbands_spread": {"dvar": 28.9524173737, "mean": 35.9537162781, "min": 1.01767373085, "median": 36.0820884705, "dvar2": 60.0428314209, "var": 181.370742798, "dmean2": 7.61690568924, "max": 154.010726929, "dmean": 5.04055452347}, "barkbands_kurtosis": {"dvar": 343.859283447, "mean": 4.58594894409, "min": -1.6278398037, "median": 2.35632228851, "dvar2": 883.271606445, "var": 609.967956543, "dmean2": 3.08768868446, "max": 2246.01635742, "dmean": 2.00320291519}, "spectral_flux": {"dvar": 0.000504342198838, "mean": 0.0758499205112, "min": 6.28167587391e-11, "median": 0.0680109485984, "dvar2": 0.00111867359374, "var": 0.0014953117352, "dmean2": 0.0297005008906, "max": 0.31117990613, "dmean": 0.0193812232465}, "silence_rate_20dB": {"dvar": 0, "mean": 1, "min": 1, "median": 1, "dvar2": 0, "var": 0, "dmean2": 0, "max": 1, "dmean": 0}, "gfcc": {"cov": [[22056.9257813, 891.861022949, -4235.06787109, 578.924804688, -1645.47521973, 558.208251953, -661.889953613, 184.6275177, 18.9518604279, -81.161277771, 359.786987305, -321.308929443, 233.92767334], [891.861022949, 1138.60583496, -168.926574707, -155.930923462, 312.965820313, -383.352874756, 248.964859009, -227.042068481, -14.1904392242, -74.1514282227, 3.33053970337, 20.6367511749, -50.4847450256], [-4235.06787109, -168.926574707, 1364.02978516, 22.8273525238, 256.857971191, -2.15777420998, -22.4266929626, 46.4312667847, -11.4468631744, -2.92448115349, -79.6466293335, 35.2378120422, -51.0566177368], [578.924804688, -155.930923462, 22.8273525238, 287.802368164, -73.8141555786, 58.1519088745, -75.8232803345, 35.5808868408, 40.3363227844, -7.70303297043, 1.61898994446, 5.20991516113, -12.3166351318], [-1645.47521973, 312.965820313, 256.857971191, -73.8141555786, 383.651611328, -151.275238037, 193.29675293, -115.47605896, -21.217792511, -11.5477304459, -40.895275116, 42.2883758545, -42.8726501465], [558.208251953, -383.352874756, -2.15777420998, 58.1519088745, -151.275238037, 342.953582764, -109.999023438, 114.589912415, -28.2720146179, 6.77463054657, 10.8222198486, -64.0434951782, 43.6239967346], [-661.889953613, 248.964859009, -22.4266929626, -75.8232803345, 193.29675293, -109.999023438, 238.631256104, -83.6327438354, 1.16123139858, -5.52679014206, -29.0951709747, 25.7498435974, -40.1180877686], [184.6275177, -227.042068481, 46.4312667847, 35.5808868408, -115.47605896, 114.589912415, -83.6327438354, 176.764389038, 30.7748603821, 5.84722852707, 3.78682279587, -42.805316925, 38.7610015869], [18.9518604279, -14.1904392242, -11.4468631744, 40.3363227844, -21.217792511, -28.2720146179, 1.16123139858, 30.7748603821, 91.2682647705, 34.6302566528, 8.2618894577, 10.3175640106, -14.6902456284], [-81.161277771, -74.1514282227, -2.92448115349, -7.70303297043, -11.5477304459, 6.77463054657, -5.52679014206, 5.84722852707, 34.6302566528, 83.9920578003, 30.4790802002, 10.629899025, -7.31991958618], [359.786987305, 3.33053970337, -79.6466293335, 1.61898994446, -40.895275116, 10.8222198486, -29.0951709747, 3.78682279587, 8.2618894577, 30.4790802002, 78.5498046875, 21.9188461304, 5.16388702393], [-321.308929443, 20.6367511749, 35.2378120422, 5.20991516113, 42.2883758545, -64.0434951782, 25.7498435974, -42.805316925, 10.3175640106, 10.629899025, 21.9188461304, 88.9447937012, -2.89125561714], [233.92767334, -50.4847450256, -51.0566177368, -12.3166351318, -42.8726501465, 43.6239967346, -40.1180877686, 38.7610015869, -14.6902456284, -7.31991958618, 5.16388702393, -2.89125561714, 79.62550354]], "mean": [-37.7375335693, 165.042770386, -144.738754272, 59.2456703186, -44.8539505005, 7.17482805252, -25.8022136688, -5.12393522263, -0.0291310250759, -18.5745811462, 12.9646110535, -15.9445638657, 5.86533403397], "icov": [[0.000862346147187, -0.00280246138573, 0.00221061916091, -0.00193183950614, 0.00224875984713, -0.00227442919277, 0.0019186217105, -0.0017075384967, 0.0018646576209, -0.00210892851464, 0.00167794770095, -0.00142481876537, 0.00105271488428], [-0.00280246138573, 0.0117197129875, -0.00703825382516, 0.00673609692603, -0.00836914684623, 0.00943955406547, -0.00708783278242, 0.00747895427048, -0.0074658934027, 0.00992888491601, -0.00848486460745, 0.00760748889297, -0.00433493079618], [0.00221061916091, -0.00703825382516, 0.00692299520597, -0.00487371301278, 0.00419866386801, -0.0059323576279, 0.00620741769671, -0.00551023939624, 0.0051997769624, -0.00565730640665, 0.00556818861514, -0.00472581619397, 0.00395549926907], [-0.00193183950614, 0.00673609692603, -0.00487371301278, 0.00903193932027, -0.00526212761179, 0.00433331727982, -0.00282685039565, 0.00442057335749, -0.00727787381038, 0.00716459797695, -0.00376121327281, 0.00231296382844, -0.000921345606912], [0.00224875984713, -0.00836914684623, 0.00419866386801, -0.00526212761179, 0.0132899545133, -0.00563535653055, 0.000570691714529, -0.00309470342472, 0.00643681827933, -0.00696568470448, 0.0056420667097, -0.004559696652, 0.00201831897721], [-0.00227442919277, 0.00943955406547, -0.0059323576279, 0.00433331727982, -0.00563535653055, 0.0127371493727, -0.005940947216, 0.00385745125823, -0.00265250145458, 0.00616258941591, -0.00730692688376, 0.00834258645773, -0.00449627963826], [0.0019186217105, -0.00708783278242, 0.00620741769671, -0.00282685039565, 0.000570691714529, -0.005940947216, 0.014205721207, -0.00439820112661, 0.00306275486946, -0.00539503758773, 0.00749270152301, -0.00587004330009, 0.00564297148958], [-0.0017075384967, 0.00747895427048, -0.00551023939624, 0.00442