{"tonal": {"hpcp": {"dvar": [0.0174790415913, 0.0141509016976, 0.0135383466259, 0.0227940715849, 0.0242966581136, 0.0167370308191, 0.022467456758, 0.0255676172674, 0.0374184735119, 0.0530933775008, 0.0521349981427, 0.0469335876405, 0.0391610339284, 0.0393832325935, 0.0332033745944, 0.0403856299818, 0.0352468267083, 0.0359916649759, 0.0408707000315, 0.0417323634028, 0.0236644800752, 0.0160297565162, 0.0160882771015, 0.0202105790377, 0.0260232705623, 0.0254223700613, 0.0148779610172, 0.0194014683366, 0.0181546211243, 0.0215160045773, 0.0359607227147, 0.0302715227008, 0.0194800384343, 0.0233326423913, 0.023664675653, 0.0157513190061], "var": [0.020702349022, 0.0143140312284, 0.0124648958445, 0.0424859523773, 0.0447361133993, 0.0193595401943, 0.0437478534877, 0.0393415726721, 0.0481143072248, 0.144575566053, 0.126627087593, 0.0530655421317, 0.0350813493133, 0.0319218225777, 0.0323866121471, 0.0722520947456, 0.0672776252031, 0.0478419698775, 0.112814776599, 0.0964714288712, 0.0201383568347, 0.0118398610502, 0.0135115766898, 0.0277579780668, 0.0649314448237, 0.0498020090163, 0.0169227644801, 0.026262704283, 0.0217118468136, 0.0279697794467, 0.103178523481, 0.0814546495676, 0.0261150896549, 0.0513964891434, 0.0475297123194, 0.0189004950225], "median": [0.00730888731778, 0.00742253707722, 0.0118446974084, 0.0208922121674, 0.0187453050166, 0.0146798910573, 0.00691175973043, 0.0112636918202, 0.0915853753686, 0.256935894489, 0.219366520643, 0.0439203195274, 0.00736703723669, 0.00412123743445, 0.00720429001376, 0.0171401482075, 0.0230826381594, 0.0415089167655, 0.0592131614685, 0.0386009849608, 0.0124558880925, 0.00367657816969, 0.00407260050997, 0.0062587140128, 0.00823195837438, 0.00621534930542, 0.00505331205204, 0.00407404080033, 0.00497039919719, 0.0313489548862, 0.0786657780409, 0.0704447776079, 0.0292212963104, 0.00400977255777, 0.004015638493, 0.0070752678439], "max": [1, 1, 1, 1, 1, 1, 1, 1, 1, 1, 1, 1, 1, 1, 1, 1, 1, 1, 1, 1, 1, 1, 1, 1, 1, 1, 1, 1, 1, 1, 1, 1, 1, 1, 1, 1], "dmean": [0.0523348152637, 0.0462414100766, 0.0460901968181, 0.071582570672, 0.0738046914339, 0.0580095611513, 0.0638511627913, 0.0775947496295, 0.13844782114, 0.179172351956, 0.178420364857, 0.144924193621, 0.100610554218, 0.0889866575599, 0.0887271016836, 0.103681340814, 0.102639719844, 0.111768774688, 0.123172417283, 0.119154788554, 0.0692013800144, 0.0418428368866, 0.0420165508986, 0.0584090314806, 0.0693487748504, 0.0641597732902, 0.0489123128355, 0.051953792572, 0.0528231412172, 0.0824692323804, 0.116962708533, 0.111933417618, 0.0755748152733, 0.0673254057765, 0.0637299567461, 0.0521073527634], "dmean2": [0.0909116119146, 0.0806329846382, 0.0804313272238, 0.120121501386, 0.121581308544, 0.0990955382586, 0.109345771372, 0.135329067707, 0.2391320467, 0.300362676382, 0.300652712584, 0.254312992096, 0.181028112769, 0.16169013083, 0.156971275806, 0.177788227797, 0.170271784067, 0.190797656775, 0.205599799752, 0.198127955198, 0.1224617064, 0.0753298029304, 0.0749531388283, 0.10025279969, 0.115517899394, 0.109000168741, 0.0836876928806, 0.0901267752051, 0.0925754234195, 0.142298385501, 0.196798607707, 0.185241296887, 0.129523009062, 0.114563509822, 0.109025202692, 0.089658819139], "mean": [0.0556574389338, 0.0470073632896, 0.049014955759, 0.106173761189, 0.108845226467, 0.0685072913766, 0.0871352180839, 0.0910544842482, 0.179589495063, 0.399326175451, 0.362210839987, 0.149088025093, 0.0807324200869, 0.0661798790097, 0.0813352167606, 0.141775801778, 0.144565716386, 0.138658538461, 0.240751162171, 0.209052324295, 0.0700916498899, 0.0330359749496, 0.0349264740944, 0.0684209764004, 0.116713151336, 0.0943445116282, 0.0527580603957, 0.0580205880105, 0.0533847287297, 0.103873461485, 0.243344798684, 0.213638231158, 0.0918373763561, 0.0999576970935, 0.0915670245886, 0.0563463456929], "dvar2": [0.0470487959683, 0.0380987636745, 0.0367568433285, 0.054451931268, 0.0546451434493, 0.0429091230035, 0.0558932311833, 0.0658924132586, 0.10157225281, 0.127278849483, 0.121986329556, 0.12700997293, 0.104913182557, 0.104442805052, 0.0899321511388, 0.101558066905, 0.082496330142, 0.0948052331805, 0.0940522402525, 0.101035349071, 0.0653391256928, 0.0443289987743, 0.0431491434574, 0.0546990372241, 0.0611627437174, 0.0624679028988, 0.0389035083354, 0.0484616048634, 0.0461566820741, 0.0579130426049, 0.0841385796666, 0.0717108622193, 0.0510591454804, 0.0566542707384, 0.0587672814727, 0.0411428697407], "min": [0, 0, 0, 0, 0, 0, 0, 0, 0, 0, 0, 0, 0, 0, 0, 0, 0, 0, 0, 0, 0, 0, 0, 0, 0, 0, 0, 0, 0, 0, 0, 0, 0, 0, 0, 0]}, "key_key": "C", "thpcp": [1, 0.907055079937, 0.373348981142, 0.202171623707, 0.165728881955, 0.203681156039, 0.355037599802, 0.362024128437, 0.347231268883, 0.602893531322, 0.523512721062, 0.175524801016, 0.0827293023467, 0.0874635204673, 0.171341076493, 0.292275220156, 0.236259266734, 0.132117718458, 0.145296230912, 0.133687019348, 0.26012185216, 0.609388530254, 0.534996807575, 0.22998085618, 0.250315904617, 0.229303836823, 0.141103565693, 0.139378383756, 0.117716707289, 0.12274415791, 0.265882283449, 0.272572219372, 0.171557232738, 0.218205630779, 0.228020325303, 0.449731349945], "chords_key": "C", "tuning_equal_tempered_deviation": 0.146894872189, "tuning_frequency": 435.952270508, "tuning_diatonic_strength": 0.604521453381, "chords_histogram": [54.5019454956, 3.41011071205, 2.63236618042, 3.76906967163, 0, 0.478612035513, 0, 0.239306017756, 0.209392756224, 5.41429853439, 0.837571024895, 0.14956626296, 0, 2.39306020737, 0, 0, 1.37600958347, 0.448698759079, 0.508525252342, 0, 0, 0.867484271526, 10.4397249222, 12.324259758], "key_strength": 0.751211464405, "key_scale": "minor", "chords_strength": {"dvar": 0.000625481596217, "var": 0.0658301413059, "median": 0.562911450863, "max": 0.781341075897, "dmean": 0.00973150413483, "dmean2": 0.00842606276274, "mean": 0.52046495676, "dvar2": 0.00113287044223, "min": -1}, "chords_number_rate": 0.00269219256006, "tuning_nontempered_energy_ratio": 0.847316324711, "hpcp_entropy": {"dvar": 0.261642277241, "var": 0.612313210964, "median": 1.7793918848, "max": 4.33553743362, "dmean": 0.531852662563, "dmean2": 0.891679048538, "mean": 1.74324131012, "dvar2": 0.673590481281, "min": 0}, "chords_changes_rate": 0.0412802882493, "chords_scale": "minor"}, "rhythm": {"bpm_histogram_first_peak_spread": {"dvar": 0, "var": 0, "median": 0.507874011993, "max": 0.507874011993, "dmean": 0, "dmean2": 0, "mean": 0.507874011993, "dvar2": 0, "min": 0.507874011993}, "bpm_histogram_first_peak_weight": {"dvar": 0, "var": 0, "median": 0.438596487045, "max": 0.438596487045, "dmean": 0, "dmean2": 0, "mean": 0.438596487045, "dvar2": 0, "min": 0.438596487045}, "bpm_histogram_first_peak_bpm": {"dvar": 0, "var": 0, "median": 110, "max": 110, "dmean": 0, "dmean2": 0, "mean": 110, "dvar2": 0, "min": 110}, "bpm": 110.175086975, "bpm_histogram_second_peak_weight": {"dvar": 0, "var": 0, "median": 0.0210526324809, "max": 0.0210526324809, "dmean": 0, "dmean2": 0, "mean": 0.0210526324809, "dvar2": 0, "min": 0.0210526324809}, "beats_loudness": {"dvar": 0.000252138008364, "var": 0.000619707454462, "median": 0.0370035208762, "max": 0.0937539711595, "dmean": 0.0174976997077, "dmean2": 0.0308992322534, "mean": 0.0373978540301, "dvar2": 0.000739366922062, "min": 0}, "beats_loudness_band_ratio": {"dvar": [0.0375238619745, 0.029090154916, 0.0139312520623, 0.0106725050136, 0.00228317431174, 0.013545752503], "var": [0.0727156177163, 0.0361270196736, 0.0168469194323, 0.0105032054707, 0.00251742498949, 0.0236441548914], "median": [0.503160774708, 0.212553948164, 0.0627777576447, 0.0500511750579, 0.0262505784631, 0.0164799578488], "max": [0.9824000597, 0.856011986732, 0.661101579666, 0.623629450798, 0.274371594191, 0.981372416019], "dmean": [0.244968697429, 0.190233841538, 0.0953488722444, 0.07541333884, 0.0426216870546, 0.0524900481105], "dmean2": [0.432377904654, 0.34183216095, 0.162725090981, 0.131732642651, 0.0771345794201, 0.0982339903712], "mean": [0.485352784395, 0.265182882547, 0.112894937396, 0.0839439332485, 0.0443201102316, 0.0530735105276], "dvar2": [0.109526462853, 0.0866333767772, 0.035483725369, 0.0300536323339, 0.00643605366349, 0.0345209985971], "min": [0, 0, 0, 0, 0, 0]}, "bpm_histogram_second_peak_bpm": {"dvar": 0, "var": 0, "median": 115, "max": 115, "dmean": 0, "dmean2": 0, "mean": 115, "dvar2": 0, "min": 115}, "onset_rate": 3.13831210136, "beats_count": 286, "beats_position": [0.510838985443, 1.04489791393, 1.57895684242, 2.11301589012, 2.6470746994, 3.1811337471, 3.7151927948, 4.2492518425, 4.78331041336, 5.31736946106, 5.85142850876, 6.40870714188, 6.9543762207, 7.50004529953, 8.04571437836, 8.59138298035, 9.14866161346, 9.69433116913, 10.2399997711, 10.7856683731, 11.3197278976, 11.8653964996, 12.4110651016, 12.9567346573, 13.5140132904, 14.0712919235, 14.6285715103, 15.1626300812, 15.7199087143, 16.2655773163, 16.8112468719, 17.3453063965, 17.8909740448, 18.4250335693, 18.970703125, 19.5279808044, 20.0852603912, 20.642539978, 21.1882076263, 21.7570972443, 22.2679367065, 22.7903842926, 23.3244438171, 23.8817234039, 24.4273910522, 24.9614505768, 25.5187301636, 26.076007843, 26.6100673676, 27.1557369232, 27.6897945404, 28.2354640961, 28.7927436829, 29.3500213623, 29.8840808868, 30.4413604736, 30.9870281219, 31.5326976776, 32.0783653259, 32.6356468201, 33.1813163757, 33.7385940552, 34.2726516724, 34.8067131042, 35.3523788452, 35.8980484009, 36.455329895, 36.9893875122, 37.5234451294, 38.0691146851, 38.6147842407, 39.1604537964, 39.7061233521, 40.251789093, 40.7974586487, 41.3315200806, 41.8771858215, 42.4228553772, 42.9569168091, 43.4909744263, 44.0250320435, 44.5707015991, 45.1163711548, 45.6736488342, 46.2193183899, 46.7649879456, 47.2990455627, 47.8331069946, 48.3903846741, 48.9360542297, 49.4817237854, 50.0273895264, 50.5846710205, 51.1419487, 51.6876182556, 52.2216758728, 52.7557373047, 53.3014030457, 53.8470726013, 54.4043540955, 54.9616317749, 55.4956893921, 56.0413589478, 56.5754165649, 57.1210861206, 57.6551475525, 58.2124252319, 58.7697029114, 59.3502044678, 59.8958702087, 60.4415397644, 60.9756011963, 61.5096588135, 62.0437164307, 62.5893859863, 63.1582756042, 63.7155532837, 64.2728347778, 64.8185043335, 65.3641738892, 65.8982315063, 66.4322891235, 66.9663467407, 67.5004043579, 68.0344696045, 68.5917434692, 69.1374130249, 69.6830825806, 70.2287521362, 70.7744216919, 71.3316955566, 71.8889770508, 72.4462585449, 72.9919281006, 73.5375976562, 74.0716552734, 74.6289291382, 75.1745986938, 75.7202682495, 76.2543258667, 76.7883911133, 77.3340606689, 77.8681182861, 78.4137878418, 78.9594573975, 79.4935150146, 80.0391845703, 80.584854126, 81.1305236816, 81.6761856079, 82.2218551636, 82.7559204102, 83.3015823364, 83.8472518921, 84.3929214478, 84.9502029419, 85.5190887451, 86.0647583008, 86.6104278564, 87.1444854736, 87.6785507202, 88.235824585, 88.7931060791, 89.3271636963, 89.872833252, 90.4185028076, 90.9641723633, 91.5098419189, 92.0555114746, 92.6011810303, 93.158454895, 93.7157363892, 94.2730178833, 94.8186798096, 95.3643493652, 95.8984146118, 96.432472229, 96.9897460938, 97.5354156494, 98.0810852051, 98.6383666992, 99.1840362549, 99.7297058105, 100.263763428, 100.809432983, 101.355102539, 101.889160156, 102.434829712, 102.980499268, 103.514556885, 104.048614502, 104.605895996, 105.163169861, 105.697235107, 106.231292725, 106.765350342, 107.322631836, 107.868293762, 108.413963318, 108.971244812, 109.528526306, 110.062583923, 110.608253479, 111.153923035, 111.711196899, 112.256866455, 112.802536011, 113.348205566, 113.893875122, 114.451156616, 114.996826172, 115.519271851, 116.076553345, 116.6222229, 117.167892456, 117.713554382, 118.247619629, 118.781677246, 119.327346802, 119.861404419, 120.407073975, 120.95274353, 121.510017395, 122.055686951, 122.601356506, 123.147026062, 123.715919495, 124.261581421, 124.807250977, 125.341316223, 125.886978149, 126.432647705, 126.978317261, 127.523986816, 128.069656372, 128.615325928, 129.172607422, 129.729888916, 130.263946533, 130.786392212, 131.332061768, 131.877731323, 132.423400879, 132.980682373, 133.51473999, 134.060409546, 134.606079102, 135.151748657, 135.697418213, 136.243087769, 136.788757324, 137.334411621, 137.880081177, 138.437362671, 138.971420288, 139.505477905, 140.062759399, 140.596817017, 141.154098511, 141.688156128, 142.233825684, 142.767883301, 143.313552856, 143.847610474, 144.358459473, 144.869293213, 145.380126953, 145.867752075, 146.366973877, 146.866210938, 147.27255249, 147.69052124, 148.108474731, 148.607711792, 149.106933594, 149.606170654, 150.128616333, 150.651062012, 151.17350769, 151.649520874, 152.125534058, 152.601531982, 153.077545166, 153.55355835, 154.029571533, 154.517181396], "danceability": 1.12627863884, "bpm_histogram_second_peak_spread": {"dvar": 0, "var": 0, "median": 0.399999976158, "max": 0.399999976158, "dmean": 0, "dmean2": 0, "mean": 0.399999976158, "dvar2": 0, "min": 0.399999976158}}, "lowlevel": {"spectral_flux": {"dvar": 0.000946472748183, "var": 0.00214019208215, "median": 0.0500212460756, "max": 0.356987714767, "dmean": 0.02231060341, "dmean2": 0.0348027385771, "mean": 0.0588034838438, "dvar2": 0.00208630668931, "min": 6.39181485518e-11}, "spectral_rolloff": {"dvar": 660031, "var": 11916036, "median": 775.1953125, "max": 19487.5488281, "dmean": 289.440246582, "dmean2": 499.628936768, "mean": 1588.7409668, "dvar2": 1563145.375, "min": 86.1328125}, "barkbands_flatness_db": {"dvar": 0.000778845162131, "var": 0.00564136030152, "median": 0.19403475523, "max": 0.501602768898, "dmean": 0.0227950774133, "dmean2": 0.0343003459275, "mean": 0.208926558495, "dvar2": 0.00175668089651, "min": 0.0495115108788}, "spectral_centroid": {"dvar": 92480.5546875, "var": 1830934.5, "median": 782.204589844, "max": 11724.2363281, "dmean": 174.751190186, "dmean2": 266.00604248, "mean": 1055.5456543, "dvar2": 189825.09375, "min": 120.473808289}, "melbands_skewness": {"dvar": 0.644233107567, "var": 3.79662418365, "median": 2.03714799881, "max": 14.1317396164, "dmean": 0.630092561245, "dmean2": 0.969847738743, "mean": 2.48681807518, "dvar2": 1.53429532051, "min": -1.4628033638}, "melbands": {"dvar": [8.80201355358e-07, 5.75404556002e-06, 1.85998612778e-06, 5.20276898897e-07, 1.01568059563e-06, 1.099015563e-07, 4.82724296091e-08, 1.88766193787e-08, 1.18375822922e-07, 9.78672503038e-08, 8.01478634571e-08, 3.55800189311e-08, 1.89920079663e-08, 2.26471463805e-08, 2.52304079851e-08, 4.39823377718e-09, 5.15672260448e-09, 3.42883454962e-09, 2.99586755403e-09, 2.31917662852e-09, 3.53492374261e-10, 7.46439077215e-10, 3.61805613247e-10, 1.53095341959e-10, 8.60352067367e-11, 7.75102759754e-11, 9.37889210739e-11, 1.08203272731e-11, 3.91019334967e-12, 2.4116693885e-12, 4.38194012325e-12, 1.10523361296e-11, 2.11825834651e-11, 2.92511813382e-11, 1.6180628018e-11, 2.55597279453e-11, 1.09681257132e-11, 3.38776814761e-12, 1.48536684254e-12, 8.7565171043e-13], "var": [1.18270543226e-06, 8.06324169389e-06, 2.10628240893e-06, 8.49215780363e-07, 1.48156277646e-06, 3.05341785634e-07, 1.24404479607e-07, 7.60069696071e-08, 6.63371679366e-07, 4.86896681196e-07, 2.94470112294e-07, 1.40979935281e-07, 1.29735894916e-07, 1.09917628777e-07, 1.2189094889e-07, 2.08156887282e-08, 2.62108859062e-08, 1.17914673581e-08, 9.90561321856e-09, 1.47951766394e-08, 1.16405540762e-09, 2.07386841033e-09, 1.04949926527e-09, 5.24049803552e-10, 2.10935144351e-10, 1.7552163889e-10, 3.1490030028e-10, 2.89755008182e-11, 1.0809026417e-11, 4.68128010314e-12, 6.3214130111e-12, 2.19043151672e-11, 3.5253036601e-11, 2.64306476011e-11, 3.00697348965e-11, 5.41119614395e-11, 2.18384824113e-11, 8.65073290779e-12, 2.85424418475e-12, 1.50716852193e-12], "median": [0.000188103789696, 0.000655699637718, 0.000549799995497, 0.00024851562921, 0.000291845703032, 0.000159864925081, 4.81605165987e-05, 3.68483160855e-05, 3.76885727746e-05, 1.65117089637e-05, 3.39957477991e-05, 2.62473768089e-05, 1.89861511899e-05, 1.48224453369e-05, 1.19988417282e-05, 3.97889289161e-06, 6.84721453581e-06, 4.61482932224e-06, 4.36037862528e-06, 4.09137192037e-06, 2.81121720036e-06, 2.87841567115e-06, 2.47248999585e-06, 1.73548573912e-06, 1.31081912969e-06, 7.65130380387e-07, 5.67666688767e-07, 4.34096193658e-07, 2.70246772516e-07, 1.82511371349e-07, 1.00822582283e-07, 5.5182958647e-08, 4.64498022268e-08, 3.62594931858e-08, 3.64020991128e-08, 4.41996519385e-08, 3.56992089223e-08, 2.66298449958e-08, 1.63527076324e-08, 1.05863886546e-08], "max": [0.0149943167344, 0.0348625071347, 0.0222058426589, 0.0129091460258, 0.0160230118781, 0.00601719692349, 0.00606426876038, 0.00358633813448, 0.0125413266942, 0.00997748412192, 0.00972062814981, 0.00541797792539, 0.00338687188923, 0.0076584094204, 0.009511038661, 0.00345670315437, 0.00239004637115, 0.00273036560975, 0.00237209326588, 0.00217233435251, 0.000636645883787, 0.000577794970013, 0.000511731195729, 0.000452490174212, 0.000165728735738, 0.000242059395532, 0.000386429950595, 9.4590439403e-05, 5.3209852922e-05, 4.31710905104e-05, 7.16474824003e-05, 0.000153334345669, 0.000120631630125, 0.000115211150842, 0.000185379685718, 0.000350571819581, 0.000146969119669, 7.16896392987e-05, 6.13243464613e-05, 6.16165561951e-05], "dmean": [0.000411927001551, 0.000984108657576, 0.000612034287769, 0.000316906283842, 0.000402281759307, 0.00017327759997, 8.32149671623e-05, 5.86434471188e-05, 0.000109749096737, 8.54876489029e-05, 8.31601864775e-05, 6.84606930008e-05, 5.21559013578e-05, 3.85315979656e-05, 3.64490369975e-05, 1.5921477825e-05, 2.2538644771e-05, 1.44750456457e-05, 1.3366582607e-05, 1.38041032187e-05, 6.77747266309e-06, 8.71073734743e-06, 7.52623918743e-06, 4.55146937384e-06, 3.7532549868e-06, 2.9695795547e-06, 2.78841821455e-06, 1.2864367136e-06, 7.98099904387e-07, 5.36277980245e-07, 5.58310375709e-07, 6.84655447003e-07, 9.91576371234e-07, 1.07563460006e-06, 8.31063061923e-07, 7.08902803126e-07, 4.72848824984e-07, 2.7532206559e-07, 1.82308241392e-07, 1.40972687745e-07], "dmean2": [0.000651235750411, 0.00161056558136, 0.0010362645844, 0.000511713093147, 0.000629298505373, 0.000267262657871, 0.000128049927298, 8.65153415361e-05, 0.000157472255523, 0.000118860654766, 0.000120341886941, 9.69948450802e-05, 7.4358555139e-05, 5.57729617867e-05, 5.10459540237e-05, 2.20084530156e-05, 3.12919146381e-05, 2.13777675526e-05, 1.87773694051e-05, 1.99948681257e-05, 1.02465974123e-05, 1.31799379233e-05, 1.14788890642e-05, 6.86339035383e-06, 5.79765674047e-06, 4.56752286482e-06, 4.26408905696e-06, 1.97467011276e-06, 1.19708317925e-06, 8.17268130504e-07, 8.66490438511e-07, 1.0271304518e-06, 1.52797110786e-06, 1.7603000515e-06, 1.28583690184e-06, 1.03570698684e-06, 6.91094498961e-07, 3.96955528004e-07, 2.64947573214e-07, 1.99382157007e-07], "mean": [0.00063639623113, 0.00171377824154, 0.00100226642098, 0.000567580515053, 0.000682579237036, 0.00037624684046, 0.000163938559126, 0.000141895900015, 0.000276982609648, 0.00022212114709, 0.000187700381503, 0.000163417353178, 0.000150545442011, 9.65382350842e-05, 8.15472667455e-05, 3.52645220119e-05, 5.29714488948e-05, 3.11653602694e-05, 2.90967236651e-05, 3.23382664646e-05, 1.31980968945e-05, 1.72057607415e-05, 1.513287134e-05, 1.0398566701e-05, 7.09039613866e-06, 5.70090469409e-06, 5.95438314122e-06, 2.51879328061e-06, 1.47493381064e-06, 8.80607274212e-07, 7.35806679586e-07, 8.47574256113e-07, 1.15835325687e-06, 1.07955531803e-06, 9.3993662631e-07, 8.7952054173e-07, 6.09023459219e-07, 4.14774319779e-07, 2.67621118155e-07, 1.87867868817e-07], "dvar2": [2.3367972517e-06, 1.54837889568e-05, 4.97400469612e-06, 1.27434418573e-06, 2.41188513428e-06, 2.58628830352e-07, 1.01474981307e-07, 4.20201757834e-08, 2.4576044666e-07, 1.82104955115e-07, 1.79331792083e-07, 7.67887939901e-08, 3.95045134383e-08, 4.58564741734e-08, 4.80353570254e-08, 7.37962047026e-09, 8.87529427729e-09, 7.31021021494e-09, 5.93773030744e-09, 4.57460469505e-09, 7.00684121835e-10, 1.68583713656e-09, 8.25090828993e-10, 3.59934831939e-10, 1.99517943833e-10, 1.87599921708e-10, 2.18261866913e-10, 2.40326820944e-11, 8.23565261127e-12, 5.45873589386e-12, 1.10507176326e-11, 2.26219858818e-11, 4.89196495812e-11, 7.87541559744e-11, 3.6636780415e-11, 5.19183480929e-11, 2.3708899427e-11, 5.49226549657e-12, 3.30346535717e-12, 2.14213174109e-12], "min": [9.68072945163e-25, 1.38582843702e-24, 1.69902534627e-24, 1.28919307474e-24, 1.66244862711e-24, 1.7072790007e-24, 1.20118390645e-24, 1.89441435958e-24, 1.73701570417e-24, 2.12200723884e-24, 2.73386629516e-24, 1.54835853401e-24, 2.45869918686e-24, 2.24555291457e-24, 1.57421670422e-24, 2.57554368642e-24, 2.23127295446e-24, 2.57629251263e-24, 2.79316930814e-24, 2.6183222328e-24, 3.57053236845e-24, 3.39777971882e-24, 4.36816185706e-24, 4.40026415717e-24, 5.02849207727e-24, 4.925784754e-24, 4.68559356887e-24, 3.98351840727e-24, 4.90838563787e-24, 4.57622037094e-24, 5.19610845356e-24, 3.98350420778e-24, 5.61108794389e-24, 6.90386609561e-24, 6.95798668688e-24, 6.39829381893e-24, 6.04484784579e-24, 6.44856161353e-24, 6.85034661636e-24, 5.80489884095e-24]}, "spectral_decrease": {"dvar": 1.03777608158e-17, "var": 2.82192566711e-17, "median": -4.13687040179e-09, "max": 5.99522773226e-16, "dmean": 1.87553350628e-09, "dmean2": 2.87726020787e-09, "mean": -5.74561864752e-09, "dvar2": 2.55293563089e-17, "min": -4.08997138379e-08}, "barkbands_kurtosis": {"dvar": 94.5553894043, "var": 335.98626709, "median": 2.89467525482, "max": 332.206817627, "dmean": 4.24214839935, "dmean2": 6.72275257111, "mean": 9.40957450867, "dvar2": 237.338806152, "min": -1.91771447659}, "silence_rate_30dB": {"dvar": 0.000598203856498, "var": 0.000299142149743, "median": 1, "max": 1, "dmean": 0.000598533602897, "dmean2": 0.00119724636897, "mean": 0.999700784683, "dvar2": 0.00179454998579, "min": 0}, "gfcc": {"mean": [-114.556900024, 130.820343018, -107.224662781, 21.8972892761, -45.2647514343, 5.36273288727, -31.491973877, 2.69458317757, -23.8646202087, -11.5820798874, -9.85354042053, -5.43035650253, -5.97321367264], "cov": [[45058.96875, 5093.95898438, -6799.56835938, 1081.58117676, -2099.47583008, 555.125793457, -1271.19287109, 821.61920166, -702.563232422, -65.4761505127, -66.5550918579, -249.091339111, 94.8299636841], [5093.95898438, 2781.53637695, -499.611206055, -179.9087677, 143.676330566, -247.367446899, 41.20652771, -21.3442993164, -61.3122138977, -86.4793777466, 42.3569984436, -140.113632202, -10.5706186295], [-6799.56835938, -499.611206055, 2270.44897461, 108.266029358, 205.338973999, 70.6283416748, 145.354431152, -196.277679443, 47.4567947388, -1.28578710556, -187.350402832, 79.9315032959, -127.950393677], [1081.58117676, -179.9087677, 108.266029358, 665.937438965, -46.6454620361, 89.1687698364, -39.5186729431, 46.5063591003, 95.5027770996, -41.4569168091, -93.0105285645, 52.3665847778, -29.2442531586], [-2099.47583008, 143.676330566, 205.338973999, -46.6454620361, 453.250946045, -80.2074279785, 120.236984253, -8.61601161957, 85.3619232178, 9.60318660736, 33.900138855, -25.5362377167, 11.7431411743], [555.125793457, -247.367446899, 70.6283416748, 89.1687698364, -80.2074279785, 286.792358398, 3.61760902405, 13.8424386978, 5.06854629517, 28.3044681549, -22.1176929474, 30.0109062195, -9.00504684448], [-1271.19287109, 41.20652771, 145.354431152, -39.5186729431, 120.236984253, 3.61760902405, 228.199905396, 9.94481945038, 43.2876930237, -15.0529680252, 35.368106842, -5.3415055275, -12.1100320816], [821.61920166, -21.3442993164, -196.277679443, 46.5063591003, -8.61601161957, 13.8424386978, 9.94481945038, 157.702728271, 47.9591064453, 10.760008812, -2.06810116768, -18.2916126251, 9.00651359558], [-702.563232422, -61.3122138977, 47.4567947388, 95.5027770996, 85.3619232178, 5.06854629517, 43.2876930237, 47.9591064453, 213.035476685, 22.794593811, -14.3758077621, 6.69530630112, -1.03639471531], [-65.4761505127, -86.4793777466, -1.28578710556, -41.4569168091, 9.60318660736, 28.3044681549, -15.0529680252, 10.760008812, 22.794593811, 114.527862549, 14.6794700623, -11.6837835312, 5.28834342957], [-66.5550918579, 42.3569984436, -187.350402832, -93.0105285645, 33.900138855, -22.1176929474, 35.368106842, -2.06810116768, -14.3758077621, 14.6794700623, 143.618331909, 14.9595241547, 19.3120384216], [-249.091339111, -140.113632202, 79.9315032959, 52.3665847778, -25.5362377167, 30.0109062195, -5.3415055275, -18.2916126251, 6.69530630112, -11.6837835312, 14.9595241547, 143.555862427, 14.7431402206], [94.8299636841, -10.5706186295, -127.950393677, -29.2442531586, 11.7431411743, -9.00504684448, -12.1100320816, 9.00651359558, -1.03639471531, 5.28834342957, 19.3120384216, 14.7431402206, 108.724281311]], "icov": [[0.000226640113397, -0.000447765167337, 0.000523771799635, -0.000417136761826, 0.000510233978275, -0.000586078502238, 0.000521613808814, -0.000604576780461, 0.0005937795504, -0.000318705453537, 0.000377029151423, -0.000145298996358, 0.000241406771238], [-0.000447765167337, 0.00132355070673, -0.000913075753488, 0.000865329871885, -0.00114394328557, 0.00140238727909, -0.00111488124821, 0.0013526865514, -0.00109372253064, 0.000898388912901, -0.000664439110551, 0.000569329131395, -0.000332390365656], [0.000523771799635, -0.000913075753488, 0.0019777212292, -0.000960434437729, 0.000810932659078, -0.00139142153785, 0.000667242100462, -0.000484931253595, 0.00141303462442, -0.000992323621176, 0.00205437000841, -0.000823495909572, 0.0012436612742], [-0.000417136761826, 0.000865329871885, -0.000960434437729, 0.00279825832695, -0.00093724502949, 0.000574647739995, -0.000490656471811, 0.000654225470498, -0.00199090992101, 0.00155286933295, 0.000230059027672, -0.00039460932021, 2.84694215225e-05], [0.000510233978275, -0.00114394328557, 0.000810932659078, -0.00093724502949, 0.00434452062473, -0.000555497710593, 2.21399168367e-05, -0.00118877273053, 0.000226882984862, -0.00101641134825, 1.89906349988e-05, 0.000329392438289, -0.000264762202278], [-0.000586078502238, 0.00140238727909, -0.00139142153785, 0.000574647739995, -0.000555497710593, 0.00584387406707, -0.00214511319064, 0.0013469834812, -0.0012310805032, -0.000573966943193, -0.000525685842149, -0.00019429641543, -0.000505969743244], [0.000521613808814, -0.00111488124821, 0.000667242100462, -0.000490656471811, 2.21399168367e-05, -0.00214511319064, 0.00737168872729, -0.00241398671642, 0.000357514218194, 0.00106877402868, -0.00129736051895, 0.000136609596666, 0.00109424185939], [-0.000604576780461, 0.0013526865514, -0.000484931253595, 0.000654225470498, -0.00118877273053, 0.0013469834812, -0.00241398671642, 0.00998514983803, -0.00317044416443, 0.000216006184928, -2.33212722378e-05, 0.0012417093385, -0.000796913169324], [0.0005937795504, -0.00109372253064, 0.00141303462442, -0.00199090992101, 0.000226882984862, -0.0012310805032, 0.000357514218194, -0.00317044416443, 0.0079230107367, -0.00251032598317, 0.0018387590535, -0.00102692085784, 0.000689421256538], [-0.000318705453537, 0.000898388912901, -0.000992323621176, 0.00155286933295, -0.00101641134825, -0.000573966943193, 0.00106877402868, 0.000216006184928, -0.00251032598317, 0.011113550514, -0.00228694919497, 0.00163810094818, -0.000601804058533], [0.000377029151423, -0.000664439110551, 0.00205437000841, 0.000230059027672, 1.89906349988e-05, -0.000525685842149, -0.00129736051895, -2.33212722378e-05, 0.0018387590535, -0.00228694919497, 0.0110305165872, -0.00262488541193, 0.000423341058195], [-0.000145298996358, 0.000569329131395, -0.000823495909572, -0.00039460932021, 0.000329392438289, -0.00019429641543, 0.000136609596666, 0.0012417093385, -0.00102692085784, 0.00163810094818, -0.00262488541193, 0.00877881422639, -0.00184613070451], [0.000241406771238, -0.000332390365656, 0.0012436612742, 2.84694215225e-05, -0.000264762202278, -0.000505969743244, 0.00109424185939, -0.000796913169324, 0.000689421256538, -0.000601804058533, 0.000423341058195, -0.00184613070451, 0.0108115142211]]}, "silence_rate_20dB": {"dvar": 0, "var": 0, "median": 1, "max": 1, "dmean": 0, "dmean2": 0, "mean": 1, "dvar2": 0, "min": 1}, "barkbands_skewness": {"dvar": 0.478335887194, "var": 3.72902941704, "median": 1.4003354311, "max": 15.2619342804, "dmean": 0.537345051765, "dmean2": 0.828185856342, "mean": 1.60194027424, "dvar2": 1.18946814537, "min": -10.6757040024}, "erbbands_skewness": {"dvar": 0.186025381088, "var": 1.11601877213, "median": 0.420044720173, "max": 7.27853536606, "dmean": 0.362188696861, "dmean2": 0.54945743084, "mean": 0.573470234871, "dvar2": 0.442873030901, "min": -5.77044534683}, "spectral_contrast_valleys": {"dvar": [0.174833729863, 0.166341483593, 0.199010699987, 0.188298031688, 0.222405686975, 0.221956253052], "var": [8.6157951355, 8.30663967133, 8.01669311523, 7.68919181824, 7.38473987579, 5.5741071701], "median": [-7.38512516022, -7.44861984253, -8.12977981567, -8.54236030579, -8.67649459839, -11.6433887482], "max": [-5.16753721237, -5.12648868561, -5.63804244995, -6.2123336792, -6.06983947754, -7.40952968597], "dmean": [0.429724395275, 0.380737364292, 0.38866469264, 0.345686346292, 0.340220868587, 0.344201982021], "dmean2": [0.686247527599, 0.607517719269, 0.59466958046, 0.514215707779, 0.462910324335, 0.416346490383], "mean": [-8.05709457397, -8.04550933838, -8.76584434509, -9.21458721161, -9.28867340088, -11.9511957169], "dvar2": [0.360093027353, 0.341554045677, 0.38943696022, 0.347889661789, 0.4002866745, 0.364671766758], "min": [-28.0896816254, -28.3183555603, -27.8323249817, -27.6877880096, -27.484249115, -27.4467792511]}, "spectral_strongpeak": {"dvar": 0.847470521927, "var": 2.59534859657, "median": 0.493210047483, "max": 13.2617712021, "dmean": 0.491705626249, "dmean2": 0.81844240427, "mean": 1.13967132568, "dvar2": 2.01138424873, "min": 0}, "erbbands_crest": {"dvar": 6.36852359772, "var": 24.6841259003, "median": 10.2201242447, "max": 31.5911941528, "dmean": 2.43877458572, "dmean2": 3.81935358047, "mean": 11.1567935944, "dvar2": 15.9495038986, "min": 2.29275655746}, "barkbands_crest": {"dvar": 4.77640581131, "var": 18.5432529449, "median": 10.0805006027, "max": 26.13555336, "dmean": 2.22982001305, "dmean2": 3.58700537682, "mean": 10.937743187, "dvar2": 11.9039363861, "min": 2.7922039032}, "spectral_energyband_middle_low": {"dvar": 4.50311235909e-05, "var": 0.000126782571897, "median": 0.00750138610601, "max": 0.0919728577137, "dmean": 0.0040443376638, "dmean2": 0.00621317327023, "mean": 0.0108722159639, "dvar2": 0.000104053688119, "min": 1.5589938739e-22}, "spectral_contrast_coeffs": {"dvar": [0.00185815722216, 0.00161025370471, 0.00124338001478, 0.000767276855186, 0.000556183513254, 0.000356731645297], "var": [0.00894091557711, 0.0117950635031, 0.0125061096624, 0.00871563330293, 0.00696352729574, 0.00294305151328], "median": [-0.624907374382, -0.670962929726, -0.706524372101, -0.754362642765, -0.778715610504, -0.786023378372], "max": [-0.297420918941, -0.333382606506, -0.31332051754, -0.411374896765, -0.510484933853, -0.605074286461], "dmean": [0.0488708764315, 0.0436931028962, 0.0377189107239, 0.0291626583785, 0.0226894728839, 0.0168346744031], "dmean2": [0.0810710266232, 0.0707640871406, 0.058098372072, 0.0447539351881, 0.0346430540085, 0.0258435662836], "mean": [-0.628101229668, -0.672409951687, -0.708870708942, -0.751275539398, -0.773264288902, -0.790698230267], "dvar2": [0.00477780448273, 0.00382875744253, 0.00274301483296, 0.00156607723329, 0.00109337817412, 0.000772489816882], "min": [-0.982456564903, -0.995309889317, -0.996494829655, -0.986439168453, -0.987637877464, -0.965029001236]}, "hfc": {"dvar": 42.8771743774, "var": 276.37588501, "median": 7.72619342804, "max": 200.504379272, "dmean": 3.93779587746, "dmean2": 5.48795175552, "mean": 14.2597141266, "dvar2": 82.1528244019, "min": 1.04569181954e-16}, "spectral_energyband_high": {"dvar": 3.55042317324e-07, "var": 8.89074215138e-07, "median": 3.62025748473e-05, "max": 0.0258027240634, "dmean": 0.000164664932527, "dmean2": 0.00023200114083, "mean": 0.000248214433668, "dvar2": 6.6498967044e-07, "min": 7.18094796024e-21}, "erbbands_spread": {"dvar": 83.1171264648, "var": 357.928344727, "median": 24.6269454956, "max": 145.290435791, "dmean": 6.26477622986, "dmean2": 9.21285247803, "mean": 29.2780914307, "dvar2": 180.307678223, "min": 2.2824716568}, "dissonance": {"dvar": 0.000667068641633, "var": 0.00262150750495, "median": 0.440818548203, "max": 0.5, "dmean": 0.0259388554841, "dmean2": 0.0429588146508, "mean": 0.428853034973, "dvar2": 0.00170309632085, "min": 0.178079023957}, "spectral_kurtosis": {"dvar": 47.2167854309, "var": 189.923843384, "median": 7.8933968544, "max": 141.523925781, "dmean": 4.51838636398, "dmean2": 7.48131799698, "mean": 12.0984354019, "dvar2": 110.649284363, "min": -1.2535225153}, "spectral_skewness": {"dvar": 0.266509890556, "var": 1.60535681248, "median": 2.02842354774, "max": 9.89427375793, "dmean": 0.409969240427, "dmean2": 0.652412414551, "mean": 2.33325767517, "dvar2": 0.58369654417, "min": -0.590540409088}, "pitch_salience": {"dvar": 0.00389096699655, "var": 0.0131792118773, "median": 0.500753283501, "max": 0.996087372303, "dmean": 0.0638015121222, "dmean2": 0.103267893195, "mean": 0.507233798504, "dvar2": 0.0100633036345, "min": 0.127356022596}, "spectral_complexity": {"dvar": 8.24857139587, "var": 67.5417938232, "median": 11, "max": 45, "dmean": 2.10055375099, "dmean2": 3.20712351799, "mean": 12.0279769897, "dvar2": 16.8529529572, "min": 0}, "spectral_spread": {"dvar": 657071407104, "var": 23947552751600.0, "median": 2945959, "max": 42362756, "dmean": 461324.53125, "dmean2": 680344.8125, "mean": 4107295, "dvar2": 1251950067710.0, "min": 630951.625}, "dynamic_complexity": 5.3553109169, "melbands_crest": {"dvar": 7.09905862808, "var": 24.9972229004, "median": 13.475605011, "max": 35.5586509705, "dmean": 2.6988837719, "dmean2": 4.43848705292, "mean": 14.0437555313, "dvar2": 18.6710128784, "min": 1.00290954113}, "zerocrossingrate": {"dvar": 0.000136895294418, "var": 0.0137489512563, "median": 0.03466796875, "max": 0.80908203125, "dmean": 0.006666357629, "dmean2": 0.00780592346564, "mean": 0.0585616081953, "dvar2": 0.000130729662487, "min": 0.0029296875}, "spectral_energyband_low": {"dvar": 9.82270430541e-05, "var": 0.000127890409203, "median": 0.00364813860506, "max": 0.148261517286, "dmean": 0.00426664249972, "dmean2": 0.00697682565078, "mean": 0.00768972467631, "dvar2": 0.000261795328697, "min": 1.6256878667e-23}, "melbands_kurtosis": {"dvar": 223.249893188, "var": 1010.97583008, "median": 6.36181402206, "max": 336.404205322, "dmean": 7.17513513565, "dmean2": 11.3053741455, "mean": 17.5055465698, "dvar2": 541.776550293, "min": -1.94444489479}, "spectral_energyband_middle_high": {"dvar": 8.18117405288e-06, "var": 6.72572059557e-05, "median": 0.00195437343791, "max": 0.0886174812913, "dmean": 0.00143658509478, "dmean2": 0.00198701908812, "mean": 0.00538973230869, "dvar2": 1.59619394253e-05, "min": 1.04532890038e-21}, "barkbands_spread": {"dvar": 49.8607521057, "var": 159.995605469, "median": 11.6813926697, "max": 141.95401001, "dmean": 3.76423788071, "dmean2": 5.86975288391, "mean": 13.8376150131, "dvar2": 119.566551208, "min": 0.399037599564}, "mfcc": {"mean": [-739.106750488, 156.712783813, 0.754290640354, 22.2902297974, 8.80302906036, 0.394463926554, 4.71441602707, 6.75168704987, -4.11430311203, -1.77608180046, -8.68115520477, -2.83540654182, -3.62931251526], "cov": [[19455.3027344, 1595.10827637, -2553.20214844, -75.8331222534, -245.63848877, -417.639709473, 64.8617019653, 123.670387268, -211.283218384, 336.753417969, -292.989044189, 29.1512470245, -43.9734153748], [1595.10827637, 2869.98168945, -204.002044678, 96.3647613525, 121.088760376, -112.848579407, 174.927856445, -12.9989786148, -7.35369873047, 42.1479415894, 17.9081573486, 21.9237365723, 1.85994899273], [-2553.20214844, -204.002044678, 1489.15551758, 165.025436401, 73.9047927856, 288.234802246, -59.503868103, 79.873046875, 84.6446685791, -93.5371246338, 55.8307876587, -28.9818458557, 24.7153816223], [-75.8331222534, 96.3647613525, 165.025436401, 459.103942871, 124.328224182, 58.1724662781, -46.8899726868, 112.639587402, 52.5128059387, 6.77351951599, 20.689699173, -7.4883813858, 30.2203540802], [-245.63848877, 121.088760376, 73.9047927856, 124.328224182, 248.881210327, 52.2917861938, -20.8800201416, 8.7994852066, 67.7389526367, 18.9469146729, 17.5451564789, 8.65535831451, 1.920612216], [-417.639709473, -112.848579407, 288.234802246, 58.1724662781, 52.2917861938, 250.608291626, -5.85820150375, 56.3818473816, 38.723690033, -20.6445083618, 34.7298431396, 0.786699056625, 30.6034908295], [64.8617019653, 174.927856445, -59.503868103, -46.8899726868, -20.8800201416, -5.85820150375, 210.747207642, -17.0864677429, -28.4558181763, 3.66346073151, -15.7797698975, 9.15136814117, -19.7696552277], [123.670387268, -12.9989786148, 79.873046875, 112.639587402, 8.7994852066, 56.3818473816, -17.0864677429, 202.702545166, 28.7480220795, -4.30892276764, 16.0039272308, 7.5961098671, 39.9351654053], [-211.283218384, -7.35369873047, 84.6446685791, 52.5128059387, 67.7389526367, 38.723690033, -28.4558181763, 28.7480220795, 173.270187378, 31.3350448608, 25.0485439301, 12.6770553589, -6.40890789032], [336.753417969, 42.1479415894, -93.5371246338, 6.77351951599, 18.9469146729, -20.6445083618, 3.66346073151, -4.30892276764, 31.3350448608, 153.552902222, 30.686756134, 8.07703399658, -14.3996038437], [-292.989044189, 17.9081573486, 55.8307876587, 20.689699173, 17.5451564789, 34.7298431396, -15.7797698975, 16.0039272308, 25.0485439301, 30.686756134, 124.147735596, 32.9731483459, 9.65535259247], [29.1512470245, 21.9237365723, -28.9818458557, -7.4883813858, 8.65535831451, 0.786699056625, 9.15136814117, 7.5961098671, 12.6770553589, 8.07703399658, 32.9731483459, 100.225028992, 16.5787754059], [-43.9734153748, 1.85994899273, 24.7153816223, 30.2203540802, 1.920612216, 30.6034908295, -19.7696552277, 39.9351654053, -6.40890789032, -14.3996038437, 9.65535259247, 16.5787754059, 96.0697479248]], "icov": [[7.78143585194e-05, -4.36361297034e-05, 0.000127450854052, -2.16067674046e-05, 8.07997130323e-05, -8.09703342384e-05, 7.49774917495e-05, -0.000100773220765, 5.65916852793e-05, -0.000149373066961, 0.000205626929528, -5.64958827454e-05, 6.2437618908e-05], [-4.36361297034e-05, 0.00042071819189, -5.37281957804e-05, -7.26127618691e-05, -0.000280301290331, 0.000291662756354, -0.000421117205406, 6.39480276732e-05, -9.57153406489e-06, 6.92125977366e-05, -0.000249395758146, 6.06387729931e-05, -0.00016766707995], [0.000127450854052, -5.37281957804e-05, 0.00115238316357, -0.000244231923716, 0.000195074549993, -0.00107322330587, 0.000245528673986, -0.000121269615192, -0.000178506874363, 0.000315220124321, 3.16329023917e-05, 0.000209347606869, 0.000274686695775], [-2.16067674046e-05, -7.26127618691e-05, -0.000244231923716, 0.00308028305881, -0.00139527535066, 0.000193290863535, 0.000360723992344, -0.00150699971709, -4.47429774795e-05, -9.1650581453e-05, -0.000134383939439, 0.000494818843435, -0.000336218246957], [8.07997130323e-05, -0.000280301290331, 0.000195074549993, -0.00139527535066, 0.00554777216166, -0.00112932082266, 0.000425938662374, 0.000876455393154, -0.00150092609692, -0.000457225833088, 0.000383932056138, -0.000532838050276, 0.000287995993858], [-8.09703342384e-05, 0.000291662756354, -0.00107322330587, 0.000193290863535, -0.00112932082266, 0.00609221914783, -0.000840845634229, -0.000866173300892, -0.000539118016604, 0.000612808333244, -0.00140542176086, 0.000578876351938, -0.00146127201151], [7.49774917495e-05, -0.000421117205406, 0.000245528673986, 0.000360723992344, 0.000425938662374, -0.000840845634229, 0.00560731533915, -0.000133684938191, 0.000857247156091, -0.000421496544732, 0.00106557225809, -0.00101999251638, 0.00139758142177], [-0.000100773220765, 6.39480276732e-05, -0.000121269615192, -0.00150699971709, 0.000876455393154, -0.000866173300892, -0.000133684938191, 0.00664998963475, -0.000933955074288, 0.000242314301431, -0.000374399067368, -0.000133667199407, -0.00204084184952], [5.65916852793e-05, -9.57153406489e-06, -0.000178506874363, -4.47429774795e-05, -0.00150092609692, -0.000539118016604, 0.000857247156091, -0.000933955074288, 0.00734625477344, -0.00145851098932, -0.00016