{"tonal": {"chords_number_rate": 0.00259347306564, "thpcp": [1, 0.932996451855, 0.727819263935, 0.559054851532, 0.527610003948, 0.608792841434, 0.690909683704, 0.663816034794, 0.545425951481, 0.44129344821, 0.366159886122, 0.326754301786, 0.356342643499, 0.423730701208, 0.468466877937, 0.442465126514, 0.371231108904, 0.359941989183, 0.455263465643, 0.674433350563, 0.699337720871, 0.467390626669, 0.356113314629, 0.312106788158, 0.224342167377, 0.168524086475, 0.153243213892, 0.166700020432, 0.252653360367, 0.407711982727, 0.409031301737, 0.253982514143, 0.188559859991, 0.262421935797, 0.489806354046, 0.810198605061], "hpcp": {"dvar": [0.0619826056063, 0.0692233219743, 0.0546988025308, 0.0483462586999, 0.0574104860425, 0.0660441219807, 0.0720821395516, 0.0626199841499, 0.0459861680865, 0.0427494831383, 0.0430433377624, 0.0503899231553, 0.0548106320202, 0.0408768989146, 0.0299785304815, 0.025216659531, 0.0183579288423, 0.0141240973026, 0.0131971901283, 0.0114824036136, 0.0185091439635, 0.0327901430428, 0.0433455407619, 0.0317642912269, 0.0254428405315, 0.0399795807898, 0.0635949000716, 0.0830215960741, 0.0947417393327, 0.0939587056637, 0.0823909193277, 0.0737132877111, 0.0779870972037, 0.0839617177844, 0.0805513784289, 0.0695187523961], "mean": [0.143058627844, 0.115745939314, 0.0960393100977, 0.0857037082314, 0.0934643670917, 0.111139439046, 0.122873201966, 0.116053253412, 0.0973694324493, 0.0944084301591, 0.11941010505, 0.176895722747, 0.18342782557, 0.122590914369, 0.0934042185545, 0.0818618386984, 0.0588422380388, 0.0442018322647, 0.0401938445866, 0.0437234006822, 0.0662679225206, 0.106937922537, 0.107283964753, 0.0666165426373, 0.0494569726288, 0.0688301026821, 0.128470286727, 0.212505295873, 0.262287914753, 0.244713693857, 0.190898194909, 0.146633327007, 0.138385728002, 0.15967901051, 0.181217253208, 0.174110919237], "min": [0, 0, 0, 0, 0, 0, 0, 0, 0, 0, 0, 0, 0, 0, 0, 0, 0, 0, 0, 0, 0, 0, 0, 0, 0, 0, 0, 0, 0, 0, 0, 0, 0, 0, 0, 0], "median": [0.0199632570148, 0.0165155064315, 0.0167405903339, 0.0165770128369, 0.0167303867638, 0.0194982253015, 0.0219841822982, 0.0212313979864, 0.0206704474986, 0.0207317359746, 0.0310285501182, 0.0515064448118, 0.0480638593435, 0.0402724295855, 0.0278957858682, 0.0222080238163, 0.0176764745265, 0.011706713587, 0.00825218576938, 0.012243068777, 0.0213505961001, 0.0350423790514, 0.0276745874435, 0.0170492306352, 0.0112893469632, 0.0135560259223, 0.0221776012331, 0.0432762019336, 0.0812017470598, 0.0650375261903, 0.0385304577649, 0.0234962124377, 0.0217648483813, 0.0277369208634, 0.0296159479767, 0.026776233688], "dvar2": [0.169672593474, 0.196811303496, 0.156456455588, 0.135785400867, 0.156604245305, 0.169808298349, 0.188972488046, 0.166213214397, 0.125445559621, 0.122547313571, 0.120698332787, 0.128259465098, 0.136319950223, 0.113554030657, 0.0822331607342, 0.0668096914887, 0.0515064261854, 0.0405398793519, 0.0383867658675, 0.0329636782408, 0.0517825372517, 0.0877714306116, 0.117892801762, 0.0896934717894, 0.0720477327704, 0.115006476641, 0.175472721457, 0.22081233561, 0.260626256466, 0.247820794582, 0.214183196425, 0.207263797522, 0.216063037515, 0.233268022537, 0.218496546149, 0.180092483759], "var": [0.067045070231, 0.0557997375727, 0.0396222807467, 0.0330415815115, 0.0406329259276, 0.0509645231068, 0.0562308356166, 0.0520771816373, 0.0384969636798, 0.0366421528161, 0.0420985519886, 0.0639977008104, 0.0725377053022, 0.0367403738201, 0.0267775189131, 0.0250801630318, 0.0152604375035, 0.0131464218721, 0.0120061440393, 0.0104854693636, 0.0169692952186, 0.031196275726, 0.0376185439527, 0.0232973098755, 0.0169190354645, 0.0263743586838, 0.057670019567, 0.099058419466, 0.11038286984, 0.106161147356, 0.0858861878514, 0.0654780492187, 0.0630854964256, 0.0718669965863, 0.0846406891942, 0.0858450159431], "dmean2": [0.287452816963, 0.286671310663, 0.246530279517, 0.22546325624, 0.249649301171, 0.282114416361, 0.302352190018, 0.271052330732, 0.217652574182, 0.207788035274, 0.241588994861, 0.277521252632, 0.28037160635, 0.24343007803, 0.18309225142, 0.140680998564, 0.111120685935, 0.0859706923366, 0.0796343162656, 0.0858149975538, 0.120635718107, 0.209107652307, 0.236339822412, 0.154541835189, 0.120822928846, 0.177474141121, 0.284728854895, 0.395862698555, 0.501703560352, 0.480470329523, 0.38876503706, 0.34589856863, 0.354083657265, 0.385428100824, 0.37683686614, 0.31647413969], "max": [1, 1, 1, 1, 1, 1, 1, 1, 1, 1, 1, 1, 1, 1, 1, 1, 1, 1, 1, 1, 1, 1, 1, 1, 1, 1, 1, 1, 1, 1, 1, 1, 1, 1, 1, 1], "dmean": [0.158967539668, 0.154704734683, 0.133111402392, 0.120551198721, 0.132994875312, 0.151748880744, 0.163824439049, 0.147239476442, 0.118676669896, 0.112248681486, 0.133067771792, 0.164198890328, 0.164913311601, 0.135398536921, 0.101987086236, 0.0815441086888, 0.0620997175574, 0.04696104303, 0.0433765724301, 0.0469228848815, 0.0678093954921, 0.116484843194, 0.129200085998, 0.0831430479884, 0.0647939965129, 0.0946865752339, 0.155718460679, 0.217542275786, 0.278402239084, 0.267593711615, 0.216075584292, 0.18900538981, 0.190168678761, 0.209492519498, 0.206408575177, 0.174407184124]}, "key_strength": 0.508840441704, "chords_strength": {"dvar": 0.000529547221959, "mean": 0.447625756264, "min": -1, "median": 0.468312740326, "dvar2": 0.00107342377305, "var": 0.0467750430107, "dmean2": 0.0180550832301, "max": 0.777778506279, "dmean": 0.0137107092887}, "tuning_equal_tempered_deviation": 0.250330358744, "chords_key": "B", "tuning_frequency": 453.154663086, "chords_scale": "minor", "chords_changes_rate": 0.0858007371426, "key_scale": "minor", "tuning_diatonic_strength": 0.579074025154, "hpcp_entropy": {"dvar": 0.292203992605, "mean": 3.2066693306, "min": 0, "median": 3.38638210297, "dvar2": 0.824215650558, "var": 0.781446397305, "dmean2": 1.09535288811, "max": 4.74030160904, "dmean": 0.640492558479}, "chords_histogram": [2.83120822906, 1.81543111801, 1.72898209095, 10.2226066589, 1.01577699184, 1.75059437752, 0, 12.6647939682, 0.0648368299007, 0.497082352638, 1.03738927841, 0.907715559006, 0.0216122753918, 0, 0, 0, 0, 0, 1.96671712399, 1.10222601891, 0, 17.5275554657, 44.478061676, 0.367408692837], "tuning_nontempered_energy_ratio": 0.899549543858, "key_key": "F#"}, "metadata": {"version": {"extractor": "music 1.0", "essentia_build_sha": "70f2e5ece6736b2c40cc944ad0e695b16b925413", "essentia": "2.1-beta2", "essentia_git_sha": "v2.1_beta2"}, "audio_properties": {"sample_rate": 44100, "length": 214.813339233, "lossless": true, "analysis_sample_rate": 44100, "downmix": "mix", "bit_rate": 0, "equal_loudness": 0, "md5_encoded": "1e40f72f8a6d0a4cd5a3701d7d9c6bb9", "codec": "flac", "replay_gain": -14.2419395447}, "tags": {"totaltracks": ["11"], "disctotal": ["5"], "genre": ["Dark Ambient; Favourites; Industrial"], "catalognumber": ["CMI105"], "releasecountry": ["SE"], "musicbrainz_recordingid": ["e51eef9c-cfe5-421a-a890-860b4006f6ac"], "language": ["eng"], "title": ["Punishdown"], "musicbrainz_releasetrackid": ["4e687d0e-b4a0-3bdb-a1bf-28aa89930708"], "discnumber": ["1"], "artistsort": ["In Slaughter Natives"], "releasetype": ["album", "compilation"], "originaldate": ["2001-12-17"], "musicbrainz_artistid": ["d4a92b25-9a99-42b5-93b4-ad4ae49323a5"], "tracknumber": ["8"], "musicbrainz_albumartistid": ["d4a92b25-9a99-42b5-93b4-ad4ae49323a5"], "discsubtitle": ["In Slaughter Natives"], "barcode": ["718750894120"], "tracktotal": ["11"], "date": ["2001-12-17"], "acoustid_id": ["1840787c-d762-410e-aefb-cd0651859e95"], "albumartistsort": ["In Slaughter Natives"], "musicbrainz_releasegroupid": ["69743e93-b6f1-4e35-adb8-792d4336ca88"], "media": ["CD"], "label": ["Cold Meat Industry"], "albumartist": ["In Slaughter Natives"], "asin": ["B00005UVYA"], "script": ["Latn"], "musicbrainz_albumid": ["43b5e2fc-7f21-4f7e-a547-47f5b35524da"], "file_name": "08_Punishdown.flac", "releasestatus": ["official"], "totaldiscs": ["5"], "album": ["Re-Enter Salvation"], "artist": ["In Slaughter Natives"]}}, "lowlevel": {"melbands": {"dvar": [1.06321886051e-05, 2.29267043323e-05, 1.45221827097e-06, 3.96317318518e-07, 1.19849152824e-08, 6.6608669691e-09, 5.68757441144e-09, 2.9387061673e-09, 3.05786440613e-09, 1.9987338451e-09, 7.93600851701e-10, 1.35912614496e-09, 1.41091505146e-09, 8.97235896691e-10, 1.7423529286e-09, 1.33323552198e-09, 2.27847674061e-09, 2.27075935832e-09, 5.11132469683e-09, 6.91448676093e-09, 8.58505799783e-09, 1.81884352024e-09, 1.73701353301e-09, 6.37011110527e-10, 2.40654968175e-10, 4.12489764567e-10, 4.08016009867e-10, 8.23486778767e-10, 3.09491127171e-10, 5.49502887637e-10, 1.95064756014e-10, 2.62638605308e-10, 1.3992149106e-10, 5.74142851317e-11, 4.13514222863e-11, 2.26770657807e-10, 1.7247217543e-10, 4.3005918271e-11, 2.37759573314e-12, 2.6052671305e-12], "mean": [0.00472738780081, 0.00792043842375, 0.00251037022099, 0.000617003301159, 0.00015357718803, 0.000105770726805, 7.59219474276e-05, 5.6907923863e-05, 4.44921170129e-05, 3.71284804714e-05, 2.71045246336e-05, 2.91442047455e-05, 3.05096928059e-05, 2.50515859079e-05, 2.66703191301e-05, 2.48457981797e-05, 2.93598550343e-05, 3.27695634041e-05, 3.98205156671e-05, 5.73105899093e-05, 6.63994869683e-05, 4.26551960118e-05, 3.7309993786e-05, 3.11819167109e-05, 2.17364176933e-05, 1.89335769392e-05, 1.86219331226e-05, 2.19089542952e-05, 1.74854085344e-05, 1.84341042768e-05, 1.71317205968e-05, 1.49204279296e-05, 1.21547309391e-05, 1.0171116628e-05, 8.52272478369e-06, 8.96835445019e-06, 8.02081649454e-06, 4.09726408179e-06, 2.44358102464e-06, 2.37632639255e-06], "min": [6.37624042346e-25, 6.45580690651e-25, 7.7984895824e-25, 1.06090215218e-24, 1.69768033842e-24, 1.56774557961e-24, 1.41290569316e-24, 1.9923571602e-24, 2.8218075228e-24, 2.44523037298e-24, 1.52206451814e-24, 2.72800426977e-24, 2.42934705308e-24, 2.79949932526e-24, 3.17306854844e-24, 1.33297722156e-24, 3.63494010035e-24, 2.34628374685e-24, 2.04039760604e-24, 3.213546382e-24, 3.16234082899e-24, 2.06726601126e-24, 2.70855450972e-24, 3.39906240665e-24, 3.09378783025e-24, 3.71209858549e-24, 3.44537090837e-24, 5.2410987687e-24, 4.45243192326e-24, 5.66740709049e-24, 5.49714329701e-24, 4.10438846403e-24, 5.39371968803e-24, 4.57323492685e-24, 5.47820866314e-24, 5.6971909284e-24, 5.71239701121e-24, 5.68327384431e-24, 5.82936693965e-24, 5.52895332416e-24], "median": [0.00304384552874, 0.0063916654326, 0.00221288553439, 0.000392964895582, 0.000127457184135, 8.206765051e-05, 5.11602447659e-05, 3.42947387253e-05, 2.19293378905e-05, 1.88061367226e-05, 1.52678330778e-05, 1.35572772706e-05, 1.30608987092e-05, 1.00603019746e-05, 8.66576010594e-06, 1.00036213553e-05, 1.20756976685e-05, 1.3708519873e-05, 1.61322132044e-05, 1.81491705007e-05, 1.81253781193e-05, 1.91269518837e-05, 1.73205007741e-05, 2.02619594347e-05, 1.66426561918e-05, 1.35118634716e-05, 1.24497828438e-05, 1.27840239657e-05, 1.10069822767e-05, 1.12777152026e-05, 1.24131292978e-05, 1.04227483462e-05, 9.00867053133e-06, 7.55341397962e-06, 5.99929398959e-06, 5.02968350702e-06, 4.15038721258e-06, 2.36132677855e-06, 1.80075141998e-06, 1.74696560862e-06], "dvar2": [2.59884491243e-05, 6.22367078904e-05, 4.07800735047e-06, 1.11585666218e-06, 3.34916769873e-08, 1.84471993236e-08, 1.51094035061e-08, 7.03973235261e-09, 7.48574358056e-09, 4.86697215862e-09, 2.08872230623e-09, 3.55508666949e-09, 3.26482152424e-09, 2.17333062658e-09, 4.70294292398e-09, 3.37303673881e-09, 5.93932147908e-09, 5.49269740802e-09, 1.30514843377e-08, 1.78265864292e-08, 2.27432472855e-08, 4.88397056131e-09, 4.76917172421e-09, 1.754396739e-09, 6.37466412989e-10, 1.09177455965e-09, 1.04551889368e-09, 2.11391326665e-09, 7.52722661979e-10, 1.47000767114e-09, 4.78208583843e-10, 5.94616078597e-10, 3.13080505965e-10, 1.45579562294e-10, 9.82456269116e-11, 5.53414647442e-10, 4.14018042072e-10, 1.13811030045e-10, 5.56443389629e-12, 5.76591031864e-12], "var": [2.52851223195e-05, 4.07289917348e-05, 3.17920171256e-06, 4.73414672797e-07, 1.6529231317e-08, 9.49593115251e-09, 7.06032032838e-09, 4.46396386522e-09, 5.73411140792e-09, 3.97963262344e-09, 1.30248345442e-09, 2.49906006999e-09, 2.09628758796e-09, 1.59153179524e-09, 3.04241476456e-09, 2.80094147875e-09, 3.66884322922e-09, 4.24499813079e-09, 9.65987467794e-09, 1.64261919622e-08, 2.23316298786e-08, 4.74442041209e-09, 3.73122244213e-09, 1.32060362645e-09, 4.04385996911e-10, 4.3987730125e-10, 4.45127684712e-10, 8.20335133156e-10, 3.83353848665e-10, 5.00274488502e-10, 3.77441133903e-10, 4.44260600529e-10, 2.19561119286e-10, 9.79207687157e-11, 8.6729033677e-11, 4.6042725188e-10, 4.10056072431e-10, 6.5388763848e-11, 5.49541228495e-12, 6.84517676916e-12], "dmean2": [0.00428059790283, 0.00767705217004, 0.00203476194292, 0.000778729503509, 0.000159695046023, 0.000109741238703, 8.14581362647e-05, 5.97368380113e-05, 4.96299471706e-05, 4.24480822403e-05, 2.97087572108e-05, 3.13583950629e-05, 3.47696332028e-05, 2.85656496999e-05, 3.14715543936e-05, 2.70269119937e-05, 3.18822021654e-05, 3.53089271812e-05, 4.1664327e-05, 5.33178899786e-05, 5.82397697144e-05, 3.87189720641e-05, 3.30695693265e-05, 2.92799650197e-05, 2.06039330806e-05, 2.03585095733e-05, 2.15185791603e-05, 2.8125492463e-05, 1.98366869881e-05, 2.60948563664e-05, 1.58047860168e-05, 1.22625860968e-05, 1.13376609079e-05, 9.18048499443e-06, 7.5692792052e-06, 7.6581218309e-06, 6.89888747729e-06, 3.43966348737e-06, 1.79856840532e-06, 1.69855763943e-06], "max": [0.0370339229703, 0.038966383785, 0.0132779413834, 0.00662006065249, 0.00193111272529, 0.00216541416012, 0.00292198034003, 0.00135331402998, 0.0017839691136, 0.00138329050969, 0.00057973433286, 0.00124722381588, 0.000626835331786, 0.000676733499859, 0.00170714582782, 0.00135305442382, 0.00127223494928, 0.00122909271158, 0.00213912315667, 0.00192174408585, 0.00298175076023, 0.000948005763348, 0.0010432327399, 0.000429776904639, 0.000218801287701, 0.000203421746846, 0.000196380467969, 0.000252864992945, 0.000171080755536, 0.000303318520309, 0.000298272265354, 0.000477651541587, 0.000468117941637, 0.000127248989884, 0.000143721583299, 0.000503776594996, 0.000473180407425, 0.000268220668659, 2.39261189563e-05, 4.30921536463e-05], "dmean": [0.00270062708296, 0.00458063650876, 0.00121841218788, 0.000447950529633, 9.46026848396e-05, 6.54901596135e-05, 5.03383562318e-05, 3.74866503989e-05, 3.06198489852e-05, 2.55689683399e-05, 1.78605223482e-05, 1.9480859919e-05, 2.20135716518e-05, 1.77126730705e-05, 1.92581810552e-05, 1.64942412084e-05, 1.93758169189e-05, 2.17298857024e-05, 2.50380635407e-05, 3.24060601997e-05, 3.50964692188e-05, 2.31656049436e-05, 1.98280886252e-05, 1.75242003024e-05, 1.23199006339e-05, 1.21716302601e-05, 1.30563648781e-05, 1.70333751157e-05, 1.24341013361e-05, 1.51244175868e-05, 9.59811313805e-06, 7.69366943132e-06, 6.82309382682e-06, 5.54715006729e-06, 4.61385479866e-06, 4.87306579089e-06, 4.27003669756e-06, 2.23359393203e-06, 1.22746348552e-06, 1.11810470571e-06]}, "spectral_decrease": {"dvar": 1.52061075227e-17, "mean": -1.22522223478e-08, "min": -3.65205679032e-08, "median": -1.13924176759e-08, "dvar2": 4.15230042948e-17, "var": 4.82423247595e-17, "dmean2": 6.71693189958e-09, "max": 4.29184508651e-25, "dmean": 4.11394074362e-09}, "spectral_rolloff": {"dvar": 1799348.375, "mean": 1915.49621582, "min": 21.533203125, "median": 775.1953125, "dvar2": 4130664.25, "var": 9208358, "dmean2": 1810.64233398, "max": 19638.28125, "dmean": 1042.95471191}, "melbands_crest": {"dvar": 12.0249204636, "mean": 18.81590271, "min": 1.00023245811, "median": 19.2443294525, "dvar2": 33.4567070007, "var": 30.5251712799, "dmean2": 7.2398982048, "max": 39.5222663879, "dmean": 4.29079341888}, "barkbands_skewness": {"dvar": 1.08848428726, "mean": 2.25411844254, "min": -5.38636541367, "median": 2.05967521667, "dvar2": 2.40141153336, "var": 4.00163125992, "dmean2": 1.55647432804, "max": 47.95570755, "dmean": 0.996424853802}, "spectral_centroid": {"dvar": 235545.046875, "mean": 2111.03564453, "min": 198.947967529, "median": 1980.29272461, "dvar2": 509040.75, "var": 1983347.75, "dmean2": 752.768005371, "max": 11672.2275391, "dmean": 473.730987549}, "spectral_energyband_middle_low": {"dvar": 1.30873941089e-05, "mean": 0.00766429118812, "min": 1.75364220993e-22, "median": 0.00684180064127, "dvar2": 3.6511948565e-05, "var": 2.41830584855e-05, "dmean2": 0.00570973195136, "max": 0.0350554771721, "dmean": 0.00340547482483}, "erbbands_crest": {"dvar": 3.60618519783, "mean": 6.27392053604, "min": 2.14332509041, "median": 5.14388751984, "dvar2": 9.76276683807, "var": 11.1082344055, "dmean2": 3.10718679428, "max": 32.3077812195, "dmean": 1.85838425159}, "dynamic_complexity": 2.12889623642, "spectral_energyband_low": {"dvar": 0.000254455168033, "mean": 0.0363908596337, "min": 8.85765919882e-24, "median": 0.0309224743396, "dvar2": 0.000689300242811, "var": 0.000636182259768, "dmean2": 0.0269440934062, "max": 0.133664980531, "dmean": 0.0163780283183}, "silence_rate_60dB": {"dvar": 0.00172634597402, "mean": 0.0544688217342, "min": 0, "median": 0, "dvar2": 0.00409562280402, "var": 0.051503136754, "dmean2": 0.00345908547752, "max": 1, "dmean": 0.00172935577575}, "erbbands_kurtosis": {"dvar": 4.1283249855, "mean": 0.528822600842, "min": -1.78156983852, "median": -0.222353696823, "dvar2": 10.8471126556, "var": 9.39841938019, "dmean2": 1.78530442715, "max": 127.860321045, "dmean": 1.08872318268}, "spectral_complexity": {"dvar": 54.0683326721, "mean": 26.9403438568, "min": 0, "median": 28, "dvar2": 101.01373291, "var": 219.617752075, "dmean2": 10.3400716782, "max": 64, "dmean": 7.06074380875}, "barkbands_crest": {"dvar": 7.38748550415, "mean": 11.7688541412, "min": 2.40025782585, "median": 11.2997817993, "dvar2": 20.2783565521, "var": 18.3680267334, "dmean2": 5.4444065094, "max": 26.7541408539, "dmean": 3.29978060722}, "spectral_energy": {"dvar": 0.00021154343267, "mean": 0.0495887212455, "min": 9.99164628938e-21, "median": 0.0471928678453, "dvar2": 0.000580958789214, "var": 0.000733500230126, "dmean2": 0.0252433866262, "max": 0.140294283628, "dmean": 0.0155326444656}, "spectral_spread": {"dvar": 862994825216, "mean": 6485066, "min": 1303224.125, "median": 5946768.5, "dvar2": 1855969820670.0, "var": 23547516813300.0, "dmean2": 821666.8125, "max": 45653184, "dmean": 520515.1875}, "spectral_contrast_valleys": {"dvar": [0.125896766782, 0.134300887585, 0.137718424201, 0.115830764174, 0.119035772979, 0.106582298875], "mean": [-6.99664306641, -7.29676437378, -7.75230312347, -7.78398656845, -7.20290136337, -9.42764568329], "min": [-28.2948970795, -28.1304397583, -27.8017787933, -27.6544704437, -27.5854187012, -27.4299106598], "median": [-6.38637018204, -6.75687503815, -7.29314470291, -7.27008247375, -6.57602500916, -8.81913661957], "dvar2": [0.293217092752, 0.284265756607, 0.265029966831, 0.219480141997, 0.220435917377, 0.183215081692], "var": [9.66217517853, 9.21101665497, 8.824634552, 8.84650802612, 9.53936862946, 7.92432022095], "dmean2": [0.633690595627, 0.602648675442, 0.557246744633, 0.465693950653, 0.40272384882, 0.349166274071], "max": [-5.21153020859, -5.37231636047, -5.57202386856, -5.65098381042, -5.24128484726, -7.48023414612], "dmean": [0.376594990492, 0.3715685606, 0.356506675482, 0.300044536591, 0.266853362322, 0.256962329149]}, "spectral_rms": {"dvar": 8.41476719415e-07, "mean": 0.00656821066514, "min": 3.12217027405e-12, "median": 0.006785412319, "dvar2": 2.3058989882e-06, "var": 5.23779362993e-06, "dmean2": 0.00172116945032, "max": 0.0116992508993, "dmean": 0.00106445141137}, "barkbands_spread": {"dvar": 138.803833008, "mean": 33.7791481018, "min": 0.152651250362, "median": 32.0629005432, "dvar2": 312.167694092, "var": 329.758392334, "dmean2": 19.6762447357, "max": 116.337638855, "dmean": 12.2156877518}, "pitch_salience": {"dvar": 0.0080302208662, "mean": 0.51541942358, "min": 0.0238885395229, "median": 0.52166557312, "dvar2": 0.0221063476056, "var": 0.0184557959437, "dmean2": 0.178965508938, "max": 0.996097922325, "dmean": 0.107332997024}, "erbbands_skewness": {"dvar": 0.132979780436, "mean": -0.712784409523, "min": -9.9359664917, "median": -0.721350431442, "dvar2": 0.321300685406, "var": 0.426191419363, "dmean2": 0.589193880558, "max": 2.85009527206, "dmean": 0.370261579752}, "spectral_energyband_middle_high": {"dvar": 6.54881523587e-06, "mean": 0.00485120899975, "min": 1.10543429534e-21, "median": 0.00318000582047, "dvar2": 1.51044023369e-05, "var": 2.58313011727e-05, "dmean2": 0.00288547878154, "max": 0.048285022378, "dmean": 0.00185763218906}, "erbbands": {"dvar": [0.141799986362, 9.40318489075, 137.108001709, 59.9023246765, 92.4590835571, 35.0955619812, 10.2606773376, 14.8889532089, 26.24559021, 23.8214931488, 44.1059188843, 55.2888412476, 29.8186168671, 82.9223709106, 114.650497437, 173.059829712, 235.354568481, 535.350708008, 895.80279541, 2997.3894043, 5108.91992188, 1295.73803711, 1168.95800781, 362.173034668, 693.491699219, 1441.62438965, 645.51159668, 764.615905762, 670.597045898, 179.510467529, 141.266738892, 444.924621582, 34.8092575073, 2.74689388275, 4.00900554657, 0.118616059422, 0.00405358988792, 7.3623516073e-05, 9.68661083789e-07, 1.23184307199e-09], "mean": [0.462790638208, 4.69513225555, 16.6359481812, 14.6134967804, 11.0668706894, 5.7007226944, 4.40026950836, 4.67543506622, 5.0112657547, 5.24910020828, 5.57470369339, 6.02679681778, 5.53250360489, 7.39513778687, 9.1891336441, 9.85705757141, 11.3641147614, 15.6234426498, 21.6166439056, 35.0726928711, 55.9068450928, 41.0618591309, 38.3054885864, 28.1713962555, 26.0546112061, 31.3647460938, 27.9818935394, 30.8226490021, 25.7052536011, 19.1180419922, 15.2015581131, 13.4459428787, 5.4291934967, 2.9072496891, 2.05800867081, 0.584902226925, 0.106848567724, 0.0147729367018, 0.00162287929561, 0.000113013935334], "min": [6.38459083169e-23, 4.36252500413e-22, 1.04410711261e-21, 2.68501716119e-21, 7.19954417594e-21, 2.08553945916e-20, 4.94612938082e-20, 7.28269198337e-20, 1.03264025674e-19, 1.94576726139e-19, 3.18483483439e-19, 3.74425863362e-19, 3.16593789329e-19, 7.90380536173e-19, 8.03604259035e-19, 1.33954207423e-18, 1.22919369898e-18, 1.96759156882e-18, 1.90132592315e-18, 1.80027795311e-18, 3.35302024676e-18, 2.25564935892e-18, 5.31144748157e-18, 5.96316364746e-18, 7.20985262998e-18, 8.39059836048e-18, 8.67987003813e-18, 1.10669337878e-17, 1.04066021222e-17, 8.93276396681e-18, 1.24403604886e-17, 1.05792198268e-17, 8.36540161184e-18, 8.61947675443e-18, 6.00524025727e-18, 3.83948868052e-18, 2.19045015586e-18, 9.63869830633e-19, 2.32283534642e-19, 2.81443421283e-20], "median": [0.272812455893, 3.3156080246, 12.2269115448, 12.7532482147, 7.71312141418, 3.76472234726, 3.53994846344, 3.52806401253, 3.40625882149, 3.20489192009, 2.8183157444, 3.03088784218, 3.18223690987, 3.48419523239, 3.96799564362, 3.57642841339, 4.40564012527, 6.6224565506, 9.34236526489, 13.3579902649, 16.3946399689, 19.0111598969, 23.0455493927, 22.2350502014, 18.7847862244, 19.4717350006, 18.3324794769, 21.710144043, 18.6134204865, 14.4673948288, 10.5264835358, 7.30451059341, 3.41608119011, 2.20980024338, 1.41416919231, 0.44841581583, 0.0828279778361, 0.0122336242348, 0.0012731597526, 0.000109947854071], "dvar2": [0.348812699318, 25.2397041321, 367.895629883, 166.134689331, 261.119812012, 99.3659439087, 28.6706161499, 41.4476890564, 70.7413635254, 58.0305633545, 106.413993835, 135.285766602, 78.3453216553, 216.147247314, 258.478424072, 425.369506836, 609.612731934, 1386.79675293, 2172.44018555, 7822.4296875, 13507.8144531, 3406.39648438, 3236.1472168, 948.606872559, 1795.24438477, 3674.03686523, 1520.77905273, 1928.37402344, 1453.12548828, 426.331420898, 297.590667725, 1043.98352051, 86.9561843872, 5.9886136055, 11.0014886856, 0.251482635736, 0.00833503436297, 0.000167145204614, 2.1139223918e-06, 2.74452882643e-09], "var": [0.291544407606, 19.0233383179, 231.388031006, 117.046684265, 118.264289856, 40.3128700256, 14.3794002533, 20.0304641724, 31.0101852417, 36.0377578735, 76.9760055542, 110.25894928, 51.4115104675, 153.356430054, 172.101531982, 324.96307373, 503.760620117, 936.636901855, 1819.05627441, 6516.92138672, 14086.4960938, 4045.84716797, 2684.87231445, 647.514099121, 776.831542969, 1485.00061035, 840.048278809, 1130.14562988, 1179.79589844, 341.7550354, 382.889099121, 1095.3260498, 73.7303466797, 8.35635185242, 5.5904045105, 0.245484173298, 0.00842525064945, 0.00015099302982, 2.01723491955e-06, 3.96275057213e-09], "dmean2": [0.471886068583, 4.45482110977, 17.926530838, 12.7683773041, 12.909529686, 7.0509057045, 4.75493717194, 5.07104635239, 5.56677770615, 5.36672210693, 6.23335361481, 6.7449889183, 5.82998037338, 7.65975570679, 10.373550415, 10.9251613617, 11.8729696274, 15.8586101532, 21.2955322266, 31.5475311279, 46.069152832, 33.125667572, 32.2653503418, 24.776348114, 27.4895706177, 37.0681343079, 30.3192081451, 32.067276001, 20.5382061005, 16.0171585083, 12.2087049484, 10.6871385574, 3.96067643166, 1.87484002113, 1.87913906574, 0.472344726324, 0.0832158923149, 0.0107658030465, 0.00110665056854, 4.93398620165e-05], "max": [4.18312168121, 27.3195114136, 92.0843734741, 90.0465698242, 83.0496368408, 99.691192627, 49.2675209045, 103.397781372, 201.822280884, 110.27734375, 214.404312134, 246.134689331, 114.654960632, 320.699829102, 156.702087402, 444.830535889, 533.382141113, 581.728393555, 819.499084473, 1759.57543945, 2026.16772461, 957.693115234, 780.633178711, 235.011367798, 249.187576294, 346.037139893, 223.157821655, 511.521697998, 904.073913574, 325.195678711, 356.610229492, 791.634094238, 233.815963745, 41.157043457, 29.2917156219, 4.5199637413, 0.589759111404, 0.0882744193077, 0.0101891998202, 0.000395348499296], "dmean": [0.293167263269, 2.71775984764, 10.7325334549, 7.68079137802, 7.48405075073, 4.05104827881, 2.82487368584, 3.00705265999, 3.38999724388, 3.39114546776, 3.84418582916, 4.09314441681, 3.51541376114, 4.80405044556, 6.53208255768, 6.72276687622, 7.32898044586, 9.76332759857, 13.2376937866, 19.225736618, 28.0992336273, 20.0751361847, 19.3911724091, 14.9369726181, 16.5987110138, 22.6789417267, 18.9757270813, 19.2112121582, 12.8999547958, 9.72791099548, 7.64637136459, 6.74926328659, 2.65786910057, 1.27683079243, 1.14940071106, 0.316014200449, 0.0580438710749, 0.00721468450502, 0.00079719995847, 3.26783410856e-05]}, "dissonance": {"dvar": 0.000114067341201, "mean": 0.491229891777, "min": 0, "median": 0.492752403021, "dvar2": 0.000286748603685, "var": 0.000106232022517, "dmean2": 0.00972446799278, "max": 0.500000119209, "dmean": 0.00564541807398}, "erbbands_flatness_db": {"dvar": 0.000124449026771, "mean": 0.104428887367, "min": 0.0318722613156, "median": 0.0953138098121, "dvar2": 0.00028667182778, "var": 0.00131719990168, "dmean2": 0.0187510680407, "max": 0.331743061543, "dmean": 0.0119978673756}, "melbands_kurtosis": {"dvar": 2753.77880859, "mean": 46.3446731567, "min": -1.94703423977, "median": 28.9953517914, "dvar2": 5571.359375, "var": 6319.75097656, "dmean2": 44.7860717773, "max": 3744.58544922, "dmean": 27.9124336243}, "melbands_spread": {"dvar": 201.831314087, "mean": 25.7068138123, "min": 0.207540899515, "median": 17.1032028198, "dvar2": 491.890716553, "var": 722.042053223, "dmean2": 19.9839916229, "max": 268.504241943, "dmean": 12.1325550079}, "melbands_skewness": {"dvar": 2.79751777649, "mean": 5.40595817566, "min": -1.57375586033, "median": 5.1533908844, "dvar2": 6.66505813599, "var": 9.55138015747, "dmean2": 2.68640160561, "max": 56.3722343445, "dmean": 1.69282770157}, "spectral_entropy": {"dvar": 0.013485156931, "mean": 8.11919975281, "min": 6.58610630035, "median": 8.1337594986, "dvar2": 0.0297779906541, "var": 0.10827074945, "dmean2": 0.17763081193, "max": 9.82415103912, "dmean": 0.114267669618}, "zerocrossingrate": {"dvar": 0.000221310532652, "mean": 0.0824433863163, "min": 0, "median": 0.0703125, "dvar2": 0.000358600402251, "var": 0.00551986927167, "dmean2": 0.0205265507102, "max": 0.52685546875, "dmean": 0.0159936919808}, "average_loudness": 0.950942754745, "spectral_contrast_coeffs": {"dvar": [0.00198178831488, 0.00111715530511, 0.000578982639126, 0.000590477604419, 0.000281600106973, 0.000355581258191], "mean": [-0.654429316521, -0.80557256937, -0.845960140228, -0.811889708042, -0.809766411781, -0.750225543976], "min": [-0.98229187727, -0.99925917387, -0.998398125172, -0.988779187202, -0.989426136017, -0.965803861618], "median": [-0.645770251751, -0.805710434914, -0.84642291069, -0.822099089622, -0.81090515852, -0.746802687645], "dvar2": [0.00579134980217, 0.00321670970879, 0.00169185223058, 0.00155246746726, 0.000742568285204, 0.000911333772819], "var": [0.00654774066061, 0.00257380702533, 0.00135474686977, 0.00326831149869, 0.00167272111867, 0.00228697247803], "dmean2": [0.0952044948936, 0.0723206698895, 0.0518840178847, 0.0483840629458, 0.0342559814453, 0.0332856923342], "max": [-0.425613045692, -0.605565011501, -0.648684024811, -0.534707605839, -0.645888328552, -0.527505338192], "dmean": [0.0566738992929, 0.0426211841404, 0.0302329659462, 0.0286467969418, 0.0206711031497, 0.0200686044991]}, "barkbands_flatness_db": {"dvar": 0.000763403484598, "mean": 0.123830638826, "min": 0.0216695833951, "median": 0.120227642357, "dvar2": 0.00172964320518, "var": 0.0021354528144, "dmean2": 0.0481484271586, "max": 0.519218027592, "dmean": 0.0308651402593}, "silence_rate_30dB": {"dvar": 0.018868971616, "mean": 0.986815094948, "min": 0, "median": 1, "dvar2": 0.0508420318365, "var": 0.0130118262023, "dmean2": 0.0384823270142, "max": 1, "dmean": 0.0192390829325}, "spectral_energyband_high": {"dvar": 3.75377794626e-06, "mean": 0.00320293544792, "min": 7.07690495661e-21, "median": 0.00252150022425, "dvar2": 8.03122748039e-06, "var": 9.88165447779e-06, "dmean2": 0.00230326224118, "max": 0.0317321494222, "dmean": 0.00149256864097}, "melbands_flatness_db": {"dvar": 0.00133044039831, "mean": 0.202251777053, "min": -3.96917101853e-07, "median": 0.203419342637, "dvar2": 0.00307918037288, "var": 0.00436288258061, "dmean2": 0.0632253885269, "max": 0.518304884434, "dmean": 0.0403352305293}, "barkbands": {"dvar": [1.22828964777e-07, 0.000151943109813, 0.000114799833682, 6.20426089881e-06, 5.85965381106e-06, 1.6469749653e-07, 1.20251286262e-07, 8.30882811442e-08, 8.54887929336e-08, 4.8601147995e-08, 7.88527358964e-08, 9.74562937017e-08, 1.35283315217e-07, 2.30198310192e-07, 7.75778801199e-07, 1.70328348759e-06, 5.18359684065e-07, 3.27178213411e-07, 1.92874892946e-07, 6.66856294629e-07, 4.8633495453e-07, 3.57141885843e-07, 1.87572496202e-07, 4.10372422266e-07, 2.81032299654e-08, 2.65896127338e-09, 2.35169696217e-11], "mean": [0.000391602749005, 0.0190575867891, 0.0144654344767, 0.00382809760049, 0.0023520020768, 0.000573746219743, 0.000355798169039, 0.000248582829954, 0.000252608326264, 0.000195005544811, 0.000215287844185, 0.000229220619076, 0.000251110846875, 0.000333144300384, 0.000495612446684, 0.000979338772595, 0.000708215287887, 0.000686988525558, 0.000497427536175, 0.000674573588185, 0.000732304935809, 0.000681482604705, 0.000558136496693, 0.000467185280286, 0.000268192990916, 8.19802153273e-05, 8.04118826636e-06], "min": [1.51900097681e-25, 2.15564367619e-24, 3.79223901415e-25, 1.79678133477e-25, 7.04179684717e-24, 1.03341362341e-23, 9.10097624529e-24, 7.53758251547e-24, 1.648732387e-23, 1.14249423283e-23, 1.33128087479e-23, 1.63657951144e-23, 2.3427393948e-23, 3.77795490267e-23, 2.86683696544e-23, 5.02891601113e-23, 4.08202954274e-23, 7.78414998441e-23, 1.11941798453e-22, 1.77543042191e-22, 2.67593054379e-22, 2.87921078517e-22, 3.85946550187e-22, 5.00446340566e-22, 8.64953342666e-22, 1.28353853949e-21, 1.86809411329e-21], "median": [0.000246713898377, 0.0131015796214, 0.0100483596325, 0.0030723894015, 0.00151581142563, 0.000461874267785, 0.000232025486184, 0.000130426924443, 0.0001291159424, 9.95981754386e-05, 9.21621103771e-05, 8.56968108565e-05, 9.73379428615e-05, 0.000139217474498, 0.000203192510526, 0.00027626415249, 0.000316128192935, 0.000438112212578, 0.000371609232388, 0.00041513791075, 0.000503592542373, 0.000512177648488, 0.000396587478463, 0.000261530512944, 0.000198580586584, 6.12894800724e-05, 6.368979939e-06], "dvar2": [3.33798112706e-07, 0.000392451474909, 0.000314772449201, 1.68264286913e-05, 1.63883232744e-05, 4.51016887837e-07, 3.11321372237e-07, 1.95751937326e-07, 2.04547276894e-07, 1.23636112903e-07, 1.93881618316e-07, 2.38729313651e-07, 3.48973514974e-07, 5.67739505186e-07, 1.97959411707e-06, 4.46268859378e-06, 1.39581743497e-06, 9.0439084488e-07, 5.03983528688e-07, 1.69475379153e-06, 1.2320509768e-06, 7.64656817864e-07, 4.16040023765e-07, 9.71642748482e-07, 6.8706839329e-08, 5.45712763866e-09, 5.25503980608e-11], "var": [1.82400640369e-07, 0.00033903089934, 0.000196608554688, 1.06456345748e-05, 6.95786548022e-06, 2.48031966521e-07, 1.60285779316e-07, 1.29862954168e-07, 1.83844193202e-07, 8.65471321276e-08, 1.19582182379e-07, 1.69167464037e-07, 2.65267090072e-07, 4.22422914426e-07, 1.42698218042e-06, 4.43159160568e-06, 1.3542163515e-06, 7.16747308616e-07, 2.44106900027e-07, 6.90256854341e-07, 5.96025245159e-07, 6.80794755681e-07, 4.46581395863e-07, 1.05878132217e-06, 7.10519927338e-08, 5.17227372043e-09, 4.96708750519e-11], "dmean2": [0.000442930846475, 0.0173099450767, 0.0161336865276, 0.00385483377613, 0.00296211964451, 0.000570777337998, 0.000373853632482, 0.000296203914331, 0.000277382641798, 0.000211267964914, 0.000247409421718, 0.000261797365965, 0.000283445493551, 0.000345769192791, 0.000519071065355, 0.000852046301588, 0.00061945192283, 0.000606994202826, 0.000489711936098, 0.000803752685897, 0.000822266971227, 0.000516500906087, 0.000460023904452, 0.00034566418617, 0.000188397432794, 6.80048397044e-05, 5.541878636e-06], "max": [0.00442935666069, 0.123321563005, 0.0910918861628, 0.0273865163326, 0.0264089498669, 0.0093372547999, 0.0126689765602, 0.00759515166283, 0.0110598979518, 0.00552402855828, 0.00767439557239, 0.0108014820144, 0.0111623266712, 0.0138537660241, 0.0267487484962, 0.0311435516924, 0.0177870970219, 0.0124661661685, 0.00440350687131, 0.00748389400542, 0.0105031877756, 0.0201225336641, 0.011637236923, 0.0212240386754, 0.00323129654862, 0.000502751616295, 5.42036978004e-05], "dmean": [0.000271716009593, 0.0106972930953, 0.00959012378007, 0.00233772955835, 0.0017112911446, 0.000341097300407, 0.000235542087466, 0.000182862917427, 0.00016736186808, 0.000130811851704, 0.000156179288751, 0.000162045253091, 0.000172203610418, 0.000213857798371, 0.000313945842208, 0.000521306297742, 0.000371765025193, 0.000365853047697, 0.000292751647066, 0.00049305689754, 0.000498111592606, 0.00032323441701, 0.000287096510874, 0.000224236922804, 0.000123483288917, 4.65284283564e-05, 3.96979021389e-06]}, "erbbands_spread": {"dvar": 205.609024048, "mean": 66.0697784424, "min": 3.18375658989, "median": 66.1944580078, "dvar2": 487.708831787, "var": 830.631835938, "dmean2": 23.9386444092, "max": 165.236846924, "dmean": 15.0235509872}, "barkbands_kurtosis": {"dvar": 784.498352051, "mean": 8.6079120636, "min": -1.95679724216, "median": 3.07097959518, "dvar2": 994.211303711, "var": 2148.11743164, "dmean2": 11.0026464462, "max": 2763.43774414, "dmean": 7.0675740242}, "spectral_flux": {"dvar": 0.000716766633559, "mean": 0.112954206765, "min": 6.28945853731e-11, "median": 0.112813256681, "dvar2": 0.00195670570247, "var": 0.00223122444004, "dmean2": 0.048203535378, "max": 0.308882504702, "dmean": 0.0290754977614}, "silence_rate_20dB": {"dvar": 0, "mean": 1, "min": 1, "median": 1, "dvar2": 0, "var": 0, "dmean2": 0, "max": 1, "dmean": 0}, "gfcc": {"cov": [[42181.6015625, 685.67590332, -2415.09521484, 2518.02294922, -1500.8939209, 948.575256348, -988.504089355, 561.658081055, -781.161315918, 269.424499512, -745.617126465, 34.0575523376, -517.898681641], [685.67590332, 533.946960449, -204.10697937, -89.5258712769, 69.4467391968, 11.3159637451, -23.2344493866, 7.81324291229, 11.7197875977, -19.1115951538, -8.53132152557, -5.39207029343, -6.02960968018], [-2415.09521484, -204.10697937, 714.776428223, 15.4952745438, 14.206237793, -70.3676452637, 123.826385498, -16.4833889008, -29.1262187958, 27.8444499969, 52.4897537231, 12.0795583725, 6.8436999321], [2518.02294922, -89.5258712769, 15.4952745438, 461.756500244, -66.7656784058, 13.0282640457, -79.8713912964, 29.0733795166, -21.9902019501, -3.89140343666, -60.5051727295, -1.86215138435, -22.5066280365], [-1500.8939209, 69.4467391968, 14.206237793, -66.7656784058, 201.065963745, -31.387014389, 23.7333030701, -1.08916342258, 58.614818573, -12.7618017197, 4.74480056763, -0.394317895174, 30.2298049927], [948.575256348, 11.3159637451, -70.3676452637, 13.0282640457, -31.387014389, 146.987182617, 10.9571533203, 14.0338659286, -19.515838623, 9.6735534668, -1.98070585728, -15.1166248322, -4.14653778076], [-988.504089355, -23.2344493866, 123.826385498, -79.8713912964, 23.7333030701, 10.9571533203, 152.282211304, -6.99238300323, -23.0375061035, 19.3460979462, 39.205078125, -3.33211541176, 2.07005023956], [561.658081055, 7.81324291229, -16.4833889008, 29.0733795166, -1.08916342258, 14.0338659286, -6.99238300323, 58.6372070312, 14.1888475418, 9.01441764832, -11.3229827881, 9.6485004425, -0.49187463522], [-781.161315918, 11.7197875977, -29.1262187958, -21.9902019501, 58.614818573, -19.515838623, -23.0375061035, 14.1888475418, 107.629417419, -5.11434221268, 7.4219789505, 5.3766579628, 30.7539577484], [269.424499512, -19.1115951538, 27.8444499969, -3.89140343666, -12.7618017197, 9.6735534668, 19.3460979462, 9.01441764832, -5.11434221268, 47.8618545532, 12.9612112045, 3.27840256691, -3.85894656181], [-745.617126465, -8.53132152557, 52.4897537231, -60.5051727295, 4.74480056763, -1.98070585728, 39.205078125, -11.3229827881, 7.4219789505, 12.9612112045, 70.9799957275, 11.6498842239, 11.7937469482], [34.0575523376, -5.39207029343, 12.0795583725, -1.86215138435, -0.394317895174, -15.1166248322, -3.33211541176, 9.6485004425, 5.3766579628, 3.27840256691, 11.6498842239, 41.9480171204, 15.7063522339], [-517.898681641, -6.02960968018, 6.8436999321, -22.5066280365, 30.2298049927, -4.14653778076, 2.07005023956, -0.49187463522, 30.7539577484, -3.85894656181, 11.7937469482, 15.7063522339, 46.7995147705]], "mean": [14.6271848679, 49.4688415527, -85.2694854736, 69.5418548584, -41.0448188782, 25.8899707794, -33.4927711487, 13.6255741119, -20.3047008514, 2.87182116508, -21.5331764221, 0.826864004135, -13.5914268494], "icov": [[0.000321119878208, -0.000489219615702, 0.000756062392611, -0.00120543199591, 0.00112623721361, -0.000990634318441, 0.000717296032235, -0.00143988174386, 0.00151989399455, -0.00208782614209, 0.00128488277551, -0.00126677262597, 0.000868594564963], [-0.000489219615702, 0.00308736576699, -0.000521913578268, 0.00223641726188, -0.00269533437677, 0.00145126215648, -0.000852774246596, 0.00166433176491, -0.00187304802239, 0.00373328896239, -0.00222909683362, 0.00182743510231, -0.000452274165582], [0.000756062392611, -0.000521913578268, 0.00383497960865, -0.00320610729977, 0.00237764883786, -0.00122378277592, 0.000250243174378, -0.0034095600713, 0.00414959155023, -0.00533194094896, 0.00215952680446, -0.00292188860476, 0.00177562772296], [-0.00120543199591, 0.00223641726188, -0.00320610729977, 0.00742265908048, -0.00381461740471, 0.00340182892978, -0.00131260964554, 0.00433757668361, -0.00536481011659, 0.00789319165051, -0.00310598150827, 0.00455660512671, -0.00271418504417], [0.00112623721361, -0.00269533437677, 0.00237764883786, -0.00381461740471, 0.0112885488197, -0.00232905498706, 0.000618299352936, -0.00488622672856, 0.00195892341435, -0.00614098040387, 0.00597016932443, -0.0031473650597, 0.000115129339974], [-0.000990634318441, 0.00145126215648, -0.00122378277592, 0.00340182892978, -0.00232905498706, 0.0117603894323, -0.00337782129645, 0.00143460149411, -0.00271596107632, 0.0052627180703, -0.00499102845788, 0.00854754634202, -0.00564197776839], [0.000717296032235, -0.000852774246596, 0.000250243174378, -0.00131260964554, 0.000618299352936, -0.00337782129645, 0.0122764809057, -0.00446359161288, 0.00676769856364, -0.00673495978117, -0.00110713148024, -0.00056647346355, 0.00133794266731], [-0.00143988174386, 0.00166433176491, -0.0034095600713, 0.00433757668361, -0.00488622672856, 0.00143460149411, -0.00446359161288