{"tonal": {"chords_number_rate": 0.000850856944453, "thpcp": [1, 0.405223578215, 0.170473217964, 0.165847152472, 0.200804129243, 0.436737060547, 0.5409258008, 0.312965780497, 0.171232253313, 0.159426644444, 0.178124949336, 0.412377774715, 0.558601081371, 0.462880045176, 0.73757314682, 0.800226390362, 0.389866530895, 0.232839584351, 0.22383724153, 0.221366867423, 0.501876831055, 0.728195846081, 0.465001225471, 0.219994068146, 0.175408259034, 0.19473785162, 0.550712049007, 0.798426508904, 0.506163954735, 0.242946207523, 0.151890307665, 0.116826623678, 0.255257189274, 0.347499847412, 0.372884333134, 0.892116546631], "hpcp": {"dvar": [0.0264780074358, 0.0284453164786, 0.0204678550363, 0.0183904971927, 0.019276002422, 0.0197620913386, 0.0251968521625, 0.0301021933556, 0.0310551598668, 0.0340297408402, 0.0333223044872, 0.0270988717675, 0.023894591257, 0.0231854431331, 0.0258029028773, 0.0309736840427, 0.0331162363291, 0.0348978042603, 0.0293820053339, 0.0255445092916, 0.0245021469891, 0.0288740638644, 0.0296070817858, 0.0333340018988, 0.049527797848, 0.0186576656997, 0.0102477008477, 0.0136500000954, 0.0188237726688, 0.0220140181482, 0.029290298, 0.0337831638753, 0.0251592174172, 0.0217407904565, 0.0219706445932, 0.0225594937801], "mean": [0.147764384747, 0.183015301824, 0.105887956917, 0.0579342357814, 0.053939960897, 0.0602662935853, 0.139522731304, 0.18899551034, 0.156609535217, 0.24954842031, 0.270746350288, 0.131906345487, 0.0787782892585, 0.0757324621081, 0.0748966410756, 0.169803589582, 0.246375724673, 0.157327204943, 0.0744321718812, 0.0593471340835, 0.0658870562911, 0.186326369643, 0.270137369633, 0.171254083514, 0.0821977332234, 0.0513901412487, 0.0395267903805, 0.0863629952073, 0.117572121322, 0.126160636544, 0.301836192608, 0.338337182999, 0.137102201581, 0.0576774291694, 0.0561122559011, 0.067939504981], "min": [0, 0, 0, 0, 0, 0, 0, 0, 0, 0, 0, 0, 0, 0, 0, 0, 0, 0, 0, 0, 0, 0, 2.78327424894e-05, 1.91745239135e-05, 7.10480162525e-06, 1.0726193068e-05, 0, 0, 0, 0, 0, 0, 0, 0, 0, 0], "median": [0.0465126261115, 0.0593342594802, 0.0387763045728, 0.015882819891, 0.0112428152934, 0.0135422479361, 0.0474494993687, 0.0660859048367, 0.0763789638877, 0.0754145905375, 0.0732645317912, 0.0473891124129, 0.0229213703424, 0.0196714885533, 0.0234579760581, 0.0594616308808, 0.0757558941841, 0.0514577254653, 0.0171060524881, 0.0116368355229, 0.0191731117666, 0.0695197284222, 0.0853347480297, 0.0559093952179, 0.0143334362656, 0.00978005118668, 0.0100108468905, 0.0254967752844, 0.0321310907602, 0.0625552237034, 0.127389863133, 0.142369627953, 0.0657617002726, 0.0149602973834, 0.0131745748222, 0.0189897678792], "dvar2": [0.0707338228822, 0.0731756240129, 0.0566714257002, 0.0515830218792, 0.0545205026865, 0.0568180046976, 0.0684458091855, 0.0765909403563, 0.0896944180131, 0.0939716100693, 0.0892472490668, 0.077971085906, 0.0683692246675, 0.0642842203379, 0.0718547925353, 0.0849177613854, 0.0881604030728, 0.0956649109721, 0.0817201733589, 0.0721523314714, 0.0706530883908, 0.0809399932623, 0.0729686096311, 0.0977893769741, 0.139121800661, 0.0524458028376, 0.0287985652685, 0.0352320708334, 0.0482870303094, 0.0623830631375, 0.0774462819099, 0.0876678302884, 0.0713446438313, 0.0624564625323, 0.063052020967, 0.0645350664854], "var": [0.0522120706737, 0.0722258239985, 0.029592551291, 0.0169463325292, 0.0186253488064, 0.0199891161174, 0.0452835634351, 0.0730594545603, 0.0403618514538, 0.102093972266, 0.123281337321, 0.0373786874115, 0.0257481578737, 0.0248972997069, 0.0234736315906, 0.0555110611022, 0.112537242472, 0.0518133081496, 0.0256314892322, 0.0207436885685, 0.0195113290101, 0.0611069314182, 0.121113151312, 0.0584447830915, 0.0381237305701, 0.0151533307508, 0.0103194890544, 0.0258638653904, 0.0462825410068, 0.0300056617707, 0.114742904902, 0.138967916369, 0.0319489091635, 0.0172323007137, 0.0179100316018, 0.0204939898103], "dmean2": [0.146475344896, 0.157834082842, 0.127842381597, 0.0958043858409, 0.0929268822074, 0.10428377986, 0.146558567882, 0.170465365052, 0.207008466125, 0.210221946239, 0.186500430107, 0.169649273157, 0.123629696667, 0.114873692393, 0.126174435019, 0.173689901829, 0.168279483914, 0.184305518866, 0.137440785766, 0.116562314332, 0.123922139406, 0.174692869186, 0.164423003793, 0.195514708757, 0.182857260108, 0.103407502174, 0.0625230446458, 0.0901848077774, 0.114109560847, 0.168305248022, 0.192020773888, 0.199305534363, 0.168923273683, 0.102216094732, 0.100202262402, 0.115892678499], "max": [1, 1, 1, 1, 1, 1, 1, 1, 1, 1, 1, 1, 1, 1, 1, 1, 1, 1, 1, 1, 1, 1, 1, 1, 1, 1, 1, 1, 1, 1, 1, 1, 1, 1, 1, 1], "dmean": [0.0861831903458, 0.0930293649435, 0.0737695768476, 0.053860232234, 0.0517762824893, 0.0580892674625, 0.0867602154613, 0.101454779506, 0.11690120399, 0.119101062417, 0.106403619051, 0.0942992791533, 0.0687563642859, 0.0647243782878, 0.0704206079245, 0.100422233343, 0.0970800593495, 0.105212435126, 0.076616242528, 0.0641538351774, 0.068301923573, 0.101377479732, 0.096730209887, 0.110098987818, 0.0987040325999, 0.0566663332283, 0.0352924205363, 0.0540053993464, 0.0674847960472, 0.0942127630115, 0.110807240009, 0.114301472902, 0.0948316454887, 0.0567475408316, 0.055479016155, 0.0645390897989]}, "key_strength": 0.834128558636, "chords_strength": {"dvar": 4.40834483015e-05, "mean": 0.5090508461, "min": 0.226838409901, "median": 0.50993013382, "dvar2": 4.56414200016e-05, "var": 0.00923347193748, "dmean2": 0.00659563718364, "max": 0.782057106495, "dmean": 0.00719985133037}, "tuning_equal_tempered_deviation": 0.258724987507, "chords_key": "C", "tuning_frequency": 434.193115234, "chords_scale": "major", "chords_changes_rate": 0.0520845986903, "key_scale": "major", "tuning_diatonic_strength": 0.589263737202, "hpcp_entropy": {"dvar": 0.211606368423, "mean": 2.05683088303, "min": 0.0370475314558, "median": 2.05822229385, "dvar2": 0.58187520504, "var": 0.598845362663, "dmean2": 0.872188508511, "max": 4.59821414948, "dmean": 0.51577013731}, "chords_histogram": [21.7819366455, 11.8998422623, 12.4711313248, 5.56703519821, 9.61468315125, 0.942020177841, 5.65212106705, 0.0121550988406, 4.08411312103, 0.0486203953624, 1.25805270672, 0.35249787569, 0.127628535032, 0, 0, 0.583444774151, 0.151938736439, 5.48802709579, 0.0243101976812, 1.86580765247, 1.12434661388, 2.27300357819, 3.10562777519, 11.5716543198], "tuning_nontempered_energy_ratio": 0.969726264477, "key_key": "C"}, "metadata": {"version": {"extractor": "music 1.0", "essentia_build_sha": "70f2e5ece6736b2c40cc944ad0e695b16b925413", "essentia": "2.1-beta2", "essentia_git_sha": "v2.1_beta2"}, "audio_properties": {"sample_rate": 44100, "length": 764.055480957, "lossless": false, "analysis_sample_rate": 44100, "downmix": "mix", "bit_rate": 320000, "equal_loudness": 0, "md5_encoded": "8bd54811db106cf927ed7b1f3a8b605d", "codec": "mp3", "replay_gain": -14.4912853241}, "tags": {"genre": ["Rock"], "musicbrainz_recordingid": ["d359eb91-35f1-4554-aba2-1b2a795ceb1d"], "language": ["eng"], "title": ["Timothy"], "artist": ["As Cities Burn"], "discnumber": ["1/1"], "artistsort": ["As Cities Burn"], "originaldate": ["2007-08-14"], "musicbrainz_artistid": ["d570eb4d-557b-41c2-9753-bd4cd08defe7"], "encodedby": ["iTunes v7.6.0.29"], "tracknumber": ["10/10"], "musicbrainz_albumartistid": ["d570eb4d-557b-41c2-9753-bd4cd08defe7"], "musicbrainz album status": ["Official"], "date": ["2007-08-14"], "albumartistsort": ["As Cities Burn"], "musicbrainz_releasegroupid": ["ff1164d2-5d4a-37c6-abb1-6c115b2a7a78"], "media": ["CD"], "musicbrainz album release country": ["US"], "bpm": ["0"], "label": ["Tooth & Nail Records"], "musicbrainz album type": ["album"], "asin": ["B000TE8BGW"], "script": ["Latn"], "musicbrainz_albumid": ["ee9ec74d-56be-4899-aa21-48222372ba27"], "file_name": "10 Timothy.mp3", "album": ["Come Now Sleep"], "albumartist": ["As Cities Burn"]}}, "lowlevel": {"melbands": {"dvar": [1.15884349725e-05, 7.57835869081e-06, 6.9116481427e-07, 1.26151505242e-07, 3.37791696836e-08, 2.56528167597e-08, 1.6309725126e-08, 2.29240537664e-08, 1.52237156215e-08, 2.00440393172e-08, 2.7155829585e-08, 1.60137698657e-08, 2.16073008374e-08, 6.58676890808e-09, 8.91511042767e-09, 5.59491875052e-09, 8.53136494783e-09, 5.15627363029e-09, 5.69554270413e-09, 9.28605370376e-09, 5.1614632568e-09, 3.53524787222e-09, 9.66492774701e-10, 3.40736577842e-10, 4.13434453339e-10, 2.5374516377e-10, 8.82764070176e-11, 7.60375165609e-11, 7.96093885258e-11, 2.0059735123e-11, 1.00352313265e-11, 4.2052750171e-12, 2.66782624637e-12, 2.69875333019e-12, 3.48685967252e-12, 3.55245347028e-12, 4.03943935592e-12, 3.02649485334e-12, 8.8580293274e-13, 1.61839855753e-12], "mean": [0.00263893022202, 0.00321592600085, 0.000861846085172, 0.00039841060061, 0.000311282230541, 0.000234823150095, 0.000170730971149, 0.000159411181812, 0.000134458037792, 0.000142706441693, 0.000144328194438, 0.000104672057205, 0.000111869245302, 6.00555977144e-05, 8.56513070175e-05, 7.15518108336e-05, 7.14423222234e-05, 6.65797924739e-05, 6.48332716082e-05, 8.25957758934e-05, 7.4575887993e-05, 4.9965816288e-05, 2.76104983641e-05, 1.96219843929e-05, 2.14320480154e-05, 1.92330207938e-05, 1.03935608422e-05, 8.53518849908e-06, 8.32968089526e-06, 4.55511280961e-06, 3.22053574564e-06, 1.9108442757e-06, 1.20846470963e-06, 1.12572217859e-06, 1.1058000382e-06, 1.15026682579e-06, 9.69899701886e-07, 7.45628653931e-07, 5.08686696321e-07, 5.16476063694e-07], "min": [3.41081446198e-24, 8.74961444266e-24, 5.62748520666e-24, 5.7061448941e-24, 6.45940292895e-24, 1.4460839601e-23, 3.99218364989e-24, 7.72890179537e-24, 3.78006526336e-24, 6.17516332859e-24, 5.5993844035e-24, 1.07048543168e-23, 1.15979387359e-23, 8.35210348821e-24, 7.44748197832e-24, 7.82492352247e-24, 9.60670234985e-24, 5.45191435144e-24, 4.73262269502e-24, 7.42826374894e-24, 9.77828906307e-24, 7.70975140803e-24, 5.82906401706e-24, 3.95984824138e-24, 3.54223040575e-24, 6.4779667982e-24, 1.13841629526e-23, 9.29273965388e-24, 1.10528910707e-23, 1.51605828897e-23, 9.32569747363e-24, 1.04890409058e-23, 1.40543474651e-23, 1.13381408074e-23, 6.78884859791e-24, 8.73134284637e-24, 1.19659904687e-23, 1.03773626563e-23, 1.36825273438e-23, 1.52965746212e-23], "median": [0.00141462997999, 0.00268329540268, 0.00060683459742, 0.00022043637, 0.000163431977853, 0.000108229432954, 8.69607683853e-05, 6.68681459501e-05, 4.6006993216e-05, 5.35694161954e-05, 4.93055558763e-05, 3.55363663402e-05, 2.56329640251e-05, 2.00915837922e-05, 2.86748672806e-05, 2.34488325077e-05, 2.00075464818e-05, 2.37111598835e-05, 2.4049772037e-05, 2.82017244899e-05, 2.8811966331e-05, 1.84707278095e-05, 1.13128862722e-05, 7.82497409091e-06, 7.2661955528e-06, 7.66264383856e-06, 4.47830689154e-06, 3.27618590745e-06, 2.62890853264e-06, 1.16567127861e-06, 7.39935273941e-07, 4.08965576071e-07, 2.97615059708e-07, 1.9438613208e-07, 1.43672011177e-07, 1.27077171896e-07, 8.8479012561e-08, 6.38498249828e-08, 5.71684424244e-08, 4.18026964155e-08], "dvar2": [3.00876872643e-05, 2.13616222027e-05, 1.92521520148e-06, 3.61648972103e-07, 8.75163195246e-08, 6.53895639857e-08, 3.99326012257e-08, 5.26444914328e-08, 3.19825232964e-08, 4.65580143327e-08, 6.20001259222e-08, 3.66051295941e-08, 5.37277102808e-08, 1.61417137434e-08, 2.18406199792e-08, 1.40245015601e-08, 1.91958839935e-08, 1.18639364999e-08, 1.38095197499e-08, 2.20205027546e-08, 1.24367023346e-08, 9.13923337009e-09, 2.47060460978e-09, 8.98243757153e-10, 1.10289855026e-09, 6.72635835919e-10, 2.2456463078e-10, 1.996109944e-10, 2.21340695772e-10, 5.01139928166e-11, 2.63599021083e-11, 1.11856019239e-11, 6.72675934052e-12, 6.43130167177e-12, 7.42591231562e-12, 7.56682303621e-12, 8.01236681169e-12, 5.70874207281e-12, 1.68681269039e-12, 3.0883288548e-12], "var": [1.74566575879e-05, 9.92425702862e-06, 9.23942309328e-07, 2.93455116207e-07, 1.9480545177e-07, 1.16113163529e-07, 5.81129064869e-08, 7.83594202858e-08, 8.01897570568e-08, 8.325356049e-08, 1.14751259161e-07, 5.57651631539e-08, 1.1299905367e-07, 1.85718711521e-08, 3.00414555454e-08, 2.14189963543e-08, 2.95919289073e-08, 1.9544552643e-08, 1.60394986182e-08, 3.74207047571e-08, 1.67692366659e-08, 8.43291125818e-09, 2.34616681638e-09, 9.02623420451e-10, 1.24054133632e-09, 8.04954103373e-10, 2.39919667466e-10, 1.89759513658e-10, 2.01408584255e-10, 6.11681816309e-11, 3.04361744141e-11, 1.04016795177e-11, 5.5487580676e-12, 6.57781034502e-12, 8.98608010919e-12, 9.99533442125e-12, 1.3148431996e-11, 1.0332464051e-11, 2.95944258683e-12, 4.76031974256e-12], "dmean2": [0.0024643773213, 0.00239953910932, 0.000735700712539, 0.000337850680808, 0.000193901054445, 0.000144335252116, 0.000108765336336, 0.000118166863103, 7.69474572735e-05, 9.03939726413e-05, 9.37857257668e-05, 7.77140667196e-05, 7.64789292589e-05, 4.59572729596e-05, 5.65633818042e-05, 4.71904713777e-05, 5.03900446347e-05, 4.6275297791e-05, 4.76089153381e-05, 5.67311035411e-05, 5.4117070249e-05, 3.96253963117e-05, 2.26136726269e-05, 1.54009558173e-05, 1.60176314239e-05, 1.39020021379e-05, 7.6592714322e-06, 6.33409672446e-06, 5.96407062403e-06, 3.21143124893e-06, 2.38718212131e-06, 1.42918236179e-06, 9.54210008786e-07, 8.20084721909e-07, 7.46257001083e-07, 7.71370594066e-07, 6.16009515397e-07, 4.92024582854e-07, 3.334043015e-07, 3.81502132996e-07], "max": [0.043961238116, 0.0391581095755, 0.0174114089459, 0.00577130634338, 0.00464964145795, 0.00551619380713, 0.00337539613247, 0.00537693407387, 0.00438007293269, 0.00544815184548, 0.00689562596381, 0.00452009961009, 0.00506667234004, 0.00331797031686, 0.00380118284374, 0.00266641518101, 0.00459965039045, 0.00319127109833, 0.00286880624481, 0.00623252987862, 0.00233971630223, 0.00223334413022, 0.00123071495909, 0.000471402861876, 0.000502474722452, 0.000397676107241, 0.000299874634948, 0.000331053131958, 0.000652730697766, 0.000230915276916, 9.50271569309e-05, 7.97187603894e-05, 0.000105194609205, 9.40635000006e-05, 0.000110168060928, 9.30839742068e-05, 0.000102219186374, 9.61848927545e-05, 4.84795491502e-05, 7.27862498024e-05], "dmean": [0.00152879394591, 0.00145482330117, 0.000440390314907, 0.000195963701117, 0.000119136057037, 8.92359093996e-05, 6.82651880197e-05, 7.55624423618e-05, 5.11259204359e-05, 5.87341346545e-05, 6.12805015408e-05, 4.97918845213e-05, 4.8334528401e-05, 2.87301136268e-05, 3.61900711141e-05, 2.99436978821e-05, 3.24291650031e-05, 2.95825775538e-05, 2.97679562209e-05, 3.56214550266e-05, 3.35926306434e-05, 2.43259401032e-05, 1.37374372571e-05, 9.26552911551e-06, 9.68602216744e-06, 8.39043332235e-06, 4.6493228183e-06, 3.83668339055e-06, 3.58655438504e-06, 1.94122685571e-06, 1.4364721892e-06, 8.59579245116e-07, 5.8174799733e-07, 5.11801658831e-07, 4.78048605146e-07, 4.96763220781e-07, 4.14827525219e-07, 3.37799690442e-07, 2.31856688515e-07, 2.67497767936e-07]}, "spectral_decrease": {"dvar": 1.20602238479e-17, "mean": -7.61580309927e-09, "min": -4.92738330138e-08, "median": -7.15995041034e-09, "dvar2": 3.16278926131e-17, "var": 2.70295889705e-17, "dmean2": 3.35305050392e-09, "max": 1.58201783792e-28, "dmean": 2.09091921555e-09}, "spectral_rolloff": {"dvar": 373787.8125, "mean": 1425.4765625, "min": 21.533203125, "median": 1291.9921875, "dvar2": 810837.75, "var": 1425303.25, "dmean2": 559.685119629, "max": 18841.5527344, "dmean": 337.092651367}, "melbands_crest": {"dvar": 7.2388548851, "mean": 15.7639455795, "min": 1.79392910004, "median": 15.3497877121, "dvar2": 18.6863632202, "var": 25.8478393555, "dmean2": 4.33701515198, "max": 37.1664009094, "dmean": 2.70979428291}, "barkbands_skewness": {"dvar": 0.454449027777, "mean": 1.58206772804, "min": -3.52815794945, "median": 1.1831176281, "dvar2": 1.14243769646, "var": 3.25212931633, "dmean2": 0.783751904964, "max": 24.9202518463, "dmean": 0.498683512211}, "spectral_centroid": {"dvar": 44764.796875, "mean": 1463.56628418, "min": 133.218475342, "median": 1496.82800293, "dvar2": 101828.359375, "var": 540095, "dmean2": 265.015777588, "max": 11255.1503906, "dmean": 167.271591187}, "spectral_energyband_middle_low": {"dvar": 1.09169022835e-05, "mean": 0.0074984235689, "min": 1.95113562014e-22, "median": 0.00639447150752, "dvar2": 2.89430008706e-05, "var": 3.22543055518e-05, "dmean2": 0.00344768050127, "max": 0.056517932564, "dmean": 0.00210910011083}, "erbbands_crest": {"dvar": 4.365670681, "mean": 9.51572608948, "min": 2.17837142944, "median": 8.38399791718, "dvar2": 10.7049808502, "var": 21.2008495331, "dmean2": 3.25763177872, "max": 30.7937755585, "dmean": 2.04287075996}, "dynamic_complexity": 3.28891730309, "spectral_energyband_low": {"dvar": 0.000179437309271, "mean": 0.0161967929453, "min": 4.12015329702e-23, "median": 0.0126385064796, "dvar2": 0.000474119471619, "var": 0.000292249867925, "dmean2": 0.0115754101425, "max": 0.178685098886, "dmean": 0.00717528164387}, "silence_rate_60dB": {"dvar": 0.00717774266377, "mean": 0.0677059590816, "min": 0, "median": 0, "dvar2": 0.0165068507195, "var": 0.0631435438991, "dmean2": 0.0144658870995, "max": 1, "dmean": 0.00723272329196}, "erbbands_kurtosis": {"dvar": 2.19730734825, "mean": 1.12885296345, "min": -1.79454040527, "median": 0.248821258545, "dvar2": 5.21592283249, "var": 11.0036344528, "dmean2": 1.32964646816, "max": 62.1537475586, "dmean": 0.840133965015}, "spectral_complexity": {"dvar": 10.9975223541, "mean": 21.9368228912, "min": 0, "median": 20, "dvar2": 25.4395904541, "var": 188.59173584, "dmean2": 4.69101953506, "max": 62, "dmean": 2.91545605659}, "barkbands_crest": {"dvar": 5.83390569687, "mean": 10.67436409, "min": 2.12778067589, "median": 9.79920005798, "dvar2": 15.3824539185, "var": 20.8186359406, "dmean2": 3.80362343788, "max": 26.6707878113, "dmean": 2.32356739044}, "spectral_energy": {"dvar": 0.000174434608198, "mean": 0.0307589657605, "min": 1.07733691267e-20, "median": 0.0291075743735, "dvar2": 0.000456514273537, "var": 0.000419141724706, "dmean2": 0.0129271559417, "max": 0.187794789672, "dmean": 0.00808131229132}, "spectral_spread": {"dvar": 284063006720, "mean": 3458049.5, "min": 1059663.625, "median": 3250882.25, "dvar2": 484281253888, "var": 2137425182720.0, "dmean2": 476571.125, "max": 40580640, "dmean": 322915.3125}, "spectral_contrast_valleys": {"dvar": [0.102578617632, 0.0803176984191, 0.0684558078647, 0.0731314197183, 0.0668002665043, 0.112032443285], "mean": [-7.04248046875, -6.89956760406, -7.3458237648, -7.67420530319, -7.58168315887, -10.8855895996], "min": [-27.4548397064, -26.8783302307, -27.6526298523, -27.5703144073, -27.1601448059, -27.277513504], "median": [-6.79398059845, -6.74434995651, -7.22691106796, -7.49664735794, -7.35169029236, -10.8308429718], "dvar2": [0.255376905203, 0.194276258349, 0.159447520971, 0.159774184227, 0.135120809078, 0.209725752473], "var": [0.941195368767, 0.703187465668, 0.898039579391, 1.1435303688, 1.35737729073, 1.78726780415], "dmean2": [0.600289165974, 0.516038715839, 0.456522762775, 0.411777228117, 0.314418613911, 0.295136272907], "max": [-5.20490264893, -5.04963254929, -5.16760778427, -5.36239624023, -5.45256328583, -7.49222946167], "dmean": [0.35980924964, 0.309418171644, 0.274105042219, 0.252929002047, 0.199637308717, 0.208536863327]}, "spectral_rms": {"dvar": 7.40601024063e-07, "mean": 0.00512904580683, "min": 3.24200627282e-12, "median": 0.0053289430216, "dvar2": 1.86758472864e-06, "var": 3.70165571439e-06, "dmean2": 0.00102535786573, "max": 0.0135356727988, "dmean": 0.000651384354569}, "barkbands_spread": {"dvar": 30.7870159149, "mean": 24.4941177368, "min": 0.215076670051, "median": 24.0453662872, "dvar2": 70.3200836182, "var": 225.491607666, "dmean2": 6.78900337219, "max": 110.453857422, "dmean": 4.3146648407}, "pitch_salience": {"dvar": 0.00419060746208, "mean": 0.482400506735, "min": 0.032538164407, "median": 0.485277950764, "dvar2": 0.0111829238012, "var": 0.0154463611543, "dmean2": 0.104755632579, "max": 0.884813427925, "dmean": 0.0640187561512}, "erbbands_skewness": {"dvar": 0.0809190496802, "mean": -0.189052850008, "min": -6.46263217926, "median": -0.228886812925, "dvar2": 0.18703135848, "var": 1.0263979435, "dmean2": 0.422935187817, "max": 4.47587013245, "dmean": 0.272853374481}, "spectral_energyband_middle_high": {"dvar": 8.02098838903e-06, "mean": 0.00754912756383, "min": 1.09530385719e-21, "median": 0.00498232478276, "dvar2": 1.89886541193e-05, "var": 5.98941078351e-05, "dmean2": 0.00253997510299, "max": 0.0749209076166, "dmean": 0.0016309088096}, "erbbands": {"dvar": [0.171097442508, 8.06338500977, 21.5729389191, 24.8127765656, 31.83801651, 31.3938102722, 25.6300792694, 54.6447639465, 71.2603378296, 215.102172852, 216.892807007, 508.860565186, 1080.86669922, 911.015625, 1441.36022949, 1072.31640625, 1513.0111084, 1928.00061035, 2062.06542969, 3649.13452148, 3291.7097168, 1979.65869141, 414.173522949, 463.707885742, 274.554748535, 130.399642944, 102.718070984, 31.7730350494, 10.368637085, 7.18755149841, 8.85153484344, 8.55311584473, 4.02264642715, 1.58670151234, 0.640594244003, 0.114894285798, 0.0115972571075, 0.00137489219196, 5.81818640057e-05, 2.54482188211e-07], "mean": [0.245758250356, 2.57973480225, 5.57173585892, 5.08905363083, 4.25743818283, 7.30865287781, 8.05332756042, 10.1814060211, 10.9108762741, 15.4535207748, 15.6460266113, 22.9462852478, 29.4831104279, 27.0797729492, 29.8069229126, 25.9505844116, 40.235294342, 38.0527839661, 44.6545753479, 55.1683197021, 63.9165916443, 43.0139083862, 25.5226745605, 26.1584625244, 21.4939308167, 13.2301616669, 11.2783470154, 6.35226106644, 3.19052481651, 2.03619909286, 1.93565237522, 1.6813211441, 0.995536744595, 0.59860676527, 0.330521702766, 0.127761751413, 0.036812916398, 0.0104624209926, 0.00201033940539, 0.000179457245395], "min": [3.79221794959e-22, 1.54679412107e-21, 2.57673223159e-20, 2.58146767904e-20, 3.97190545904e-20, 1.36813114226e-19, 1.46486086761e-19, 7.42712443917e-19, 2.6555907198e-19, 7.29067841219e-19, 4.11508783813e-19, 1.00996209212e-18, 1.06370184517e-18, 2.77472876795e-18, 3.34847406211e-18, 3.63833696711e-18, 2.60539352283e-18, 5.62603502187e-18, 3.94979693752e-18, 3.33023555679e-18, 8.62640770078e-18, 7.48010659817e-18, 4.94413462185e-18, 4.84774988251e-18, 1.22655772252e-17, 1.46848083745e-17, 2.25400248368e-17, 1.75148016995e-17, 1.97287340654e-17, 2.23411011344e-17, 1.32867937299e-17, 1.8021602026e-17, 1.5822828572e-17, 1.84374654246e-17, 1.0622711329e-17, 5.49933948976e-18, 3.39177469243e-18, 1.45849209388e-18, 3.94790016067e-19, 3.62508866148e-20], "median": [0.0926455557346, 1.81964981556, 4.25940561295, 3.37574410439, 2.54365420341, 3.471824646, 3.93514871597, 4.66695547104, 5.50883197784, 6.42676639557, 5.76766061783, 8.85305404663, 10.8569383621, 9.82290649414, 8.31280231476, 10.3164081573, 13.0714941025, 13.6818571091, 17.2717952728, 20.8477077484, 26.4933567047, 18.2965011597, 12.0406970978, 10.0316181183, 9.21293735504, 5.50875425339, 3.65357351303, 1.60528886318, 0.747288763523, 0.416173934937, 0.252490878105, 0.169424846768, 0.095577634871, 0.0552859343588, 0.0213329903781, 0.00549527117983, 0.00103624304757, 0.000153969434905, 3.40434235113e-05, 4.01565630455e-05], "dvar2": [0.427728921175, 22.356590271, 61.5567092896, 69.4580917358, 89.5854568481, 90.6625595093, 63.1757736206, 138.913635254, 174.259429932, 482.53692627, 449.341705322, 1162.00195312, 2468.70483398, 2096.47436523, 3600.50097656, 2669.69091797, 3625.24414062, 4421.49414062, 4679.23876953, 9004.97070312, 7807.078125, 5154.15283203, 1101.33911133, 1226.43737793, 712.118713379, 336.226867676, 273.466339111, 80.9017333984, 26.8748054504, 16.8454647064, 18.0472164154, 16.4154396057, 7.17855262756, 2.80299305916, 1.1799929142, 0.221469208598, 0.0202725678682, 0.00239649764262, 0.000104242615635, 4.72934601703e-07], "var": [0.243475720286, 10.6580104828, 30.4734611511, 35.5209388733, 35.4015884399, 121.728492737, 143.58215332, 228.449264526, 254.751647949, 766.187072754, 1176.03161621, 2196.66015625, 4578.95117188, 3364.22167969, 6966.89550781, 2597.3112793, 8060.56396484, 6728.45068359, 8786.18164062, 12436.9082031, 12187.2070312, 4951.62109375, 1316.46459961, 1601.24401855, 920.962463379, 397.69229126, 332.711547852, 112.477760315, 27.6838111877, 18.7110614777, 25.9304943085, 29.7551574707, 15.1940546036, 5.3399605751, 1.8428337574, 0.285847783089, 0.0286255907267, 0.00310477870516, 0.000118640418805, 4.97793848808e-07], "dmean2": [0.260404735804, 2.29762339592, 4.20246219635, 4.46443367004, 4.29266452789, 5.85571193695, 4.93452882767, 6.49405622482, 6.95491981506, 11.3279104233, 8.92000007629, 13.9951267242, 18.5721206665, 18.739780426, 19.466588974, 18.1408119202, 24.0257263184, 25.0210533142, 28.9746780396, 37.6605224609, 41.4571800232, 30.3224468231, 17.3214817047, 17.359752655, 14.0724534988, 8.46795654297, 7.15203857422, 4.23518228531, 2.15939021111, 1.34919977188, 1.16171348095, 0.97635102272, 0.588037669659, 0.386612921953, 0.23555482924, 0.0952518731356, 0.0281427204609, 0.00874687358737, 0.00175169156864, 0.000130650325445], "max": [5.27046442032, 38.7724304199, 74.0519943237, 117.762443542, 108.610328674, 120.709922791, 159.175674438, 268.457641602, 248.909011841, 586.217834473, 572.651123047, 1016.184021, 1349.55126953, 1109.11376953, 1417.54504395, 1736.28259277, 1803.15783691, 2128.63378906, 2224.29614258, 2337.13476562, 2223.63012695, 1770.33605957, 525.631225586, 523.272705078, 521.825317383, 368.711090088, 618.916870117, 201.931488037, 161.811401367, 164.616943359, 172.690750122, 139.156082153, 113.490058899, 69.005897522, 33.2225761414, 12.3339319229, 4.97981357574, 1.3640396595, 0.262804418802, 0.0188279747963], "dmean": [0.162375062704, 1.39766514301, 2.54452466965, 2.67519688606, 2.50243115425, 3.42659115791, 3.08032846451, 3.97933197021, 4.35879993439, 7.28199672699, 5.91606712341, 9.13867950439, 12.1326646805, 12.0227355957, 12.3506193161, 11.4377965927, 15.5092658997, 16.1112632751, 18.5783462524, 23.5292854309, 25.9835414886, 18.670879364, 10.5283727646, 10.5658149719, 8.56999492645, 5.16536664963, 4.32839775085, 2.56670832634, 1.31355321407, 0.849102497101, 0.757629275322, 0.664719939232, 0.414542347193, 0.279437065125, 0.169942840934, 0.0684703364968, 0.0206931903958, 0.0063286870718, 0.00125220988411, 9.16921781027e-05]}, "dissonance": {"dvar": 0.000246859272011, "mean": 0.470736950636, "min": 0.040324755013, "median": 0.478824585676, "dvar2": 0.000683135178406, "var": 0.000706204853486, "dmean2": 0.0234772469848, "max": 0.500000119209, "dmean": 0.0138782132417}, "erbbands_flatness_db": {"dvar": 0.000231491940212, "mean": 0.179064825177, "min": 0.0322648100555, "median": 0.171861723065, "dvar2": 0.000441861251602, "var": 0.00301017798483, "dmean2": 0.0187534987926, "max": 0.405830949545, "dmean": 0.0127801960334}, "melbands_kurtosis": {"dvar": 262.385559082, "mean": 16.7723617554, "min": -1.93763923645, "median": 5.80596065521, "dvar2": 692.301940918, "var": 1199.76635742, "dmean2": 11.408823967, "max": 538.706481934, "dmean": 7.02144289017}, "melbands_spread": {"dvar": 63.6788139343, "mean": 26.1630992889, "min": 0.346992611885, "median": 22.3033790588, "dvar2": 151.639816284, "var": 386.244842529, "dmean2": 9.5771856308, "max": 211.013824463, "dmean": 6.03714179993}, "melbands_skewness": {"dvar": 0.65707296133, "mean": 2.80145835876, "min": -1.9156383276, "median": 2.29563879967, "dvar2": 1.64840710163, "var": 4.23278951645, "dmean2": 1.03392398357, "max": 17.5020236969, "dmean": 0.653784930706}, "spectral_entropy": {"dvar": 0.0173333380371, "mean": 7.3881354332, "min": 5.33728027344, "median": 7.49141407013, "dvar2": 0.0378526970744, "var": 0.283180594444, "dmean2": 0.164501473308, "max": 9.79861068726, "dmean": 0.108025766909}, "zerocrossingrate": {"dvar": 8.30025455798e-05, "mean": 0.0517357625067, "min": 0, "median": 0.04736328125, "dvar2": 9.21622413443e-05, "var": 0.00104430038482, "dmean2": 0.00836795754731, "max": 0.50341796875, "dmean": 0.00697196368128}, "average_loudness": 0.894816994667, "spectral_contrast_coeffs": {"dvar": [0.00138989591505, 0.00102190405596, 0.000718136201613, 0.000587561458815, 0.000275203870842, 0.000300767394947], "mean": [-0.659510850906, -0.743902623653, -0.769403219223, -0.760551095009, -0.777331888676, -0.755031764507], "min": [-0.989655733109, -0.98716044426, -0.989253938198, -0.974976837635, -0.960815668106, -0.958241522312], "median": [-0.665003716946, -0.748810529709, -0.777664542198, -0.773391783237, -0.783750534058, -0.75628477335], "dvar2": [0.00387059547938, 0.00275576696731, 0.00191244785674, 0.00150271656457, 0.000701081880834, 0.000654769537505], "var": [0.00522499578074, 0.00486796023324, 0.00403323723003, 0.00477190222591, 0.00191406859085, 0.00253023370169], "dmean2": [0.0761475861073, 0.0663361921906, 0.0549402013421, 0.0468520633876, 0.0320186913013, 0.0254288446158], "max": [-0.278140336275, -0.437000304461, -0.477076262236, -0.46079325676, -0.534112155437, -0.454740971327], "dmean": [0.0455496497452, 0.0399167314172, 0.0333031788468, 0.0285015255213, 0.0195024944842, 0.0159507319331]}, "barkbands_flatness_db": {"dvar": 0.000400435150368, "mean": 0.163007691503, "min": 0.0169952716678, "median": 0.155545949936, "dvar2": 0.00100107840262, "var": 0.00494462484494, "dmean2": 0.0285792797804, "max": 0.441825270653, "dmean": 0.0182278696448}, "silence_rate_30dB": {"dvar": 0.00453805597499, "mean": 0.996900379658, "min": 0, "median": 1, "dvar2": 0.0124403452501, "var": 0.00308997137472, "dmean2": 0.00911715533584, "max": 1, "dmean": 0.00455843936652}, "spectral_energyband_high": {"dvar": 2.43324649318e-07, "mean": 0.000675680814311, "min": 8.45751786657e-21, "median": 0.000207826000405, "dvar2": 4.81607003167e-07, "var": 1.22461142382e-06, "dmean2": 0.000308438728098, "max": 0.0164186172187, "dmean": 0.00020701365429}, "melbands_flatness_db": {"dvar": 0.000628552748822, "mean": 0.235741257668, "min": 0.00582292955369, "median": 0.224396854639, "dvar2": 0.00153838435654, "var": 0.00793418940157, "dmean2": 0.0361178442836, "max": 0.563741087914, "dmean": 0.0231475625187}, "barkbands": {"dvar": [5.16427519415e-07, 0.000145261030411, 1.32990790007e-05, 4.2072456381e-06, 2.17527485802e-06, 5.84392296332e-07, 4.48691679367e-07, 4.34357275481e-07, 9.70267933553e-07, 1.02914361833e-06, 1.03600291368e-06, 6.0612831021e-07, 6.97737618793e-07, 7.48372144699e-07, 1.05495780645e-06, 1.34944798447e-06, 9.69555230768e-07, 1.39717258207e-07, 1.62869312703e-07, 6.4105677211e-08, 3.03277509772e-08, 7.2207777535e-09, 1.00766079925e-08, 1.54291353027e-08, 1.09455680075e-08, 4.53848869597e-09, 2.07011741082e-09], "mean": [0.000275409402093, 0.0106908464804, 0.00427039619535, 0.00149437924847, 0.00188763742335, 0.00122994510457, 0.00083410309162, 0.000658169214148, 0.00100579240825, 0.000887096044607, 0.000775532913394, 0.000539400381967, 0.000787373923231, 0.000704362464603, 0.000979997799732, 0.00110712461174, 0.000886397378054, 0.000419676536694, 0.000526198244188, 0.000286617869278, 0.000206761542358, 8.1479025539e-05, 6.86685598339e-05, 6.9361885835e-05, 4.8952861107e-05, 2.39284418058e-05, 1.25260557979e-05], "min": [7.59109489497e-24, 6.08272263557e-24, 2.43841891405e-23, 1.23637254597e-23, 2.90716353492e-23, 5.88696411981e-23, 2.248193942e-23, 2.44139717951e-23, 4.2528441189e-23, 5.45945136519e-23, 8.69815578363e-23, 7.20048694676e-23, 4.923448148e-23, 1.05210707095e-22, 6.84658690529e-23, 1.38324424702e-22, 1.24534681695e-22, 1.02231248876e-22, 1.43052566667e-22, 2.9457744897e-22, 5.40255467774e-22, 6.33798922081e-22, 4.92895540686e-22, 9.02560576072e-22, 1.61414845355e-21, 1.78203421005e-21, 2.54040211981e-21], "median": [1.22320197988e-05, 0.00684531033039, 0.00289167370647, 0.000804175389931, 0.00106627237983, 0.000579012848902, 0.000397568917833, 0.000220061047003, 0.000361766113201, 0.000329096365022, 0.000165924604516, 0.000165743535035, 0.000225584895816, 0.000212509374251, 0.000344464293448, 0.000422569195507, 0.000328296766384, 0.000170485101989, 0.000202804076253, 0.00011828247807, 5.48118696315e-05, 1.94142157852e-05, 9.58085092861e-06, 6.75054616295e-06, 4.15454633185e-06, 7.6778667335e-07, 9.08191353233e-08], "dvar2": [1.04785203803e-06, 0.000387189851608, 3.77658907382e-05, 1.16160208563e-05, 6.20933315076e-06, 1.48323852045e-06, 1.02934097868e-06, 9.58101509241e-07, 2.23463825932e-06, 2.32915476772e-06, 2.57228793998e-06, 1.50320192915e-06, 1.69653185367e-06, 1.68398446476e-06, 2.48904325417e-06, 3.16362729791e-06, 2.42955843532e-06, 3.68672118611e-07, 4.21583763455e-07, 1.68688686131e-07, 7.70953931806e-08, 1.84062738384e-08, 2.07452366396e-08, 2.72747477936e-08, 1.90528695043e-08, 8.08876432501e-09, 3.66922270345e-09], "var": [8.5338348299e-07, 0.000216849162825, 2.03774507099e-05, 5.09337996846e-06, 6.38031906419e-06, 2.90284378934e-06, 1.59920216447e-06, 1.97237409338e-06, 4.30474847235e-06, 3.67613847629e-06, 5.32440526513e-06, 1.46383320043e-06, 3.17079934575e-06, 2.5320266559e-06, 4.02291925639e-06, 5.1362535487e-06, 2.57789292846e-06, 4.07328656138e-07, 6.19799777724e-07, 1.8473633645e-07, 1.15727445404e-07, 1.91878601896e-08, 2.9838140847e-08, 6.16205397819e-08, 3.59682594819e-08, 1.12902807103e-08, 4.30804814044e-09], "dmean2": [0.000334535812726, 0.00948188640177, 0.00347904255614, 0.00159168150276, 0.00146187038627, 0.000731958425604, 0.000549093005247, 0.00045899572433, 0.000641367863864, 0.00062909303233, 0.000543979520444, 0.000422502576839, 0.000519518391229, 0.000499872548971, 0.000685737933964, 0.000764321244787, 0.000685035833158, 0.000308254006086, 0.000345412379829, 0.000190969105461, 0.000130501910462, 5.63356697967e-05, 4.15048925788e-05, 3.83790211345e-05, 3.16940240737e-05, 1.78581758519e-05, 1.05825274659e-05], "max": [0.0138573963195, 0.153789401054, 0.065315246582, 0.0453897751868, 0.0238762479275, 0.023746073246, 0.0223702136427, 0.020795173943, 0.0401741340756, 0.0369354747236, 0.0353261232376, 0.0380103029311, 0.0335308164358, 0.04000293836, 0.0373109169304, 0.0686057582498, 0.0445763282478, 0.0103674959391, 0.00938283558935, 0.0119412215427, 0.00624851742759, 0.00434693042189, 0.00624591903761, 0.00556641072035, 0.00458818720654, 0.00255341245793, 0.00156984676141], "dmean": [0.000222353235586, 0.00585554493591, 0.00212963903323, 0.000936529017054, 0.000857635866851, 0.000454716093373, 0.000353062525392, 0.000295090954751, 0.000417482020566, 0.000407308078138, 0.000341708102496, 0.000265168055193, 0.000331994640874, 0.000322663487168, 0.000433429435361, 0.000478758011013, 0.000422728917329, 0.000186440549442, 0.000210788653931, 0.000116202660138, 7.93546278146e-05, 3.43177671311e-05, 2.70301625278e-05, 2.71052358585e-05, 2.33564769587e-05, 1.30959233502e-05, 7.60553621149e-06]}, "erbbands_spread": {"dvar": 38.1711997986, "mean": 32.8193473816, "min": 1.91205120087, "median": 29.0381622314, "dvar2": 89.2015686035, "var": 298.988006592, "dmean2": 8.17499351501, "max": 177.092376709, "dmean": 5.17517566681}, "barkbands_kurtosis": {"dvar": 162.753143311, "mean": 6.44910430908, "min": -1.95743274689, "median": 0.568661689758, "dvar2": 405.331054688, "var": 589.997741699, "dmean2": 5.50442075729, "max": 782.762817383, "dmean": 3.44124126434}, "spectral_flux": {"dvar": 0.000711887667421, "mean": 0.0725666210055, "min": 1.03794840778e-10, "median": 0.0634972304106, "dvar2": 0.00157781003509, "var": 0.00216158246621, "dmean2": 0.0318432152271, "max": 0.374467104673, "dmean": 0.0197260007262}, "silence_rate_20dB": {"dvar": 0, "mean": 1, "min": 1, "median": 1, "dvar2": 0, "var": 0, "dmean2": 0, "max": 1, "dmean": 0}, "gfcc": {"cov": [[8261.73828125, -1989.61621094, -884.35357666, 286.865966797, -117.639419556, 636.649047852, 220.887329102, 147.896636963, -65.0366821289, 246.229095459, -9.37711524963, 166.877731323, -124.006637573], [-1989.61621094, 2379.65869141, -245.97567749, -294.192199707, 373.361022949, -353.600097656, 79.1708984375, -153.335601807, 329.163024902, -64.94921875, 160.263595581, -129.805526733, 243.952468872], [-884.35357666, -245.97567749, 995.73840332, 34.6951332092, -126.35181427, 105.506278992, -110.092460632, 80.4718017578, -74.0084457397, -23.6078300476, -46.1290512085, 47.1058273315, -20.3376502991], [286.865966797, -294.192199707, 34.6951332092, 548.499755859, -45.311290741, 29.1425514221, 42.9860954285, -3.58459877968, -0.777993142605, 18.3004665375, 12.3994503021, 19.7334594727, -1.13701677322], [-117.639419556, 373.361022949, -126.35181427, -45.311290741, 403.966583252, -30.5893630981, 61.7359466553, -18.3661994934, 114.100883484, 39.2531547546, 44.3798980713, -11.9425296783, 67.0838928223], [636.649047852, -353.600097656, 105.506278992, 29.1425514221, -30.5893630981, 280.765533447, 18.8121147156, 56.3260383606, -16.9150333405, 17.6638336182, -4.30049848557, 18.276342392, -13.5718669891], [220.887329102, 79.1708984375, -110.092460632, 42.9860954285, 61.7359466553, 18.8121147156, 218.68157959, 30.2197170258, 39.5585479736, 4.85619449615, 29.3805828094, 9.32915782928, 18.2805480957], [147.896636963, -153.335601807, 80.4718017578, -3.58459877968, -18.3661994934, 56.3260383606, 30.2197170258, 139.578399658, 28.9384059906, 25.6113872528, -11.7980194092, 24.6226139069, -2.39906454086], [-65.0366821289, 329.163024902, -74.0084457397, -0.777993142605, 114.100883484, -16.9150333405, 39.5585479736, 28.9384059906, 182.519088745, 40.4499092102, 43.9899902344, -17.3003807068, 55.0594787598], [246.229095459, -64.94921875, -23.6078300476, 18.3004665375, 39.2531547546, 17.6638336182, 4.85619449615, 25.6113872528, 40.4499092102, 111.289802551, 30.355009079, 17.4084186554, -4.78323841095], [-9.37711524963, 160.263595581, -46.1290512085, 12.3994503021, 44.3798980713, -4.30049848557, 29.3805828094, -11.7980194092, 43.9899902344, 30.355009079, 91.2437820435, 19.5001850128, 28.3790740967], [166.877731323, -129.805526733, 47.1058273315, 19.7334594727, -11.9425296783, 18.276342392, 9.32915782928, 24.6226139069, -17.3003807068, 17.4084186554, 19.5001850128, 83.646522522, 13.159040451], [-124.006637573, 243.952468872, -20.3376502991, -1.13701677322, 67.0838928223, -13.5718669891, 18.2805480957, -2.39906454086, 55.0594787598, -4.78323841095, 28.3790740967, 13.159040451, 92.25365448]], "mean": [-20.1981201172, 118.761383057, -126.155128479, 39.2373733521, -34.2595214844, 8.9066362381, -27.9864311218, 9.72623538971, -14.9243860245, -2.77554893494, -11.3570222855, -7.27927589417, -3.76856517792], "icov": [[0.00023628299823, 0.00015319888189, 0.000281910761259, -5.65716663914e-06, 5.09472847625e-05, -0.000424907600973, -0.000116094051918, 0.000101223617094, -0.000125944541651, -0.000287615490379, 0.000136554066557, -0.000299806823023, -3.83338920074e-05], [0.00015319888189, 0.00154972728342, -5.90016170463e-05, 0.000670340261422, -0.000171804495039, 0.000983757665381, -0.000452494830824, 0.000962345278822, -0.00153595313895, 0.000764127704315, -0.00159696664196, 0.00176205625758, -0.00231628026813], [0.000281910761259, -5.90016170463e-05, 0.00162719527725, -0.00023327418603, 0.000182207135367, -0.00104054738767, 0.000640944752377, -0.000789976911619, 0.000339996273397, -0.000110091801616, 0.000593069475144, -0.00118293717969, 0.000235351850279], [-5.65716663914e-06, 0.000670340261422, -0.00023327418603, 0.00225390261039, 0.000266667921096, 0.000445950514404, -0.000721325515769, 0.000943179009482, -0.000852551718708, 3.94319431507e-06, -0.000720271491446, 0.000560657819733, -0.00111409288365], [5.09472847625e-05, -0.000171804495039, 0.000182207135367, 0.000266667921096, 0.00351526564918, -0.00021729808941, -0.000744815799408, 0.000883608241566, -0.0012055496918, -0.00132944795769, 0.000440667557996, -2.7215350201e-05, -0.00133243831806], [-0.000424907600973, 0.000983757665381, -0.00104054738767, 0.000445950514404, -0.00021729808941, 0.00595225812867, -0.00051200191956, -0.000852369994391, -0.000369967514416, 0.000800667214207, -0.00195681164041, 0.00231992267072, -0.00175014114939], [-0.000116094051918, -0.000452494830824, 0.000640944752377, -0.000721325515769, -0.000744815799408, -0.00051200191956, 0.00593960983679, -0.00217982497998, 0.000216516593355, 0.00125340023078, -0.00127814058214, -0.000726578873582, 0.000838134379592], [0.000101223617094, 0.000962345278822, -0.000789976911619, 0.000943179009482, 0.000883608241566, -0.000852369994391, -0.002