{"tonal": {"hpcp": {"dvar": [0.0376076251268, 0.0461352281272, 0.0568643994629, 0.0625721663237, 0.0441138111055, 0.0517193637788, 0.0351416654885, 0.0294169485569, 0.0130772665143, 0.0189805477858, 0.0300519969314, 0.0384595245123, 0.0241523496807, 0.0144730359316, 0.00863859523088, 0.0187507327646, 0.0355087146163, 0.0347805693746, 0.0412628538907, 0.0174133013934, 0.00691673485562, 0.00636543845758, 0.0117849884555, 0.00762574141845, 0.0123845683411, 0.0229825694114, 0.0262695252895, 0.0395794771612, 0.0405877567828, 0.0373092330992, 0.0358079150319, 0.0467630662024, 0.0492418371141, 0.0668465122581, 0.0486374981701, 0.0406525060534], "var": [0.0239252224565, 0.0368726924062, 0.0856180340052, 0.119648098946, 0.0565755553544, 0.0458706021309, 0.0520386099815, 0.0289067178965, 0.00945647060871, 0.0152896791697, 0.0486682876945, 0.080453120172, 0.0608981475234, 0.0147562026978, 0.00553510477766, 0.0151574267074, 0.0685686916113, 0.130108848214, 0.0983388870955, 0.0208150167018, 0.00504890596494, 0.00789797212929, 0.00942029524595, 0.00484869955108, 0.00735788000748, 0.0179467760026, 0.0405289120972, 0.0667359605432, 0.0417209863663, 0.027915712446, 0.0265210159123, 0.0426911637187, 0.0894506126642, 0.129572808743, 0.0654416307807, 0.0275422185659], "median": [0.00105887255631, 0.0159388985485, 0.0941581577063, 0.0961883366108, 0.0295391064137, 0.00324032059871, 0.00326281460002, 0.00399073818699, 0.00240861880593, 0.00528896413743, 0.0367044992745, 0.0528489500284, 0.0139376744628, 0.00303829973564, 0.00248736469075, 0.00601391354576, 0.0425388403237, 0.153391242027, 0.136576861143, 0.0295805018395, 0.00117990444414, 0.000981231452897, 0.00130383356009, 0.00313065806404, 0.00295224785805, 0.00242186803371, 0.00442232238129, 0.00833954568952, 0.0124745024368, 0.00982858520001, 0.00875736773014, 0.0106839556247, 0.0246860701591, 0.030283337459, 0.0162753108889, 0.00311764003709], "max": [1, 1, 1, 1, 1, 1, 1, 1, 1, 1, 1, 1, 1, 1, 0.955957531929, 1, 1, 1, 1, 1, 1, 1, 1, 1, 1, 1, 1, 1, 1, 1, 1, 1, 1, 1, 1, 1], "dmean": [0.0818368643522, 0.134067192674, 0.178586795926, 0.178009614348, 0.139620244503, 0.108601160347, 0.0734905302525, 0.0615602843463, 0.0380132943392, 0.0603221468627, 0.109348632395, 0.133274644613, 0.084270529449, 0.0464074872434, 0.0313418246806, 0.0659284368157, 0.127682909369, 0.1382766366, 0.162016540766, 0.0817104950547, 0.0261416938156, 0.0208458807319, 0.0275795031339, 0.0265133436769, 0.0340145081282, 0.0503922440112, 0.0720772892237, 0.0958026498556, 0.103649914265, 0.0886838287115, 0.0979006737471, 0.126076728106, 0.149048626423, 0.159414991736, 0.144862636924, 0.0960191115737], "dmean2": [0.155999854207, 0.24872931838, 0.318457722664, 0.304251879454, 0.247544363141, 0.203065812588, 0.130241692066, 0.111229747534, 0.0705138593912, 0.110577523708, 0.184514045715, 0.229412093759, 0.145457550883, 0.0803111046553, 0.0592699870467, 0.117757670581, 0.213503554463, 0.233898192644, 0.267849594355, 0.142627969384, 0.0485409386456, 0.0386629141867, 0.0513355284929, 0.0496007762849, 0.0638473853469, 0.0914427414536, 0.121029898524, 0.1635941118, 0.183804154396, 0.163483440876, 0.182961955667, 0.232923284173, 0.258169025183, 0.283305853605, 0.249980911613, 0.179083660245], "mean": [0.0492438264191, 0.100610807538, 0.235857218504, 0.270715177059, 0.149163320661, 0.0861372575164, 0.0875555425882, 0.0575575642288, 0.0275743864477, 0.0520329102874, 0.139261350036, 0.190579995513, 0.123202718794, 0.0421838574111, 0.0205781552941, 0.0505110397935, 0.17361600697, 0.328206062317, 0.274881273508, 0.0911878347397, 0.0181382354349, 0.0181200448424, 0.0209611859173, 0.0195522159338, 0.0239793471992, 0.0399133563042, 0.0844480842352, 0.125190481544, 0.103636354208, 0.0711194202304, 0.070381604135, 0.102190233767, 0.196305438876, 0.24346613884, 0.152190029621, 0.0616989918053], "dvar2": [0.10831155628, 0.132188931108, 0.15117777884, 0.149750709534, 0.120190747082, 0.153556510806, 0.0866225510836, 0.0825807899237, 0.0358207300305, 0.0530611723661, 0.0767375975847, 0.103658162057, 0.0611376427114, 0.0382500253618, 0.0248196274042, 0.0502946674824, 0.0892760083079, 0.0858452320099, 0.101707004011, 0.0464044064283, 0.0193909090012, 0.0172885227948, 0.0334424115717, 0.0224345158786, 0.0377912707627, 0.064972370863, 0.0628655776381, 0.099374204874, 0.116454780102, 0.107701592147, 0.103846214712, 0.136392176151, 0.127501562238, 0.158072039485, 0.123468212783, 0.116262428463], "min": [0, 0, 0, 0, 0, 0, 0, 0, 0, 0, 0, 0, 0, 0, 0, 0, 0, 0, 0, 0, 0, 0, 0, 0, 0, 0, 0, 0, 0, 0, 0, 0, 0, 0, 0, 0]}, "key_key": "G", "thpcp": [1, 0.837526500225, 0.277837157249, 0.0552647784352, 0.0552093535662, 0.063865929842, 0.0595729872584, 0.0730618685484, 0.121610663831, 0.25730201602, 0.381438672543, 0.315766125917, 0.216691359878, 0.214443340898, 0.311359971762, 0.598116457462, 0.741808772087, 0.46370267868, 0.187988579273, 0.150039359927, 0.306547671556, 0.718625426292, 0.824832975864, 0.454480707645, 0.262448698282, 0.266770035028, 0.175370201468, 0.0840154662728, 0.158537328243, 0.424310714006, 0.580671787262, 0.375382214785, 0.12852858007, 0.0626988857985, 0.153900384903, 0.52898478508], "chords_key": "G#", "tuning_equal_tempered_deviation": 0.11478599906, "tuning_frequency": 450.544708252, "tuning_diatonic_strength": 0.558007419109, "chords_histogram": [3.3671400547, 1.05476677418, 0.973630845547, 0.730223119259, 0, 0, 0, 6.77484798431, 0.973630845547, 2.5152130127, 0.365111559629, 2.39350914955, 0, 0.365111559629, 14.4016227722, 17.6064910889, 16.4300193787, 3.28600406647, 0, 0, 0.0405679531395, 26.3691692352, 0, 2.35294127464], "key_strength": 0.752220034599, "key_scale": "minor", "chords_strength": {"dvar": 0.000841561821289, "var": 0.0604828074574, "median": 0.533717095852, "max": 0.740783512592, "dmean": 0.00889179576188, "dmean2": 0.00937548559159, "mean": 0.490391761065, "dvar2": 0.00164293206763, "min": -1}, "chords_number_rate": 0.00446247449145, "tuning_nontempered_energy_ratio": 0.746461629868, "hpcp_entropy": {"dvar": 0.317928254604, "var": 0.68776768446, "median": 1.77113413811, "max": 3.92207312584, "dmean": 0.605617046356, "dmean2": 0.994071125984, "mean": 1.75496065617, "dvar2": 0.771254181862, "min": 0}, "chords_changes_rate": 0.0754563882947, "chords_scale": "major"}, "rhythm": {"bpm_histogram_first_peak_spread": {"dvar": 0, "var": 0, "median": 0.544303834438, "max": 0.544303834438, "dmean": 0, "dmean2": 0, "mean": 0.544303834438, "dvar2": 0, "min": 0.544303834438}, "bpm_histogram_first_peak_weight": {"dvar": 0, "var": 0, "median": 0.163636356592, "max": 0.163636356592, "dmean": 0, "dmean2": 0, "mean": 0.163636356592, "dvar2": 0, "min": 0.163636356592}, "bpm_histogram_first_peak_bpm": {"dvar": 0, "var": 0, "median": 115, "max": 115, "dmean": 0, "dmean2": 0, "mean": 115, "dvar2": 0, "min": 115}, "bpm": 114.063850403, "bpm_histogram_second_peak_weight": {"dvar": 0, "var": 0, "median": 0.095454543829, "max": 0.095454543829, "dmean": 0, "dmean2": 0, "mean": 0.095454543829, "dvar2": 0, "min": 0.095454543829}, "beats_loudness": {"dvar": 0.00283493567258, "var": 0.00225314986892, "median": 0.0179273970425, "max": 0.286417722702, "dmean": 0.0350576043129, "dmean2": 0.0658953040838, "mean": 0.0341871418059, "dvar2": 0.00858269724995, "min": 0}, "beats_loudness_band_ratio": {"dvar": [0.0506526380777, 0.0456794463098, 0.00546328211203, 0.000808507262263, 0.000514291692525, 7.27148653823e-05], "var": [0.0837236493826, 0.0763622745872, 0.00785048492253, 0.000784734322224, 0.000408917723689, 4.16384791606e-05], "median": [0.454538941383, 0.453018784523, 0.0693235248327, 0.0132112419233, 0.0024040909484, 0.00026864715619], "max": [0.990776717663, 0.95611166954, 0.523875176907, 0.219626232982, 0.138422623277, 0.0542998090386], "dmean": [0.244287341833, 0.254725426435, 0.0788759067655, 0.0205218568444, 0.0111083518714, 0.0030396906659], "dmean2": [0.431532174349, 0.449143737555, 0.134544730186, 0.0351129435003, 0.019619314, 0.00570264272392], "mean": [0.472646683455, 0.45914721489, 0.0909396111965, 0.0221522897482, 0.0088720023632, 0.00187241332605], "dvar2": [0.122742071748, 0.105110727251, 0.0146987708285, 0.00206517265178, 0.00139362760819, 0.000206808690564], "min": [0, 0, 0, 0, 0, 0]}, "bpm_histogram_second_peak_bpm": {"dvar": 0, "var": 0, "median": 123, "max": 123, "dmean": 0, "dmean2": 0, "mean": 123, "dvar2": 0, "min": 123}, "onset_rate": 2.71841931343, "beats_count": 221, "beats_position": [0.476009070873, 0.96362811327, 1.45124709606, 1.93886613846, 2.42648530006, 2.92571425438, 3.42494320869, 3.92417216301, 4.41179132462, 4.841360569, 5.27092981339, 5.6888885498, 6.10684776306, 6.53641700745, 6.94276618958, 7.3491153717, 7.75546455383, 8.17342376709, 8.59138298035, 9.0093421936, 9.43891143799, 9.86848068237, 10.3096599579, 10.7972784042, 11.2732877731, 11.749297142, 12.2253055573, 12.7129249573, 13.2005443573, 13.6765527725, 14.1757822037, 14.6401815414, 15.1161899567, 15.5805892944, 16.0565986633, 16.602268219, 17.1479358673, 17.693605423, 18.2741031647, 18.8662128448, 19.458322525, 20.0504302979, 20.642539978, 21.246257782, 21.8383674622, 22.3840351105, 22.9064846039, 23.4289340973, 23.9281635284, 24.4506111145, 24.9614505768, 25.4606800079, 25.9599094391, 26.4591369629, 26.958366394, 27.4692058563, 27.9568252563, 28.4792747498, 29.0017223358, 29.5241718292, 30.0466213226, 30.5574588776, 31.0682983398, 31.66040802, 32.2525177002, 32.8446235657, 33.4367332458, 34.0520629883, 34.6673927307, 35.2943305969, 35.8400001526, 36.3740577698, 36.8965072632, 37.4305648804, 37.94140625, 38.4522438049, 38.9630813599, 39.4971427917, 40.0079803467, 40.5420417786, 41.0760993958, 41.5985488892, 42.1558265686, 42.6898841858, 43.2123336792, 43.7347831726, 44.257232666, 44.7912902832, 45.3369598389, 45.894241333, 46.3934669495, 46.8810882568, 47.3687057495, 47.8447151184, 48.3207244873, 48.7851219177, 49.2495231628, 49.7139205933, 50.1899299622, 50.7588195801, 51.327709198, 51.8965988159, 52.4770965576, 53.0575942993, 53.6380958557, 54.2185935974, 54.7990913391, 55.2983207703, 55.8207702637, 56.3432197571, 56.819229126, 57.3068466187, 57.794467926, 58.3285255432, 58.8625831604, 59.3966445923, 59.8726501465, 60.3602714539, 60.8362808228, 61.3471183777, 61.8811798096, 62.438457489, 62.9725151062, 63.5065765381, 64.0406341553, 64.5746917725, 65.1087493896, 65.6195907593, 66.142036438, 66.6644897461, 67.1869354248, 67.720993042, 68.2434463501, 68.7426757813, 69.2535171509, 69.7527389526, 70.2635803223, 70.7860336304, 71.3084793091, 71.8425369263, 72.3533782959, 72.8758239746, 73.3982772827, 73.9323348999, 74.396736145, 74.8495254517, 75.3023147583, 75.7434921265, 76.1962814331, 76.6374588013, 77.0670318604, 77.4849853516, 77.9145584106, 78.3441238403, 78.796913147, 79.2729263306, 79.7605438232, 80.2481613159, 80.7241744995, 81.2117919922, 81.6994094849, 82.1870269775, 82.6862564087, 83.2203140259, 83.742767334, 84.2768249512, 84.8457107544, 85.414604187, 85.9834899902, 86.5639877319, 87.1444854736, 87.7249908447, 88.3170928955, 88.8859863281, 89.4548721313, 90.035369873, 90.6274795532, 91.0686569214, 91.5098419189, 91.9510192871, 92.4502487183, 92.9494781494, 93.4719238281, 93.9595413208, 94.458770752, 94.9580001831, 95.4572296143, 95.9680709839, 96.4556884766, 96.9781417847, 97.5005874634, 98.0346450806, 98.5454864502, 99.0563278198, 99.5787734985, 100.101219177, 100.623672485, 101.146118164, 101.668571472, 102.179405212, 102.701858521, 103.224304199, 103.746757507, 104.304031372, 104.838096619, 105.383758545, 105.975868225, 106.567977905, 107.102035522, 107.624488831, 108.146934509, 108.680992126, 109.226661682, 109.760726929, 110.306388855, 110.852058411, 111.420951843, 111.989837646, 112.558731079, 113.127616882, 113.696502686], "danceability": 1.03823828697, "bpm_histogram_second_peak_spread": {"dvar": 0, "var": 0, "median": 0.611111104488, "max": 0.611111104488, "dmean": 0, "dmean2": 0, "mean": 0.611111104488, "dvar2": 0, "min": 0.611111104488}}, "lowlevel": {"spectral_flux": {"dvar": 0.000945036881603, "var": 0.00208778725937, "median": 0.0387932360172, "max": 0.375040918589, "dmean": 0.0210064090788, "dmean2": 0.0338263772428, "mean": 0.0504168085754, "dvar2": 0.00232451758347, "min": 6.40341876745e-11}, "spectral_rolloff": {"dvar": 212106.953125, "var": 10871153, "median": 279.931640625, "max": 19918.2128906, "dmean": 126.890579224, "dmean2": 223.277359009, "mean": 994.778808594, "dvar2": 477362.71875, "min": 43.06640625}, "barkbands_flatness_db": {"dvar": 0.000640933983959, "var": 0.00495374109596, "median": 0.290293574333, "max": 0.508448064327, "dmean": 0.0275526996702, "dmean2": 0.0443071573973, "mean": 0.286989927292, "dvar2": 0.001551617519, "min": 0.0428725816309}, "spectral_centroid": {"dvar": 53056.0195313, "var": 3496581, "median": 323.65222168, "max": 11647.390625, "dmean": 96.6969223022, "dmean2": 159.105270386, "mean": 720.778686523, "dvar2": 115313.28125, "min": 120.008125305}, "melbands_skewness": {"dvar": 0.605113565922, "var": 2.95220184326, "median": 2.50720334053, "max": 25.9470310211, "dmean": 0.740214884281, "dmean2": 1.17818796635, "mean": 2.75115919113, "dvar2": 1.47804665565, "min": -0.605235397816}, "melbands": {"dvar": [5.88891566622e-07, 1.54937915795e-05, 1.78868981493e-06, 8.35850642034e-06, 7.52094251766e-07, 8.78031585216e-08, 3.30088489875e-08, 4.83744955204e-09, 1.6498477251e-08, 6.63832189218e-09, 4.09974365567e-09, 1.43165346245e-09, 2.62849941812e-09, 1.32156979804e-10, 2.97881580513e-10, 9.96403862197e-11, 6.38265204578e-11, 1.11406259218e-10, 1.52035641021e-11, 2.70010715175e-11, 9.61722437798e-11, 1.00878784492e-10, 2.97434576968e-11, 1.4355233148e-11, 1.97754299047e-10, 5.28826482604e-10, 1.33164941747e-12, 5.95453523186e-14, 2.31553684782e-14, 1.04260489267e-14, 3.19475120254e-15, 1.02600327983e-15, 2.38334080822e-16, 4.60754854403e-17, 7.32546435547e-18, 6.87540572394e-18, 1.15830214913e-18, 8.00277545407e-19, 7.42951331093e-20, 7.77346147197e-20], "var": [2.11322162613e-06, 0.000124811500427, 4.98659437653e-06, 1.68321203091e-05, 1.62560991157e-06, 2.92174064498e-07, 6.66372628189e-08, 1.63635505146e-08, 8.21756316327e-08, 3.3923335252e-08, 1.96775591377e-08, 2.97087887624e-09, 3.98864319351e-09, 1.82091342005e-10, 1.00563313232e-09, 3.10447584306e-10, 1.27904228875e-10, 1.17999499061e-10, 1.94398316888e-11, 6.35669086813e-11, 1.57974813786e-10, 9.4822073804e-11, 4.00792732336e-11, 1.71780662611e-11, 1.34049549239e-10, 3.26213195345e-10, 1.05103512699e-12, 4.97850933113e-14, 1.8429605647e-14, 8.65029263362e-15, 3.16683278484e-15, 1.17431525489e-15, 2.96786792191e-16, 7.89192376009e-17, 1.4068709365e-17, 1.48415011979e-17, 2.43590711045e-18, 1.09026333842e-18, 2.09591127006e-19, 1.83159203842e-19], "median": [0.000146877282532, 0.000414131849539, 0.000309866329189, 0.000456353533082, 0.00036419054959, 3.61342317774e-05, 2.95458703476e-05, 1.90083628695e-05, 9.52241498453e-06, 1.1150365026e-05, 7.30098508939e-06, 3.23506333189e-06, 2.07831749321e-06, 1.27846556097e-06, 1.77660149348e-06, 8.23112486614e-07, 7.9058747815e-07, 6.58214275973e-07, 1.87647628991e-07, 1.34545913966e-07, 1.90724492199e-07, 1.2537252303e-07, 8.02697712743e-08, 1.35142727231e-07, 1.05898003255e-07, 3.3376583275e-08, 1.62188058539e-08, 6.05238348328e-09, 3.95151955601e-09, 2.36492825323e-09, 1.61895519213e-09, 1.32245847606e-09, 1.05025410591e-09, 8.6947332667e-10, 7.52797268966e-10, 7.51529893872e-10, 7.58328400075e-10, 6.63923804822e-10, 6.53837539666e-10, 6.56601606419e-10], "max": [0.0336119420826, 0.210141539574, 0.0282068550587, 0.0540418848395, 0.0128562711179, 0.00912355165929, 0.00379655975848, 0.00134393374901, 0.00331021286547, 0.00230081309564, 0.00148768140934, 0.00200566346757, 0.00260460795835, 0.000178737216629, 0.000569257361349, 0.000304256245727, 0.00014370365534, 0.00026309871464, 7.7322627476e-05, 0.000228632459766, 0.000331732444465, 0.000338939513313, 0.000134152491228, 6.66639389237e-05, 0.000504990865011, 0.000907789508346, 4.06330946134e-05, 4.88540354127e-06, 3.07076379613e-06, 2.04832826967e-06, 1.53049347773e-06, 1.0583768244e-06, 5.34848311418e-07, 2.82474587721e-07, 1.37176826343e-07, 1.47998477473e-07, 5.66477531549e-08, 4.44812258138e-08, 9.29390608917e-09, 9.43950340115e-09], "dmean": [0.000228194301599, 0.0011785706738, 0.000604066532105, 0.00121846352704, 0.000424014986493, 8.07169708423e-05, 6.02058316872e-05, 3.1079427572e-05, 4.14824207837e-05, 3.18317979691e-05, 2.21139307541e-05, 1.01580753835e-05, 1.20004624478e-05, 4.03241710956e-06, 6.06896628597e-06, 3.21651214108e-06, 3.09250617647e-06, 3.04578998112e-06, 1.12296572752e-06, 1.09453128516e-06, 2.14519855035e-06, 1.88822377822e-06, 1.26059001104e-06, 1.03610966562e-06, 1.43657825902e-06, 1.6171511561e-06, 1.6570240291e-07, 5.6871346743e-08, 3.14084118713e-08, 2.09817123675e-08, 1.11346425413e-08, 6.01903682451e-09, 2.91466517588e-09, 1.2186129883e-09, 5.57771717702e-10, 3.75784320328e-10, 2.60950983044e-10, 2.09649353433e-10, 1.67428862441e-10, 1.55353882536e-10], "dmean2": [0.00036840303801, 0.00174699933268, 0.000998121802695, 0.00192057923414, 0.000639815523755, 0.00012602643983, 9.72962734522e-05, 4.70996528747e-05, 6.35784963379e-05, 4.66112142021e-05, 3.26081353705e-05, 1.55888501467e-05, 1.89079182746e-05, 6.61702370053e-06, 8.97791596799e-06, 5.11449843543e-06, 4.92389926876e-06, 5.12105725647e-06, 1.84858288321e-06, 1.53568396399e-06, 3.5094899431e-06, 2.97513292935e-06, 1.98797624762e-06, 1.68702774772e-06, 2.52277618529e-06, 2.86207205136e-06, 2.83972184434e-07, 9.95000419834e-08, 5.47302150267e-08, 3.64355727811e-08, 1.93105709201e-08, 1.02903845445e-08, 4.982150692e-09, 2.08146788694e-09, 9.2117752315e-10, 6.07339512015e-10, 4.3906503433e-10, 3.54478002507e-10, 2.90434454264e-10, 2.70036187855e-10], "mean": [0.000453750719316, 0.00264387927018, 0.00115225149784, 0.00195429334417, 0.000839732412715, 0.000174917440745, 0.000118980788102, 6.95937633282e-05, 0.000108801032184, 8.87157293619e-05, 5.71723430767e-05, 2.05644482776e-05, 2.26942265726e-05, 6.30632939647e-06, 1.09803577288e-05, 5.93671529714e-06, 5.0086318879e-06, 3.93535628973e-06, 1.37358597385e-06, 1.63351808169e-06, 2.63707647719e-06, 2.0095394575e-06, 1.44522527989e-06, 1.20450317809e-06, 1.17736226457e-06, 1.13513010547e-06, 1.52482300564e-07, 5.04580768279e-08, 2.8944445063e-08, 1.91883966494e-08, 1.02167749816e-08, 6.05986150148e-09, 3.35974204013e-09, 1.78166970066e-09, 1.08497255624e-09, 9.41694611178e-10, 8.14158851448e-10, 6.8553107635e-10, 6.39039932082e-10, 6.33143093509e-10], "dvar2": [1.03909087557e-06, 2.47867810685e-05, 4.64027880298e-06, 1.85960525414e-05, 1.77400977464e-06, 1.76277040964e-07, 8.64106226572e-08, 1.0280590601e-08, 3.49720927773e-08, 1.32150743681e-08, 7.46653761041e-09, 3.44102235594e-09, 6.7661338754e-09, 3.41240813384e-10, 5.36166722132e-10, 2.15354886701e-10, 1.54354848347e-10, 2.81356216103e-10, 3.77578177058e-11, 4.48032722034e-11, 2.3442045527e-10, 2.50536064117e-10, 6.4272615008e-11, 3.5026519879e-11, 5.33923294466e-10, 1.47608325562e-09, 3.41695768902e-12, 1.62524778791e-13, 6.30577878867e-14, 2.84232442541e-14, 8.38370510709e-15, 2.7833237949e-15, 5.91393003938e-16, 1.01203337719e-16, 1.47689012099e-17, 9.84286860859e-18, 1.88028720466e-18, 1.80426268892e-18, 1.91431875923e-19, 2.20840757488e-19], "min": [1.12851295518e-24, 6.77146713255e-25, 7.22174943029e-25, 8.32311758311e-25, 1.32111314798e-24, 1.03645840957e-24, 1.2666919021e-24, 1.28110015071e-24, 1.92702882763e-24, 2.59295364938e-24, 2.30566056567e-24, 2.45895458058e-24, 1.12928958874e-24, 1.78303213014e-24, 1.89476323331e-24, 2.60216399488e-24, 3.13239586625e-24, 3.01977315304e-24, 2.55823371157e-24, 3.73729638052e-24, 3.46995141974e-24, 3.10789424096e-24, 2.84586146952e-24, 3.63284212477e-24, 4.08476160471e-24, 3.96042568756e-24, 4.42653204202e-24, 3.87918011407e-24, 4.74351923071e-24, 4.73511470662e-24, 4.10098216264e-24, 4.60200744507e-24, 4.93613460907e-24, 5.04125663558e-24, 4.99949157825e-24, 4.55925000072e-24, 6.05816105685e-24, 5.65305100531e-24, 6.23395673743e-24, 5.99637234316e-24]}, "spectral_decrease": {"dvar": 1.99351106652e-17, "var": 1.13628464023e-16, "median": -2.48286502469e-09, "max": 7.66162859186e-20, "dmean": 2.25640728324e-09, "dmean2": 3.43581518791e-09, "mean": -5.75348257925e-09, "dvar2": 3.7630914372e-17, "min": -1.68472269024e-07}, "barkbands_kurtosis": {"dvar": 188.609970093, "var": 478.109680176, "median": 8.91377639771, "max": 424.837585449, "dmean": 7.23878955841, "dmean2": 11.9391078949, "mean": 15.0305461884, "dvar2": 502.780059814, "min": -1.74627077579}, "silence_rate_30dB": {"dvar": 0.0124260531738, "var": 0.0258770883083, "median": 1, "max": 1, "dmean": 0.0125837223604, "dmean2": 0.0251725539565, "mean": 0.9734172225, "dvar2": 0.0286003891379, "min": 0}, "gfcc": {"mean": [-218.517990112, 175.265045166, -69.4725646973, -4.32966995239, -20.071641922, -14.7442150116, -29.8447799683, -1.38319957256, -26.5448970795, -11.2132549286, -11.9632120132, -5.71736335754, -12.5387544632], "cov": [[43190.671875, 7615.76123047, -3849.29077148, -811.759399414, -425.535491943, -1131.80969238, -925.692199707, -169.250411987, -976.003051758, -760.891540527, -470.970916748, -282.471496582, -315.393280029], [7615.76123047, 2004.54296875, -723.852294922, -453.124664307, -72.9889221191, -223.336135864, -213.781204224, -49.5472831726, -146.756576538, -223.336837769, -126.834243774, -117.208557129, -51.3920822144], [-3849.29077148, -723.852294922, 1336.94836426, 215.851577759, -52.6985664368, 330.44418335, 51.7386817932, -19.1630172729, 142.645050049, 213.869338989, 141.72064209, 19.2000732422, -44.7875366211], [-811.759399414, -453.124664307, 215.851577759, 505.614837646, 103.01285553, 12.4994812012, 58.4814987183, 4.51912260056, -1.1001008749, 127.013168335, 65.4930114746, 15.1169128418, -18.197347641], [-425.535491943, -72.9889221191, -52.6985664368, 103.01285553, 187.11946106, 29.8963718414, 26.9356517792, 2.16302514076, 23.6955718994, 4.05224180222, 15.1668624878, -4.94326162338, 13.568195343], [-1131.80969238, -223.336135864, 330.44418335, 12.4994812012, 29.8963718414, 223.9559021, 35.1400489807, -13.0402727127, 54.145942688, 78.0000915527, 39.1176071167, 26.1205863953, -6.46330213547], [-925.692199707, -213.781204224, 51.7386817932, 58.4814987183, 26.9356517792, 35.1400489807, 117.308135986, 44.283039093, 29.5777854919, 19.8428421021, 22.0359554291, 9.93396759033, 14.3302783966], [-169.250411987, -49.5472831726, -19.1630172729, 4.51912260056, 2.16302514076, -13.0402727127, 44.283039093, 109.239562988, 24.9426021576, -15.0791425705, 5.6650633812, 13.7739753723, -7.79850244522], [-976.003051758, -146.756576538, 142.645050049, -1.1001008749, 23.6955718994, 54.145942688, 29.5777854919, 24.9426021576, 94.6003494263, 46.2512588501, 9.5018453598, -1.66162729263, 5.92276144028], [-760.891540527, -223.336837769, 213.869338989, 127.013168335, 4.05224180222, 78.0000915527, 19.8428421021, -15.0791425705, 46.2512588501, 125.533157349, 56.5598754883, 11.9369306564, -9.61810398102], [-470.970916748, -126.834243774, 141.72064209, 65.4930114746, 15.1668624878, 39.1176071167, 22.0359554291, 5.6650633812, 9.5018453598, 56.5598754883, 82.0016098022, 36.8069610596, -11.1386795044], [-282.471496582, -117.208557129, 19.2000732422, 15.1169128418, -4.94326162338, 26.1205863953, 9.93396759033, 13.7739753723, -1.66162729263, 11.9369306564, 36.8069610596, 69.0084152222, 21.4934558868], [-315.393280029, -51.3920822144, -44.7875366211, -18.197347641, 13.568195343, -6.46330213547, 14.3302783966, -7.79850244522, 5.92276144028, -9.61810398102, -11.1386795044, 21.4934558868, 60.7896842957]], "icov": [[0.000121026510897, -0.000459796225186, 0.000185050361324, -0.000331692543114, 0.000265912152827, -0.000175141452928, 0.00014296649897, -9.54955685302e-05, 0.000293315126328, -0.000129966705572, 0.0001603745186, -0.000312224554364, 0.000242961497861], [-0.000459796225186, 0.00279795308597, -0.000234907027334, 0.001705226372, -0.000768544094171, 0.00030075624818, 0.00094566255575, 3.86468709621e-05, -0.000623322383035, 0.00129247934092, -0.00200363993645, 0.00339008681476, -0.000997743103653], [0.000185050361324, -0.000234907027334, 0.00325549067929, -0.00295656756498, 0.00459062401205, -0.0051755909808, 0.00289923930541, 6.01834908593e-05, -0.00389465247281, 0.0048667024821, -0.00750230718404, 0.0057168956846, -0.00222219526768], [-0.000331692543114, 0.001705226372, -0.00295656756498, 0.0084319319576, -0.00808869116008, 0.00719828577712, -0.00410779751837, -0.000773441919591, 0.00782711897045, -0.0122332451865, 0.00923914369196, -0.00612065102905, 0.00466522900388], [0.000265912152827, -0.000768544094171, 0.00459062401205, -0.00808869116008, 0.015582322143, -0.0102015603334, 0.00497939204797, 0.000763310526963, -0.0103161921725, 0.0152710648254, -0.016853550449, 0.0130481729284, -0.00822805613279], [-0.000175141452928, 0.00030075624818, -0.0051755909808, 0.00719828577712, -0.0102015603334, 0.0168123524636, -0.00759202241898, 0.0022801484447, 0.00610167253762, -0.0150730852038, 0.016450304538, -0.0157600101084, 0.00944110751152], [0.00014296649897, 0.00094566255575, 0.00289923930541, -0.00410779751837, 0.00497939204797, -0.00759202241898, 0.0180514659733, -0.00653662905097, -0.0041651041247, 0.00835868623108, -0.0136338490993, 0.0130449384451, -0.00994709227234], [-9.54955685302e-05, 3.86468709621e-05, 6.01834908593e-05, -0.000773441919591, 0.000763310526963, 0.0022801484447, -0.00653662905097, 0.0159448925406, -0.00804578978568, 0.00555679341778, 0.000684807426296, -0.00700868386775, 0.00727516040206], [0.000293315126328, -0.000623322383035, -0.00389465247281, 0.00782711897045, -0.0103161921725, 0.00610167253762, -0.0041651041247, -0.00804578978568, 0.0300524570048, -0.0223415717483, 0.0170801021159, -0.0065909777768, 0.00236657471396], [-0.000129966705572, 0.00129247934092, 0.0048667024821, -0.0122332451865, 0.0152710648254, -0.0150730852038, 0.00835868623108, 0.00555679341778, -0.0223415717483, 0.0419150702655, -0.0323921628296, 0.0201326496899, -0.0101718176156], [0.0001603745186, -0.00200363993645, -0.00750230718404, 0.00923914369196, -0.016853550449, 0.016450304538, -0.0136338490993, 0.000684807426296, 0.0170801021159, -0.0323921628296, 0.0552021041512, -0.0386254861951, 0.0221715569496], [-0.000312224554364, 0.00339008681476, 0.0057168956846, -0.00612065102905, 0.0130481729284, -0.0157600101084, 0.0130449384451, -0.00700868386775, -0.0065909777768, 0.0201326496899, -0.0386254861951, 0.0501781664789, -0.0259278360754], [0.000242961497861, -0.000997743103653, -0.00222219526768, 0.00466522900388, -0.00822805613279, 0.00944110751152, -0.00994709227234, 0.00727516040206, 0.00236657471396, -0.0101718176156, 0.0221715569496, -0.0259278360754, 0.0341349281371]]}, "silence_rate_20dB": {"dvar": 0.00121626153123, "var": 0.003034603782, "median": 1, "max": 1, "dmean": 0.00121777958702, "dmean2": 0.00243605370633, "mean": 0.996956169605, "dvar2": 0.0028360534925, "min": 0}, "barkbands_skewness": {"dvar": 0.544620871544, "var": 2.79240775108, "median": 2.08401536942, "max": 16.9340000153, "dmean": 0.694432139397, "dmean2": 1.12954807281, "mean": 2.24335837364, "dvar2": 1.41812252998, "min": -2.82077550888}, "erbbands_skewness": {"dvar": 0.214031234384, "var": 1.0605711937, "median": 1.15890955925, "max": 5.87931346893, "dmean": 0.442261964083, "dmean2": 0.695944011211, "mean": 1.20055091381, "dvar2": 0.507986783981, "min": -3.20585203171}, "spectral_contrast_valleys": {"dvar": [0.119867548347, 0.118414200842, 0.131868645549, 0.139087259769, 0.165934592485, 0.0284053049982], "var": [13.4768619537, 13.5345535278, 12.0827207565, 11.3025083542, 10.3695936203, 6.81352949142], "median": [-7.33790874481, -7.48686504364, -8.59011459351, -9.31802463531, -10.0628261566, -12.8882007599], "max": [-5.35072422028, -5.18677520752, -5.96780157089, -6.47269010544, -6.69753980637, -11.1014547348], "dmean": [0.393711566925, 0.352905720472, 0.349377393723, 0.332746118307, 0.323230624199, 0.0987597331405], "dmean2": [0.677362203598, 0.576741278172, 0.567158997059, 0.532444298267, 0.469786047935, 0.1653650105], "mean": [-8.19965839386, -8.35758495331, -9.40241622925, -10.0572319031, -10.7033128738, -13.6126661301], "dvar2": [0.316912055016, 0.272016525269, 0.292023152113, 0.310646682978, 0.349206924438, 0.0457946769893], "min": [-28.1360206604, -28.1833553314, -27.8086299896, -27.760679245, -27.6173229218, -27.415397644]}, "spectral_strongpeak": {"dvar": 0.129402756691, "var": 0.399759411812, "median": 0.361566364765, "max": 5.77204608917, "dmean": 0.248249322176, "dmean2": 0.39997947216, "mean": 0.583469867706, "dvar2": 0.307525366545, "min": 0}, "erbbands_crest": {"dvar": 6.73406028748, "var": 22.4958820343, "median": 11.440114975, "max": 27.6128482819, "dmean": 2.71689772606, "dmean2": 4.42433214188, "mean": 12.0152235031, "dvar2": 17.8674507141, "min": 1.82896339893}, "barkbands_crest": {"dvar": 7.23255157471, "var": 24.9814414978, "median": 13.2890777588, "max": 26.3877410889, "dmean": 2.98320889473, "dmean2": 5.00686788559, "mean": 14.0086555481, "dvar2": 18.5905971527, "min": 3.92632746696}, "spectral_energyband_middle_low": {"dvar": 0.000140541858855, "var": 0.000361932849046, "median": 0.00590410688892, "max": 0.202922135592, "dmean": 0.00592204974964, "dmean2": 0.00921156257391, "mean": 0.0129430424422, "dvar2": 0.000308813585434, "min": 1.26945819275e-22}, "spectral_contrast_coeffs": {"dvar": [0.00227810256183, 0.00108950119466, 0.000987860024907, 0.000507676624693, 0.000413292233134, 0.000636028009467], "var": [0.0157977826893, 0.00741609279066, 0.00802036561072, 0.00345660466701, 0.00385771202855, 0.001977204578], "median": [-0.60829782486, -0.736086189747, -0.795074343681, -0.815162539482, -0.804443061352, -0.85601913929], "max": [-0.255308955908, -0.472858995199, -0.491687834263, -0.597251653671, -0.531866133213, -0.636807560921], "dmean": [0.0541011206806, 0.0380304865539, 0.0337209999561, 0.0256318598986, 0.0206033121794, 0.0192787256092], "dmean2": [0.0907980948687, 0.0603970363736, 0.0524448044598, 0.0414000339806, 0.0321222767234, 0.0296201314777], "mean": [-0.615269601345, -0.734300017357, -0.779587030411, -0.812514781952, -0.807445108891, -0.847303330898], "dvar2": [0.00576926674694, 0.00260075367987, 0.00207976996899, 0.00117617461365, 0.000848277937621, 0.0014024397824], "min": [-0.980462014675, -0.979828894138, -0.977293014526, -0.974840939045, -0.96806704998, -0.965195417404]}, "hfc": {"dvar": 16.7843227386, "var": 56.9945068359, "median": 2.56175470352, "max": 74.9355316162, "dmean": 1.99206781387, "dmean2": 3.01388001442, "mean": 5.42219638824, "dvar2": 36.0290908813, "min": 1.07096245195e-16}, "spectral_energyband_high": {"dvar": 6.81645087597e-11, "var": 6.82012918363e-11, "median": 8.30427495657e-07, "max": 0.00017145423044, "dmean": 1.85838848665e-06, "dmean2": 3.18099637298e-06, "mean": 2.22816993301e-06, "dvar2": 1.80306367059e-10, "min": 6.95680544025e-21}, "erbbands_spread": {"dvar": 42.5419960022, "var": 199.212936401, "median": 16.1263275146, "max": 143.267654419, "dmean": 4.9649271965, "dmean2": 7.68924951553, "mean": 19.9136810303, "dvar2": 101.44593811, "min": 2.14124488831}, "dissonance": {"dvar": 0.00093599880347, "var": 0.00306194042787, "median": 0.411059975624, "max": 0.500000059605, "dmean": 0.0345258414745, "dmean2": 0.056441206485, "mean": 0.406298935413, "dvar2": 0.00244656810537, "min": 0.162939742208}, "spectral_kurtosis": {"dvar": 121.678947449, "var": 491.254364014, "median": 29.6249732971, "max": 118.282844543, "dmean": 10.9571294785, "dmean2": 17.9722270966, "mean": 33.9975624084, "dvar2": 299.036590576, "min": -1.2581499815}, "spectral_skewness": {"dvar": 0.543624103069, "var": 2.85826349258, "median": 4.02745866776, "max": 9.31182765961, "dmean": 0.769801676273, "dmean2": 1.23545742035, "mean": 4.08738851547, "dvar2": 1.28153800964, "min": -0.16507217288}, "pitch_salience": {"dvar": 0.00593051081523, "var": 0.0211792960763, "median": 0.504158854485, "max": 0.93865275383, "dmean": 0.0828861296177, "dmean2": 0.137407541275, "mean": 0.496440351009, "dvar2": 0.0155103364959, "min": 0.0744081512094}, "spectral_complexity": {"dvar": 3.46628785133, "var": 18.5465126038, "median": 6, "max": 29, "dmean": 1.34686422348, "dmean2": 2.19732022285, "mean": 6.29788970947, "dvar2": 7.65134143829, "min": 0}, "spectral_spread": {"dvar": 468631420928, "var": 46135058104300.0, "median": 1772851.625, "max": 42371688, "dmean": 319251.84375, "dmean2": 525526.75, "mean": 3254339.5, "dvar2": 982444343296, "min": 654543.5}, "dynamic_complexity": 7.17314815521, "melbands_crest": {"dvar": 10.7078704834, "var": 39.007484436, "median": 16.9147911072, "max": 37.6170806885, "dmean": 3.54160833359, "dmean2": 5.89846134186, "mean": 17.3589057922, "dvar2": 27.737657547, "min": 1.49672102928}, "zerocrossingrate": {"dvar": 4.96368847962e-05, "var": 0.00776921538636, "median": 0.0146484375, "max": 0.5283203125, "dmean": 0.00336316460744, "dmean2": 0.0046221180819, "mean": 0.0330086238682, "dvar2": 9.19152298593e-05, "min": 0.00341796875}, "spectral_energyband_low": {"dvar": 0.000158602502779, "var": 0.00117121613584, "median": 0.00196654396132, "max": 0.634050726891, "dmean": 0.00420178798959, "dmean2": 0.00638925982639, "mean": 0.00959540996701, "dvar2": 0.000269792304607, "min": 1.89062759057e-23}, "melbands_kurtosis": {"dvar": 305.463867188, "var": 842.94909668, "median": 12.7688465118, "max": 855.672668457, "dmean": 9.14497947693, "dmean2": 14.6538848877, "mean": 20.2203598022, "dvar2": 729.188293457, "min": -1.37639510632}, "spectral_energyband_middle_high": {"dvar": 9.54465349423e-07, "var": 1.6638125544e-06, "median": 0.00014158563863, "max": 0.0300817526877, "dmean": 0.000304330635117, "dmean2": 0.000470647762995, "mean": 0.000631113885902, "dvar2": 2.30272985391e-06, "min": 1.166804796e-21}, "barkbands_spread": {"dvar": 18.3306255341, "var": 57.3831939697, "median": 3.58652067184, "max": 134.485092163, "dmean": 1.89798653126, "dmean2": 3.15265536308, "mean": 5.56055784225, "dvar2": 44.7683067322, "min": 0.17180775106}, "mfcc": {"mean": [-853.005981445, 213.496749878, 14.5071277618, 24.3040924072, 18.1947364807, -4.3368563652, 5.6039352417, 3.36806607246, -7.56001758575, -4.35151433945, 0.507268309593, -7.10523414612, -10.0736427307], "cov": [[10901.9921875, 5678.20556641, -2276.22045898, 259.586273193, 61.5068435669, -590.527282715, -3.16997003555, 120.038299561, -133.629760742, -270.569610596, -107.392784119, -321.00668335, -359.099914551], [5678.20556641, 3919.32543945, -483.735778809, -96.6889724731, 153.412155151, -258.231170654, -15.5780334473, 70.0822677612, -110.745384216, -106.7629776, -20.9963378906, -142.434585571, -196.763717651], [-2276.22045898, -483.735778809, 1264.66040039, 12.8757476807, 81.532081604, 245.181976318, 28.3102359772, -64.2610015869, -20.3090553284, 108.767608643, 78.4588699341, 107.478210449, 98.1492538452], [259.586273193, -96.6889724731, 12.8757476807, 415.525146484, 77.2614212036, 27.6019916534, 77.8195114136, -23.7894706726, -24.7864456177, 19.5350799561, 33.6073608398, 6.66271305084, 18.2530422211], [61.5068435669, 153.412155151, 81.532081604, 77.2614212036, 172.229431152, 73.669090271, 25.8428058624, 3.6915640831, -16.7535400391, 19.4069671631, 25.5817394257, 11.6529464722, 6.84807109833], [-590.527282715, -258.231170654, 245.181976318, 27.6019916534, 73.669090271, 208.307525635, 40.8714179993, -54.6885147095, 3.77216506004, 35.8962554932, 23.2005023956, 39.7012557983, 44.1569824219], [-3.16997003555, -15.5780334473, 28.3102359772, 77.8195114136, 25.8428058624, 40.8714179993, 90.3773651123, 25.9372844696, -13.9803934097, 11.9119825363, 20.8084602356, 16.0120563507, 13.5901222229], [120.038299561, 70.0822677612, -64.2610015869, -23.7894706726, 3.6915640831, -54.6885147095, 25.9372844696, 99.982383728, 27.3800239563, -14.0892248154, 4.44255590439, 6.22368383408, -4.77832698822], [-133.629760742, -110.745384216, -20.3090553284, -24.7864456177, -16.7535400391, 3.77216506004, -13.9803934097, 27.3800239563, 81.2372741699, 27.3391284943, -18.456867218, 5.77985191345, 7.96437501907], [-270.569610596, -106.7629776, 108.767608643, 19.5350799561, 19.4069671631, 35.8962554932, 11.9119825363, -14.0892248154, 27.3391284943, 76.1734161377, 30.1562786102, 4.63345766068, 19.8843650818], [-107.392784119, -20.9963378906, 78.4588699341, 33.6073608398, 25.5817394257, 23.2005023956, 20.8084602356, 4.44255590439, -18.456867218, 30.1562786102, 73.1346588135, 36.4022674561, 12.3734493256], [-321.00668335, -142.434585571, 107.478210449, 6.66271305084, 11.6529464722, 39.7012557983, 16.0120563507, 6.22368383408, 5.77985191345, 4.63345766068, 36.4022674561, 77.9977493286, 38.9429016113], [-359.099914551, -196.763717651, 98.1492538452, 18.2530422211, 6.84807109833, 44.1569824219, 13.5901222229, -4.77832698822, 7.96437501907, 19.8843650818, 12.3734493256, 38.9429016113, 62.7341499329]], "icov": [[0.0323554836214, -0.0462823808193, 0.0469649061561, -0.0474613495171, 0.0481485836208, -0.0479203313589, 0.0466474555433, -0.0433171764016, 0.0403324626386, -0.0352108553052, 0.0254698954523, -0.0173273123801, 0.0072179781273], [-0.0462823808193, 0.0665841847658, -0.067225240171, 0.06823489815, -0.0697336345911, 0.069432027638, -0.0675588920712, 0.0627891868353, -0.0582880526781, 0.0513158664107, -0.0371513999999, 0.0254185609519, -0.00992408953607], [0.0469649061561, -0.067225240171, 0.0697478801012, -0.0695338770747, 0.071150816977, -0.0725686699152, 0.0710376054049, -0.0666774511337, 0.0638344064355, -0.0568349324167, 0.0406451709569, -0.0287562776357, 0.0116829061881], [-0.0474613495171, 0.06823489815, -0.0695338770747, 0.074652120471, -0.0750958919525, 0.0760601386428, -0.0778442844748, 0.0733685791492, -0.0681822746992, 0.0604126118124, -0.0451130047441, 0.0310160089284, -0.0143281240016], [0.0481485836208, -0.0697336345911, 0.071150816977, -0.0750958919525, 0.0853426456451, -0.0831502750516, 0.0816332027316, -0.0807491391897, 0.0766160339117, -0.0682672783732, 0.0487390384078, -0.0340198613703, 0.0162180960178], [-0.0479203313589, 0.069432027638, -0.0725686699152, 0.0760601386428, -0.0831502750516, 0.0937465503812, -0.0913414433599, 0.0916672870517, -0.0858489647508, 0.0753285288811, -0.0555676631629, 0.0372119955719, -0.02038356103], [0.0466474555433, -0.0675588920712, 0.0710376054049, -0.0778442844748, 0.0816332027316, -0.0913414433599, 0.109263129532, -0.100486591458, 0.0967500060797, -0.0862082093954, 0.0626789703965, -0.0445359274745, 0.0210138522089], [-0.0433171764016, 0.0627891868353, -0.0666774511337, 0.0733685791492, -0.0807491391897, 0.0916672870517, -0.100486591458, 0.112785004079, -0.104828245938, 0.093934327364, -0.0711637809873, 0.0468765832484, -0.0249233692884], [0.0403324626386, -0.0582880526781, 0.0638344064355, -0.0681822746992, 0.0766160339117, -0.0858489647508, 0.0967500060797, -0.104828245938, 0.122159160674, -0.106501489878, 0.0832598209381, -0.0578273274004, 0.0288614891469], [-0.0352108553052, 0.0513158664107, -0.0568349324167, 0.0604126118124, -0.0682672783732, 0.0753285288811, -0.0862082093954, 0.093934327364, -0.106501489878, 0.114665552974, -0.0837064832449, 0.0606002435088, -0.0329313538969], [0.0254698954523, -0.0371513999999, 0.0406451709569, -0.0451130047441, 0.0487390384078, -0.0555676631629, 0.0626789703965, -0.0711637809873, 0.0832598209381, -0.0837064832449, 0.0828001797199, -0.0548071414232, 0.0272512193769], [-0.0173273123801, 0.0254185609519, -0.0287562776357, 0.0310160089284, -0.0340198613703, 0.0372119955719, -0.0445359274745, 0.0468765832484, -0.0578273274004, 0.0606002435088, -0.0548071414232, 0.0574154444039, -0.0294525902718], [0.0072179781273, -0.00992408953607, 0.0116829061881, -0.0143281240016, 0.0162180960178, -0.02038356103, 0.0210138522089, -0.0249233692884, 0.0288614891469, -0.0329313538969, 0.0272512193769, -0.0294525902718, 0.0378296673298]]}, "silence_rate_60dB": {"dvar": 0.0317998379469, "var": 0.193823024631, "median": 0, "max": 1, "dmean": 0.0328800491989, "dmean2": 0.0657734498382, "mean": 0.262987017632, "dvar2": 0.075256623327