{"metadata": {"audio_properties": {"downmix": "mix", "bit_rate": 192000, "lossless": false, "md5_encoded": "0f9a3a3a6d4af9da6fd03b6e13d73b3a", "analysis_sample_rate": 44100, "sample_rate": 44100, "replay_gain": -14.122303009, "equal_loudness": 0, "codec": "mp3", "length": 201.404083252}, "tags": {"album": ["Song Ramones the Same"], "length": ["201404"], "artist": ["Various Artists"], "musicbrainz_recordingid": ["48a0cb66-e2f7-47a6-a229-f1014ef83ef2"], "albumartist": ["Various Artists"], "title": ["Questioningly"], "genre": ["Rock/Pop"], "tracknumber": ["19"], "date": ["2002"], "file_name": "276689.mp3"}, "version": {"essentia_build_sha": "70f2e5ece6736b2c40cc944ad0e695b16b925413", "essentia_git_sha": "v2.1_beta2", "extractor": "music 1.0", "essentia": "2.1-beta2"}}, "tonal": {"chords_scale": "major", "hpcp": {"dmean": [0.101418524981, 0.103441551328, 0.0483704283834, 0.0348216183484, 0.034409403801, 0.060646802187, 0.0687816366553, 0.0537444502115, 0.0242282543331, 0.0151786021888, 0.0179923642427, 0.0339935384691, 0.0510485544801, 0.0582100860775, 0.101923532784, 0.109747603536, 0.106390610337, 0.0548155494034, 0.0286301113665, 0.027145287022, 0.0448859110475, 0.0568723529577, 0.0556505769491, 0.0461179688573, 0.0365234538913, 0.0381554365158, 0.0658107697964, 0.0819901674986, 0.0831459984183, 0.0859349146485, 0.0644433647394, 0.0669834762812, 0.0362423919141, 0.0358504280448, 0.064822435379, 0.10635226965], "dvar2": [0.0664217621088, 0.0691533982754, 0.046304371208, 0.0439904853702, 0.0337218381464, 0.0482084192336, 0.0521095208824, 0.0316198132932, 0.0195928737521, 0.0110840620473, 0.0164727848023, 0.0185739267617, 0.0360999777913, 0.0413887538016, 0.0498696938157, 0.0671823993325, 0.0588551610708, 0.0440513305366, 0.0262228474021, 0.0238259676844, 0.0328444801271, 0.0419093742967, 0.0401350781322, 0.0508824549615, 0.0405805036426, 0.039695058018, 0.0545584522188, 0.0622129887342, 0.0677579194307, 0.0649398192763, 0.0529790222645, 0.055434692651, 0.0370639190078, 0.0417968221009, 0.0599615499377, 0.0745817273855], "mean": [0.373900264502, 0.191805973649, 0.0455839149654, 0.0308473929763, 0.0310281664133, 0.118341818452, 0.195569053292, 0.109142452478, 0.0225244686007, 0.0137510597706, 0.0148243652657, 0.0496962107718, 0.0910304188728, 0.0773860439658, 0.235244378448, 0.443415850401, 0.273586630821, 0.0526333302259, 0.0234370399266, 0.0230119358748, 0.0643154978752, 0.107574671507, 0.077765263617, 0.0368282720447, 0.0272130258381, 0.0295642912388, 0.0956611931324, 0.15848813951, 0.115146167576, 0.153269454837, 0.225682631135, 0.123952269554, 0.0292652864009, 0.0282024741173, 0.058963984251, 0.252829104662], "var": [0.155387744308, 0.0504865534604, 0.0168052129447, 0.0126164155081, 0.0113101555035, 0.0430690869689, 0.0993443503976, 0.0351487062871, 0.00623697089031, 0.00349264009856, 0.00419464800507, 0.0121323019266, 0.036946170032, 0.0243621822447, 0.053264066577, 0.155141606927, 0.0728582367301, 0.0165870673954, 0.00714709004387, 0.00779491802678, 0.021653752774, 0.0493900254369, 0.0278661828488, 0.0144151337445, 0.0113060269505, 0.0119117405266, 0.033574718982, 0.0650338456035, 0.0381731241941, 0.0604239031672, 0.135459959507, 0.0502162761986, 0.0096877804026, 0.0113454982638, 0.0215289089829, 0.0991827249527], "dmean2": [0.163285344839, 0.172045916319, 0.0846931114793, 0.0631780326366, 0.0605798065662, 0.101831793785, 0.110880047083, 0.0867883265018, 0.0420084968209, 0.0266739930958, 0.0321641005576, 0.0569215156138, 0.0823767930269, 0.0991047844291, 0.164299532771, 0.174433067441, 0.173917725682, 0.0953747481108, 0.0512473657727, 0.0478335954249, 0.0742664709687, 0.0919334515929, 0.0924293026328, 0.0816115289927, 0.0665499567986, 0.0687805041671, 0.111408486962, 0.131643474102, 0.140367791057, 0.145481556654, 0.106978304684, 0.115828797221, 0.0658819451928, 0.0655597597361, 0.116180092096, 0.181220814586], "dvar": [0.0296629872173, 0.0260140784085, 0.0175419896841, 0.016112903133, 0.0124236177653, 0.0175083670765, 0.0223534870893, 0.0132933296263, 0.00740993907675, 0.00423710234463, 0.00557216024026, 0.00726772239432, 0.0147355915979, 0.0160931628197, 0.0203988216817, 0.0304434020072, 0.0232981741428, 0.0165890157223, 0.00940969120711, 0.00887595955282, 0.0132916960865, 0.0185944959521, 0.0161094162613, 0.0186323747039, 0.0149992927909, 0.0144297853112, 0.0208683703095, 0.0257270503789, 0.0264146048576, 0.0246158298105, 0.0237717423588, 0.0200021099299, 0.0131420698017, 0.0153336971998, 0.0226545147598, 0.0283772516996], "min": [0, 0, 0, 0, 0, 0, 0, 0, 0, 0, 0, 0, 0, 0, 0, 0, 0, 0, 0, 0, 0, 0, 0, 0, 0, 0, 0, 0, 0, 0, 0, 0, 0, 0, 0, 0], "median": [0.174461454153, 0.102173194289, 0.00634159008041, 0.00344632100314, 0.0027894731611, 0.0188449546695, 0.035811714828, 0.0229627117515, 0.00418804353103, 0.00235508335754, 0.00160827906802, 0.00932551734149, 0.0169322006404, 0.0173998642713, 0.157576367259, 0.318431615829, 0.181649267673, 0.0116176186129, 0.00284580443986, 0.00213842070661, 0.00814229156822, 0.0157424919307, 0.0116006843746, 0.00364918727428, 0.00202380819246, 0.00182046974078, 0.0218920335174, 0.0436070412397, 0.0367933288217, 0.0137318503112, 0.00786157697439, 0.0064199520275, 0.00370796583593, 0.00217696465552, 0.00475338753313, 0.0802866965532], "max": [1, 1, 1, 1, 1, 1, 1, 1, 1, 1, 1, 1, 1, 1, 1, 1, 1, 1, 1, 1, 1, 1, 1, 1, 1, 1, 1, 1, 1, 1, 1, 1, 1, 1, 1, 1]}, "tuning_equal_tempered_deviation": 0.0160638652742, "chords_key": "D", "chords_strength": {"dmean": 0.00725537491962, "dvar2": 2.88138162432e-05, "mean": 0.552696168423, "var": 0.00561246974394, "dmean2": 0.00499790906906, "dvar": 3.78551667382e-05, "min": 0.292036622763, "median": 0.560471057892, "max": 0.756022453308}, "tuning_diatonic_strength": 0.635404467583, "thpcp": [1, 0.61699783802, 0.118699707091, 0.0528556667268, 0.0518969632685, 0.145045548677, 0.242604479194, 0.175377726555, 0.0830558314919, 0.0613713413477, 0.066673964262, 0.215736970305, 0.357425510883, 0.259679853916, 0.345656245947, 0.508963823318, 0.279539555311, 0.0659996420145, 0.0636027678847, 0.132976710796, 0.570185065269, 0.843227088451, 0.432564526796, 0.102801725268, 0.0695676356554, 0.0699753239751, 0.266886770725, 0.441051125526, 0.246140167117, 0.0507976189256, 0.0310116559267, 0.0334321968257, 0.112075857818, 0.205293565989, 0.17452250421, 0.53052765131], "chords_histogram": [35.4310760498, 5.34808683395, 14.1770401001, 0, 0.276625186205, 0, 0, 0, 0.161364689469, 0.138312593102, 0, 0.0230520982295, 0, 0, 0, 1.40617799759, 0.0691562965512, 2.30520987511, 0, 0.484094053507, 0, 0, 30.1060390472, 10.0737667084], "tuning_nontempered_energy_ratio": 0.610170602798, "tuning_frequency": 439.745910645, "key_strength": 0.850555837154, "chords_changes_rate": 0.0327339805663, "key_scale": "major", "hpcp_entropy": {"dmean": 0.432751893997, "dvar2": 0.437052696943, "mean": 1.52185058594, "var": 0.446053922176, "dmean2": 0.721210300922, "dvar": 0.175951436162, "min": 0, "median": 1.58942735195, "max": 4.1773147583}, "key_key": "D", "chords_number_rate": 0.0016136468621}, "lowlevel": {"melbands_skewness": {"dmean": 0.416056603193, "dvar2": 0.635765373707, "mean": 2.4398727417, "var": 2.74767661095, "dmean2": 0.615286111832, "dvar": 0.294044613838, "min": -1.0350883007, "median": 2.10532140732, "max": 13.0535011292}, "melbands_kurtosis": {"dmean": 4.13518285751, "dvar2": 175.421188354, "mean": 13.9786291122, "var": 438.569793701, "dmean2": 6.20780849457, "dvar": 78.2098846436, "min": -1.81914544106, "median": 7.15989494324, "max": 295.660675049}, "barkbands_kurtosis": {"dmean": 2.31703853607, "dvar2": 36.568397522, "mean": 8.29033184052, "var": 206.983886719, "dmean2": 3.47240018845, "dvar": 16.132478714, "min": -1.84232735634, "median": 4.07135152817, "max": 127.781219482}, "hfc": {"dmean": 2.821144104, "dvar2": 44.7618560791, "mean": 14.4711713791, "var": 191.360900879, "dmean2": 3.81940054893, "dvar": 24.8442268372, "min": 1.11301545402e-16, "median": 10.0545129776, "max": 108.785591125}, "silence_rate_20dB": {"dmean": 0, "dvar2": 0, "mean": 1, "var": 0, "dmean2": 0, "dvar": 0, "min": 1, "median": 1, "max": 1}, "erbbands_flatness_db": {"dmean": 0.0142861148342, "dvar2": 0.000499549729284, "mean": 0.200173258781, "var": 0.0023838840425, "dmean2": 0.0188963115215, "dvar": 0.000300373125356, "min": 0.0295709129423, "median": 0.206225916743, "max": 0.34429064393}, "spectral_flux": {"dmean": 0.0149766476825, "dvar2": 0.000732524495106, "mean": 0.0509757883847, "var": 0.00117242487613, "dmean2": 0.0234166327864, "dvar": 0.000321792205796, "min": 6.44978306874e-11, "median": 0.0451493747532, "max": 0.248680904508}, "spectral_energyband_low": {"dmean": 0.00263258209452, "dvar2": 5.40203254786e-05, "mean": 0.0106585109606, "var": 0.000161542746355, "dmean2": 0.0040880292654, "dvar": 2.26904103329e-05, "min": 1.58281280318e-23, "median": 0.00662214308977, "max": 0.119698546827}, "spectral_rolloff": {"dmean": 191.351745605, "dvar2": 1108154.125, "mean": 860.516357422, "var": 2112494.25, "dmean2": 312.475219727, "dvar": 517671.84375, "min": 107.666015625, "median": 581.396484375, "max": 19250.6835938}, "spectral_entropy": {"dmean": 0.141455203295, "dvar2": 0.0524986088276, "mean": 6.76533842087, "var": 0.310959607363, "dmean2": 0.192294627428, "dvar": 0.0305270496756, "min": 5.06401920319, "median": 6.7153096199, "max": 9.81340694427}, "spectral_energy": {"dmean": 0.00503040151671, "dvar2": 9.8044416518e-05, "mean": 0.0298771560192, "var": 0.000488653371576, "dmean2": 0.00727987941355, "dvar": 4.5628486987e-05, "min": 1.01102150369e-20, "median": 0.0254518184811, "max": 0.137698143721}, "spectral_centroid": {"dmean": 94.6721725464, "dvar2": 71225.34375, "mean": 686.917663574, "var": 493266.90625, "dmean2": 130.401565552, "dvar": 44488.5234375, "min": 137.301010132, "median": 555.737609863, "max": 11382.5820312}, "barkbands_flatness_db": {"dmean": 0.015740191564, "dvar2": 0.000525850104168, "mean": 0.204450532794, "var": 0.00388972787187, "dmean2": 0.0218110140413, "dvar": 0.000295152072795, "min": 0.048932235688, "median": 0.20075391233, "max": 0.433911144733}, "spectral_rms": {"dmean": 0.000437306327512, "dvar2": 5.4417694173e-07, "mean": 0.00493037840351, "var": 4.83976282339e-06, "dmean2": 0.000626551918685, "dvar": 2.62494410208e-07, "min": 3.14064074226e-12, "median": 0.00498307542875, "max": 0.0115904984996}, "melbands": {"dmean": [0.000178205533302, 0.000706748920493, 0.000432575354353, 0.000237607993768, 0.000263007881586, 0.000173198393895, 0.000206833341508, 0.000171135310666, 0.000180111848749, 7.23088960513e-05, 4.95418644277e-05, 7.48474703869e-05, 3.65635969501e-05, 5.46434748685e-05, 3.23908898281e-05, 1.27650027935e-05, 9.60637134995e-06, 5.69723079025e-06, 5.25495261172e-06, 4.37314884039e-06, 3.07766936203e-06, 3.01855311591e-06, 2.37192716668e-06, 1.5050637785e-06, 1.0079322692e-06, 1.46358911479e-06, 1.42761155075e-06, 1.31771321321e-06, 1.04554555946e-06, 7.22077288628e-07, 5.31111993496e-07, 4.40348713937e-07, 3.57316139343e-07, 3.17932801863e-07, 2.7783164569e-07, 2.84065095002e-07, 3.76405409952e-07, 5.58796330097e-07, 5.13200575369e-07, 2.92247364087e-07], "dvar2": [2.74618884077e-07, 4.5993006097e-06, 1.59345700013e-06, 3.92180368181e-07, 4.66223582407e-07, 2.86972948516e-07, 4.23522635629e-07, 3.80536533839e-07, 5.32359763383e-07, 8.31132851431e-08, 3.62754946082e-08, 9.04725965256e-08, 2.50568952254e-08, 4.48383303819e-08, 2.20344915647e-08, 2.44271403105e-09, 1.25754029412e-09, 4.72326899814e-10, 2.07239614358e-10, 3.15143883212e-10, 2.14404216603e-10, 1.26941235301e-10, 1.36891484259e-10, 3.26299404163e-11, 1.50936728394e-11, 8.85060150169e-11, 6.57466234233e-11, 9.39323063776e-11, 7.54160692229e-11, 3.87932221069e-11, 1.28136850089e-11, 1.00018361648e-11, 7.12617421669e-12, 5.52448625041e-12, 5.97137270186e-12, 7.25760554085e-12, 6.40489180789e-12, 1.25352913813e-11, 1.17790681722e-11, 5.07924691889e-12], "mean": [0.000526876014192, 0.0027724718675, 0.00132333405782, 0.000597540347371, 0.000919469748624, 0.000523927039467, 0.00053761259187, 0.000472322746646, 0.000514876330271, 0.000214586558286, 0.00014698994346, 0.000196984357899, 9.63375787251e-05, 0.000144517136505, 8.32116129459e-05, 2.6034676921e-05, 1.81494069693e-05, 1.18233965622e-05, 1.29901309265e-05, 8.97337304195e-06, 6.80296534483e-06, 7.59158774599e-06, 6.01013698542e-06, 2.88325054498e-06, 2.27142004405e-06, 3.4943366245e-06, 3.14280055136e-06, 2.51669143836e-06, 1.73049363639e-06, 1.04693185676e-06, 8.40845302719e-07, 6.7373599677e-07, 5.62887635169e-07, 5.01429326505e-07, 4.46481010385e-07, 4.55554271639e-07, 6.35127264559e-07, 9.93996536636e-07, 8.37363359096e-07, 4.33525912058e-07], "var": [6.2019427105e-07, 1.4520555851e-05, 2.01001489586e-06, 4.42987129645e-07, 1.31713261453e-06, 5.49061553556e-07, 9.15801649626e-07, 1.02503611288e-06, 1.44598163843e-06, 3.67450866179e-07, 1.01548330633e-07, 2.36409903209e-07, 7.31828109224e-08, 1.15780046883e-07, 5.19033029889e-08, 3.32476446374e-09, 1.5996383107e-09, 4.2988171356e-10, 3.06544484241e-10, 5.43488365423e-10, 2.93091023673e-10, 4.64722288429e-10, 5.4115539827e-10, 3.1134251427e-11, 2.23723747861e-11, 1.49813314532e-10, 9.79409400803e-11, 8.77257433363e-11, 5.59049022353e-11, 2.472616209e-11, 1.45191619144e-11, 1.21504898157e-11, 9.46930901746e-12, 6.37972270498e-12, 8.04732148973e-12, 6.47519407884e-12, 9.08392892157e-12, 1.79214004747e-11, 1.24865820808e-11, 4.02976003261e-12], "dmean2": [0.000281605724012, 0.00109807332046, 0.000680458149873, 0.00036841162364, 0.000376403535483, 0.000262741290499, 0.00029827086837, 0.00023732187401, 0.000250707031228, 9.57919473876e-05, 7.05487909727e-05, 0.00010660404223, 5.00628702866e-05, 7.77364257374e-05, 4.50404913863e-05, 1.85714161489e-05, 1.41658565553e-05, 8.63168497744e-06, 7.79071979196e-06, 6.47527804176e-06, 4.72885722047e-06, 4.38676124759e-06, 3.34726451001e-06, 2.40296117227e-06, 1.4603189129e-06, 2.05591391023e-06, 1.98907105187e-06, 1.90543448753e-06, 1.54117481088e-06, 1.09927157155e-06, 7.7760091699e-07, 6.19902152721e-07, 5.02614057041e-07, 4.5879062327e-07, 3.79600407996e-07, 4.05210130339e-07, 5.09406561378e-07, 7.62080389904e-07, 7.21538583548e-07, 4.21574554821e-07], "dvar": [1.14563775355e-07, 1.93837695406e-06, 6.00830389885e-07, 1.56057296863e-07, 1.98799810391e-07, 1.19290632483e-07, 2.07144452702e-07, 1.90126513644e-07, 3.04967642251e-07, 5.29098258539e-08, 1.83169390766e-08, 4.692745037e-08, 1.37976803316e-08, 2.29506351701e-08, 1.19297229872e-08, 1.18701326546e-09, 6.0553778658e-10, 2.13396841864e-10, 9.41053901471e-11, 1.73833419881e-10, 9.3241303567e-11, 7.21464346598e-11, 7.47970227422e-11, 1.35369276552e-11, 7.59075441392e-12, 4.1011912616e-11, 3.24426874254e-11, 4.0917699784e-11, 3.46205286661e-11, 1.65607354219e-11, 6.2309614933e-12, 5.25883806987e-12, 3.78607475232e-12, 2.73601714201e-12, 3.2604626464e-12, 3.28402452801e-12, 3.31865784853e-12, 6.67198588045e-12, 5.97333163835e-12, 2.4263611953e-12], "min": [6.30763417661e-25, 2.07472074681e-24, 1.4362410862e-24, 1.55487955407e-24, 3.51382628557e-24, 2.15637278088e-24, 3.28173571586e-24, 2.47261331272e-24, 4.03967386524e-24, 5.55694289793e-24, 4.78355707709e-24, 4.3340227181e-24, 4.51256679007e-24, 3.70278450478e-24, 6.13819572885e-24, 3.02747756307e-24, 3.41198986473e-24, 3.92550873175e-24, 3.59920075704e-24, 4.44568716252e-24, 6.04446919255e-24, 4.40561223968e-24, 4.62273042662e-24, 4.23762943751e-24, 5.76777662448e-24, 6.00165889452e-24, 5.94806920664e-24, 5.02442076614e-24, 5.30778946406e-24, 5.38343925272e-24, 6.63475724185e-24, 6.79504904463e-24, 4.70009519889e-24, 7.19081503875e-24, 6.01667012868e-24, 6.20432751626e-24, 8.50424793556e-24, 6.63320870789e-24, 6.54431433907e-24, 7.50737150938e-24], "median": [0.000252554484177, 0.00130784511566, 0.000867314985953, 0.000382982252631, 0.000573378230911, 0.000271354481811, 0.000190602819202, 0.000148433173308, 0.000133641180582, 4.91354730912e-05, 4.76610330225e-05, 5.49466203665e-05, 2.33418140851e-05, 4.70444501843e-05, 2.62185294559e-05, 9.6499979918e-06, 6.5256799644e-06, 5.64747915632e-06, 7.27047336113e-06, 3.57591898137e-06, 2.46808258453e-06, 2.25301619139e-06, 1.33279161219e-06, 1.08549852484e-06, 7.61491889989e-07, 5.93619176925e-07, 5.22941320469e-07, 4.14653413827e-07, 2.65338115923e-07, 1.66383387068e-07, 9.76096785621e-08, 5.71683820283e-08, 5.11441662354e-08, 3.98962960446e-08, 2.41507223109e-08, 2.30974670501e-08, 3.12673122949e-08, 4.62994407258e-08, 4.10706704201e-08, 2.20847304888e-08], "max": [0.00811372790486, 0.0369314514101, 0.0122844986618, 0.00738337123767, 0.0157470237464, 0.010355505161, 0.0107261193916, 0.0147598702461, 0.0168241467327, 0.00925050489604, 0.00679147662595, 0.00889356713742, 0.00428072968498, 0.00600154045969, 0.00424424093217, 0.001086896169, 0.000667059153784, 0.000400460383389, 0.00026115597575, 0.000804009439889, 0.000500584195834, 0.000347640685504, 0.000400282791816, 9.53902999754e-05, 9.52072296059e-05, 0.000426082668127, 0.000218356479309, 0.000306713511236, 0.000387079897337, 0.00016939327179, 8.37006809888e-05, 9.37402437557e-05, 9.39184465096e-05, 6.07552610745e-05, 7.4641633546e-05, 9.83506834018e-05, 7.04565973138e-05, 9.82916390058e-05, 8.40031716507e-05, 6.99946031091e-05]}, "barkbands_crest": {"dmean": 1.52511096001, "dvar2": 5.96826887131, "mean": 10.3273429871, "var": 17.5201301575, "dmean2": 2.34343528748, "dvar": 2.44711041451, "min": 2.73833703995, "median": 9.27815818787, "max": 22.7542915344}, "mfcc": {"icov": [[0.000117902411148, 6.58311273583e-06, 0.000105451945274, 6.68363718432e-05, 0.000178852569661, 0.000126290047774, -6.76765266689e-05, 0.000100957186078, -6.48498535156e-05, -2.1815614673e-05, 6.44001411274e-05, -0.000189936414245, -2.66298029601e-05], [6.58311273583e-06, 0.000642730505206, 0.000645180873107, 8.74553006724e-05, -0.000254573038546, -0.000166603553225, -0.000131486929604, -3.894798283e-05, -0.000174132059328, 0.000251567631494, 6.89444859745e-05, 5.06284050061e-05, -0.000155724526849], [0.000105451945274, 0.000645180873107, 0.00263096741401, 2.90458192467e-05, -0.000671409885399, -0.000970014894847, -0.00111779919825, 0.000779061228968, -0.000706115446519, -0.000113241498184, 0.000369007408153, -0.00012035160762, -3.83942460758e-05], [6.68363718432e-05, 8.74553006724e-05, 2.90458192467e-05, 0.00478786416352, -0.0011489300523, -0.00124236394186, 0.00103828741703, -0.000248513737461, -0.000725111283828, -0.000649027526379, 0.00090740295127, -0.000974907190539, 0.000155500325491], [0.000178852569661, -0.000254573038546, -0.000671409885399, -0.0011489300523, 0.00549018569291, 0.00106501835398, -0.00122730492149, -0.000106115265226, -0.000384452258004, 0.000685039150994, -0.000656880612951, -0.00170207850169, 0.000697107403539], [0.000126290047774, -0.000166603553225, -0.000970014894847, -0.00124236394186, 0.00106501835398, 0.00477770762518, 0.00119095656555, -0.0016793551622, -0.000117543495435, 0.000596639991272, -0.00164805538952, 7.22431723261e-05, 0.00110154657159], [-6.76765266689e-05, -0.000131486929604, -0.00111779919825, 0.00103828741703, -0.00122730492149, 0.00119095656555, 0.00788851082325, -0.000542082299944, -0.000936214986723, -0.000628277892247, -0.000897630234249, -0.000230703270063, -0.00215395493433], [0.000100957186078, -3.894798283e-05, 0.000779061228968, -0.000248513737461, -0.000106115265226, -0.0016793551622, -0.000542082299944, 0.00904112774879, -0.00129259156529, -0.000657701923046, -0.000444313773187, 0.00137404294219, -0.00182679912541], [-6.48498535156e-05, -0.000174132059328, -0.000706115446519, -0.000725111283828, -0.000384452258004, -0.000117543495435, -0.000936214986723, -0.00129259156529, 0.0115667432547, -7.29669091015e-06, -0.000383959966712, -0.000194978085347, 0.0011696802685], [-2.1815614673e-05, 0.000251567631494, -0.000113241498184, -0.000649027526379, 0.000685039150994, 0.000596639991272, -0.000628277892247, -0.000657701923046, -7.29669091015e-06, 0.0115432096645, -0.00252980762161, 0.000392997084418, -0.00289562670514], [6.44001411274e-05, 6.89444859745e-05, 0.000369007408153, 0.00090740295127, -0.000656880612951, -0.00164805538952, -0.000897630234249, -0.000444313773187, -0.000383959966712, -0.00252980762161, 0.0139419129118, -0.00103984423913, 0.00054138537962], [-0.000189936414245, 5.06284050061e-05, -0.00012035160762, -0.000974907190539, -0.00170207850169, 7.22431723261e-05, -0.000230703270063, 0.00137404294219, -0.000194978085347, 0.000392997084418, -0.00103984423913, 0.0131709910929, -0.00148641550913], [-2.66298029601e-05, -0.000155724526849, -3.83942460758e-05, 0.000155500325491, 0.000697107403539, 0.00110154657159, -0.00215395493433, -0.00182679912541, 0.0011696802685, -0.00289562670514, 0.00054138537962, -0.00148641550913, 0.0140803102404]], "mean": [-708.159912109, 178.066574097, 6.7220993042, 11.8379631042, 4.17445039749, -2.70340490341, 6.91471672058, -4.19081068039, -1.16171705723, -3.01173400879, -5.07309865952, 0.258289724588, 0.593475580215], "cov": [[10995.5380859, 402.680053711, -757.843078613, -400.034393311, -387.43460083, -593.245605469, 82.6449661255, -178.219940186, -47.8686599731, 34.5276145935, -87.4022903442, 97.1905136108, 107.41179657], [402.680053711, 2161.62573242, -588.676330566, -53.4110221863, 6.75608205795, -49.4505004883, -26.3139133453, 44.3746871948, -4.35810756683, -49.0612983704, -10.006901741, -13.118265152, 18.1917037964], [-757.843078613, -588.676330566, 666.187866211, 61.7202568054, 95.4044876099, 110.044502258, 71.0411605835, -21.6814460754, 40.8919906616, 11.6245412827, 11.1096630096, 17.0343780518, -11.7221469879], [-400.034393311, -53.4110221863, 61.7202568054, 271.533966064, 56.2368927002, 99.4066772461, -37.9570159912, 20.2175483704, 21.8158187866, 1.53717291355, -1.74938452244, 17.207485199, -17.534740448], [-387.43460083, 6.75608205795, 95.4044876099, 56.2368927002, 246.770111084, -17.4933376312, 45.9549217224, -3.37775325775, 20.0856018066, -8.61294078827, 9.66788768768, 33.2527008057, -5.57719182968], [-593.245605469, -49.4505004883, 110.044502258, 99.4066772461, -17.4933376312, 329.01461792, -57.5839118958, 54.8732147217, 17.4125404358, -11.4987154007, 28.5830841064, -11.9147520065, -35.1981010437], [82.6449661255, -26.3139133453, 71.0411605835, -37.9570159912, 45.9549217224, -57.5839118958, 171.624954224, 0.546868443489, 14.1778039932, 18.9415893555, 10.2533779144, 12.4779014587, 32.6740570068], [-178.219940186, 44.3746871948, -21.6814460754, 20.2175483704, -3.37775325775, 54.8732147217, 0.546868443489, 133.303131104, 13.9061527252, 10.6361656189, 11.2718086243, -13.9155006409, 12.2539358139], [-47.8686599731, -4.35810756683, 40.8919906616, 21.8158187866, 20.0856018066, 17.4125404358, 14.1778039932, 13.9061527252, 94.395072937, 0.659205794334, 5.33711051941, 3.71531224251, -6.17077112198], [34.5276145935, -49.0612983704, 11.6245412827, 1.53717291355, -8.61294078827, -11.4987154007, 18.9415893555, 10.6361656189, 0.659205794334, 100.697425842, 16.8000450134, 0.251374781132, 25.1753063202], [-87.4022903442, -10.006901741, 11.1096630096, -1.74938452244, 9.66788768768, 28.5830841064, 10.2533779144, 11.2718086243, 5.33711051941, 16.8000450134, 80.3882446289, 4.82942390442, 0.520279705524], [97.1905136108, -13.118265152, 17.0343780518, 17.207485199, 33.2527008057, -11.9147520065, 12.4779014587, -13.9155006409, 3.71531224251, 0.251374781132, 4.82942390442, 86.1632080078, 7.93771266937], [107.41179657, 18.1917037964, -11.7221469879, -17.534740448, -5.57719182968, -35.1981010437, 32.6740570068, 12.2539358139, -6.17077112198, 25.1753063202, 0.520279705524, 7.93771266937, 87.7130661011]]}, "spectral_decrease": {"dmean": 1.28332233729e-09, "dvar2": 6.49658843626e-18, "mean": -7.56829265924e-09, "var": 3.16057539512e-17, "dmean2": 1.86255311174e-09, "dvar": 3.00644811371e-18, "min": -3.59508902648e-08, "median": -6.44530295801e-09, "max": 1.33784458771e-28}, "zerocrossingrate": {"dmean": 0.00551739800721, "dvar2": 9.33756091399e-05, "mean": 0.0340747721493, "var": 0.00146329891868, "dmean2": 0.00624575512484, "dvar": 0.000102105346741, "min": 0.00439453125, "median": 0.0263671875, "max": 0.51953125}, "spectral_contrast_coeffs": {"dmean": [0.0388790220022, 0.0340454019606, 0.0276944879442, 0.0242013242096, 0.0205561630428, 0.0160233415663], "dvar2": [0.00308311125264, 0.00222070841119, 0.0014024724951, 0.00100857007783, 0.000843590765726, 0.000487425219035], "mean": [-0.600339472294, -0.667139053345, -0.726101696491, -0.747681081295, -0.769904434681, -0.787247776985], "var": [0.00488468259573, 0.00636391155422, 0.00562372943386, 0.00327687431127, 0.00304883066565, 0.0022445814684], "dmean2": [0.0646459683776, 0.0542704053223, 0.0436545237899, 0.0383996255696, 0.0324474684894, 0.024516640231], "dvar": [0.00108589045703, 0.000887032307219, 0.000591082964092, 0.000426643091487, 0.000366691005183, 0.000223899070988], "min": [-0.976352751255, -0.97692322731, -0.971447825432, -0.968456625938, -0.966411232948, -0.962972104549], "median": [-0.600086033344, -0.663923144341, -0.729843616486, -0.745825409889, -0.767302930355, -0.785026907921], "max": [-0.323827147484, -0.378115832806, -0.433859050274, -0.541955769062, -0.547349512577, -0.636153161526]}, "spectral_skewness": {"dmean": 0.370594799519, "dvar2": 0.350092709064, "mean": 2.72370028496, "var": 0.888218402863, "dmean2": 0.589015483856, "dvar": 0.141396537423, "min": -0.045772343874, "median": 2.62782621384, "max": 6.59817266464}, "spectral_energyband_middle_high": {"dmean": 0.000988200772554, "dvar2": 7.98327164375e-06, "mean": 0.00412438530475, "var": 3.67393222405e-05, "dmean2": 0.00136433367152, "dvar": 4.1539879021e-06, "min": 1.3001754519e-21, "median": 0.0019295780221, "max": 0.0643775016069}, "gfcc": {"icov": [[0.00012630134006, -0.000177633599378, 0.000371930073015, -0.000202485054615, 0.000213364430238, -0.000243983842665, 0.000221202164539, -0.000369054381736, 0.000340992934071, -0.000355792348273, 0.000271583499853, -7.78009125497e-05, 0.000166366473422], [-0.000177633599378, 0.00210071331821, -0.000325489323586, 0.00132673617918, -0.00181075953878, 0.00115618202835, -0.00112247583456, 0.00187686947174, -0.00151065271348, 0.00177978351712, -0.00134280149359, 0.00147221237421, -0.00123806798365], [0.000371930073015, -0.000325489323586, 0.00274931639433, -0.000693442008924, -0.000409065833082, -0.00180787208956, 0.000715990376193, -0.00112763699144, 0.00132619019132, -0.0021170952823, 0.00125956698321, -0.000234894658206, 0.000636542332359], [-0.000202485054615, 0.00132673617918, -0.000693442008924, 0.00394912157208, -0.000802547612693, -4.14352180087e-05, -0.000271388009423, 0.00163096154574, -0.00225102063268, 0.000770289683715, -0.000403827842092, 0.00058089644881, -0.0014160471037], [0.000213364430238, -0.00181075953878, -0.000409065833082, -0.000802547612693, 0.00561449304223, -2.92804925266e-05, -4.85308009956e-06, -0.0015136860311, 7.46411897126e-05, -0.000999394571409, 0.000376064068405, -0.00191922718659, 0.000746804871596], [-0.000243983842665, 0.00115618202835, -0.00180787208956, -4.14352180087e-05, -2.92804925266e-05, 0.00722865341231, -0.00187129306141, 0.000614250602666, -0.000604882079642, 0.00141545198858, -0.000946677755564, 0.000235291750869, 0.000254630402196], [0.000221202164539, -0.00112247583456, 0.000715990376193, -0.000271388009423, -4.85308009956e-06, -0.00187129306141, 0.00740368105471, -0.000654045375995, -0.00142101582605, -0.000559868582059, 0.00088167283684, -0.00108071125578, 0.00115001946688], [-0.000369054381736, 0.00187686947174, -0.00112763699144, 0.00163096154574, -0.0015136860311, 0.000614250602666, -0.000654045375995, 0.00877230614424, 9.04551707208e-05, 0.00126085442025, -0.00377108645625, 0.0040197619237, -0.00212965160608], [0.000340992934071, -0.00151065271348, 0.00132619019132, -0.00225102063268, 7.46411897126e-05, -0.000604882079642, -0.00142101582605, 9.04551707208e-05, 0.0116920080036, -0.00121235614643, 0.000891831819899, -0.000740372634027, 0.00122325599659], [-0.000355792348273, 0.00177978351712, -0.0021170952823, 0.000770289683715, -0.000999394571409, 0.00141545198858, -0.000559868582059, 0.00126085442025, -0.00121235614643, 0.0146230384707, -0.0013058403274, 0.000820262765046, 0.00150646280963], [0.000271583499853, -0.00134280149359, 0.00125956698321, -0.000403827842092, 0.000376064068405, -0.000946677755564, 0.00088167283684, -0.00377108645625, 0.000891831819899, -0.0013058403274, 0.0141006018966, 0.000229049066547, 0.000132260305691], [-7.78009125497e-05, 0.00147221237421, -0.000234894658206, 0.00058089644881, -0.00191922718659, 0.000235291750869, -0.00108071125578, 0.0040197619237, -0.000740372634027, 0.000820262765046, 0.000229049066547, 0.0156950354576, -0.00392649555579], [0.000166366473422, -0.00123806798365, 0.000636542332359, -0.0014160471037, 0.000746804871596, 0.000254630402196, 0.00115001946688, -0.00212965160608, 0.00122325599659, 0.00150646280963, 0.000132260305691, -0.00392649555579, 0.0174863263965]], "mean": [-63.4666786194, 143.19102478, -100.292198181, 6.76177692413, -51.2874946594, 5.56293439865, -34.4508857727, 3.42737555504, -27.913318634, -2.27627849579, -11.8905591965, -7.22984075546, -8.10244846344], "cov": [[18738.9726562, -518.824645996, -2184.68212891, 103.47114563, -942.841674805, -40.7077827454, -492.947723389, 487.066650391, -411.168914795, 54.7355079651, 5.64550495148, -194.211883545, -14.1172676086], [-518.824645996, 1717.05932617, -301.010131836, -305.820404053, 408.256744385, -238.115188599, 224.405456543, -200.384063721, 198.380432129, -155.150619507, 69.7830963135, -5.78868436813, 57.2289962769], [-2184.68212891, -301.010131836, 906.534240723, 103.159072876, 105.016548157, 172.550201416, -6.16554880142, 32.8591537476, -34.4607086182, 92.8451385498, -35.8445549011, 15.1922245026, -29.6687412262], [103.47114563, -305.820404053, 103.159072876, 389.42489624, -34.2175788879, 71.1264724731, -16.6347141266, -25.0195121765, 28.3337898254, 24.8465690613, -28.9552688599, 17.7263202667, 3.69263672829], [-942.841674805, 408.256744385, 105.016548157, -34.2175788879, 339.051971436, -36.4808540344, 77.6107406616, -41.5277748108, 65.1112747192, -18.1396026611, 12.9484405518, 24.0595188141, 9.48349380493], [-40.7077827454, -238.115188599, 172.550201416, 71.1264724731, -36.4808540344, 211.688659668, 9.15432167053, 24.8420715332, -18.244764328, 23.5028991699, -10.5741119385, 2.74280738831, -16.1468162537], [-492.947723389, 224.405456543, -6.16554880142, -16.6347141266, 77.6107406616, 9.15432167053, 195.650161743, -44.6052474976, 64.1884231567, -18.9575557709, -0.71896892786, 14.8565187454, -1.80762887001], [487.066650391, -200.384063721, 32.8591537476, -25.0195121765, -41.5277748108, 24.8420715332, -44.6052474976, 206.599182129, -57.5839805603, 18.2896060944, 34.7362709045, -42.9859809875, 0.000682631565724], [-411.168914795, 198.380432129, -34.4607086182, 28.3337898254, 65.1112747192, -18.244764328, 64.1884231567, -57.5839805603, 138.415359497, -16.7163028717, -2.21588182449, 13.255238533, 2.50733828545], [54.7355079651, -155.150619507, 92.8451385498, 24.8465690613, -18.1396026611, 23.5028991699, -18.9575557709, 18.2896060944, -16.7163028717, 94.9521408081, -5.21568012238, -3.10200309753, -16.6346321106], [5.64550495148, 69.7830963135, -35.8445549011, -28.9552688599, 12.9484405518, -10.5741119385, -0.71896892786, 34.7362709045, -2.21588182449, -5.21568012238, 87.9339523315, -13.1214056015, 4.71874809265], [-194.211883545, -5.78868436813, 15.1922245026, 17.7263202667, 24.0595188141, 2.74280738831, 14.8565187454, -42.9859809875, 13.255238533, -3.10200309753, -13.1214056015, 82.0038223267, 12.8934650421], [-14.1172676086, 57.2289962769, -29.6687412262, 3.69263672829, 9.48349380493, -16.1468162537, -1.80762887001, 0.000682631565724, 2.50733828545, -16.6346321106, 4.71874809265, 12.8934650421, 66.8190765381]]}, "erbbands_spread": {"dmean": 4.50131845474, "dvar2": 123.474449158, "mean": 26.3058109283, "var": 302.19519043, "dmean2": 6.36479663849, "dvar": 65.1437301636, "min": 3.28033638, "median": 22.0063495636, "max": 156.430831909}, "erbbands_kurtosis": {"dmean": 0.78672003746, "dvar2": 3.00741362572, "mean": 1.35497236252, "var": 5.69980096817, "dmean2": 1.17634439468, "dvar": 1.32245862484, "min": -1.71622037888, "median": 0.654553413391, "max": 28.6187000275}, "dynamic_complexity": 4.62433767319, "erbbands_crest": {"dmean": 1.85981798172, "dvar2": 8.95623683929, "mean": 10.3563327789, "var": 20.0932731628, "dmean2": 2.79257106781, "dvar": 3.96843886375, "min": 2.20789074898, "median": 9.21956634521, "max": 30.8467540741}, "erbbands": {"dmean": [0.00950616691262, 0.307465434074, 1.67722082138, 2.37821936607, 3.62252163887, 3.36968803406, 8.85877037048, 7.44947957993, 12.9105062485, 16.1504669189, 23.3638515472, 12.1300935745, 9.54592990875, 17.4819908142, 10.2250328064, 20.5825443268, 6.44697666168, 5.39143419266, 3.71600174904, 3.7238175869, 2.34483790398, 2.54161715508, 1.59182214737, 1.24152600765, 1.9724817276, 1.88864850998, 1.4618036747, 0.916849732399, 0.720490276814, 0.562613666058, 0.466665834188, 0.560628414154, 0.761907219887, 0.389173418283, 0.139257416129, 0.0374338701367, 0.0117328483611, 0.00278461095877, 0.000265101843979, 1.18295783977e-05], "dvar2": [0.000822101486847, 0.831568837166, 27.6556835175, 50.1352348328, 118.588180542, 88.7860946655, 547.108154297, 614.218017578, 1731.11877441, 4057.72436523, 9067.20214844, 2223.89477539, 1402.34509277, 4885.91162109, 1557.23339844, 8516.66503906, 620.493591309, 394.664794922, 188.514938354, 138.356430054, 133.833908081, 93.4046173096, 39.3122787476, 18.9585285187, 125.404083252, 166.866546631, 108.750709534, 40.481174469, 23.740447998, 14.2558784485, 13.8597955704, 14.5578784943, 22.1180934906, 7.86599206924, 0.97006291151, 0.0623389221728, 0.00619749631733, 0.000402123638196, 1.01335035652e-05, 8.31674906721e-09], "mean": [0.0302823726088, 0.965505421162, 6.75058746338, 7.41190862656, 7.84531593323, 10.29712677, 30.6123161316, 22.0959682465, 33.1230545044, 44.4948806763, 67.082359314, 37.405040741, 30.1012248993, 47.5069999695, 29.9923820496, 55.7225456238, 16.737203598, 10.867266655, 8.53588008881, 8.55200481415, 5.8519525528, 7.05223178864, 4.21097660065, 3.0887055397, 4.84505414963, 3.92806148529, 2.4849293232, 1.53681862354, 1.166711092, 0.926482319832, 0.785905301571, 0.973951637745, 1.37669456005, 0.626608192921, 0.195752829313, 0.0508565604687, 0.0164140146226, 0.0037316379603, 0.000279709638562, 4.09837193729e-05], "var": [0.00200369139202, 2.12821388245, 88.7856903076, 75.1173400879, 97.4845733643, 124.423484802, 1684.09411621, 1149.6427002, 3593.27441406, 10965.1132812, 24276.5644531, 10260.953125, 4086.84301758, 13373.0380859, 4578.82910156, 22782.4433594, 1267.79638672, 511.929351807, 180.485946655, 227.648635864, 179.953414917, 435.814605713, 137.345199585, 36.0802612305, 250.65838623, 172.294296265, 87.1293563843, 45.8782043457, 34.8675117493, 20.839887619, 21.2013244629, 21.2552928925, 32.054889679, 7.27569913864, 0.795657217503, 0.043572627008, 0.00419770134613, 0.000311710580718, 4.69944779979e-06, 3.53467988212e-09], "dmean2": [0.0149100925773, 0.488730579615, 2.59482192993, 3.76859092712, 5.66164731979, 5.16850805283, 12.6037445068, 11.3573799133, 18.6232528687, 22.663187027, 32.4536323547, 15.9755239487, 13.5826063156, 24.790687561, 14.0847015381, 28.9371929169, 9.19008922577, 7.92248678207, 5.58395624161, 5.44531393051, 3.51302480698, 3.5820915699, 2.29527521133, 1.7933318615, 2.73846840858, 2.68777275085, 2.1346116066, 1.33584284782, 0.98271971941, 0.781004846096, 0.625343382359, 0.744229078293, 1.02945041656, 0.544658124447, 0.201056703925, 0.0549906082451, 0.0171040743589, 0.00408325111493, 0.000427972321631, 1.81408213393e-05], "dvar": [0.00034763495205, 0.350475668907, 11.4799346924, 18.675775528, 47.2578277588, 34.0075454712, 243.171661377, 256.01574707, 844.23614502, 2009.19396973, 5261.05810547, 1467.18591309, 706.476196289, 2568.15722656, 856.516052246, 4467.18066406, 302.259185791, 189.162124634, 83.9892196655, 70.867805481, 56.6420822144, 56.3996238708, 21.6554946899, 9.89040756226, 60.5247993469, 73.9766387939, 48.8639526367, 19.830034256, 13.4080533981, 7.75972986221, 7.90547609329, 7.66118955612, 11.980009079, 3.8896946907, 0.466701000929, 0.0280783213675, 0.00279064499773, 0.000190730745089, 4.17368983108e-06, 3.23478044351e-09], "min": [7.91806385623e-23, 7.33585812867e-22, 3.69122684055e-21, 9.21882291374e-21, 1.88673096102e-20, 3.4095412266e-20, 1.19000077003e-19, 9.94291581934e-20, 2.25041775174e-19, 2.55248679235e-19, 4.59330292223e-19, 8.01772053978e-19, 1.04603233671e-18, 1.17777584191e-18, 1.26861423184e-18, 1.99682061615e-18, 1.88060339445e-18, 2.22315046663e-18, 2.55364158819e-18, 3.10894302944e-18, 5.65295354696e-18, 5.00764554928e-18, 6.71974604909e-18, 7.84035616265e-18, 8.14948596527e-18, 8.44232444572e-18, 9.68601531212e-18, 1.07115232299e-17, 1.27399934306e-17, 1.33883557927e-17, 1.09594060984e-17, 1.39304543974e-17, 1.06254534328e-17, 9.35414135137e-18, 7.15431406929e-18, 5.00774977403e-18, 2.6934909464e-18, 9.54271226805e-19, 2.57215249443e-19, 2.89085826973e-20], "median": [0.0143480254337, 0.446831673384, 2.9335899353, 4.47869491577, 4.65206813812, 7.17210292816, 17.4930915833, 10.8854370117, 11.4728450775, 14.5331926346, 18.7904510498, 9.51945877075, 10.1025056839, 13.6633081436, 9.72846508026, 17.8228111267, 6.24164247513, 4.13435649872, 4.54928684235, 4.19721746445, 2.47639012337, 2.17045974731, 1.3985004425, 1.05540394783, 0.862925171852, 0.722643911839, 0.442728251219, 0.240225821733, 0.118722058833, 0.0836504474282, 0.0472888834774, 0.0543994158506, 0.0712046697736, 0.0346698574722, 0.0120060080662, 0.00333084817976, 0.00148927047849, 0.000298762723105, 2.84475481749e-05, 3.25461514876e-05], "max": [0.457589805126, 14.9682235718, 86.7397155762, 81.426940918, 155.719421387, 142.776992798, 575.334411621, 500.745269775, 664.954589844, 1557.63342285, 2240.67333984, 1374.95849609, 1392.28686523, 2179.55859375, 1030.828125, 2831.55273438, 533.930541992, 398.306640625, 284.720275879, 425.367736816, 438.54019165, 361.123260498, 221.227920532, 109.671211243, 421.222259521, 435.460662842, 372.800109863, 171.792526245, 148.3487854, 129.916442871, 110.285064697, 103.528259277, 131.937667847, 72.3449859619, 24.9585475922, 5.29904174805, 1.68743109703, 0.672948300838, 0.0976605191827, 0.00265580415726]}, "silence_rate_30dB": {"dmean": 0.00161401892547, "dvar2": 0.00390996970236, "mean": 0.997348725796, "var": 0.00264446646906, "dmean2": 0.0032284099143, "dvar": 0.00161146512255, "min": 0, "median": 1, "max": 1}, "silence_rate_60dB": {"dmean": 0.00807009451091, "dvar2": 0.0179557856172, "mean": 0.087031699717, "var": 0.0794508010149, "dmean2": 0.0161420498043, "dvar": 0.00800528842956, "min": 0, "median": 0, "max": 1}, "spectral_energyband_middle_low": {"dmean": 0.00352332019247, "dvar2": 5.08778175572e-05, "mean": 0.0162705555558, "var": 0.000185654047527, "dmean2": 0.00513832177967, "dvar": 2.38396223722e-05, "min": 1.87281612108e-22, "median": 0.0130557334051, "max": 0.0916444435716}, "spectral_spread": {"dmean": 489514.375, "dvar2": 1391431516160.0, "mean": 3470222.5, "var": 7197400498180.0, "dmean2": 672812.3125, "dvar": 785953390592, "min": 1054346.25, "median": 2849685.75, "max": 43084676}, "barkbands": {"dmean": [1.0735277101e-05, 0.00102635158692, 0.00158240308519, 0.000976785202511, 0.00112226803321, 0.00104469794314, 0.00108187505975, 0.000951973313931, 0.000508583616465, 0.000487570185214, 0.000248144788202, 0.000492846942507, 0.000133687295602, 8.70084550115e-05, 8.23003210826e-05, 4.42848431703e-05, 5.70418669668e-05, 3.08225826302e-05, 3.24320681102e-05, 4.06860308431e-05, 2.9681079468e-05, 1.91302005987e-05, 1.62648702826e-05, 3.73746697733e-05, 2.61591685558e-05, 6.85969871483e-06, 1.56893770509e-06], "dvar2": [4.76860995136e-09, 9.3695734904e-06, 2.41424040723e-05, 1.01598579931e-05, 7.22110371498e-06, 7.58753867558e-06, 1.29409027068e-05, 1.33879748319e-05, 3.39978873853e-06, 3.29422391587e-06, 1.26145971535e-06, 3.91865160054e-06, 2.92078340181e-07, 9.7