{"tonal": {"chords_number_rate": 0.0053003532812, "thpcp": [1, 0.831080794334, 0.553360402584, 0.474887549877, 0.425391465425, 0.471780627966, 0.535761415958, 0.459522753954, 0.384938120842, 0.427806973457, 0.494638800621, 0.57559800148, 0.605674505234, 0.550861001015, 0.51058024168, 0.560866892338, 0.563333809376, 0.456573724747, 0.41875115037, 0.4242002666, 0.444506257772, 0.473474979401, 0.4238037467, 0.424334585667, 0.471712589264, 0.458149075508, 0.440726965666, 0.451392650604, 0.527378439903, 0.611335098743, 0.623062372208, 0.543723225594, 0.465905189514, 0.455243617296, 0.432995319366, 0.671690404415], "hpcp": {"dvar": [0.0577048808336, 0.0515964180231, 0.0443066321313, 0.0480694025755, 0.0508439540863, 0.0383692830801, 0.0364844128489, 0.0381752997637, 0.0372140929103, 0.0375880040228, 0.0340408608317, 0.0283802282065, 0.0279546268284, 0.0292781181633, 0.0298668108881, 0.0315548293293, 0.044648822397, 0.0546262636781, 0.0612042509019, 0.048731520772, 0.0419234521687, 0.0429230816662, 0.0466809011996, 0.0563059188426, 0.0758691206574, 0.0728360563517, 0.0615461803973, 0.0515605844557, 0.0484013669193, 0.0503306016326, 0.0581904798746, 0.0493930801749, 0.0390835776925, 0.0392954982817, 0.0339915044606, 0.0503335110843], "mean": [0.182063683867, 0.165586918592, 0.15347866714, 0.168594658375, 0.169336214662, 0.137244492769, 0.125875160098, 0.12751314044, 0.133617058396, 0.142324954271, 0.127393946052, 0.127553522587, 0.141795188189, 0.137718036771, 0.132481008768, 0.135687083006, 0.158528149128, 0.183765232563, 0.187290400267, 0.163441330194, 0.140049502254, 0.136844664812, 0.130156904459, 0.20190782845, 0.300596565008, 0.249820023775, 0.16633823514, 0.14274956286, 0.127871215343, 0.141815632582, 0.161048039794, 0.138130962849, 0.115711078048, 0.128597304225, 0.148686721921, 0.173022776842], "min": [0, 0, 0, 0, 0, 0, 0, 0, 0, 0, 0, 0, 0, 0, 0, 0, 0, 0, 0, 0, 0, 0, 0, 0, 0, 0, 0, 0, 0, 0, 0, 0, 0, 0, 0, 0], "median": [0.0659806281328, 0.0610943809152, 0.0611871741712, 0.0587900578976, 0.0535291284323, 0.0476549565792, 0.0401150584221, 0.0430764257908, 0.0498301237822, 0.049489825964, 0.0458668991923, 0.0501150041819, 0.0564734898508, 0.0584996044636, 0.055418048054, 0.056271251291, 0.0606137216091, 0.0699407979846, 0.0691511482, 0.0537079721689, 0.0508580058813, 0.0446750558913, 0.0447296835482, 0.0860722288489, 0.110428720713, 0.120721533895, 0.0538510233164, 0.043684437871, 0.0427960678935, 0.0447161123157, 0.0405269488692, 0.0315861999989, 0.0296994242817, 0.0376199111342, 0.0501248762012, 0.0655577778816], "dvar2": [0.162712931633, 0.145703986287, 0.121874548495, 0.136081188917, 0.139394745231, 0.105099417269, 0.101784043014, 0.104838572443, 0.103288404644, 0.103907644749, 0.0973952934146, 0.0794687271118, 0.0755755230784, 0.0813268050551, 0.0843354910612, 0.087847545743, 0.124569803476, 0.147496491671, 0.166484639049, 0.136299014091, 0.120428010821, 0.118700668216, 0.131000250578, 0.158253908157, 0.210447534919, 0.201840236783, 0.168705642223, 0.143853321671, 0.139125645161, 0.142285689712, 0.163275763392, 0.137229084969, 0.1096265167, 0.107483237982, 0.0939569547772, 0.140984237194], "var": [0.0682224407792, 0.0584995746613, 0.0499602854252, 0.0640664994717, 0.0687978863716, 0.0435348823667, 0.0399089865386, 0.0396169349551, 0.0398958511651, 0.0497754216194, 0.0390732139349, 0.035661701113, 0.0462716147304, 0.0373366363347, 0.0372869484127, 0.0397959500551, 0.0552431046963, 0.0680945664644, 0.0704831853509, 0.0593454316258, 0.0449707396328, 0.0474647134542, 0.0431851968169, 0.0601825714111, 0.132205814123, 0.0788381621242, 0.0649684369564, 0.0522977635264, 0.0431825593114, 0.0493257641792, 0.0681024342775, 0.0538731105626, 0.041483476758, 0.0472754314542, 0.0506003759801, 0.0609531700611], "dmean2": [0.308123111725, 0.284145414829, 0.259508490562, 0.26912227273, 0.263733118773, 0.230148687959, 0.214044779539, 0.22141084075, 0.226019158959, 0.221365720034, 0.211337849498, 0.190894424915, 0.183592349291, 0.199830308557, 0.198331430554, 0.201614961028, 0.246963322163, 0.282084852457, 0.301027238369, 0.264068394899, 0.238198667765, 0.229256674647, 0.242927357554, 0.295681655407, 0.36756747961, 0.366581231356, 0.30810174346, 0.266559779644, 0.246395155787, 0.26086935401, 0.274916172028, 0.243143394589, 0.206024110317, 0.207304149866, 0.217557474971, 0.27831619978], "max": [1, 1, 1, 1, 1, 1, 1, 1, 1, 1, 1, 1, 1, 1, 1, 1, 1, 1, 1, 1, 1, 1, 1, 1, 1, 1, 1, 1, 1, 1, 1, 1, 1, 1, 1, 1], "dmean": [0.17276507616, 0.156589224935, 0.145645454526, 0.149881884456, 0.146820768714, 0.130619138479, 0.11936378479, 0.123186074197, 0.126887142658, 0.123878933489, 0.117451816797, 0.107723519206, 0.104185402393, 0.113283209503, 0.113178558648, 0.114242449403, 0.137389808893, 0.159022524953, 0.168010383844, 0.14623016119, 0.131631061435, 0.128544926643, 0.13455824554, 0.162832126021, 0.202471077442, 0.202418044209, 0.169931218028, 0.146651998162, 0.135106384754, 0.143050208688, 0.151263952255, 0.134679988027, 0.115109749138, 0.115385785699, 0.122521601617, 0.156161978841]}, "key_strength": 0.689643681049, "chords_strength": {"dvar": 0.000595435092691, "mean": 0.470305681229, "min": -1, "median": 0.483507037163, "dvar2": 0.00107037578709, "var": 0.0288396291435, "dmean2": 0.0150644825771, "max": 0.744322776794, "dmean": 0.0127718616277}, "tuning_equal_tempered_deviation": 0.202810496092, "chords_key": "C#", "tuning_frequency": 434.193115234, "chords_scale": "major", "chords_changes_rate": 0.0906108021736, "key_scale": "major", "tuning_diatonic_strength": 0.361425489187, "hpcp_entropy": {"dvar": 0.302406072617, "mean": 2.77980995178, "min": 0, "median": 2.87741136551, "dvar2": 0.838881313801, "var": 0.780652105808, "dmean2": 1.13375353813, "max": 4.79063558578, "dmean": 0.670539319515}, "chords_histogram": [10.6007070541, 8.70772361755, 4.87127733231, 1.31246840954, 2.62493681908, 1.11055028439, 1.11055028439, 3.5840485096, 0.328117102385, 0.908631980419, 9.33871746063, 10.6259460449, 0.429076224566, 2.5239777565, 1.0095911026, 2.82685518265, 1.46390712261, 6.91569900513, 12.5189294815, 4.71983861923, 6.51186275482, 2.574457407, 1.33770823479, 2.04442191124], "tuning_nontempered_energy_ratio": 0.867986559868, "key_key": "A#"}, "metadata": {"version": {"extractor": "music 1.0", "essentia_build_sha": "2d9f1f26377add8aeb1075a9c2973f962c4f09fd", "essentia": "2.1-beta2", "essentia_git_sha": "v2.1_beta2-1-ge3940c0"}, "audio_properties": {"sample_rate": 44100, "length": 183.919998169, "lossless": true, "analysis_sample_rate": 44100, "downmix": "mix", "bit_rate": 0, "equal_loudness": 0, "md5_encoded": "e0b87130a22d26ecc6acaacc6d9f468e", "codec": "flac", "replay_gain": -11.8789291382}, "tags": {"disctotal": ["1"], "catalognumber": ["GI-42"], "releasecountry": ["US"], "musicbrainz_recordingid": ["a0217715-0367-4417-99a8-f6dfdc245b96"], "title": ["American Automatic"], "musicbrainz_releasetrackid": ["a66f5951-1e75-3464-b4e9-8e8248ac7f35"], "discnumber": ["1"], "artistsort": ["Kill Memory Crash"], "releasetype": ["album"], "musicbrainz_artistid": ["f91003cb-236d-4bad-8b61-ada17d2ebafe"], "musicbrainz_albumid": ["934f0733-7347-4179-a1e6-ae98f6e45dab"], "tracknumber": ["2"], "musicbrainz_albumartistid": ["f91003cb-236d-4bad-8b61-ada17d2ebafe"], "totaltracks": ["10"], "tracktotal": ["10"], "originalyear": ["2005"], "date": ["2005-05-17"], "acoustid_id": ["18ccc32d-136a-4d0a-8644-89af2dcbe5d4"], "albumartistsort": ["Kill Memory Crash"], "musicbrainz_releasegroupid": ["f61689ac-8dee-3dee-9987-308ab7c7df3a"], "media": ["CD"], "label": ["Ghostly International"], "albumartist": ["Kill Memory Crash"], "asin": ["B0007W2220"], "script": ["Latn"], "originaldate": ["2005-05-17"], "file_name": "c32d136a4d0a864489af2dcbe5d4.flac", "releasestatus": ["official"], "totaldiscs": ["1"], "album": ["American Automatic"], "artist": ["Kill Memory Crash"]}}, "lowlevel": {"melbands": {"dvar": [1.66881454788e-05, 4.23691999458e-05, 3.33164257427e-06, 2.16584612645e-06, 1.75258506374e-07, 5.39573612457e-08, 2.05016021937e-08, 1.21171117584e-08, 9.32812138643e-09, 7.00364832795e-09, 2.10816453183e-09, 1.68491409713e-09, 1.28953214773e-09, 4.38154534876e-09, 6.78084388639e-09, 2.79924972091e-09, 9.21644205398e-10, 1.03975861254e-09, 1.26951238411e-09, 4.81809703246e-10, 1.04563524506e-09, 4.35810526556e-10, 4.24176471725e-10, 6.92388979484e-10, 6.61293908522e-10, 1.02812203195e-09, 3.39496708524e-10, 5.20217535716e-10, 3.55347112846e-10, 2.17093801269e-10, 2.53090520763e-10, 2.42677239415e-10, 3.0510846627e-10, 1.76869352497e-10, 1.10337405879e-10, 7.0875923186e-11, 5.67823565945e-11, 4.40498783283e-11, 4.32994924637e-11, 5.65207776415e-11], "mean": [0.00295764068142, 0.00319078448229, 0.000940444995649, 0.000739368493669, 0.00032726302743, 0.000175425739144, 8.81000887603e-05, 6.69144064886e-05, 7.1267648309e-05, 5.70223528484e-05, 3.59270052286e-05, 3.18528618664e-05, 2.8184376788e-05, 3.23183776345e-05, 2.92847944365e-05, 2.57999745372e-05, 1.93041632883e-05, 2.14855463128e-05, 2.38295760937e-05, 1.86219313036e-05, 2.10897924262e-05, 2.13332041312e-05, 1.70277853613e-05, 1.76577414095e-05, 1.75871700776e-05, 2.10604903259e-05, 1.42120024975e-05, 1.52268021338e-05, 1.47782557178e-05, 1.56669302669e-05, 1.70478706423e-05, 1.35339223561e-05, 1.28180708998e-05, 9.4935130619e-06, 7.76779779699e-06, 7.50301933294e-06, 5.92381957176e-06, 5.1993638408e-06, 4.72596275358e-06, 5.08464609084e-06], "min": [8.17521133526e-15, 6.10036940261e-15, 1.52713867637e-15, 9.70346121298e-16, 4.08446952814e-15, 3.57115697419e-15, 3.65312308195e-15, 3.26620076099e-15, 5.28383641772e-15, 3.17025289213e-15, 2.87209348304e-15, 1.74210399168e-15, 2.8407507229e-15, 2.09830834518e-15, 2.51562496115e-15, 1.06880978389e-15, 1.06290088205e-15, 1.06909459872e-15, 1.2887542765e-15, 1.03951991397e-15, 7.99592537703e-16, 7.32730562643e-16, 1.11883353805e-15, 7.02391430659e-16, 6.51416776135e-16, 8.83834040653e-16, 7.75114609016e-16, 1.03908273909e-15, 9.91527027177e-16, 1.08812499382e-15, 9.59308329083e-16, 1.09484662378e-15, 1.4752597083e-15, 1.94246381201e-15, 2.25211047016e-15, 3.30631179444e-15, 4.14657483087e-15, 4.44673366122e-15, 4.09374877408e-15, 5.49091860915e-15], "median": [0.000406407925766, 0.000855040445458, 0.000351169495843, 0.00019408868684, 0.000117159950605, 5.95197052462e-05, 3.58538236469e-05, 2.50366119872e-05, 2.13341936615e-05, 2.34820727201e-05, 1.83228967217e-05, 1.55974921654e-05, 1.33213889058e-05, 1.28214851429e-05, 9.91083925328e-06, 9.16469525691e-06, 7.19296440366e-06, 7.9209330579e-06, 8.16372266854e-06, 7.17874900147e-06, 9.64800346992e-06, 1.01534069472e-05, 8.55424150359e-06, 7.83288032835e-06, 7.28116356186e-06, 8.4875155153e-06, 7.29111434339e-06, 6.68131315251e-06, 6.78117157804e-06, 6.97605719324e-06, 8.22022047942e-06, 5.6837197917e-06, 5.26143048774e-06, 4.13329235016e-06, 3.42016755894e-06, 3.45415082847e-06, 2.48962487603e-06, 2.08762548937e-06, 1.71662850335e-06, 1.3480847656e-06], "dvar2": [4.25493672083e-05, 0.000102551137388, 9.25810763874e-06, 6.17642444922e-06, 4.82779853428e-07, 1.46247700172e-07, 5.56105774763e-08, 3.35988659117e-08, 2.48797267233e-08, 1.8315308381e-08, 5.47961587216e-09, 4.50385995165e-09, 3.58034113468e-09, 1.23921051198e-08, 1.90762392549e-08, 8.0197608554e-09, 2.31570740361e-09, 2.70380229317e-09, 2.97860447418e-09, 1.16096887659e-09, 2.86295520624e-09, 1.1301499736e-09, 1.13156317649e-09, 1.78276482465e-09, 1.73806424808e-09, 2.19953633085e-09, 8.47359238332e-10, 1.39929090537e-09, 7.52482409716e-10, 4.96270025074e-10, 6.25682339273e-10, 6.23521123622e-10, 7.2411637797e-10, 3.94786842106e-10, 2.42815850759e-10, 1.3965073542e-10, 1.18921150705e-10, 9.62890323031e-11, 9.73720201691e-11, 1.33310654182e-10], "var": [3.18875281664e-05, 4.20533506258e-05, 2.67738550974e-06, 1.92309789782e-06, 2.47039650958e-07, 7.90128140693e-08, 2.18051301459e-08, 1.32301547495e-08, 1.94467766335e-08, 1.00483497079e-08, 2.82959211617e-09, 2.22534524141e-09, 1.90587257087e-09, 3.63987839869e-09, 6.50990283901e-09, 4.57836302203e-09, 2.29552288289e-09, 1.42673184378e-09, 2.4504431817e-09, 1.09547593219e-09, 1.12780018657e-09, 1.2718605058e-09, 6.10659578459e-10, 8.92414309117e-10, 9.18664533334e-10, 1.61209989802e-09, 4.58264648451e-10, 6.20594242662e-10, 5.64910784817e-10, 4.92635265914e-10, 5.61104218644e-10, 4.08015649045e-10, 3.86379012118e-10, 2.28384963719e-10, 1.46611403573e-10, 1.23647148076e-10, 9.28306945203e-11, 7.28160795549e-11, 6.66960445206e-11, 1.18452317399e-10], "dmean2": [0.00329030677676, 0.00488916505128, 0.00149399030488, 0.00118186220061, 0.000415192975197, 0.000239115237491, 0.000131462060381, 9.36260621529e-05, 8.30333738122e-05, 7.17848815839e-05, 4.62926982436e-05, 4.16802795371e-05, 3.56646960427e-05, 5.14169951202e-05, 4.52646199847e-05, 3.1797982956e-05, 2.05719443329e-05, 2.82080964098e-05, 2.68936710199e-05, 1.88701596926e-05, 2.60554825218e-05, 2.04279804166e-05, 1.87348086911e-05, 2.10171656363e-05, 1.83780230145e-05, 2.17054748646e-05, 1.41957725646e-05, 1.67460966622e-05, 1.42107837746e-05, 1.37790939334e-05, 1.55588550115e-05, 1.307707862e-05, 1.51714157255e-05, 1.06263405542e-05, 8.54682639329e-06, 7.19285890227e-06, 6.01025340075e-06, 5.20445837537e-06, 5.14152225151e-06, 5.19659261045e-06], "max": [0.0400385595858, 0.0655661076307, 0.0198495090008, 0.0184047408402, 0.00542122591287, 0.0037068980746, 0.00259814225137, 0.00187308469322, 0.00207835342735, 0.00177388696466, 0.000997645314783, 0.000901592313312, 0.000554493861273, 0.00114877009764, 0.00389227597043, 0.0015209717676, 0.000821899855509, 0.000462975847768, 0.000740017334465, 0.000360774341971, 0.000363612663932, 0.00059454649454, 0.000318748003338, 0.0004993051989, 0.000423887686338, 0.000540953478776, 0.000222410162678, 0.000275937141851, 0.000300247280393, 0.000188967111171, 0.000200424488867, 0.000183837575605, 0.000167468286236, 0.000142119693919, 0.000112435518531, 0.000102500278444, 0.000148671024363, 0.000136079717777, 8.43051675474e-05, 0.00028268591268], "dmean": [0.00195175199769, 0.00293472129852, 0.000842323293909, 0.000662522099447, 0.000240105597186, 0.000136379327159, 7.45167781133e-05, 5.37499072379e-05, 4.86058997922e-05, 4.22110533691e-05, 2.69416377705e-05, 2.40975950874e-05, 2.05456544791e-05, 2.86153826892e-05, 2.5422539693e-05, 1.84132477443e-05, 1.22167857626e-05, 1.63946806424e-05, 1.63044223882e-05, 1.14108270282e-05, 1.49623774632e-05, 1.21191342259e-05, 1.08799376903e-05, 1.24290254462e-05, 1.09810507638e-05, 1.3409316125e-05, 8.64591311256e-06, 9.76633054961e-06, 9.09383925318e-06, 8.56080532685e-06, 9.42801671044e-06, 8.03154216555e-06, 9.41267535381e-06, 6.91942159392e-06, 5.47797390027e-06, 4.68876214654e-06, 3.89235719922e-06, 3.38458926308e-06, 3.36762286679e-06, 3.29864678861e-06]}, "spectral_decrease": {"dvar": 4.45621783619e-17, "mean": -6.96201896133e-09, "min": -6.53815135365e-08, "median": -4.0665990575e-09, "dvar2": 9.65503607469e-17, "var": 7.05463698568e-17, "dmean2": 6.31044239086e-09, "max": 1.55635707789e-15, "dmean": 3.92241661373e-09}, "spectral_rolloff": {"dvar": 4103754.75, "mean": 3987.88037109, "min": 64.599609375, "median": 3165.38085938, "dvar2": 9718379, "var": 17827272, "dmean2": 2356.79467773, "max": 21619.3359375, "dmean": 1390.58752441}, "melbands_crest": {"dvar": 13.4352960587, "mean": 16.0543766022, "min": 2.67867040634, "median": 15.3890790939, "dvar2": 34.9413795471, "var": 55.5642585754, "dmean2": 6.65143966675, "max": 37.5354576111, "dmean": 4.01502943039}, "barkbands_skewness": {"dvar": 1.45393109322, "mean": 0.900181174278, "min": -59.6196556091, "median": 1.14280653, "dvar2": 3.89803195, "var": 33.1055107117, "dmean2": 1.38283550739, "max": 19.475271225, "dmean": 0.859123826027}, "spectral_centroid": {"dvar": 168889.890625, "mean": 2222.34130859, "min": 70.1608200073, "median": 2234.07275391, "dvar2": 405969.875, "var": 1168859.25, "dmean2": 640.236450195, "max": 7064.71728516, "dmean": 394.966064453}, "spectral_energyband_middle_low": {"dvar": 8.31102952361e-05, "mean": 0.00673943385482, "min": 2.08297910712e-13, "median": 0.00330190733075, "dvar2": 0.000229838915402, "var": 8.71652518981e-05, "dmean2": 0.00855690333992, "max": 0.0904340669513, "dmean": 0.00482463138178}, "erbbands_crest": {"dvar": 3.40171384811, "mean": 6.6053686142, "min": 2.09713387489, "median": 5.4342508316, "dvar2": 8.73331451416, "var": 13.5572013855, "dmean2": 2.92233633995, "max": 28.3071861267, "dmean": 1.75032067299}, "dynamic_complexity": 5.40295314789, "spectral_energyband_low": {"dvar": 0.000587127229664, "mean": 0.0170316919684, "min": 4.51586061297e-14, "median": 0.00537742301822, "dvar2": 0.00135390390642, "var": 0.000793835613877, "dmean2": 0.0194979570806, "max": 0.236788034439, "dmean": 0.011913144961}, "silence_rate_60dB": {"dvar": 0.039580475539, "mean": 0.1433981359, "min": 0, "median": 0, "dvar2": 0.0896489694715, "var": 0.122838452458, "dmean2": 0.0825757607818, "max": 1, "dmean": 0.0412826649845}, "erbbands_kurtosis": {"dvar": 3.40603137016, "mean": 0.608452022076, "min": -1.79500150681, "median": -0.378912508488, "dvar2": 7.51420402527, "var": 14.7728891373, "dmean2": 1.5467427969, "max": 77.891242981, "dmean": 0.948830664158}, "spectral_complexity": {"dvar": 43.3837928772, "mean": 19.8487758636, "min": 0, "median": 17, "dvar2": 88.7225189209, "var": 216.58543396, "dmean2": 8.68926811218, "max": 60, "dmean": 5.62050247192}, "barkbands_crest": {"dvar": 9.66425991058, "mean": 10.9832687378, "min": 1.93895924091, "median": 9.7536239624, "dvar2": 24.2526779175, "var": 32.0784072876, "dmean2": 5.29391145706, "max": 26.8664398193, "dmean": 3.20030403137}, "spectral_energy": {"dvar": 0.000717616407201, "mean": 0.0297139342874, "min": 1.17709308967e-09, "median": 0.0183649845421, "dvar2": 0.00153080781456, "var": 0.00115274905693, "dmean2": 0.0258406307548, "max": 0.251234322786, "dmean": 0.0161843132228}, "spectral_spread": {"dvar": 562556567552, "mean": 6697976.5, "min": 414262.46875, "median": 6332961, "dvar2": 1209329123330.0, "var": 20772519149600.0, "dmean2": 994789.375, "max": 46049500, "dmean": 657198.375}, "spectral_contrast_valleys": {"dvar": [0.213951468468, 0.245706617832, 0.180147826672, 0.157413646579, 0.139205500484, 0.1641844064], "mean": [-7.57259368896, -7.24049854279, -7.64529323578, -7.91071939468, -7.49803304672, -9.66032505035], "min": [-19.3019371033, -17.9981269836, -18.5633907318, -19.4463386536, -18.8531341553, -19.5182209015], "median": [-7.17055654526, -6.95292568207, -7.32904911041, -7.56342506409, -7.00449705124, -9.07415962219], "dvar2": [0.500341236591, 0.645770549774, 0.468626022339, 0.376175522804, 0.296314895153, 0.313805282116], "var": [3.1660284996, 2.61734867096, 2.50045967102, 2.61046409607, 3.27259159088, 4.18661403656], "dmean2": [0.824949026108, 0.838330447674, 0.705672860146, 0.598174989223, 0.483562380075, 0.466354459524], "max": [-5.2000079155, -4.78888654709, -5.20318031311, -5.8812212944, -5.27689313889, -7.32838153839], "dmean": [0.510646939278, 0.498397141695, 0.421422481537, 0.366962254047, 0.307787656784, 0.33192974329]}, "spectral_rms": {"dvar": 2.85206215267e-06, "mean": 0.00458660069853, "min": 1.07162657059e-06, "median": 0.00423285458237, "dvar2": 5.80392406846e-06, "var": 7.95249161456e-06, "dmean2": 0.00199636234902, "max": 0.0156558826566, "dmean": 0.00127434602473}, "barkbands_spread": {"dvar": 162.5652771, "mean": 40.8559761047, "min": 0.0946513712406, "median": 40.5083274841, "dvar2": 380.364318848, "var": 558.449157715, "dmean2": 19.0924091339, "max": 137.568374634, "dmean": 11.7826538086}, "pitch_salience": {"dvar": 0.0110348761082, "mean": 0.546583771706, "min": 0.0226641856134, "median": 0.590802192688, "dvar2": 0.0276013296098, "var": 0.0317370146513, "dmean2": 0.175974801183, "max": 0.913084983826, "dmean": 0.105479210615}, "erbbands_skewness": {"dvar": 0.143905431032, "mean": -0.493907392025, "min": -7.35317897797, "median": -0.44785708189, "dvar2": 0.344955801964, "var": 0.867264509201, "dmean2": 0.607753872871, "max": 4.98880624771, "dmean": 0.373040229082}, "spectral_energyband_middle_high": {"dvar": 8.59360625327e-06, "mean": 0.00319043244235, "min": 3.86348857637e-13, "median": 0.00194982055109, "dvar2": 2.14648298424e-05, "var": 1.41873142638e-05, "dmean2": 0.00265106768347, "max": 0.0303826965392, "dmean": 0.00160536938347}, "erbbands": {"dvar": [0.111043304205, 27.9455623627, 145.941482544, 105.941902161, 370.275543213, 351.420562744, 122.199890137, 107.987510681, 93.2879104614, 95.8849563599, 150.208282471, 194.237960815, 83.7080841064, 95.260269165, 127.356559753, 663.957214355, 730.781921387, 262.361297607, 392.884155273, 358.364929199, 578.473571777, 368.782073975, 844.804260254, 910.29119873, 834.66003418, 1145.14709473, 793.567443848, 726.970336914, 619.426025391, 642.343017578, 291.535064697, 158.569717407, 86.5680007935, 59.1708335876, 15.2185468674, 6.45731306076, 1.89193332195, 0.145991444588, 0.00337196327746, 3.20298659062e-06], "mean": [0.326668590307, 2.42589879036, 5.7244515419, 4.85076570511, 8.12040805817, 10.7646274567, 8.54005050659, 7.66076040268, 6.03606462479, 5.68193817139, 8.74459457397, 9.39325618744, 7.3596329689, 7.86310100555, 9.03978919983, 11.8159065247, 12.2947998047, 11.1549549103, 14.436422348, 15.7148590088, 17.5064582825, 20.1090393066, 19.803276062, 22.07903862, 23.3009033203, 23.4201717377, 24.6321716309, 29.2461624146, 23.4791717529, 18.9675788879, 13.5294599533, 10.7210760117, 7.40727901459, 5.83426809311, 3.15763545036, 1.4906437397, 0.67747682333, 0.181095525622, 0.0203122422099, 0.000660187855829], "min": [4.46818119613e-13, 3.13191703474e-12, 9.22657436564e-12, 6.5337717875e-12, 1.55206385938e-11, 1.89150656943e-11, 1.4211747057e-10, 1.50848403213e-10, 2.67549982169e-10, 3.2372027281e-10, 5.71584501952e-10, 5.46338529972e-10, 6.30131946622e-10, 5.44471245867e-10, 9.18938536376e-10, 8.6662022003e-10, 7.98358379406e-10, 7.34543759151e-10, 8.01814614704e-10, 1.10236486606e-09, 9.84622161582e-10, 1.14840981169e-09, 1.32093880278e-09, 1.09440811968e-09, 1.37678612955e-09, 1.81564052681e-09, 1.61478463934e-09, 1.80428227914e-09, 2.40458986056e-09, 3.91091603547e-09, 5.08046849035e-09, 6.87127643673e-09, 7.08046821174e-09, 6.92078216957e-09, 5.88771298382e-09, 8.91716656071e-09, 1.36497142478e-08, 7.95060230985e-08, 9.0202789238e-08, 1.66129776602e-08], "median": [0.0379003733397, 0.445329368114, 1.15743148327, 1.59836506844, 2.26864528656, 3.24894094467, 3.02110290527, 2.6112036705, 2.42767429352, 2.36062240601, 2.61838960648, 3.70193958282, 3.86015844345, 4.07806396484, 4.417532444, 4.61838197708, 4.53532600403, 4.33564519882, 5.37001657486, 5.9673833847, 8.17489719391, 9.82612419128, 9.93043327332, 9.7149143219, 11.6711120605, 11.2079019547, 11.9406480789, 14.1184244156, 10.3407516479, 8.64321899414, 6.32369804382, 4.75463199615, 3.02588939667, 1.78839576244, 0.878736495972, 0.452285170555, 0.181858867407, 0.0395726412535, 0.00389830977656, 0.000164272438269], "dvar2": [0.294232606888, 69.9460906982, 364.334381104, 296.988739014, 1052.06811523, 1001.12872314, 333.362091064, 294.244384766, 251.777420044, 268.247589111, 397.586395264, 508.358642578, 218.05619812, 259.033294678, 352.978302002, 1905.15332031, 2067.49560547, 655.879516602, 984.411010742, 835.60748291, 1566.99890137, 958.831237793, 2202.82543945, 2315.31420898, 1763.54638672, 2996.71728516, 1638.53161621, 1726.15380859, 1508.05871582, 1419.7409668, 629.808898926, 308.190979004, 181.490020752, 135.809539795, 34.3872299194, 16.3882198334, 4.96534872055, 0.393723070621, 0.00956117454916, 9.05703473109e-06], "var": [0.524206936359, 26.3956165314, 141.268234253, 84.1027908325, 275.195922852, 364.487762451, 181.997329712, 150.539932251, 102.820571899, 90.5266571045, 316.790405273, 279.462890625, 114.179878235, 124.944236755, 177.234481812, 566.001037598, 1008.65991211, 697.995056152, 621.699462891, 879.486450195, 702.918212891, 1026.96606445, 953.627563477, 1335.20471191, 1379.72961426, 1391.32922363, 1375.65429688, 1525.54833984, 1079.62658691, 836.621887207, 412.696807861, 272.618103027, 139.950912476, 130.79019165, 38.7759094238, 8.34398841858, 1.89624786377, 0.132951393723, 0.0025376919657, 2.36832056544e-06], "dmean2": [0.26258701086, 3.96778988838, 9.00135993958, 7.78077507019, 14.8303890228, 15.8614549637, 11.065366745, 10.6563558578, 8.88777542114, 8.23040962219, 10.2125425339, 11.7179393768, 9.23831558228, 9.98550605774, 11.3210687637, 18.7877635956, 15.9718980789, 11.2832956314, 17.1543388367, 15.3949155807, 19.8669662476, 18.5856590271, 23.1660804749, 21.8879318237, 21.4560165405, 24.003534317, 21.554151535, 25.9723377228, 21.9845104218, 20.8710536957, 13.9366436005, 10.254611969, 7.37775802612, 5.81588363647, 3.01218557358, 1.9068672657, 0.985904335976, 0.265501916409, 0.0356056466699, 0.00110823323485], "max": [5.47087335587, 50.6289863586, 130.344039917, 117.282875061, 222.798477173, 248.313369751, 141.174194336, 160.122924805, 182.101821899, 153.210678101, 293.010681152, 298.196624756, 208.192733765, 193.818054199, 173.140350342, 754.228088379, 723.569580078, 439.787902832, 305.274841309, 352.865753174, 301.252807617, 481.710906982, 424.378997803, 458.506439209, 446.090667725, 412.020996094, 423.980834961, 346.844512939, 269.478424072, 222.078933716, 182.225692749, 192.794830322, 144.127746582, 221.779403687, 90.7741088867, 39.3713951111, 14.1815891266, 3.71214151382, 0.56632900238, 0.0177211854607], "dmean": [0.156073868275, 2.34573030472, 5.33642721176, 4.3813867569, 8.19972229004, 9.01043319702, 6.39288473129, 6.05904006958, 5.0345249176, 4.68708133698, 5.9786658287, 6.89708375931, 5.37141513824, 5.76810312271, 6.51371192932, 10.3512916565, 9.1672372818, 6.69540309906, 10.064953804, 9.26722049713, 11.4185676575, 10.9982976913, 13.6101865768, 13.2349185944, 13.3062515259, 14.2922763824, 13.8784265518, 15.8767032623, 13.7779331207, 13.4394817352, 9.01372146606, 6.72183227539, 4.85457468033, 3.72378349304, 1.94358158112, 1.1843996048, 0.597183048725, 0.157304793596, 0.0196858495474, 0.000615463301074]}, "dissonance": {"dvar": 0.000210560872802, "mean": 0.484504252672, "min": 0.144010737538, "median": 0.489451766014, "dvar2": 0.000570120930206, "var": 0.000312048010528, "dmean2": 0.0179279893637, "max": 0.500000178814, "dmean": 0.0103930160403}, "erbbands_flatness_db": {"dvar": 0.000230627934798, "mean": 0.109027989209, "min": 0.0170632079244, "median": 0.09371329844, "dvar2": 0.000516510393936, "var": 0.00272291898727, "dmean2": 0.0225627198815, "max": 0.375506877899, "dmean": 0.0143292220309}, "melbands_kurtosis": {"dvar": 3948.94775391, "mean": 32.8696517944, "min": -1.88008797169, "median": 10.700006485, "dvar2": 10383.3496094, "var": 8560.6796875, "dmean2": 35.3631591797, "max": 2019.28320313, "dmean": 21.2469100952}, "melbands_spread": {"dvar": 397.64630127, "mean": 44.1547050476, "min": 0.0975141748786, "median": 31.1374206543, "dvar2": 900.502441406, "var": 1663.0682373, "dmean2": 26.3228149414, "max": 271.630249023, "dmean": 16.2949180603}, "melbands_skewness": {"dvar": 3.08006215096, "mean": 3.8325715065, "min": -1.79258787632, "median": 3.09862756729, "dvar2": 7.47324943542, "var": 10.9195270538, "dmean2": 2.18283414841, "max": 33.5627975464, "dmean": 1.36580872536}, "spectral_entropy": {"dvar": 0.020802538842, "mean": 8.04993629456, "min": 4.83253908157, "median": 8.18435955048, "dvar2": 0.0455907844007, "var": 0.311620414257, "dmean2": 0.193265900016, "max": 9.57719993591, "dmean": 0.123797535896}, "zerocrossingrate": {"dvar": 0.000522707123309, "mean": 0.134420767426, "min": 0.001953125, "median": 0.11279296875, "dvar2": 0.000705275393557, "var": 0.0144882462919, "dmean2": 0.0253593679518, "max": 0.86328125, "dmean": 0.0208098683506}, "average_loudness": 0.792620480061, "spectral_contrast_coeffs": {"dvar": [0.00277371914126, 0.00137841561809, 0.000740848481655, 0.00051273603458, 0.000312561780447, 0.000357373501174], "mean": [-0.66214966774, -0.79140907526, -0.829212665558, -0.826525866985, -0.808933377266, -0.76064491272], "min": [-0.95216435194, -0.962233841419, -0.968204319477, -0.955526471138, -0.952408313751, -0.942237555981], "median": [-0.668475747108, -0.794359326363, -0.8328332901, -0.831196129322, -0.810323119164, -0.761579036713], "dvar2": [0.00732773542404, 0.00393671169877, 0.00208666804247, 0.00136037601624, 0.000788356934208, 0.000925776781514], "var": [0.00926855392754, 0.0036103844177, 0.00212975405157, 0.00188188767061, 0.00140012649354, 0.00283151469193], "dmean2": [0.102015793324, 0.0797901675105, 0.0572580471635, 0.045434512198, 0.0339483171701, 0.0304717924446], "max": [-0.324381619692, -0.52393579483, -0.583471894264, -0.602961659431, -0.607723712921, -0.486427485943], "dmean": [0.0614002794027, 0.0466818399727, 0.0336742512882, 0.0268819481134, 0.0205369163305, 0.0184197463095]}, "barkbands_flatness_db": {"dvar": 0.00085478433175, "mean": 0.116538167, "min": 0.0135616362095, "median": 0.086055546999, "dvar2": 0.00206628022715, "var": 0.00824519712478, "dmean2": 0.0447690263391, "max": 0.632580697536, "dmean": 0.0275396741927}, "silence_rate_30dB": {"dvar": 0.046809501946, "mean": 0.964024245739, "min": 0, "median": 1, "dvar2": 0.117073431611, "var": 0.0346811935306, "dmean2": 0.0984848514199, "max": 1, "dmean": 0.0492362082005}, "spectral_energyband_high": {"dvar": 1.24844000311e-05, "mean": 0.0035270540975, "min": 6.816180953e-10, "median": 0.00192648323718, "dvar2": 2.65417220362e-05, "var": 2.13350758713e-05, "dmean2": 0.00297509436496, "max": 0.0332949832082, "dmean": 0.00195987382904}, "melbands_flatness_db": {"dvar": 0.00139213958755, "mean": 0.171078339219, "min": 0.0115400645882, "median": 0.143979102373, "dvar2": 0.00318319047801, "var": 0.0130404941738, "dmean2": 0.0583883933723, "max": 0.795584857464, "dmean": 0.0366375409067}, "barkbands": {"dvar": [1.4753155142e-07, 0.000380479847081, 8.38204432512e-05, 1.19830192489e-05, 3.39753969456e-05, 1.72736974946e-06, 4.33049336834e-07, 3.15433993592e-07, 2.99711416574e-07, 8.78559944795e-08, 6.98660400644e-08, 3.72027244566e-07, 3.33040247824e-07, 9.19958864642e-08, 1.91351915646e-07, 1.52336014025e-07, 1.07957497164e-07, 2.40182174593e-07, 5.1280869684e-07, 3.76825653348e-07, 4.83411781715e-07, 5.53783934265e-07, 3.45475456243e-07, 3.82213869443e-07, 3.03729706275e-07, 4.7767440492e-07, 9.48066301021e-08], "mean": [0.000575707352255, 0.0112300701439, 0.00449344702065, 0.00142853730358, 0.00308833061717, 0.00100491580088, 0.000386324885767, 0.00036648940295, 0.000396814895794, 0.000238777502091, 0.000197529108846, 0.000278820079984, 0.000268701580353, 0.00020731787663, 0.00031399319414, 0.00029345107032, 0.000347047665855, 0.000356112956069, 0.000502100796439, 0.00045793200843, 0.00069434492616, 0.000679275370203, 0.000461470481241, 0.000501133850776, 0.000472295418149, 0.00035914714681, 0.000113790199975], "min": [4.04269598077e-15, 2.3295294933e-14, 5.30229834784e-15, 3.22492124558e-15, 8.31093989473e-15, 2.02053627871e-14, 1.24074402553e-14, 2.80039476986e-14, 2.02630067673e-14, 1.93138064e-14, 2.16896338672e-14, 1.88397644111e-14, 1.3131107089e-14, 1.01887357058e-14, 2.32299920809e-14, 1.28464726785e-14, 1.73157149697e-14, 2.09722223718e-14, 2.64739182047e-14, 2.85448036464e-14, 5.09901535329e-14, 7.52334324938e-14, 1.70599699732e-13, 4.39908959954e-13, 6.38664143272e-13, 6.64309796408e-12, 8.41353764436e-10], "median": [1.21194416351e-05, 0.00173508701846, 0.000842223525979, 0.000452882115496, 0.000969474669546, 0.000327558431309, 0.000150533393025, 0.000107788335299, 0.000162683252711, 0.000115842864034, 8.83939501364e-05, 0.00010601671238, 9.53249400482e-05, 7.9773752077e-05, 0.000109640866867, 0.00012072903337, 0.000172524654772, 0.000169811857631, 0.00021328224102, 0.00022478896426, 0.000339863647241, 0.000297987135127, 0.000222440183279, 0.000212326151086, 0.000136090413434, 0.000103311162093, 2.21965492528e-05], "dvar2": [2.83730713591e-07, 0.000958879652899, 0.000216902408283, 3.40764090652e-05, 9.67473097262e-05, 4.6568916332e-06, 1.18691559692e-06, 8.42612223551e-07, 7.88025374732e-07, 2.28086435072e-07, 1.95984029006e-07, 1.06092034002e-06, 9.33977162276e-07, 2.31824031971e-07, 4.54377072856e-07, 4.04406677035e-07, 2.80827805454e-07, 6.2449618099e-07, 1.15998079764e-06, 9.92452100945e-07, 1.06062714167e-06, 1.29559930429e-06, 7.80043649229e-07, 7.34780712719e-07, 6.58936301079e-07, 1.24387054257e-06, 2.66050250275e-07], "var": [2.74694002655e-06, 0.000458625087049, 8.28864940559e-05, 8.24310973258e-06, 3.12206466333e-05, 2.72079773822e-06, 4.32956284158e-07, 5.33548529802e-07, 4.49882946896e-07, 1.23235594174e-07, 1.00962061822e-07, 3.05882224438e-07, 5.32207025117e-07, 2.15036621398e-07, 3.6195552866e-07, 2.25001571152e-07, 2.7815204362e-07, 3.28620643586e-07, 8.01123064775e-07, 4.83128644646e-07, 8.98183998288e-07, 9.13920814583e-07, 4.7313540108e-07, 6.30118847766e-07, 8.40217921905e-07, 4.82042878502e-07, 7.2061368428e-08], "dmean2": [0.00016832764959, 0.015120533295, 0.00677582528442, 0.00279880245216, 0.0047135441564, 0.00133679993451, 0.000589148374274, 0.000474715663586, 0.000486982375151, 0.000310534262098, 0.000262041605311, 0.000449987128377, 0.000345340842614, 0.000228778095334, 0.000361845537554, 0.000339324062224, 0.000323717074934, 0.000411957647884, 0.000497285975143, 0.00045750811114, 0.000619928410742, 0.00066589738708, 0.000469302729471, 0.00049148965627, 0.000431998050772, 0.000498458975926, 0.00019525794778], "max": [0.0119009083137, 0.182813420892, 0.103268235922, 0.0447308607399, 0.0754275992513, 0.0212800055742, 0.0109179057181, 0.0127264913172, 0.0101754283533, 0.0062377685681, 0.00430039595813, 0.0180460847914, 0.0162603408098, 0.00703528523445, 0.00763423647732, 0.00539592793211, 0.00811954587698, 0.0080184713006, 0.00880878232419, 0.00800909753889, 0.00905072130263, 0.00793975777924, 0.00668660644442, 0.00988703966141, 0.0133949862793, 0.00762240309268, 0.00293935951777], "dmean": [0.00011520877888, 0.00892594177276, 0.00401813397184, 0.00154260825366, 0.00265599577688, 0.00076760770753, 0.00033489454654, 0.000276166043477, 0.000287123752059, 0.000180405404535, 0.000149990300997, 0.000249761767918, 0.000200258131372, 0.000135305424919, 0.000216251442907, 0.00019647537556, 0.000191941624507, 0.000242711874307, 0.000304582761601, 0.000271961878752, 0.000386078550946, 0.000418575829826, 0.000305154680973, 0.000324332679156, 0.000278819934465, 0.000305315043079, 0.000109184700705]}, "erbbands_spread": {"dvar": 173.343460083, "mean": 56.4947967529, "min": 3.93534469604, "median": 55.0268554688, "dvar2": 403.764190674, "var": 703.336486816, "dmean2": 20.0302047729, "max": 161.704528809, "dmean": 12.5874843597}, "barkbands_kurtosis": {"dvar": 7690.36865234, "mean": 37.2484016418, "min": -1.93910133839, "median": 0.603861808777, "dvar2": 24166.453125, "var": 79168.234375, "dmean2": 21.9978237152, "max": 4089.99707031, "dmean": 12.6508703232}, "spectral_flux": {"dvar": 0.00224115024321, "mean": 0.0928153842688, "min": 4.52556159871e-05, "median": 0.078810736537, "dvar2": 0.00461385911331, "var": 0.00514171551913, "dmean2": 0.0555035285652, "max": 0.446462452412, "dmean": 0.0350299663842}, "silence_rate_20dB": {"dvar": 0, "mean": 1, "min": 1, "median": 1, "dvar2": 0, "var": 0, "dmean2": 0, "max": 1, "dmean": 0}, "gfcc": {"cov": [[30653.5058594, -2112.93139648, -1477.07775879, 2015.42895508, -2118.74047852, 1173.14831543, -1242.15478516, 562.806335449, -819.368041992, 574.515625, -858.370483398, 206.709915161, -393.795684814], [-2112.93139648, 3345.0546875, 22.1822509766, -260.45211792, 423.493835449, -210.004623413, 285.526763916, -153.351669312, 112.185058594, -235.518890381, 230.720153809, -108.666511536, 168.44833374], [-1477.07775879, 22.1822509766, 917.458007813, -59.3193893433, 259.893280029, 103.513183594, 104.001571655, 73.8745956421, 93.8177337646, 68.4252929688, 26.0517406464, 21.2932300568, -13.1678800583], [2015.42895508, -260.45211792, -59.3193893433, 647.936523438, -153.60848999, 222.667053223, -40.4281272888, 77.7401809692, 8.19375419617, 90.5062789917, -19.4225139618, 49.7846603394, -2.77959680557], [-2118.74047852, 423.493835449, 259.893280029, -153.60848999, 494.953948975, -22.1943836212, 196.494155884, 24.3469047546, 129.980880737, -5.37312269211, 119.185760498, -14.6281528473, 34.4552650452], [1173.14831543, -210.004623413, 103.513183594, 222.667053223, -22.1943836212, 328.105224609, 28.747631073, 119.850692749, 41.3183288574, 121.793983459, -13.0340127945, 30.5634346008, -17.9887504578], [-1242.15478516, 285.526763916, 104.001571655, -40.4281272888, 196.494155884, 28.747631073, 246.016601563, 33.0546951294, 131.447158813, 12.7221298218, 82.7635726929, 1.42461001873, 35.672832489], [562.806335449, -153.351669312, 73.8745956421, 77.7401809692, 24.3469047546, 119.850692749, 33.0546951294, 162.189743042, 59.6558036804, 94.2618713379, -1.52491986752, 23.0007648468, -14.4427585602], [-819.368041992, 112.185058594, 93.8177337646, 8.19375419617, 129.980880737, 41.3183288574, 131.447158813, 59.6558036804, 166.317459106, 52.5136947632, 65.3329696655, 6.14069843292, 27.1484165192], [574.515625, -235.518890381, 68.4252929688, 90.5062789917, -5.37312269211, 121.793983459, 12.7221298218, 94.2618713379, 52.5136947632, 150.196777344, 3.128251791, 31.5310344696, -5.25978326797], [-858.370483398, 230.720153809, 26.0517406464, -19.4225139618, 119.185760498, -13.0340127945, 82.7635726929, -1.52491986752, 65.3329696655, 3.128251791, 117.705055237, 8.10080909729, 33.9731369019], [206.709915161, -108.666511536, 21.2932300568, 49.7846603394, -14.6281528473, 30.5634346008, 1.42461001873, 23.0007648468, 6.14069843292, 31.5310344696, 8.10080909729, 60.0378112793, 16.8663711548], [-393.795684814, 168.44833374, -13.1678800583, -2.77959680557, 34.4552650452, -17.9887504578, 35.672832489, -14.4427585602, 27.1484165192, -5.25978326797, 33.9731369019, 16.8663711548, 75.3508758545]], "mean": [-10.5367479324, 35.0903701782, -84.603302002, 39.0716819763, -47.2372589111, 12.4005565643, -30.2673091888, 5.21790122986, -23.6713371277, 1.43656527996, -17.7628421783, 3.78458547592, -11.7701501846], "icov": [[8.88034555828e-05, -6.25083557679e-05, 0.000107373176434, -0.000127510997117, 0.00012362106645, -0.000141371609061, 0.000152744003572, -0.000218628949369, 0.000243903385126, -0.000211484672036, 0.000293816672638, -0.000184206000995, 0.000219525507418], [-6.25083557679e-05, 0.000520688015968, -9.49968816712e-05, 8.63664899953e-05, -0.000199687026907, 5.40118635399e-05, -0.000347414897988, 0.0001169329189, -3.57627322956e-05, 0.000729629187845, -0.000758017471526, 0.00102078099735, -0.0010359196458], [0.000107373176434, -9.49968816712e-05, 0.00157188542653, 2.67719769909e-05, -0.000714152352884, -0.00059739354765, 0.000272979756119, -0.000137774695759, -7.43457858334e-05, -0.000515099440236, 0.000965656479821, -0.00104029581416, 0.000865800247993], [-0.000127510997117, 8.63664899953e-05, 2.67719769909e-05, 0.00248459610157, 0.000396929797716, -0.00133055413608, 0.000173836058821, 0.00030393875204, -0.000786707794759, 0.000429493986303, -0.000751288665924, -0.000732584274374, -0.000470188504551], [0.00012362106645, -0.000199687026907, -0.000714152352884, 0.000396929797716, 0.00434492249042, -2.99018074656e-06, -0.0014459049562, -0.00096329668304, -0.000127159350086, 0.000124061130919, -0.00193699344527, 0.000737486232538, 0.000257424719166], [-0.000141371609061, 5.40118635399e-05, -0.00059739354765, -0.00133055413608, -2.99018074656e-06, 0.00624823011458, -0.00152620917652, -0.00166138180066, 0.000589396513533, -0.00250670849346, 0.00013358182332, 0.000540419365279, 0.000315544690238], [0.000152744003572, -0.000347414897988, 0.000272979756119, 0.000173836058821, -0.0014459049562, -0.00152620917652, 0.00942880567163, -0.000400444259867, -0.00503837596625, 0.00127232214436, -0.000694854941685, -0.00105518975761, -0.000161145493621], [-0.000218628949369, 0.0001169329189, -0.000137774695759, 0.00030393875204, -0.00096329668304, -0.00166138180066, -0.000400444259867, 0.0124063622206, -0.00352679356001, -0.00390055007301, 0.0010648117