{"tonal": {"chords_number_rate": 0.00286225392483, "thpcp": [1, 0.982255280018, 0.953773856163, 0.81290948391, 0.481063455343, 0.282742112875, 0.216095551848, 0.239132151008, 0.349342226982, 0.503787279129, 0.58676970005, 0.58668500185, 0.439146310091, 0.256902366877, 0.176870688796, 0.136433809996, 0.147898346186, 0.199353665113, 0.436232835054, 0.631415486336, 0.463745236397, 0.344171702862, 0.410558581352, 0.388684391975, 0.31706905365, 0.308246821165, 0.355287343264, 0.407106071711, 0.316368281841, 0.195401355624, 0.242112576962, 0.528180480003, 0.787215411663, 0.643308222294, 0.443679839373, 0.676521837711], "hpcp": {"dvar": [0.0324816629291, 0.0241501554847, 0.0177334956825, 0.0154036069289, 0.0175167303532, 0.0244589410722, 0.0282131545246, 0.0380365662277, 0.0297666508704, 0.0389739014208, 0.0403913520277, 0.0345382727683, 0.0280353799462, 0.02130109258, 0.0215239189565, 0.0256629027426, 0.0209044367075, 0.0212642922997, 0.0281047355384, 0.0403298474848, 0.052998572588, 0.0513751879334, 0.0428277775645, 0.0452699288726, 0.0665390640497, 0.0501151420176, 0.0565874017775, 0.0576428063214, 0.0480821952224, 0.04095197469, 0.0333401598036, 0.0290627460927, 0.0314501486719, 0.0370641238987, 0.0357651859522, 0.037415932864], "mean": [0.133164480329, 0.0779017582536, 0.0536333620548, 0.0413714908063, 0.0448479354382, 0.0604509823024, 0.132281005383, 0.191467195749, 0.140623733401, 0.104364864528, 0.12449567765, 0.117862664163, 0.0961463972926, 0.0934711843729, 0.107735514641, 0.123448759317, 0.0959338992834, 0.0592525042593, 0.0734169781208, 0.160162746906, 0.238711163402, 0.195073485374, 0.134539201856, 0.205145016313, 0.303234875202, 0.297854065895, 0.289217501879, 0.246502503753, 0.14587521553, 0.0857372656465, 0.0655277073383, 0.0725132077932, 0.105932749808, 0.152765870094, 0.177929028869, 0.177903354168], "min": [0, 0, 0, 0, 0, 0, 0, 0, 0, 0, 0, 0, 0, 0, 0, 0, 0, 0, 0, 0, 0, 0, 0, 0, 0, 0, 0, 0, 0, 0, 0, 0, 0, 0, 0, 0], "median": [0.0384204462171, 0.0239510890096, 0.0148006342351, 0.00930909533054, 0.00938338041306, 0.0140348980203, 0.0437070354819, 0.0661876350641, 0.0540558360517, 0.0292512252927, 0.0287816002965, 0.0296967234462, 0.0319169647992, 0.0368789732456, 0.0419888906181, 0.0363389775157, 0.0278813429177, 0.0122402040288, 0.0145465340465, 0.0531157255173, 0.0907806605101, 0.0654286593199, 0.0285336375237, 0.0826811641455, 0.119838140905, 0.171215623617, 0.137206017971, 0.104629442096, 0.0391284450889, 0.0125184841454, 0.0107240285724, 0.0171064659953, 0.0365580767393, 0.0510861203074, 0.0662897527218, 0.0547515824437], "dvar2": [0.0874697417021, 0.0661355480552, 0.0495408549905, 0.0432928390801, 0.0484739467502, 0.0671378746629, 0.0769241079688, 0.0986954420805, 0.0785672366619, 0.104853153229, 0.107475548983, 0.0918592885137, 0.075352370739, 0.0565979555249, 0.0566048957407, 0.0660630688071, 0.0550903230906, 0.0587497390807, 0.0788711830974, 0.108700357378, 0.134733617306, 0.139576390386, 0.114755518734, 0.119342580438, 0.171498864889, 0.128411859274, 0.143982246518, 0.148496672511, 0.126006573439, 0.113285042346, 0.095726236701, 0.0805495679379, 0.0850205495954, 0.0978109911084, 0.0948885902762, 0.091945104301], "var": [0.0470264963806, 0.0228321868926, 0.0149787832052, 0.0130903553218, 0.014457564801, 0.0223010145128, 0.0420126207173, 0.0757684111595, 0.0421524010599, 0.0374974571168, 0.0454947352409, 0.042222969234, 0.0284976772964, 0.0243884343654, 0.0283902511001, 0.0449051111937, 0.0300145074725, 0.0208531916142, 0.0277911853045, 0.0559106096625, 0.0938944518566, 0.0770828798413, 0.0576410777867, 0.0634304508567, 0.130155965686, 0.0952121019363, 0.106558330357, 0.0916723906994, 0.0582473166287, 0.0377310588956, 0.0251629464328, 0.02390916273, 0.0340682938695, 0.0576508827507, 0.0609694421291, 0.0737936124206], "dmean2": [0.197884172201, 0.147620260715, 0.105487219989, 0.0851629972458, 0.0949228927493, 0.11854993552, 0.173342630267, 0.217149525881, 0.190643623471, 0.20847979188, 0.223930239677, 0.199722781777, 0.173057898879, 0.152158215642, 0.15291044116, 0.159510985017, 0.133546218276, 0.109429985285, 0.141107752919, 0.223582386971, 0.284438639879, 0.282322108746, 0.215247124434, 0.262736827135, 0.342281341553, 0.334136605263, 0.349122196436, 0.348586380482, 0.251942574978, 0.185019686818, 0.156068265438, 0.158075109124, 0.187932133675, 0.223753109574, 0.232331603765, 0.214127704501], "max": [1, 1, 1, 1, 1, 1, 1, 1, 1, 1, 1, 1, 1, 1, 1, 1, 1, 1, 1, 1, 1, 1, 1, 1, 1, 1, 1, 1, 1, 1, 1, 1, 1, 1, 1, 1], "dmean": [0.114094682038, 0.0828204974532, 0.0589633882046, 0.0471266545355, 0.0528293997049, 0.0667409896851, 0.101140037179, 0.128101170063, 0.109477214515, 0.117687836289, 0.128571867943, 0.114912882447, 0.099450930953, 0.0877661928535, 0.088854379952, 0.0922736898065, 0.0768275484443, 0.0616260208189, 0.078789524734, 0.129968360066, 0.169478058815, 0.160971596837, 0.122631378472, 0.149579241872, 0.194945439696, 0.192967832088, 0.202662691474, 0.203129649162, 0.142714485526, 0.102106802166, 0.0850404500961, 0.0877461507916, 0.106311939657, 0.127434641123, 0.134543672204, 0.125241965055]}, "key_strength": 0.406471401453, "chords_strength": {"dvar": 8.8496846729e-05, "mean": 0.480139225721, "min": 0.216602116823, "median": 0.479561924934, "dvar2": 0.000116146125947, "var": 0.0100027192384, "dmean2": 0.0120999738574, "max": 0.822660148144, "dmean": 0.0113605093211}, "tuning_equal_tempered_deviation": 0.251083880663, "chords_key": "E", "tuning_frequency": 434.193115234, "chords_scale": "major", "chords_changes_rate": 0.0856887325644, "key_scale": "minor", "tuning_diatonic_strength": 0.361485242844, "hpcp_entropy": {"dvar": 0.267380326986, "mean": 2.18957638741, "min": 0, "median": 2.21879959106, "dvar2": 0.738683283329, "var": 0.599079012871, "dmean2": 1.06839072704, "max": 4.52041482925, "dmean": 0.632377147675}, "chords_histogram": [6.11806774139, 2.61180686951, 0.232558146119, 0.0178890880197, 0, 2.86225414276, 12.6296958923, 1.46690523624, 0.429338097572, 0.196779966354, 1.35957062244, 0.393559932709, 8.55098342896, 1.14490163326, 2.43291592598, 0.894454360008, 14.5259389877, 19.9463329315, 6.85152053833, 3.18425750732, 0, 2.0572450161, 1.03756713867, 11.0554561615], "tuning_nontempered_energy_ratio": 0.881092369556, "key_key": "F"}, "metadata": {"version": {"extractor": "music 1.0", "essentia_build_sha": "ca57ba49d9b1854bd80e60cf9ccf267278fb7d6b", "essentia": "2.1-beta1", "essentia_git_sha": "v2.1_beta1-28-g21ef5f4-dirty"}, "audio_properties": {"sample_rate": 44100, "length": 259.527587891, "lossless": false, "analysis_sample_rate": 44100, "downmix": "mix", "bit_rate": 175506, "equal_loudness": 0, "md5_encoded": "fc97a7d249c121f49c3591dd0dfdf94c", "codec": "mp3", "replay_gain": -2.69007492065}, "tags": {"catalognumber": ["9 24060-2"], "musicbrainz_recordingid": ["028fcec9-8ad2-42f7-9cfd-575fb09fed64"], "title": ["Don't Toss Us Away"], "artist": ["Lone Justice"], "artists": ["Lone Justice"], "artistsort": ["Lone Justice"], "originaldate": ["1985"], "musicbrainz_artistid": ["778b34b7-736f-45d1-9486-2c9545ea6daa"], "performer:guest organ and piano": ["Benmont Tench"], "tracknumber": ["4/10"], "musicbrainz_albumartistid": ["778b34b7-736f-45d1-9486-2c9545ea6daa"], "barcode": ["07599240602"], "musicbrainz album status": ["official"], "date": ["1985"], "albumartistsort": ["Lone Justice"], "musicbrainz_releasegroupid": ["084f1392-7a05-3245-9ece-4cd9022886ec"], "media": ["CD"], "musicbrainz release track id": ["deec43c9-cfea-3d96-8e6d-a157f325a71e"], "musicbrainz album release country": ["US"], "label": ["Geffen Records"], "musicbrainz album type": ["album"], "asin": ["B000000OXU"], "script": ["Latn"], "musicbrainz_albumid": ["31e96b19-43f4-41b2-95b7-872a0103d353"], "file_name": "04 - Don't Toss Us Away.mp3", "album": ["Lone Justice"], "albumartist": ["Lone Justice"]}}, "lowlevel": {"melbands": {"dvar": [2.50406264968e-06, 6.11845280218e-07, 3.70514072756e-07, 2.13936829141e-07, 1.47076991652e-06, 3.69338363271e-06, 6.62586501221e-07, 1.84586440355e-07, 1.71503486968e-07, 3.29781926212e-08, 2.06563992577e-08, 1.9452992106e-08, 4.18578665062e-08, 1.35555824343e-08, 7.92019250184e-09, 2.28017471571e-09, 2.31044583465e-09, 1.97155847204e-09, 7.44926342833e-10, 4.89850604524e-10, 3.63641478041e-10, 3.85066804831e-11, 2.86996069271e-11, 3.73414077437e-11, 1.89349022572e-11, 1.12990892684e-11, 4.431461708e-12, 2.54177646812e-12, 1.40993683742e-12, 1.53970120074e-12, 9.43508075488e-13, 4.05064518169e-13, 1.63406736601e-13, 3.60595850868e-14, 4.87305423742e-15, 1.33392506127e-15, 9.33615278694e-16, 6.98071456749e-16, 5.42163343164e-16, 4.2719722883e-16], "mean": [0.000714677094948, 0.000487011304358, 0.000440308183897, 0.000329162750859, 0.000705483078491, 0.00117150880396, 0.000482596457005, 0.000181066454388, 0.00012562883785, 6.87946085236e-05, 5.46337105334e-05, 7.1376656706e-05, 0.000129751104396, 6.87962237862e-05, 4.9510585086e-05, 2.81580996671e-05, 2.83909557766e-05, 2.28193985095e-05, 1.14165704872e-05, 1.21333414427e-05, 8.52734865475e-06, 2.7720379876e-06, 1.99579517357e-06, 2.00887211577e-06, 1.65864003066e-06, 1.52349161908e-06, 9.99326971396e-07, 6.58441820178e-07, 4.70412373943e-07, 4.81249173845e-07, 3.91698051772e-07, 2.17142783754e-07, 1.10971257072e-07, 5.59423689594e-08, 3.17481472223e-08, 2.08890771347e-08, 1.52585819535e-08, 1.25724222144e-08, 1.10011493248e-08, 9.8897867673e-09], "min": [3.87191115526e-24, 1.65052361402e-24, 2.295424701e-24, 3.79846228853e-24, 1.90269661022e-24, 2.77280486387e-24, 3.04820902487e-24, 1.84475773496e-24, 2.71557458292e-24, 2.98604540503e-24, 5.36740131608e-24, 3.87534427792e-24, 3.72593323361e-24, 3.57247927716e-24, 4.84517066366e-24, 3.93311216758e-24, 4.70188315213e-24, 4.62017609501e-24, 4.17835640124e-24, 4.89420862411e-24, 4.53915613574e-24, 5.77207512755e-24, 4.03861442505e-24, 4.7700143075e-24, 3.82315521259e-24, 4.24759038416e-24, 4.29179696599e-24, 4.89321387051e-24, 4.26190781516e-24, 6.11024244268e-24, 4.78406825896e-24, 4.94729107443e-24, 6.27698988867e-24, 6.65460103792e-24, 6.84222371562e-24, 7.01772239006e-24, 6.09893569932e-24, 6.98004954867e-24, 5.73437783147e-24, 6.03112206047e-24], "median": [0.000257625419181, 0.000183562675375, 0.000176651403308, 0.0001082111703, 0.000120089302072, 0.000137800932862, 6.95720955264e-05, 3.23553613271e-05, 1.14142276288e-05, 7.76876549935e-06, 5.89609953749e-06, 7.89635942056e-06, 9.12604809855e-06, 1.20284439618e-05, 8.17708678369e-06, 4.65942139272e-06, 4.32194701716e-06, 3.63644426216e-06, 1.95041252482e-06, 1.67688676811e-06, 1.27680709738e-06, 4.23405140282e-07, 2.18067583546e-07, 1.80002004413e-07, 1.48387329091e-07, 1.9602035195e-07, 1.46014372149e-07, 1.02571384275e-07, 7.52950768401e-08, 8.1938360097e-08, 6.11975394804e-08, 2.65057842341e-08, 1.60120450232e-08, 1.14457563427e-08, 8.35044122738e-09, 5.63040813972e-09, 3.80297393576e-09, 2.89214785454e-09, 2.4610000704e-09, 2.25251817199e-09], "dvar2": [7.04559215592e-06, 1.49580841935e-06, 1.21148639209e-06, 4.48002111852e-07, 3.43818169313e-06, 8.24368089525e-06, 1.41695591083e-06, 4.36749218125e-07, 4.3374291181e-07, 6.26370137979e-08, 5.44844418471e-08, 4.73150585378e-08, 9.68732365436e-08, 3.39863674981e-08, 2.17222897447e-08, 5.85163606459e-09, 5.61322410775e-09, 4.69279015647e-09, 1.95482385834e-09, 1.11173881212e-09, 8.64638638465e-10, 8.56879150968e-11, 5.72220257289e-11, 8.41494027237e-11, 3.85546074233e-11, 2.31606643586e-11, 8.78252765651e-12, 5.12619547505e-12, 2.76100778525e-12, 2.96671975181e-12, 1.7846396019e-12, 8.24790864946e-13, 3.27764996134e-13, 7.20962731789e-14, 1.0873389896e-14, 3.21415693912e-15, 2.35324366296e-15, 1.75596092131e-15, 1.36332748069e-15, 1.07272074676e-15], "var": [2.25042890634e-06, 9.50619494233e-07, 6.24008407613e-07, 6.25217012384e-07, 3.33024718202e-06, 8.55733651406e-06, 2.08083201869e-06, 3.71517018039e-07, 3.17959461427e-07, 8.49084145216e-08, 3.57840441723e-08, 4.970223344e-08, 1.62687015859e-07, 2.70316071749e-08, 1.44923397727e-08, 5.20323117925e-09, 4.44750414275e-09, 3.96124244517e-09, 1.45884282432e-09, 1.18503706847e-09, 6.08962380522e-10, 7.71320576853e-11, 6.36309269164e-11, 7.3179316773e-11, 4.13343248518e-11, 2.41478226304e-11, 1.03686208924e-11, 6.03581334219e-12, 3.2272140689e-12, 3.11019612842e-12, 1.99366261347e-12, 7.29108017451e-13, 2.82128541449e-13, 5.79412684281e-14, 7.14818219265e-15, 1.83229150711e-15, 1.0656376455e-15, 7.83727451782e-16, 6.08182467502e-16, 4.82792051034e-16], "dmean2": [0.000792468956206, 0.000514967425261, 0.00046431433293, 0.000294806814054, 0.000668788328767, 0.00107972580008, 0.000384088401916, 0.000173417400219, 0.000128653497086, 6.79306685925e-05, 6.02892250754e-05, 6.3483712438e-05, 9.56918956945e-05, 6.38215278741e-05, 4.56664311059e-05, 2.51693727478e-05, 2.88318296953e-05, 2.22742419282e-05, 1.07172445496e-05, 1.13252608571e-05, 8.6495792857e-06, 2.79093023892e-06, 1.9738811261e-06, 1.98639622795e-06, 1.5744473103e-06, 1.36948040108e-06, 8.52860750911e-07, 5.82034147101e-07, 4.09813225133e-07, 4.38036408923e-07, 3.50464858911e-07, 2.08885580832e-07, 1.17093698293e-07, 6.35312744635e-08, 3.96732744434e-08, 2.9127173562e-08, 2.42878837042e-08, 2.06509458422e-08, 1.80894588198e-08, 1.60871351795e-08], "max": [0.0246987938881, 0.0135617721826, 0.010088426061, 0.0173799861223, 0.0254853460938, 0.032880153507, 0.0191900078207, 0.0136305382475, 0.0120635638013, 0.0152339851484, 0.0042308755219, 0.00449391873553, 0.00627511087805, 0.00315869227052, 0.00248788460158, 0.00149740639608, 0.00116641353816, 0.00168278778438, 0.0014648680808, 0.000792609294876, 0.00109762442298, 0.000257775303908, 0.000237709798967, 0.000265547976596, 0.000122557743452, 0.000141013442772, 7.71665436332e-05, 8.89038201421e-05, 4.5010510803e-05, 5.418316141e-05, 3.81506397389e-05, 3.1590287108e-05, 2.16060452658e-05, 8.60428281158e-06, 3.81273980565e-06, 6.35519370462e-07, 5.13474219588e-07, 4.44568172497e-07, 3.88306602872e-07, 3.43948357795e-07], "dmean": [0.00045626485371, 0.000311679847073, 0.000266732589807, 0.000185948418221, 0.000432258239016, 0.000711491797119, 0.000252275087405, 0.000110428278276, 8.02877839305e-05, 4.38226270489e-05, 3.65704509022e-05, 4.07021616411e-05, 6.3692634285e-05, 4.00831231673e-05, 2.76173996099e-05, 1.57054782903e-05, 1.79831931746e-05, 1.40518241096e-05, 6.78806827636e-06, 7.35603816793e-06, 5.51463517695e-06, 1.81757889095e-06, 1.35571121973e-06, 1.35936204515e-06, 1.07927701265e-06, 9.42034148466e-07, 6.01968736191e-07, 4.05122250413e-07, 2.91397100227e-07, 3.05535451162e-07, 2.45380107344e-07, 1.44581804307e-07, 7.94055381448e-08, 4.21118997451e-08, 2.51649030503e-08, 1.79901658015e-08, 1.46876981688e-08, 1.24473658047e-08, 1.09116227165e-08, 9.72179403647e-09]}, "spectral_decrease": {"dvar": 9.74293443725e-18, "mean": -4.09821510061e-09, "min": -4.82903423915e-08, "median": -1.96115901296e-09, "dvar2": 2.31526414159e-17, "var": 2.85344224106e-17, "dmean2": 2.77151235295e-09, "max": 8.65569749209e-09, "dmean": 1.77770709264e-09}, "spectral_rolloff": {"dvar": 50656104, "mean": 9078.76074219, "min": 21.533203125, "median": 1658.05664062, "dvar2": 129193656, "var": 100160856, "dmean2": 6560.38964844, "max": 21963.8671875, "dmean": 3382.3515625}, "melbands_crest": {"dvar": 11.5375671387, "mean": 15.9982271194, "min": 1.14277172089, "median": 15.1981096268, "dvar2": 30.0042896271, "var": 33.5493850708, "dmean2": 6.06977987289, "max": 38.7128257751, "dmean": 3.72546434402}, "barkbands_skewness": {"dvar": 0.525135338306, "mean": 2.24429702759, "min": -2.13587903976, "median": 1.98217916489, "dvar2": 1.28461253643, "var": 2.88614964485, "dmean2": 1.07541072369, "max": 17.6601600647, "dmean": 0.68587243557}, "spectral_centroid": {"dvar": 51088.921875, "mean": 687.375366211, "min": 124.639205933, "median": 549.49621582, "dvar2": 87450.671875, "var": 354659.15625, "dmean2": 194.514205933, "max": 11560.9423828, "dmean": 133.72064209}, "spectral_energyband_middle_low": {"dvar": 0.000111080553324, "mean": 0.0115722408518, "min": 1.5768957153e-22, "median": 0.00424242857844, "dvar2": 0.000256306084339, "var": 0.000328285270371, "dmean2": 0.00822122581303, "max": 0.163305059075, "dmean": 0.00536839710549}, "erbbands_crest": {"dvar": 8.76522350311, "mean": 12.4267253876, "min": 2.44299983978, "median": 11.3305034637, "dvar2": 20.6940155029, "var": 29.7385425568, "dmean2": 5.11258506775, "max": 32.9014129639, "dmean": 3.19889998436}, "dynamic_complexity": 6.70014333725, "spectral_energyband_low": {"dvar": 3.59017503797e-05, "mean": 0.00396243622527, "min": 2.67167467076e-23, "median": 0.00196882849559, "dvar2": 9.78750322247e-05, "var": 4.19348361902e-05, "dmean2": 0.00375107349828, "max": 0.0888269171119, "dmean": 0.00219252635725}, "silence_rate_60dB": {"dvar": 0.0274691861123, "mean": 0.233941674232, "min": 0, "median": 0, "dvar2": 0.063005335629, "var": 0.179182544351, "dmean2": 0.0565497502685, "max": 1, "dmean": 0.0282723456621}, "erbbands_kurtosis": {"dvar": 8.85011291504, "mean": 1.98309159279, "min": -1.76904082298, "median": 0.588188290596, "dvar2": 21.0715332031, "var": 20.1340389252, "dmean2": 2.89395546913, "max": 65.9780578613, "dmean": 1.83571815491}, "spectral_complexity": {"dvar": 6.33150243759, "mean": 9.48425483704, "min": 0, "median": 8, "dvar2": 11.5366573334, "var": 50.7059249878, "dmean2": 3.0841088295, "max": 55, "dmean": 1.99624228477}, "barkbands_crest": {"dvar": 6.77517604828, "mean": 11.7863559723, "min": 3.07267045975, "median": 10.7416372299, "dvar2": 16.5843067169, "var": 23.1215572357, "dmean2": 4.47022485733, "max": 26.6224727631, "dmean": 2.80522704124}, "spectral_energy": {"dvar": 0.000154143213877, "mean": 0.0206006988883, "min": 1.00649422465e-20, "median": 0.0111203361303, "dvar2": 0.000363524362911, "var": 0.000578877923544, "dmean2": 0.0109487473965, "max": 0.195955276489, "dmean": 0.00708215404302}, "spectral_spread": {"dvar": 436371914752, "mean": 3348081, "min": 1210119.375, "median": 3175059, "dvar2": 998458458112, "var": 3187150946300.0, "dmean2": 945395.375, "max": 42041844, "dmean": 594457.375}, "spectral_contrast_valleys": {"dvar": [0.115503296256, 0.113050878048, 0.0931914299726, 0.107442595065, 0.174877136946, 0.312489807606], "mean": [-7.77703332901, -7.30904960632, -7.94515895844, -8.4335193634, -9.0440196991, -11.9506959915], "min": [-27.7424850464, -27.5121212006, -27.6653709412, -27.6187076569, -27.4244823456, -27.3364315033], "median": [-7.56731700897, -7.06388902664, -7.7682929039, -8.17556190491, -8.87055397034, -11.8487529755], "dvar2": [0.284227102995, 0.269282072783, 0.197923123837, 0.215644136071, 0.380834072828, 0.82077139616], "var": [1.67707657814, 2.15598273277, 2.0229370594, 2.11044478416, 2.04771828651, 1.64859926701], "dmean2": [0.645548582077, 0.61346834898, 0.531977295876, 0.498910933733, 0.648294866085, 1.06837296486], "max": [-5.47087287903, -4.79303407669, -5.37842798233, -5.8467335701, -5.59845876694, -9.21922779083], "dmean": [0.38486045599, 0.385830521584, 0.340300351381, 0.332321196795, 0.43644502759, 0.67867064476]}, "spectral_rms": {"dvar": 7.76053923346e-07, "mean": 0.00375525094569, "min": 3.13360101756e-12, "median": 0.00329379830509, "dvar2": 1.7752020085e-06, "var": 5.99631675868e-06, "dmean2": 0.000981625984423, "max": 0.0138266365975, "dmean": 0.000646492058877}, "barkbands_spread": {"dvar": 22.656463623, "mean": 12.4559526443, "min": 0.541100919247, "median": 10.1670837402, "dvar2": 46.7169418335, "var": 87.6454086304, "dmean2": 5.54829978943, "max": 85.5826721191, "dmean": 3.63474941254}, "pitch_salience": {"dvar": 0.00480402493849, "mean": 0.526751041412, "min": 0.0512461997569, "median": 0.539058685303, "dvar2": 0.0118268178776, "var": 0.0150396060199, "dmean2": 0.1219439134, "max": 0.991922199726, "dmean": 0.0753975883126}, "erbbands_skewness": {"dvar": 0.23681949079, "mean": 0.521786808968, "min": -4.77463102341, "median": 0.493894398212, "dvar2": 0.525401651859, "var": 1.29573488235, "dmean2": 0.75416469574, "max": 6.55642032623, "dmean": 0.497309744358}, "spectral_energyband_middle_high": {"dvar": 5.00461010233e-06, "mean": 0.00292754988186, "min": 1.10097002419e-21, "median": 0.000865786219947, "dvar2": 1.16918472486e-05, "var": 2.30477107834e-05, "dmean2": 0.00160976708867, "max": 0.0574934929609, "dmean": 0.00108912133146}, "erbbands": {"dvar": [0.0460896641016, 0.494259238243, 2.12311983109, 9.0997838974, 33.0129547119, 106.586425781, 1895.25366211, 8118.91259766, 3422.80224609, 1809.45117188, 2691.01000977, 929.484924316, 754.072631836, 1186.16455078, 2624.17138672, 1529.15344238, 938.468383789, 539.465637207, 526.642456055, 257.761291504, 229.801269531, 28.9107646942, 37.54322052, 26.5512657166, 14.1111221313, 5.60713672638, 3.4635617733, 3.0190551281, 0.935511291027, 0.216024130583, 0.0111573478207, 0.0027397791855, 0.00137863773853, 0.000640304759145, 0.000253157049883, 8.05969757494e-05, 2.18055029109e-05, 7.26942889742e-05, 3.35122676915e-05, 6.3802413024e-06], "mean": [0.0898664817214, 0.332832157612, 0.962677955627, 2.05527639389, 4.27164840698, 5.38194036484, 23.9330711365, 51.6467666626, 34.5913047791, 18.8238010406, 15.6889734268, 11.9273519516, 11.0916919708, 19.1695289612, 33.9856529236, 24.7397289276, 16.0410747528, 15.1288032532, 12.6204977036, 8.61585998535, 8.06628894806, 2.74542617798, 2.2841258049, 2.10173106194, 1.8621301651, 1.08542025089, 0.78575271368, 0.717375457287, 0.350279301405, 0.13154348731, 0.0534433722496, 0.0278653111309, 0.0177781935781, 0.0120968734846, 0.00781909376383, 0.00465481262654, 0.00307001592591, 0.00400643050671, 0.00376210128888, 0.00438908254728], "min": [1.94728572649e-22, 2.18924294715e-21, 1.99809031254e-21, 1.09143186029e-20, 1.87793247348e-20, 4.68963262821e-20, 6.86421161796e-20, 1.31682306757e-19, 2.02619687578e-19, 1.56990104393e-19, 3.00622870406e-19, 5.30270697423e-19, 1.04392230236e-18, 1.02825891368e-18, 1.25304886406e-18, 1.29229879092e-18, 2.14348697658e-18, 2.66693038373e-18, 2.68680608628e-18, 3.43100518055e-18, 3.96718013809e-18, 7.14969840147e-18, 4.37824382119e-18, 5.73964786542e-18, 5.8960189156e-18, 7.50534884174e-18, 1.13491041199e-17, 1.14431545555e-17, 1.17043194631e-17, 1.2969066212e-17, 1.31009510617e-17, 1.07675556174e-17, 9.57433104017e-18, 8.29548168902e-18, 6.80041642474e-18, 4.36859806806e-18, 2.69223838816e-18, 9.42630314045e-19, 2.47339617658e-19, 3.09563361584e-20], "median": [0.0244225673378, 0.101731047034, 0.348242104053, 0.824811697006, 1.36827373505, 1.54710865021, 3.83446025848, 5.82609939575, 4.79395008087, 3.87416505814, 1.8363275528, 1.37956881523, 1.3421933651, 2.1437869072, 3.44508099556, 4.65654182434, 2.99007463455, 2.65798997879, 2.32314395905, 1.54250073433, 1.30021798611, 0.516286671162, 0.248784318566, 0.209866270423, 0.265521526337, 0.175800919533, 0.136018589139, 0.123471044004, 0.0498060658574, 0.0246865488589, 0.0141033027321, 0.00738026760519, 0.004172146786, 0.00276521709748, 0.00186466833111, 0.00125441560522, 0.000970546505414, 0.0009892701637, 0.00108282198198, 0.00191529444419], "dvar2": [0.131822988391, 1.26326322556, 5.46507501602, 29.4224014282, 91.3593292236, 213.752624512, 4473.30517578, 17931.0820312, 7328.40869141, 4273.58496094, 6619.79736328, 1752.54443359, 1974.30566406, 2857.78588867, 6043.43798828, 3867.00146484, 2517.60351562, 1301.60534668, 1273.87243652, 632.334533691, 525.496826172, 60.3113517761, 76.5456924438, 51.8826942444, 26.9412631989, 10.6627235413, 6.3151640892, 5.44259405136, 1.76930737495, 0.4404053092, 0.0230694562197, 0.00682810740545, 0.00346827390604, 0.00160840246826, 0.000634038820863, 0.000200754526304, 5.15705942234e-05, 0.000133185079903, 5.64513538848e-05, 1.13410533231e-05], "var": [0.04029321298, 0.581508874893, 3.44898414612, 13.7297706604, 70.8973236084, 294.676452637, 4232.79833984, 18263.4902344, 11069.4267578, 3510.04003906, 5085.20800781, 2481.65991211, 1348.74572754, 3276.77587891, 9578.95800781, 3266.00097656, 1836.84851074, 1127.16320801, 1093.44628906, 616.280639648, 466.481536865, 66.4315185547, 85.2296829224, 63.1158981323, 34.3536338806, 14.4679765701, 8.4349899292, 6.61190843582, 1.88149750233, 0.350296795368, 0.0187986623496, 0.00331484014168, 0.00155052135233, 0.000722759636119, 0.000290249416139, 9.5120514743e-05, 3.25044784404e-05, 0.000153981658514, 0.000101825069578, 4.51784108009e-05], "dmean2": [0.103894934058, 0.40463167429, 1.02487301826, 2.31995940208, 4.30494689941, 4.86608600616, 23.0639476776, 48.9904327393, 27.2293167114, 16.9620246887, 15.5244045258, 11.3376646042, 11.5055704117, 15.8259830475, 24.7327919006, 20.6124172211, 13.8034486771, 14.1510324478, 11.1918640137, 7.08264732361, 7.46730804443, 2.44382596016, 2.0837790966, 1.83347928524, 1.54301404953, 0.867445647717, 0.64264190197, 0.602579772472, 0.318474948406, 0.138620659709, 0.0648384988308, 0.0417271889746, 0.0289805363864, 0.0196841452271, 0.0124357324094, 0.00708707142621, 0.00383150228299, 0.003394755302, 0.00229497044347, 0.00167972187046], "max": [3.49289345741, 9.8476228714, 26.7434616089, 64.4044265747, 117.387031555, 443.429595947, 966.885314941, 1553.5456543, 1450.13793945, 1494.41149902, 1606.55822754, 2606.09741211, 797.795593262, 1139.71765137, 1477.74816895, 1470.07336426, 933.507507324, 533.714782715, 866.563476562, 838.131164551, 766.816650391, 262.900634766, 196.396102905, 152.488525391, 158.038955688, 124.862007141, 72.251411438, 75.5845108032, 45.0260543823, 22.6530151367, 5.24694871902, 0.860546588898, 0.619266450405, 0.421368271112, 0.263703554869, 0.146924063563, 0.0784402489662, 0.398349761963, 0.190330415964, 0.0761360302567], "dmean": [0.0590416491032, 0.240368947387, 0.617371797562, 1.33056604862, 2.58346247673, 3.12547087669, 14.8491125107, 32.2104949951, 17.8803863525, 10.8722457886, 9.82516670227, 7.33619832993, 7.03680610657, 10.2559537888, 16.4012508392, 12.8168125153, 8.52223968506, 8.8694486618, 7.13619613647, 4.61719512939, 4.84151124954, 1.64455461502, 1.47268509865, 1.29703748226, 1.09114336967, 0.630847930908, 0.463210582733, 0.433035135269, 0.225510492921, 0.0947801843286, 0.0416744537652, 0.0254830643535, 0.0174799263477, 0.0118901869282, 0.00754323555157, 0.00433065975085, 0.00242449739017, 0.00244957325049, 0.00173087662552, 0.00116091780365]}, "dissonance": {"dvar": 0.0010220942786, "mean": 0.43449857831, "min": 0.192293643951, "median": 0.444144666195, "dvar2": 0.00275526894256, "var": 0.00214004260488, "dmean2": 0.0570748522878, "max": 0.500000059605, "dmean": 0.0343495197594}, "erbbands_flatness_db": {"dvar": 0.000600943516474, "mean": 0.199193745852, "min": 0.0261656660587, "median": 0.196759909391, "dvar2": 0.00142724893522, "var": 0.00298594054766, "dmean2": 0.0440745167434, "max": 0.404550343752, "dmean": 0.0286508779973}, "melbands_kurtosis": {"dvar": 129.048568726, "mean": 12.6802015305, "min": -1.85545992851, "median": 6.48087406158, "dvar2": 314.940185547, "var": 660.879699707, "dmean2": 10.2719049454, "max": 491.187011719, "dmean": 6.38077688217}, "melbands_spread": {"dvar": 39.1290359497, "mean": 12.7414579391, "min": 0.475897908211, "median": 9.47340583801, "dvar2": 83.7478561401, "var": 150.485626221, "dmean2": 6.21730804443, "max": 159.939529419, "dmean": 4.0643696785}, "melbands_skewness": {"dvar": 0.501224398613, "mean": 2.24131655693, "min": -2.29238653183, "median": 2.03012228012, "dvar2": 1.27373957634, "var": 2.80341291428, "dmean2": 1.08114361763, "max": 18.0449619293, "dmean": 0.684270381927}, "spectral_entropy": {"dvar": 0.0702765658498, "mean": 6.8808631897, "min": 4.84249067307, "median": 6.88840150833, "dvar2": 0.162274301052, "var": 0.268052130938, "dmean2": 0.43405726552, "max": 9.81703472137, "dmean": 0.285198271275}, "zerocrossingrate": {"dvar": 0.000843599031214, "mean": 0.226308971643, "min": 0, "median": 0.2138671875, "dvar2": 0.00123845238704, "var": 0.0106864040717, "dmean2": 0.0420565009117, "max": 0.80908203125, "dmean": 0.0336131192744}, "average_loudness": 0.419617384672, "spectral_contrast_coeffs": {"dvar": [0.00166350626387, 0.00198517250828, 0.000950124871451, 0.000612629461102, 0.00049667066196, 0.00127984513529], "mean": [-0.67976140976, -0.702605247498, -0.791319668293, -0.806707620621, -0.849798262119, -0.796466469765], "min": [-0.966518640518, -0.993719577789, -0.988819897175, -0.986506938934, -0.982927799225, -0.961860597134], "median": [-0.685330510139, -0.714488387108, -0.798944950104, -0.811515808105, -0.849093198776, -0.815888643265], "dvar2": [0.00448836013675, 0.00506456475705, 0.00246015796438, 0.00155340693891, 0.00122650736012, 0.00289314240217], "var": [0.00761380419135, 0.00869916193187, 0.00463295308873, 0.00374833052047, 0.00243590818718, 0.00509357405826], "dmean2": [0.0828998312354, 0.0861333757639, 0.0612598657608, 0.0483617447317, 0.0421865992248, 0.0547505505383], "max": [-0.309820383787, -0.348026275635, -0.487775117159, -0.575612425804, -0.669130504131, -0.401979655027], "dmean": [0.0503314249218, 0.0536382235587, 0.037813719362, 0.0299673639238, 0.0261967778206, 0.0350987575948]}, "barkbands_flatness_db": {"dvar": 0.000749402970541, "mean": 0.194582700729, "min": 0.0483869314194, "median": 0.191012844443, "dvar2": 0.00173340016045, "var": 0.00305995997041, "dmean2": 0.0475487038493, "max": 0.449538350105, "dmean": 0.0308746881783}, "silence_rate_30dB": {"dvar": 0.0064002382569, "mean": 0.992127418518, "min": 0, "median": 1, "dvar2": 0.0159407034516, "var": 0.00781039148569, "dmean2": 0.0128847528249, "max": 1, "dmean": 0.00644179992378}, "spectral_energyband_high": {"dvar": 1.47504914949e-08, "mean": 8.47278497531e-05, "min": 7.06237275034e-21, "median": 2.53364451055e-05, "dvar2": 2.29894343562e-08, "var": 4.78814285998e-08, "dmean2": 5.38151543878e-05, "max": 0.00476080738008, "dmean": 4.06731342082e-05}, "melbands_flatness_db": {"dvar": 0.00104632379953, "mean": 0.309982031584, "min": 0.000105337589048, "median": 0.30876159668, "dvar2": 0.00244362093508, "var": 0.00465759355575, "dmean2": 0.0573567561805, "max": 0.623828470707, "dmean": 0.0373178943992}, "barkbands": {"dvar": [6.20232867732e-06, 1.77571346285e-05, 1.30631849515e-06, 2.97292672258e-06, 5.79533070777e-06, 8.97725112736e-05, 9.52576192503e-06, 4.49090657639e-06, 1.81773589247e-06, 9.49652076088e-07, 2.16497937799e-06, 8.99947053767e-07, 4.50053960321e-07, 2.85783642084e-07, 1.50778376451e-07, 9.08700386049e-08, 9.43888789351e-09, 1.35222366637e-08, 7.79069342371e-09, 2.28347629694e-09, 2.13726281117e-09, 6.45431041946e-10, 2.21075276141e-11, 5.40066472446e-12, 5.05459736566e-12, 6.30888917497e-12, 6.3141074591e-09], "mean": [0.00100635411218, 0.00201805122197, 0.000848211289849, 0.000934630632401, 0.00162075983826, 0.00591396354139, 0.00181838439312, 0.0006677567726, 0.000525186245795, 0.000408679654356, 0.000864592730068, 0.000578229723033, 0.000318643811624, 0.000332584517309, 0.000153904009494, 0.000174306798726, 4.47481361334e-05, 4.21110744355e-05, 4.02316909458e-05, 2.22247745114e-05, 1.92891475308e-05, 8.51228469401e-06, 2.09915401683e-06, 1.14866247714e-06, 1.0875658063e-06, 1.58203272349e-06, 8.26807445264e-05], "min": [2.8111685502e-24, 1.09256083636e-23, 8.65792099812e-25, 1.97112556058e-24, 1.85231640294e-23, 1.47738880072e-23, 1.13728333323e-23, 7.63504075828e-24, 1.93905386828e-23, 2.35353069644e-23, 1.94787680419e-23, 2.99747264689e-23, 4.36609930134e-23, 4.67177154252e-23, 4.2330566475e-23, 5.83551145613e-23, 1.0722483938e-22, 1.11694272834e-22, 1.17467838514e-22, 1.54906937262e-22, 3.16119359647e-22, 3.24545681536e-22, 4.83810892283e-22, 5.99038201744e-22, 8.8162024441e-22, 1.4114738554e-21, 1.98065651178e-21], "median": [0.000225131152547, 0.000646367960144, 0.000308179005515, 0.000278324820101, 0.000539412547369, 0.000737458234653, 0.000316590623697, 8.21140856715e-05, 5.66376766074e-05, 4.46706981165e-05, 5.34185019205e-05, 0.000102599253296, 5.09981364303e-05, 5.16022373631e-05, 2.72056131507e-05, 2.63552428805e-05, 6.46182206765e-06, 4.02654086429e-06, 4.96359734825e-06, 3.50732238985e-06, 3.42446014656e-06, 1.17027775559e-06, 5.27438942299e-07, 2.84880627532e-07, 2.51911046689e-07, 4.91785328904e-07, 2.9623060982e-05], "dvar2": [1.5624678781e-05, 4.90927341161e-05, 3.57998874279e-06, 1.00270272014e-05, 1.19674268717e-05, 0.000205283155083, 2.06187451113e-05, 1.07989681055e-05, 4.26596943726e-06, 2.42395071837e-06, 5.19050217918e-06, 2.25659096031e-06, 1.21488676541e-06, 6.84074279889e-07, 3.88334058243e-07, 2.02027891305e-07, 2.11005080075e-08, 2.87417023515e-08, 1.49648169412e-08, 4.25886481636e-09, 3.85219456334e-09, 1.26609134288e-09, 4.33818952983e-11, 1.35925871253e-11, 1.26780877463e-11, 1.50683458766e-11, 1.31907862411e-08], "var": [6.39997460894e-06, 1.78366299224e-05, 2.20762103709e-06, 4.0461759454e-06, 1.46302145367e-05, 0.000207516670343, 2.93370540021e-05, 9.06621789909e-06, 3.92200308852e-06, 1.894463594e-06, 7.26458847566e-06, 1.82521546321e-06, 8.09727055184e-07, 6.03640842201e-07, 2.47068555836e-07, 2.20141330942e-07, 1.98372749338e-08, 2.94580519977e-08, 1.86051032358e-08, 5.99628213749e-09, 4.86224349672e-09, 1.21181475965e-09, 3.82031455082e-11, 6.15422166353e-12, 5.74582005239e-12, 9.04665318352e-12, 2.13491126999e-08], "dmean2": [0.00115443696268, 0.00229061488062, 0.000930422276724, 0.00120867043734, 0.00142414611764, 0.00552681740373, 0.00147370446939, 0.000707069644704, 0.000543848669622, 0.000425233185524, 0.000673403905239, 0.000531826110091, 0.000305880152155, 0.000329046801198, 0.000152922788402, 0.000161079820828, 4.56438938272e-05, 3.96292161895e-05, 3.39298858307e-05, 1.80892620847e-05, 1.60271811183e-05, 8.02290469437e-06, 2.50061134466e-06, 1.83333713721e-06, 1.75337606834e-06, 2.03229228646e-06, 5.00735113746e-05], "max": [0.0469190664589, 0.0625727400184, 0.0220372732729, 0.027675639838, 0.10584102571, 0.142077997327, 0.088231690228, 0.0653180107474, 0.0835753232241, 0.0283711738884, 0.0390377752483, 0.0285682380199, 0.0219605974853, 0.0124175911769, 0.0180454719812, 0.0121257808059, 0.00371852773242, 0.00421584164724, 0.00294646248221, 0.00225679134019, 0.00184874853585, 0.0012613912113, 0.000245435192483, 3.89401284338e-05, 3.7353260268e-05, 5.71651471546e-05, 0.00175388436764], "dmean": [0.000705077603925, 0.0013356016716, 0.000551646342501, 0.000682754558511, 0.000909009540919, 0.00364942033775, 0.000953663140535, 0.000450200925115, 0.00034406647319, 0.000263119116426, 0.000444995821454, 0.000331135001034, 0.00018794243806, 0.000206891971175, 9.74955473794e-05, 0.000104604805529, 2.99241582979e-05, 2.76799510175e-05, 2.41591642407e-05, 1.30814196382e-05, 1.15863149404e-05, 5.6258368204e-06, 1.62102071499e-06, 1.10862936253e-06, 1.06112929643e-06, 1.2770989315e-06, 3.40956466971e-05]}, "erbbands_spread": {"dvar": 29.2593803406, "mean": 22.1395835876, "min": 1.1656935215, "median": 19.9466972351, "dvar2": 67.1097183228, "var": 168.857315063, "dmean2": 8.01744556427, "max": 138.997497559, "dmean": 5.22255802155}, "barkbands_kurtosis": {"dvar": 136.70475769, "mean": 13.578625679, "min": -1.69258677959, "median": 7.54857778549, "dvar2": 339.98135376, "var": 489.855285645, "dmean2": 10.7252502441, "max": 349.990081787, "dmean": 6.70116567612}, "spectral_flux": {"dvar": 0.000676268886309, "mean": 0.0617434978485, "min": 6.59540408399e-11, "median": 0.0507853478193, "dvar2": 0.00172193045728, "var": 0.00225847167894, "dmean2": 0.0308754872531, "max": 0.325422525406, "dmean": 0.0187566578388}, "silence_rate_20dB": {"dvar": 0, "mean": 1, "min": 1, "median": 1, "dvar2": 0, "var": 0, "dmean2": 0, "max": 1, "dmean": 0}, "gfcc": {"cov": [[14452.4707031, 301.077789307, -2165.46704102, -593.989807129, -201.85383606, -758.107116699, -46.9062042236, -86.5363998413, 53.213508606, 122.750808716, -82.2282028198, -29.7122383118, 337.816558838], [301.077789307, 747.446166992, 144.756546021, -263.289001465, 43.2681236267, 7.1122751236, 46.6830673218, -56.5663871765, 49.4983215332, -3.71481847763, 60.4423332214, -40.5455513, 68.5168762207], [-2165.46704102, 144.756546021, 988.471923828, 199.842849731, -92.5410079956, 272.855010986, -35.2298126221, 203.815551758, -41.0636749268, -25.6526679993, 67.4493408203, 36.8032913208, -76.2636489868], [-593.989807129, -263.289001465, 199.842849731, 526.890686035, 103.404769897, -56.4954528809, 68.0628204346, 28.1823101044, -6.84516763687, -17.0953235626, -42.8554763794, 29.4460887909, -79.8913345337], [-201.85383606, 43.2681236267, -92.5410079956, 103.404769897, 280.252471924, 33.3143005371, 88.1975860596, -95.020690918, -7.71420812607, -35.2130699158, 18.8936347961, 9.27080821991, -14.28266716], [-758.107116699, 7.1122751236, 272.855010986, -56.4954528809, 33.3143005371, 334.57019043, -12.3449735641, 77.980430603, -65.9750289917, -10.3097286224, 58.7935600281, 20.6951828003, -27.3725528717], [-46.9062042236, 46.6830673218, -35.2298126221, 68.0628204346, 88.1975860596, -12.3449735641, 257.741729736, 47.6331710815, 61.4902038574, -40.8877296448, 10.7313480377, 33.3759841919, -54.9730377197], [-86.5363998413, -56.5663871765, 203.815551758, 28.1823101044, -95.020690918, 77.980430603, 47.6331710815, 262.640594482, 76.4706268311, 13.0377645493, -2.68908214569, 4.58963537216, -20.7073326111], [53.213508606, 49.4983215332, -41.0636749268, -6.84516763687, -7.71420812607, -65.9750289917, 61.4902038574, 76.4706268311, 155.297103882, 48.8949127197, -19.6740627289, -11.4343767166, 6.06682729721], [122.750808716, -3.71481847763, -25.6526679993, -17.0953235626, -35.2130699158, -10.3097286224, -40.8877296448, 13.0377645493, 48.8949127197, 110.800872803, 36.4653129578, -2.9993622303, 25.9528408051], [-82.2282028198, 60.4423332214, 67.4493408203, -42.8554763794, 18.8936347961, 58.7935600281, 10.7313480377, -2.68908214569, -19.6740627289, 36.4653129578, 136.458694458, 79.045211792, -1.60396957397], [-29.7122383118, -40.5455513, 36.8032913208, 29.4460887909, 9.27080821991, 20.6951828003, 33.3759841919, 4.58963537216, -11.4343767166, -2.9993622303, 79.045211792, 117.405181885, 9.57163524628], [337.816558838, 68.5168762207, -76.2636489868, -79.8913345337, -14.28266716, -27.3725528717, -54.9730377197, -20.7073326111, 6.06682729721, 25.9528408051, -1.60396957397, 9.57163524628, 110.973876953]], "mean": [-112.438682556, 124.076179504, -81.420425415, -13.9029150009, -19.6226673126, -15.3105669022, -13.2018880844, -27.036108017, -8.63523101807, -1.66852521896, 0.923644483089, -1.93720853329, -0.361137241125], "icov": [[0.000164441327797, -0.000436726521002, 0.000646867963951, -0.000253772072028, 0.000202299939701, 5.12204933329e-05, 0.000218693225179, -0.00062883424107, 0.000548474083189, -0.000197419532924, 0.000170466853888, -0.000386497675208, 0.000112563095172], [-0.000436726521002, 0.00487928185612, -0.00383246433921, 0.0028574608732, -0.00145670003258, 0.00120214431081, -0.00248027662747, 0.00358243612573, -0.00326173496433, 0.00211920845322, -0.00366960163228, 0.00502099888399, -0.00351427472197], [0.000646867963951, -0.00383246433921, 0.00619563320652, -0.00436232052743, 0.00339683494531, -0.00288853072561, 0.00271065952256, -0.00367584498599, 0.0013161203824, 0.00153999670874, -0.00113964744378, -0.00158819253556, 0.00158436445054], [-0.000253772072028, 0.0028574608732, -0.00436232052743, 0.00734958332032, -0.00551858078688, 0.00442543206736, -0.00181361555588, -0.000110384637082, 0.0027767191641, -0.00523594161496, 0.00579284504056, -0.00332105532289, 0.00220661307685], [0.000202299939701, -0.00145670003258, 0.00339683494531, -0.00551858078688, 0.0101468907669, -0.00513778021559, -0.000958206888754, 0.00370245729573, -0.00461344048381, 0.00675160996616, -0.00693061808124, 0.00472808210179, -0.00293480791152], [5.12204933329e-05, 0.00120214431081, -0.00288853072561, 0.00442543206736, -0.00513778021559, 0.00825386401266, -0.000557284860406, -0.0034108562395, 0.00573935359716, -0.00455405609682, 0.00270023406483, -0.00205035042018, 0.00173197104596], [0.000218693225179, -0.00248027662747, 0.00271065952256, -0.00181361555588, -0.000958206888754, -0.000557284860406, 0.00854245945811, -0.0032046395354, -0.00206425949, 0.00282332813367, 0.000293334393064, -0.00402675708756, 0.00459985574707], [-0.000628834