{"metadata": {"version": {"essentia_git_sha": "v2.1_beta2", "essentia_build_sha": "70f2e5ece6736b2c40cc944ad0e695b16b925413", "extractor": "music 1.0", "essentia": "2.1-beta2"}, "audio_properties": {"analysis_sample_rate": 44100, "md5_encoded": "75d80e648fc37482ee0ecd7bb940ed6e", "downmix": "mix", "sample_rate": 44100, "equal_loudness": 0, "lossless": false, "codec": "mp3", "bit_rate": 192000, "length": 186.357543945, "replay_gain": -15.0970916748}, "tags": {"musicbrainz album type": ["album"], "musicbrainz_artistid": ["0bfb489b-7da8-4b28-b144-eee7599ed1e9"], "musicbrainz album status": ["official"], "catalognumber": ["3984-14405-2"], "musicip_puid": ["27820d45-719a-39d0-bb58-36539023be6d"], "date": ["2002-07-30"], "contentgroup": ["Metal"], "musicbrainz album release country": ["US"], "musicbrainz_albumid": ["47853d35-5c07-4165-99f7-1cfa8017df38"], "label": ["Metal Blade Records"], "album": ["To Serve Man"], "title": ["Chunk Blower"], "artistsort": ["Cattle Decapitation"], "file_name": "13 Chunk Blower.mp3", "genre": ["Metal"], "artist": ["Cattle Decapitation"], "asin": ["B00006AGD9"], "originaldate": ["2002-07-30"], "albumartist": ["Cattle Decapitation"], "tracknumber": ["13/13"], "musicbrainz_recordingid": ["99efe3e6-1386-49ee-858a-d8615bc09852"], "albumartistsort": ["Cattle Decapitation"], "barcode": ["039841440522"], "musicbrainz_albumartistid": ["0bfb489b-7da8-4b28-b144-eee7599ed1e9"]}}, "rhythm": {"beats_loudness": {"var": 0.0001418634929, "mean": 0.0345178060234, "dmean2": 0.019723912701, "dvar": 7.23767007003e-05, "dmean": 0.0112655600533, "max": 0.0740397050977, "min": 0, "median": 0.0353301391006, "dvar2": 0.000218636851059}, "beats_position": [0.522448956966, 1.05650794506, 1.59056687355, 2.07818579674, 2.56580495834, 3.05342388153, 3.52943301201, 4.00544214249, 4.48145103455, 4.94585037231, 5.41024923325, 5.87464857101, 6.33904743195, 6.79183673859, 7.24462556839, 7.69741487503, 8.16181373596, 8.63782310486, 9.11383247375, 9.58984088898, 10.077460289, 10.5534696579, 11.0294780731, 11.505487442, 11.9814968109, 12.4575052261, 12.933514595, 13.4211339951, 13.8971424103, 14.3731517792, 14.8491611481, 15.3251695633, 15.8127889633, 16.3004074097, 16.7648067474, 17.2292060852, 17.693605423, 18.181224823, 18.6572322845, 19.1332416534, 19.6092510223, 20.0852603912, 20.5612697601, 21.037279129, 21.5132884979, 21.9892959595, 22.4536952972, 22.918094635, 23.3824939728, 23.8585033417, 24.3345127106, 24.7989120483, 25.2633094788, 25.7277088165, 26.1921081543, 26.6565074921, 27.1209068298, 27.5853061676, 28.0497055054, 28.5257129669, 28.9901123047, 29.4661216736, 29.9305210114, 30.3949203491, 30.8825397491, 31.4049873352, 31.9274368286, 32.4614944458, 33.0071640015, 33.5644454956, 34.1101112366, 34.6441726685, 35.1550102234, 35.6658477783, 36.1766891479, 36.6875267029, 37.1983680725, 37.7092056274, 38.2084350586, 38.7192726135, 39.2185020447, 39.7293434143, 40.2285690308, 40.7510185242, 41.2850799561, 41.7726974487, 42.2487068176, 42.7247161865, 43.1891136169, 43.6651229858, 44.129524231, 44.6055335999, 45.0699310303, 45.5459403992, 46.0335578918, 46.532787323, 47.0087966919, 47.473197937, 47.9259872437, 48.3903846741, 48.8547821045, 49.3307914734, 49.8068008423, 50.2828102112, 50.7588195801, 51.2464370728, 51.7340583801, 52.2216758728, 52.6976852417, 53.1736946106, 53.6380958557, 54.1141014099, 54.5901107788, 55.0661201477, 55.5653495789, 56.0529708862, 56.5289802551, 57.0049858093, 57.4809951782, 57.9337844849, 58.3865737915, 58.8509750366, 59.3037643433, 59.7681617737, 60.2325630188, 60.6969604492, 61.1845779419, 61.6605873108, 62.1365966797, 62.6009979248, 63.0886154175, 63.5646247864, 64.0406341553, 64.5050354004, 64.9810409546, 65.4454421997, 65.9214477539, 66.409072876, 66.8966903687, 67.3726959229, 67.8487091064, 68.3131027222, 68.8007278442, 69.299949646, 69.8107910156, 70.3100204468, 70.7976379395, 71.3084793091, 71.8077087402, 72.3069381714, 72.817779541, 73.3286132812, 73.8394546509, 74.3502960205, 74.8611297607, 75.3719711304, 75.8828125, 76.3936462402, 76.9044876099, 77.403717041, 77.9029464722, 78.4137878418, 78.924621582, 79.4238510132, 79.9230804443, 80.433921814, 80.9447631836, 81.4439926147, 81.9432220459, 82.4540557861, 82.9532852173, 83.4525146484, 83.9633560181, 84.4741897583, 84.9850311279, 85.4958724976, 86.0067138672, 86.5175476074, 87.0283889771, 87.5508346558, 88.0616760254, 88.5609054565, 89.0485229492, 89.5245361328, 90.000541687, 90.4649429321, 90.9525604248, 91.428565979, 91.9045791626, 92.3921966553, 92.8565979004, 93.3442153931, 93.8434448242, 94.3658905029, 94.8767318726, 95.4107894897, 95.9216308594, 96.432472229, 96.9317016602, 97.4309310913, 97.9417648315, 98.4526062012, 98.9634475708, 99.462677002, 99.9619064331, 100.472740173, 100.983581543, 101.494422913, 102.005256653, 102.516098022, 103.003715515, 103.491333008, 103.97895813, 104.466575623, 104.954193115, 105.441810608, 105.917823792, 106.393829346, 106.881446838, 107.357460022, 107.833465576, 108.297866821, 108.773872375, 109.249885559, 109.714286804, 110.17868042, 110.654693604, 111.130699158, 111.61831665, 112.094329834, 112.570335388, 113.034736633, 113.510749817, 113.986755371, 114.451156616, 114.903945923, 115.368339539, 115.844352722, 116.308753967, 116.773147583, 117.249160767, 117.725166321, 118.224395752, 118.723625183, 119.211242676, 119.687255859, 120.163261414, 120.639274597, 121.115280151, 121.579681396, 122.067298889, 122.554916382, 123.042533875, 123.553375244, 124.052604675, 124.551834106, 125.085891724, 125.608345032, 126.13079071, 126.664848328, 127.198905945, 127.721359253, 128.243804932, 128.754638672, 129.253875732, 129.776321411, 130.29876709, 130.821228027, 131.355285645, 131.866119385, 132.388565063, 132.911010742, 133.421859741, 133.955917358, 134.489974976, 135.000808716, 135.511657715, 136.045715332, 136.579772949, 137.113830566, 137.647888184, 138.181945801, 138.704391479, 139.226852417, 139.749298096, 140.271743774, 140.794189453, 141.316635132, 141.827484131, 142.361541748, 142.883987427, 143.406433105, 143.928878784, 144.451339722, 144.985397339, 145.519454956, 146.053512573, 146.58757019, 147.121627808, 147.632461548, 148.166534424, 148.700592041, 149.234649658, 149.745483398, 150.256317139, 150.790390015, 151.312835693, 151.835281372, 152.357727051, 152.880172729, 153.402633667, 153.925079346, 154.447525024, 154.969970703, 155.480819702, 156.014877319, 156.52571106, 157.048156738, 157.570602417, 158.093063354, 158.615509033, 159.126342773, 159.648788452, 160.17124939, 160.68208313, 161.181304932, 161.680541992, 162.191375732, 162.71383667, 163.213058472, 163.723892212, 164.234741211, 164.745574951, 165.256408691, 165.76725769, 166.278091431, 166.788925171, 167.29977417, 167.81060791, 168.32144165, 168.832290649, 169.34312439, 169.84236145, 170.341583252, 170.840820312, 171.328430176, 171.816055298, 172.303665161, 172.81451416, 173.336959839, 173.871017456, 174.393463135, 174.915908813, 175.426757812, 175.937591553, 176.448425293, 176.959274292, 177.470108032, 177.980941772, 178.491790771, 179.002624512, 179.513473511, 180.024307251, 180.535140991, 181.04598999, 181.55682373, 182.079269409, 182.57850647, 183.08934021, 183.623397827, 184.145843506, 184.668289185, 185.190750122, 185.724807739], "bpm_histogram_first_peak_spread": {"var": 0, "mean": 0.487951755524, "dmean2": 0, "dvar": 0, "dmean": 0, "max": 0.487951755524, "min": 0.487951755524, "median": 0.487951755524, "dvar2": 0}, "danceability": 1.11990642548, "bpm_histogram_second_peak_weight": {"var": 0, "mean": 0.206434309483, "dmean2": 0, "dvar": 0, "dmean": 0, "max": 0.206434309483, "min": 0.206434309483, "median": 0.206434309483, "dvar2": 0}, "bpm_histogram_first_peak_weight": {"var": 0, "mean": 0.227882042527, "dmean2": 0, "dvar": 0, "dmean": 0, "max": 0.227882042527, "min": 0.227882042527, "median": 0.227882042527, "dvar2": 0}, "bpm": 117.306419373, "bpm_histogram_second_peak_spread": {"var": 0, "mean": 0.533333301544, "dmean2": 0, "dvar": 0, "dmean": 0, "max": 0.533333301544, "min": 0.533333301544, "median": 0.533333301544, "dvar2": 0}, "bpm_histogram_second_peak_bpm": {"var": 0, "mean": 126, "dmean2": 0, "dvar": 0, "dmean": 0, "max": 126, "min": 126, "median": 126, "dvar2": 0}, "beats_count": 374, "beats_loudness_band_ratio": {"var": [0.0236041247845, 0.0120365126058, 0.00585887720808, 0.00685279397294, 0.00146710278932, 0.00655963085592], "mean": [0.388331860304, 0.24672549963, 0.105479218066, 0.0938478261232, 0.100099503994, 0.140783146024], "dmean2": [0.213148534298, 0.158036217093, 0.105033278465, 0.103777423501, 0.0638798847795, 0.118556477129], "dvar": [0.0113925701007, 0.00618070550263, 0.00395942106843, 0.00409401860088, 0.00110099010635, 0.00564854219556], "dmean": [0.128086015582, 0.0926334708929, 0.0602461770177, 0.0590736195445, 0.0370284244418, 0.0678540319204], "max": [0.830067455769, 0.612683475018, 0.579832971096, 0.473066926003, 0.260319262743, 0.568480908871], "min": [0, 0, 0, 0, 0, 0], "median": [0.383775651455, 0.244928702712, 0.0826256722212, 0.0637138932943, 0.0987964868546, 0.130340918899], "dvar2": [0.0326502025127, 0.016018345952, 0.0114803388715, 0.0111992163584, 0.00316001405008, 0.0152941392735]}, "onset_rate": 5.86988687515, "bpm_histogram_first_peak_bpm": {"var": 0, "mean": 117, "dmean2": 0, "dvar": 0, "dmean": 0, "max": 117, "min": 117, "median": 117, "dvar2": 0}}, "lowlevel": {"hfc": {"var": 491.616271973, "mean": 33.7731437683, "dmean2": 21.2125511169, "dvar": 220.178375244, "dmean": 13.8076963425, "max": 169.169677734, "min": 1.05077745829e-16, "median": 28.0829105377, "dvar2": 498.852752686}, "barkbands_spread": {"var": 121.593101501, "mean": 37.2112770081, "dmean2": 12.1268672943, "dvar": 49.6016311646, "dmean": 7.37990951538, "max": 139.924942017, "min": 6.30651330948, "median": 36.2009811401, "dvar2": 127.581077576}, "spectral_spread": {"var": 32704550666200.0, "mean": 5294802.5, "dmean2": 576397.625, "dvar": 362746839040, "dmean": 356452.375, "max": 42969292, "min": 2209349.25, "median": 4391543, "dvar2": 800405913600}, "spectral_energy": {"var": 0.000223365685088, "mean": 0.0268164500594, "dmean2": 0.0183420497924, "dvar": 0.000143050201586, "dmean": 0.0119441086426, "max": 0.0823664292693, "min": 1.00099815878e-20, "median": 0.0238574668765, "dvar2": 0.000332858093316}, "gfcc": {"icov": [[0.000751658342779, -0.0019146943232, 0.00137299438938, -0.00200133398175, 0.00233163288794, -0.00258622411638, 0.00208836351521, -0.00176792603452, 0.00221788208, -0.00227664574049, 0.00320101110265, -0.00349515397102, 0.00278291595168], [-0.0019146943232, 0.00873127393425, -0.00077945436351, 0.00391438556835, -0.00721818720922, 0.00956299621612, -0.00617103045806, 0.0029149169568, -0.00454027531669, 0.00674514938146, -0.01175522618, 0.0104010943323, -0.0083249239251], [0.00137299438938, -0.00077945436351, 0.00721473665908, -0.00378437736072, 0.000922186824027, -0.00299656786956, 0.00370393996127, -0.00361167057417, 0.00206441595219, -0.00324225611985, 0.00417125085369, -0.0063755470328, 0.00420962041244], [-0.00200133398175, 0.00391438556835, -0.00378437736072, 0.0105455648154, -0.00592585839331, 0.00204883236438, -0.00150450179353, 0.00801135320216, -0.0116132963449, 0.00688876444474, -0.00445364834741, 0.0100433928892, -0.00987284630537], [0.00233163288794, -0.00721818720922, 0.000922186824027, -0.00592585839331, 0.017255987972, -0.00828920584172, 0.00145538232755, -0.00457797758281, 0.00858792103827, -0.00913042481989, 0.00784779246897, -0.0065381382592, 0.00601781345904], [-0.00258622411638, 0.00956299621612, -0.00299656786956, 0.00204883236438, -0.00828920584172, 0.027874853462, -0.0152811100706, -8.7380365585e-05, -0.000226559379371, 0.0084606539458, -0.0184187218547, 0.00898743141443, -0.00210106442682], [0.00208836351521, -0.00617103045806, 0.00370393996127, -0.00150450179353, 0.00145538232755, -0.0152811100706, 0.0268454030156, -0.00615848507732, -0.00235906476155, -0.00111921259668, 0.00929152593017, -0.0106026306748, 0.00407552160323], [-0.00176792603452, 0.0029149169568, -0.00361167057417, 0.00801135320216, -0.00457797758281, -8.7380365585e-05, -0.00615848507732, 0.0243453774601, -0.0175017248839, -0.000331837247359, 0.00547705031931, 0.00334039703012, -0.0107208425179], [0.00221788208, -0.00454027531669, 0.00206441595219, -0.0116132963449, 0.00858792103827, -0.000226559379371, -0.00235906476155, -0.0175017248839, 0.036437086761, -0.0100740427151, -0.00453773373738, 0.000699167198036, 0.00791945587844], [-0.00227664574049, 0.00674514938146, -0.00324225611985, 0.00688876444474, -0.00913042481989, 0.0084606539458, -0.00111921259668, -0.000331837247359, -0.0100740427151, 0.0303386636078, -0.0153332492337, 0.00297990790568, -0.002061489271], [0.00320101110265, -0.01175522618, 0.00417125085369, -0.00445364834741, 0.00784779246897, -0.0184187218547, 0.00929152593017, 0.00547705031931, -0.00453773373738, -0.0153332492337, 0.0454869866371, -0.0256082806736, 0.00905629154295], [-0.00349515397102, 0.0104010943323, -0.0063755470328, 0.0100433928892, -0.0065381382592, 0.00898743141443, -0.0106026306748, 0.00334039703012, 0.000699167198036, 0.00297990790568, -0.0256082806736, 0.047410801053, -0.0240836013108], [0.00278291595168, -0.0083249239251, 0.00420962041244, -0.00987284630537, 0.00601781345904, -0.00210106442682, 0.00407552160323, -0.0107208425179, 0.00791945587844, -0.002061489271, 0.00905629154295, -0.0240836013108, 0.0400511771441]], "mean": [23.54895401, 70.4583358765, -128.167068481, 50.9698066711, -64.7532043457, 9.13363838196, -36.1565895081, 2.17023944855, -24.3592033386, 3.98953533173, -20.2143650055, 6.91967391968, -11.8380413055], "cov": [[37153.9023438, 1936.34313965, -3840.2097168, 1559.72521973, -2152.15600586, 389.022369385, -1157.27709961, 14.5721921921, -808.927978516, 146.411209106, -637.961608887, 263.990661621, -455.084075928], [1936.34313965, 580.055175781, -323.896911621, 100.98059082, -31.0590896606, -55.0502929688, -20.030664444, -15.03099823, -8.29176139832, -28.0405597687, 13.05879879, -23.683681488, 27.7551403046], [-3840.2097168, -323.896911621, 631.234924316, -97.4491958618, 230.65663147, -6.30932807922, 103.915786743, 27.9723434448, 94.058555603, 10.5066890717, 54.2360610962, -6.19055271149, 37.0219650269], [1559.72521973, 100.98059082, -97.4491958618, 358.718475342, -55.8901519775, 24.8021068573, -55.8753700256, -28.3560848236, 22.4363651276, -28.9352436066, -32.547290802, -35.7705726624, -0.999332249165], [-2152.15600586, -31.0590896606, 230.65663147, -55.8901519775, 235.241149902, -2.78768205643, 90.9276046753, 10.4907474518, 50.7349891663, 1.27864563465, 45.1368408203, -15.9115972519, 33.3870925903], [389.022369385, -55.0502929688, -6.30932807922, 24.8021068573, -2.78768205643, 98.4709701538, 25.5063018799, 18.3417816162, -4.21643638611, 8.69267749786, 9.50376796722, 17.4703845978, -14.1601009369], [-1157.27709961, -20.030664444, 103.915786743, -55.8753700256, 90.9276046753, 25.5063018799, 113.415649414, 32.4270133972, 43.6200866699, -3.47633743286, 28.7652931213, 2.13500618935, 22.3433189392], [14.5721921921, -15.03099823, 27.9723434448, -28.3560848236, 10.4907474518, 18.3417816162, 32.4270133972, 99.2858963013, 36.450050354, 22.0598449707, -7.54943704605, 12.2584657669, 11.6024932861], [-808.927978516, -8.29176139832, 94.058555603, 22.4363651276, 50.7349891663, -4.21643638611, 43.6200866699, 36.450050354, 88.1759262085, 8.77891159058, 24.4328632355, -15.6146764755, 15.7049503326], [146.411209106, -28.0405597687, 10.5066890717, -28.9352436066, 1.27864563465, 8.69267749786, -3.47633743286, 22.0598449707, 8.77891159058, 64.4924926758, 16.2903118134, 21.9342975616, -6.62645578384], [-637.961608887, 13.05879879, 54.2360610962, -32.547290802, 45.1368408203, 9.50376796722, 28.7652931213, -7.54943704605, 24.4328632355, 16.2903118134, 68.7207260132, 18.3037052155, 13.56224823], [263.990661621, -23.683681488, -6.19055271149, -35.7705726624, -15.9115972519, 17.4703845978, 2.13500618935, 12.2584657669, -15.6146764755, 21.9342975616, 18.3037052155, 61.40625, 11.9409742355], [-455.084075928, 27.7551403046, 37.0219650269, -0.999332249165, 33.3870925903, -14.1601009369, 22.3433189392, 11.6024932861, 15.7049503326, -6.62645578384, 13.56224823, 11.9409742355, 53.9606552124]]}, "silence_rate_60dB": {"var": 0.0258291177452, "mean": 0.026535442099, "dmean2": 0.000498442386743, "dvar": 0.000249126605922, "dmean": 0.000249190139584, "max": 1, "min": 0, "median": 0, "dvar2": 0.000498184002936}, "spectral_centroid": {"var": 2224197.5, "mean": 2358.55004883, "dmean2": 520.779846191, "dvar": 89827.78125, "dmean": 323.785766602, "max": 11795.8066406, "min": 719.018432617, "median": 2091.67895508, "dvar2": 204926.28125}, "spectral_complexity": {"var": 131.454620361, "mean": 36.7261734009, "dmean2": 9.84922122955, "dvar": 29.5192718506, "dmean": 6.72140550613, "max": 62, "min": 0, "median": 38, "dvar2": 61.5133018494}, "melbands_spread": {"var": 665.634094238, "mean": 44.2585716248, "dmean2": 19.4973926544, "dvar": 194.94694519, "dmean": 12.1147651672, "max": 192.641281128, "min": 3.45316767693, "median": 37.9666290283, "dvar2": 415.497283936}, "spectral_strongpeak": {"var": 0.390593647957, "mean": 0.552064418793, "dmean2": 0.772170603275, "dvar": 0.44945949316, "dmean": 0.435650110245, "max": 11.8371477127, "min": 0, "median": 0.380160391331, "dvar2": 1.28027129173}, "zerocrossingrate": {"var": 0.00498197413981, "mean": 0.100855536759, "dmean2": 0.014550415799, "dvar": 0.000147319704411, "dmean": 0.0113837178797, "max": 0.5400390625, "min": 0.0185546875, "median": 0.08642578125, "dvar2": 0.000194909327547}, "erbbands_kurtosis": {"var": 0.788457214832, "mean": -0.431400060654, "dmean2": 0.891285657883, "dvar": 0.401694267988, "dmean": 0.548913002014, "max": 8.37683582306, "min": -1.73290657997, "median": -0.627949476242, "dvar2": 0.932935893536}, "spectral_energyband_middle_low": {"var": 8.33507656353e-05, "mean": 0.0119242724031, "dmean2": 0.0110950320959, "dvar": 6.66956839268e-05, "dmean": 0.00688010454178, "max": 0.0592376813293, "min": 1.56747267713e-22, "median": 0.00936861522496, "dvar2": 0.000165541481692}, "erbbands": {"var": [0.0142591660842, 1.04436039925, 8.04837799072, 18.3983402252, 402.819458008, 262.367858887, 288.582489014, 441.083648682, 882.708374023, 720.932617188, 176.250854492, 494.181030273, 595.352355957, 1497.17834473, 2364.44702148, 2895.9621582, 2054.85766602, 1071.24633789, 395.020568848, 270.005584717, 696.27545166, 912.85736084, 387.338348389, 605.968383789, 430.55291748, 631.825683594, 805.345581055, 1218.20629883, 1930.2244873, 1171.99963379, 351.679718018, 83.0011825562, 9.9539308548, 1.46421146393, 0.193437933922, 0.0434475205839, 0.00298512051813, 5.03443625348e-05, 2.53428673602e-08, 5.24943366553e-10], "mean": [0.076699860394, 0.754505038261, 2.31913757324, 3.83565044403, 13.0837182999, 12.7899923325, 17.1015758514, 21.0687351227, 24.0287017822, 20.4460430145, 13.1658411026, 20.3009109497, 20.8202114105, 27.6306419373, 32.7914543152, 36.7239875793, 30.6478481293, 26.566286087, 24.9832267761, 26.6614284515, 45.036403656, 38.1429634094, 26.676448822, 40.5220680237, 32.4253311157, 31.9481563568, 35.4243125916, 33.319152832, 31.3107891083, 22.4465084076, 11.4731006622, 4.61915683746, 1.9409327507, 0.730537414551, 0.315735131502, 0.143478900194, 0.0476403534412, 0.00639112479985, 0.000160163763212, 4.14941678173e-05], "dmean2": [0.154934406281, 1.43128442764, 3.81425905228, 4.92135238647, 24.6489620209, 21.9710407257, 19.0448722839, 24.4308586121, 27.9488449097, 26.2308082581, 13.1347770691, 20.679807663, 20.5583267212, 29.020116806, 31.7514438629, 35.1243782043, 29.9691352844, 26.0125694275, 22.0468864441, 20.264623642, 34.539516449, 28.5022277832, 24.2629032135, 33.8532218933, 24.7275104523, 29.527009964, 30.8022975922, 29.6781044006, 36.0119171143, 25.3240013123, 15.3045167923, 5.70582532883, 2.57515835762, 0.55882358551, 0.216742426157, 0.105629883707, 0.0347291231155, 0.00474508013576, 0.000106567087641, 2.52690897469e-05], "dvar": [0.0158969908953, 1.28378331661, 8.39950370789, 13.587685585, 461.562988281, 289.459411621, 195.752456665, 315.008026123, 543.939880371, 463.861206055, 106.604484558, 275.687408447, 347.770568848, 915.11706543, 1209.0345459, 1306.73339844, 1087.56896973, 592.534912109, 241.621353149, 153.898330688, 398.156555176, 342.510070801, 286.971069336, 428.806884766, 243.483535767, 365.16519165, 416.683929443, 682.858703613, 1088.07141113, 597.65612793, 218.291931152, 44.1061401367, 5.62662506104, 0.602231025696, 0.0789106488228, 0.0170396864414, 0.00112669658847, 1.99373189389e-05, 9.42567002227e-09, 2.70030553473e-10], "dmean": [0.0920916646719, 0.817915558815, 2.14873528481, 2.95448732376, 14.6098213196, 12.5151348114, 11.6060085297, 14.3336420059, 16.5493049622, 15.094247818, 7.88149785995, 12.486787796, 12.3428630829, 17.3984928131, 19.3299541473, 21.3234062195, 18.2242774963, 15.8230848312, 13.3497171402, 12.5128927231, 20.8698978424, 17.6368026733, 15.1432237625, 20.517080307, 15.4337520599, 18.47032547, 19.2788600922, 19.0035018921, 22.823551178, 15.442533493, 9.06423377991, 3.43799471855, 1.50168526173, 0.358634054661, 0.141416430473, 0.0680145546794, 0.0221396572888, 0.00298861786723, 6.78582291584e-05, 1.67783873621e-05], "max": [0.709558606148, 8.15253448486, 26.3264274597, 66.6410217285, 132.264022827, 143.824310303, 224.845733643, 199.284072876, 282.065490723, 290.567474365, 137.538635254, 343.574157715, 307.143798828, 677.585876465, 473.043304443, 564.221923828, 552.94744873, 877.096008301, 274.908416748, 181.348770142, 261.12097168, 909.941162109, 168.828842163, 187.80291748, 175.426010132, 257.433990479, 306.230529785, 479.257629395, 611.768493652, 503.189910889, 295.032440186, 154.339416504, 90.6478118896, 34.3031692505, 9.39810276031, 5.11275434494, 1.03137660027, 0.141035199165, 0.00312947016209, 0.000174000029801], "min": [6.88917024804e-23, 1.88905718939e-22, 1.566136839e-21, 2.59844733825e-21, 9.71180801854e-21, 1.04329253358e-20, 3.68258805381e-20, 5.91436658291e-20, 1.36881653895e-19, 1.43313719865e-19, 1.71476608934e-19, 1.90091597761e-19, 4.22086510993e-19, 5.42488103372e-19, 8.43272894382e-19, 1.051916486e-18, 1.09055326523e-18, 1.53206071038e-18, 1.64488276926e-18, 2.61014009198e-18, 3.20735022537e-18, 4.13600563316e-18, 5.07206761615e-18, 6.22748383553e-18, 7.23474332179e-18, 6.92989831475e-18, 8.61956608994e-18, 1.00682579547e-17, 8.73855105797e-18, 9.49886900725e-18, 1.0140776879e-17, 8.99914769251e-18, 9.79034429406e-18, 7.32545939239e-18, 6.33003810146e-18, 3.952771479e-18, 2.27682352824e-18, 8.70534182433e-19, 2.47603384876e-19, 2.36484329378e-20], "median": [0.0207324437797, 0.365892261267, 1.3218998909, 2.52205920219, 4.516705513, 6.30752325058, 12.224445343, 14.4661836624, 13.4840393066, 10.2710390091, 9.33246517181, 13.8855161667, 13.454996109, 13.7411289215, 13.1986703873, 16.2959308624, 13.834397316, 16.7938499451, 19.5740795135, 23.1093978882, 40.2857284546, 32.2571487427, 20.299123764, 34.4531364441, 27.1270656586, 24.5756893158, 27.9506454468, 23.5692749023, 15.2859601974, 12.9787797928, 5.51500177383, 2.29331374168, 1.06648051739, 0.515610992908, 0.224935755134, 0.0987439006567, 0.0357377007604, 0.00483125913888, 0.000128483152366, 3.68714827346e-05], "dvar2": [0.0379431769252, 3.40718626976, 23.1393013, 34.9779663086, 1161.73278809, 775.596435547, 516.815673828, 867.949829102, 1484.74487305, 1292.64733887, 286.233001709, 722.806213379, 952.410522461, 2491.8449707, 3153.54541016, 3487.35546875, 2839.81665039, 1467.45703125, 645.614624023, 397.353118896, 1057.39428711, 813.008544922, 699.099914551, 1110.57824707, 588.914916992, 892.966369629, 988.197753906, 1500.11621094, 2305.46435547, 1334.94470215, 522.064819336, 101.415855408, 13.3952360153, 1.35829973221, 0.163738504052, 0.0339088365436, 0.0022927694954, 4.2935484089e-05, 1.96761167359e-08, 6.22228546465e-10]}, "barkbands_crest": {"var": 7.29554033279, "mean": 6.92113304138, "dmean2": 4.53147125244, "dvar": 5.30668592453, "dmean": 2.61445069313, "max": 21.9650249481, "min": 1.98166799545, "median": 6.39372301102, "dvar2": 14.7925643921}, "melbands_crest": {"var": 16.7178630829, "mean": 10.6902761459, "dmean2": 5.95840072632, "dvar": 8.81130409241, "dmean": 3.54413318634, "max": 36.4807357788, "min": 1.60528159142, "median": 10.0597229004, "dvar2": 23.2393665314}, "spectral_flux": {"var": 0.00161708914675, "mean": 0.108392544091, "dmean2": 0.0414001978934, "dvar": 0.000661070866045, "dmean": 0.0278541240841, "max": 0.219082161784, "min": 6.37095237677e-11, "median": 0.106633111835, "dvar2": 0.00127022294328}, "spectral_contrast_valleys": {"var": [10.5682544708, 11.3024196625, 10.8569965363, 10.5367288589, 10.9341850281, 8.21742916107], "mean": [-7.52293634415, -6.82857370377, -7.22415018082, -7.40939760208, -6.98105239868, -9.94101810455], "dmean2": [0.800348639488, 0.655110955238, 0.50945597887, 0.454686373472, 0.40215459466, 0.468899160624], "dvar": [0.179822608829, 0.126048982143, 0.0833949148655, 0.0767162889242, 0.0722673460841, 0.108131602407], "dmean": [0.517927706242, 0.400103628635, 0.315281033516, 0.285018891096, 0.26348528266, 0.312883287668], "max": [-5.33260011673, -4.88655138016, -5.32225465775, -5.82436800003, -5.58818674088, -7.43356704712], "min": [-28.1734161377, -28.0901279449, -27.9710216522, -27.722328186, -27.5767707825, -27.4245491028], "median": [-7.02693128586, -6.26917076111, -6.699862957, -6.89718484879, -6.46566390991, -9.45213222504], "dvar2": [0.403273642063, 0.295151263475, 0.177846372128, 0.162756353617, 0.14175209403, 0.231828153133]}, "mfcc": {"icov": [[0.000214615429286, -0.000458166876342, -0.00037600484211, -0.000101654870377, 0.000581271538977, -0.00077583960956, 0.0005223104381, -0.000218619650695, 0.00018546472711, -4.017277206e-06, 0.000122129480587, 5.60984954063e-05, -2.21194222831e-05], [-0.000458166876342, 0.00346122169867, 0.0028171306476, -0.0019653509371, -0.000489833648317, 0.00342155620456, -0.0026283711195, 0.000261145760305, 0.000288418086711, 0.000593111035414, -0.000781381095294, -0.000322272448102, -0.000885914312676], [-0.00037600484211, 0.0028171306476, 0.00852841231972, -0.00163605390117, -0.00223596184514, 0.00213827658445, 0.000496517342981, -0.00132695608772, 0.00169760081917, -0.00263641658239, 0.000694965361618, 0.000516028492711, -0.00184285698924], [-0.000101654870377, -0.0019653509371, -0.00163605390117, 0.00987460557371, -0.0051390202716, -0.00646129902452, 0.00771874934435, -2.51503406616e-05, -0.0052309310995, 0.000640062324237, 0.00229165423661, -0.00061006488977, 0.00344026251696], [0.000581271538977, -0.000489833648317, -0.00223596184514, -0.0051390202716, 0.0168067440391, -0.00129439018201, -0.004954574164, 0.00126388366334, 0.00212464411743, -0.00306652695872, -0.00176889379509, -0.000490639184136, 0.00178913609125], [-0.00077583960956, 0.00342155620456, 0.00213827658445, -0.00646129902452, -0.00129439018201, 0.0222266055644, -0.0117098782212, -0.00253696460277, 0.0102010760456, -0.00196264754049, -0.00187836028636, -0.00148911273573, -0.000460127339466], [0.0005223104381, -0.0026283711195, 0.000496517342981, 0.00771874934435, -0.004954574164, -0.0117098782212, 0.0276951566339, -0.00515490258113, -0.00794475059956, 0.00525958370417, 0.00281972554512, -0.00425583170727, 0.000582507054787], [-0.000218619650695, 0.000261145760305, -0.00132695608772, -2.51503406616e-05, 0.00126388366334, -0.00253696460277, -0.00515490258113, 0.0211944971234, -0.00725566223264, -0.00515197403729, 0.00432497961447, 0.000549037882593, -0.00406664190814], [0.00018546472711, 0.000288418086711, 0.00169760081917, -0.0052309310995, 0.00212464411743, 0.0102010760456, -0.00794475059956, -0.00725566223264, 0.0285420771688, -0.0138747692108, 0.00034178342321, 0.00367656070739, -0.00206804461777], [-4.017277206e-06, 0.000593111035414, -0.00263641658239, 0.000640062324237, -0.00306652695872, -0.00196264754049, 0.00525958370417, -0.00515197403729, -0.0138747692108, 0.0348894894123, -0.0133251696825, -0.00447332439944, 0.00638854736462], [0.000122129480587, -0.000781381095294, 0.000694965361618, 0.00229165423661, -0.00176889379509, -0.00187836028636, 0.00281972554512, 0.00432497961447, 0.00034178342321, -0.0133251696825, 0.0331012830138, -0.0108617004007, 0.000326906359987], [5.60984954063e-05, -0.000322272448102, 0.000516028492711, -0.00061006488977, -0.000490639184136, -0.00148911273573, -0.00425583170727, 0.000549037882593, 0.00367656070739, -0.00447332439944, -0.0108617004007, 0.0354355759919, -0.0156844295561], [-2.21194222831e-05, -0.000885914312676, -0.00184285698924, 0.00344026251696, 0.00178913609125, -0.000460127339466, 0.000582507054787, -0.00406664190814, -0.00206804461777, 0.00638854736462, 0.000326906359987, -0.0156844295561, 0.0290530361235]], "mean": [-591.721984863, 89.2017288208, -7.66387891769, 36.3765716553, -6.71537542343, 11.4483289719, -7.59003448486, 3.01142168045, -2.55543470383, -3.41598987579, -4.63242530823, -1.23309767246, 0.0338466092944], "cov": [[9047.99316406, 1032.73583984, 59.1250152588, 428.819458008, -172.482208252, 248.840286255, -127.765411377, 49.4708061218, -125.1146698, -73.5772705078, -64.3073730469, -15.9182567596, 14.804608345], [1032.73583984, 643.629516602, -162.427352905, 74.8759765625, -19.5839252472, -23.7564754486, 18.7582149506, -5.74071741104, 9.15442371368, -29.894235611, -2.89801645279, 9.1207151413, 13.0750150681], [59.1250152588, -162.427352905, 198.267868042, 45.8029632568, 31.7992420197, 13.656003952, -24.1236763, 15.0150728226, 1.29451942444, 27.5470142365, 0.813822031021, -4.55970001221, -5.34783887863], [428.819458008, 74.8759765625, 45.8029632568, 241.790557861, 64.1584243774, 45.2159538269, -37.776309967, 5.14341592789, 18.2959156036, 22.7639923096, -4.54308843613, -14.9446163177, -36.593837738], [-172.482208252, -19.5839252472, 31.7992420197, 64.1584243774, 97.9771194458, 21.8661346436, 7.88076877594, 1.51172637939, 6.75153684616, 19.6240215302, 9.31096172333, 2.01857590675, -14.7919654846], [248.840286255, -23.7564754486, 13.656003952, 45.2159538269, 21.8661346436, 93.1615371704, 20.4607467651, 10.2106084824, -22.1548862457, -0.883678793907, 1.2600839138, 8.83818149567, -0.500587999821], [-127.765411377, 18.7582149506, -24.1236763, -37.776309967, 7.88076877594, 20.4607467651, 70.4518814087, 20.3787288666, 9.02111911774, -4.70086193085, -0.744799971581, 13.4745159149, 13.6549034119], [49.4708061218, -5.74071741104, 15.0150728226, 5.14341592789, 1.51172637939, 10.2106084824, 20.3787288666, 71.7523117065, 29.15391922, 18.5484294891, -2.87982749939, 4.56315612793, 10.4018087387], [-125.1146698, 9.15442371368, 1.29451942444, 18.2959156036, 6.75153684616, -22.1548862457, 9.02111911774, 29.15391922, 72.4769744873, 33.0209693909, 5.77515411377, -2.13242459297, -2.08544778824], [-73.5772705078, -29.894235611, 27.5470142365, 22.7639923096, 19.6240215302, -0.883678793907, -4.70086193085, 18.5484294891, 33.0209693909, 59.9813117981, 22.4901885986, 6.76675796509, -7.88670492172], [-64.3073730469, -2.89801645279, 0.813822031021, -4.54308843613, 9.31096172333, 1.2600839138, -0.744799971581, -2.87982749939, 5.77515411377, 22.4901885986, 46.7756195068, 18.7155399323, 4.5536775589], [-15.9182567596, 9.1207151413, -4.55970001221, -14.9446163177, 2.01857590675, 8.83818149567, 13.4745159149, 4.56315612793, -2.13242459297, 6.76675796509, 18.7155399323, 48.6441612244, 26.5410995483], [14.804608345, 13.0750150681, -5.34783887863, -36.593837738, -14.7919654846, -0.500587999821, 13.6549034119, 10.4018087387, -2.08544778824, -7.88670492172, 4.5536775589, 26.5410995483, 56.7718276978]]}, "erbbands_flatness_db": {"var": 0.000358615827281, "mean": 0.130422815681, "dmean2": 0.018023731187, "dvar": 9.73505375441e-05, "dmean": 0.0117774466053, "max": 0.230017125607, "min": 0.0719035938382, "median": 0.128213584423, "dvar2": 0.000228070741287}, "barkbands": {"var": [2.16985593937e-08, 1.832988346e-05, 7.51990364734e-06, 2.83252347799e-06, 3.60898957297e-05, 5.35884282726e-06, 4.47809543402e-06, 6.14142095401e-07, 8.04795774911e-07, 8.7039495611e-07, 1.47501509673e-06, 1.83960162303e-06, 1.005285867e-06, 3.02804636476e-07, 1.06115031429e-07, 2.25587044156e-07, 2.63887812935e-07, 1.38756348633e-07, 1.95302689576e-07, 2.78514704632e-07, 5.86901819588e-07, 1.46523234434e-06, 5.11910229761e-07, 8.40495317789e-08, 6.44082920331e-09, 1.23252319462e-09, 1.85352341114e-12], "mean": [8.84391483851e-05, 0.003133979626, 0.00209894357249, 0.00143234489951, 0.00449168961495, 0.00263088196516, 0.00167963758577, 0.000648714893032, 0.000845277449116, 0.000700025993865, 0.000796590000391, 0.000894686498214, 0.000629524176475, 0.000510549696628, 0.000427738297731, 0.000792540144175, 0.00068149442086, 0.000478834379464, 0.000773485400714, 0.000670912442729, 0.000866713118739, 0.000859579828102, 0.000446350109996, 0.000155530622578, 5.33681595698e-05, 2.76183745882e-05, 1.03243189642e-06], "dmean2": [0.000183961106814, 0.00576244387776, 0.00340763968416, 0.00202726665884, 0.00779688963667, 0.00269385729916, 0.00206115865149, 0.00076360674575, 0.00083865202032, 0.000763096264564, 0.000865591748152, 0.000896400015336, 0.000662349630147, 0.000511072168592, 0.000395528622903, 0.000629107118584, 0.000541672226973, 0.000483996525872, 0.000586932757869, 0.000608182628639, 0.00071994564496, 0.000982143799774, 0.000550886848941, 0.000199560978217, 3.6324494431e-05, 1.92830630112e-05, 1.12926636575e-06], "dvar": [2.28248708822e-08, 2.07211160159e-05, 6.77806838212e-06, 2.34397293752e-06, 4.12886220147e-05, 3.40388896802e-06, 2.72626493825e-06, 4.14897755263e-07, 4.38405578507e-07, 5.28554096491e-07, 8.58038617935e-07, 8.42965789616e-07, 5.53203108211e-07, 1.80960455509e-07, 7.00060738268e-08, 1.29298641127e-07, 1.13597295126e-07, 1.12344736181e-07, 1.1893095575e-07, 1.54959963083e-07, 2.96704314451e-07, 7.87764292909e-07, 3.01308347161e-07, 4.55409328026e-08, 2.57483079302e-09, 4.60494448129e-10, 1.09156390524e-12], "dmean": [0.00011211054516, 0.00340098282322, 0.00193412718363, 0.00122188252863, 0.00453728158027, 0.00161893863697, 0.00121226196643, 0.000453733635368, 0.000508086930495, 0.000455910747405, 0.000522437272593, 0.000540829962119, 0.000401261058869, 0.000307696085656, 0.000238640161115, 0.000382062396966, 0.000332966330461, 0.000296794460155, 0.000356176955393, 0.000383489968954, 0.000460346025648, 0.000620033766609, 0.000329842092469, 0.000118365758681, 2.37307358475e-05, 1.24780026454e-05, 6.8090048444e-07], "max": [0.000912597286515, 0.0308801606297, 0.0327302254736, 0.0178671386093, 0.0443191938102, 0.021736651659, 0.0180769842118, 0.00866398494691, 0.0120669677854, 0.0101149342954, 0.0140574900433, 0.0141386240721, 0.0121140610427, 0.0112888831645, 0.00432271324098, 0.00386244035326, 0.0130366235971, 0.0029054726474, 0.00293552386574, 0.00521542178467, 0.00948690809309, 0.0141078783199, 0.0108409943059, 0.00699303206056, 0.00209861015901, 0.000842969689984, 2.96237940347e-05], "min": [2.32110241929e-25, 2.72946583181e-24, 5.2232738649e-25, 7.26407872038e-25, 2.03512821241e-24, 6.04029375178e-24, 5.10519775625e-24, 5.85251921836e-24, 6.85779977419e-24, 9.04395895678e-24, 1.11085223306e-23, 1.64495642539e-23, 2.13891319857e-23, 3.37828736028e-23, 3.91791618219e-23, 4.3088513499e-23, 6.94482406936e-23, 8.42592745831e-23, 1.34222045072e-22, 1.58986080205e-22, 2.5683554123e-22, 2.73878268931e-22, 3.39095911699e-22, 6.20553783399e-22, 7.62484122854e-22, 1.23430069431e-21, 1.95622822847e-21], "median": [1.21466282508e-05, 0.00136357382871, 0.00116938876454, 0.000815828039777, 0.00214800075628, 0.00203461851925, 0.000861290318426, 0.000403880985687, 0.000595579273067, 0.000378282391466, 0.000336135795806, 0.000365004700143, 0.000266125920461, 0.000354138726834, 0.000344828644302, 0.000701818033122, 0.000576783553697, 0.00035809649853, 0.000675963296089, 0.000516232918017, 0.000667163694743, 0.000435804569861, 0.000239750457695, 8.15861785668e-05, 3.87750915252e-05, 2.04475563805e-05, 6.74043349136e-07], "dvar2": [5.30053974046e-08, 5.26912190253e-05, 1.85849130503e-05, 5.72767794438e-06, 0.000108391373942, 9.19311605685e-06, 7.47321701056e-06, 1.13218629849e-06, 1.17141098599e-06, 1.4268717905e-06, 2.24497534873e-06, 2.26231350098e-06, 1.42642409173e-06, 4.62097602849e-07, 1.85492083915e-07, 3.42544325349e-07, 2.78046002222e-07, 2.84559916963e-07, 3.01630166177e-07, 3.74404265813e-07, 6.68554889671e-07, 1.68929454958e-06, 7.25204984064e-07, 1.06970588831e-07, 5.54598855729e-09, 8.98372709557e-10, 2.66594038512e-12]}, "spectral_energyband_low": {"var": 3.94514390791e-05, "mean": 0.00592639250681, "dmean2": 0.00835758633912, "dvar": 3.68107248505e-05, "dmean": 0.00506072491407, "max": 0.0514826998115, "min": 8.4587756264e-24, "median": 0.00351709895767, "dvar2": 9.33551418711e-05}, "erbbands_spread": {"var": 151.590011597, "mean": 46.6688232422, "dmean2": 14.4863195419, "dvar": 59.1897087097, "dmean": 9.18657302856, "max": 92.1938095093, "min": 14.7075529099, "median": 46.0027923584, "dvar2": 140.779144287}, "average_loudness": 0.974293708801, "spectral_energyband_middle_high": {"var": 1.61746283993e-05, "mean": 0.00688894931227, "dmean2": 0.00335219409317, "dvar": 4.30435693488e-06, "dmean": 0.0021376083605, "max": 0.028135759756, "min": 1.1492850662e-21, "median": 0.00602569896728, "dvar2": 1.07156056401e-05}, "barkbands_flatness_db": {"var": 0.000538742053322, "mean": 0.080020904541, "dmean2": 0.0250350404531, "dvar": 0.000165817124071, "dmean": 0.0148083986714, "max": 0.262629032135, "min": 0.0260933730751, "median": 0.0759272351861, "dvar2": 0.000457438785816}, "spectral_entropy": {"var": 0.102065943182, "mean": 8.07760715485, "dmean2": 0.150272443891, "dvar": 0.00844618491828, "dmean": 0.0932935848832, "max": 9.8278131485, "min": 7.17941856384, "median": 8.05433654785, "dvar2": 0.0212711747736}, "melbands_skewness": {"var": 0.890066504478, "mean": 2.10600161552, "dmean2": 1.01770436764, "dvar": 0.31827890873, "dmean": 0.650030791759, "max": 8.41685676575, "min": -0.316437423229, "median": 2.0542845726, "dvar2": 0.778698027134}, "spectral_contrast_coeffs": {"var": [0.00787232257426, 0.00428981333971, 0.00254071713425, 0.00148530967999, 0.000989285879768, 0.00290569569916], "mean": [-0.647726595402, -0.747745275497, -0.802642762661, -0.807860672474, -0.80853497982, -0.689028263092], "dmean2": [0.108501583338, 0.0864055678248, 0.0626469776034, 0.0471872016788, 0.0310933627188, 0.0353183187544], "dvar": [0.00282456749119, 0.00163814483676, 0.000852874771226, 0.000484077172587, 0.00020622080774, 0.000348924397258], "dmean": [0.0666858106852, 0.0510272905231, 0.037371493876, 0.0276484563947, 0.0182725582272, 0.0218663271517], "max": [-0.327122867107, -0.522572040558, -0.551165401936, -0.649907588959, -0.686090111732, -0.508242428303], "min": [-0.981468141079, -0.980731785297, -0.975928843021, -0.97051858902, -0.96983653307, -0.965069651604], "median": [-0.64774119854, -0.746980667114, -0.804304242134, -0.807009279728, -0.806796550751, -0.681996464729], "dvar2": [0.0075284880586, 0.00465344078839, 0.00239519798197, 0.00137609732337, 0.000599282735493, 0.000872961303685]}, "pitch_salience": {"var": 0.00672608148307, "mean": 0.673336446285, "dmean2": 0.115782961249, "dvar": 0.00363987800665, "dmean": 0.0688497051597, "max": 0.855828404427, "min": 0.161233842373, "median": 0.686793029308, "dvar2": 0.0101379826665}, "spectral_rolloff": {"var": 8001682, "mean": 3234.12866211, "dmean2": 1392.6003418, "dvar": 691366.9375, "dmean": 824.900634766, "max": 19638.28125, "min": 150.732421875, "median": 2627.05078125, "dvar2": 1721010.375}, "melbands_kurtosis": {"var": 31.7472076416, "mean": 5.51320695877, "dmean2": 5.78387737274, "dvar": 17.4801673889, "dmean": 3.5499920845, "max": 93.957901001, "min": -1.73583996296, "median": 4.22429943085, "dvar2": 44.7806739807}, "silence_rate_30dB": {"var": 0, "mean": 1, "dmean2": 0, "dvar": 0, "dmean": 0, "max": 1, "min": 1, "median": 1, "dvar2": 0}, "spectral_decrease": {"var": 1.30215260065e-17, "mean": -6.29351193382e-09, "dmean2": 4.49963311056e-09, "dvar": 8.55915378108e-18, "d