{"metadata": {"audio_properties": {"downmix": "mix", "bit_rate": 0, "lossless": true, "md5_encoded": "2afbb05969920bbaaa93d17798529f24", "analysis_sample_rate": 44100, "sample_rate": 44100, "replay_gain": -12.1566581726, "equal_loudness": 0, "codec": "flac", "length": 261.85333252}, "tags": {"date": ["2007-01-22"], "musicbrainz_albumid": ["a6e1fcc4-2cbd-4f36-b802-9041b83bfd28"], "musicbrainz_recordingid": ["ffa788b7-25a5-411e-b7ec-10cf6d18841e"], "rating": ["5"], "file_name": "08 - Take Comfort.flac", "album": ["Make This Your Own"], "artist": ["The Cooper Temple Clause"], "title": ["Take Comfort"], "albumartist": ["The Cooper Temple Clause"], "discnumber": ["1"], "content group": ["Rock"], "tracknumber": ["8"], "genre": ["Rock"]}, "version": {"essentia_build_sha": "ca57ba49d9b1854bd80e60cf9ccf267278fb7d6b", "essentia_git_sha": "v2.1_beta1-28-g21ef5f4-dirty", "extractor": "music 1.0", "essentia": "2.1-beta1"}}, "tonal": {"chords_scale": "minor", "hpcp": {"dmean": [0.0539947748184, 0.0684809014201, 0.116326935589, 0.129599779844, 0.0992393866181, 0.0621987245977, 0.0589345805347, 0.0810557678342, 0.135124206543, 0.144211813807, 0.117000445724, 0.0942833274603, 0.103937655687, 0.117065548897, 0.148294582963, 0.190885037184, 0.204976990819, 0.187229946256, 0.131831616163, 0.08463614434, 0.0601473636925, 0.0633296594024, 0.117772147059, 0.157428473234, 0.161620736122, 0.143547251821, 0.111766196787, 0.0878854319453, 0.104479543865, 0.160205990076, 0.158126577735, 0.114871680737, 0.0529438368976, 0.0330464765429, 0.0361232049763, 0.0462866276503], "dvar2": [0.0356431417167, 0.0453089773655, 0.0693884119391, 0.0912215858698, 0.0627129152417, 0.0531623512506, 0.0464796125889, 0.0610458143055, 0.104265399277, 0.110685348511, 0.0952501669526, 0.10017028451, 0.122902296484, 0.124841175973, 0.120772585273, 0.154869765043, 0.175418764353, 0.170954331756, 0.111253939569, 0.0790779814124, 0.0655363872647, 0.0625023245811, 0.10221426934, 0.136480465531, 0.147330567241, 0.145029962063, 0.145577609539, 0.0998610407114, 0.103008672595, 0.118552908301, 0.109449006617, 0.0761043950915, 0.0435680933297, 0.02056350559, 0.0253038462251, 0.0331426039338], "mean": [0.05381590873, 0.061665456742, 0.176278084517, 0.252460509539, 0.138217970729, 0.0521186701953, 0.0482268258929, 0.0688544884324, 0.185784175992, 0.24868234992, 0.143988355994, 0.0685088187456, 0.0730059593916, 0.0933587700129, 0.186740979552, 0.26971912384, 0.232091397047, 0.195984020829, 0.16000264883, 0.0837909057736, 0.0452544763684, 0.045794904232, 0.106033496559, 0.247998803854, 0.256502211094, 0.134942695498, 0.0788333415985, 0.059972807765, 0.0798939988017, 0.239915266633, 0.313779681921, 0.153082087636, 0.0384943000972, 0.0248757861555, 0.0286380741745, 0.0438555292785], "var": [0.0135441850871, 0.0150869041681, 0.0544626265764, 0.10978808254, 0.0358661338687, 0.0135840466246, 0.0124901439995, 0.0206794198602, 0.0631652101874, 0.101167567074, 0.0438581071794, 0.0278165377676, 0.0328028872609, 0.0405660010874, 0.0611837506294, 0.0982171818614, 0.0848418623209, 0.078142143786, 0.0661518126726, 0.0301196668297, 0.017323737964, 0.015310484916, 0.0360246598721, 0.113935269415, 0.118610471487, 0.0534675754607, 0.0383626259863, 0.0237526539713, 0.0273043941706, 0.079150788486, 0.124229833484, 0.0388188287616, 0.0101319598034, 0.00480273738503, 0.00583554478362, 0.0103859109804], "dmean2": [0.0955864265561, 0.121945157647, 0.197094380856, 0.216071635485, 0.170802503824, 0.112716637552, 0.106798283756, 0.142255589366, 0.229360938072, 0.246273830533, 0.205857664347, 0.172995492816, 0.19340620935, 0.215057581663, 0.259431421757, 0.32802131772, 0.361685067415, 0.330843269825, 0.22984868288, 0.14915150404, 0.110463984311, 0.117616713047, 0.209386482835, 0.26749882102, 0.279690295458, 0.253414213657, 0.205039218068, 0.162630334496, 0.191117167473, 0.276949644089, 0.265966683626, 0.197613209486, 0.0981216654181, 0.0604979172349, 0.0654935538769, 0.0825282484293], "dvar": [0.0132576515898, 0.0167259834707, 0.0283876955509, 0.0400832742453, 0.0229825228453, 0.018743827939, 0.0166928302497, 0.0229285564274, 0.040699057281, 0.0457653813064, 0.0350349955261, 0.0365188829601, 0.0440755821764, 0.0462878346443, 0.0456364601851, 0.0601690597832, 0.0675468891859, 0.0640091747046, 0.0427414551377, 0.0294200796634, 0.024019068107, 0.0225524716079, 0.0372859798372, 0.0554216951132, 0.057894103229, 0.053924202919, 0.0538422577083, 0.0359308123589, 0.0372907631099, 0.0452468805015, 0.0478859804571, 0.0278056506068, 0.0153568293899, 0.00722087267786, 0.00872536376119, 0.011977522634], "min": [0, 0, 0, 0, 0, 0, 0, 0, 0, 0, 0, 0, 0, 0, 0, 0, 0, 0, 0, 0, 0, 0, 0, 0, 0, 0, 0, 0, 0, 0, 0, 0, 0, 0, 0, 0], "median": [0.0151771325618, 0.0188857801259, 0.0684374272823, 0.0852030217648, 0.0493230521679, 0.0158097725362, 0.013061597012, 0.014373511076, 0.0650863945484, 0.0913368910551, 0.0476521998644, 0.00761514017358, 0.00738717662171, 0.0164477266371, 0.0734836608171, 0.120704561472, 0.0903979092836, 0.0602971091866, 0.040440030396, 0.0169383250177, 0.00762267038226, 0.00818208232522, 0.0237039737403, 0.0621926859021, 0.062349639833, 0.0287158749998, 0.00831030867994, 0.00740868318826, 0.0189775824547, 0.113816127181, 0.14910775423, 0.0675903409719, 0.00870491378009, 0.00551627622917, 0.00696436036378, 0.0127915544435], "max": [1, 1, 1, 1, 1, 1, 1, 1, 1, 1, 1, 1, 1, 1, 1, 1, 1, 1, 1, 1, 1, 1, 1, 1, 1, 1, 1, 1, 1, 1, 1, 1, 1, 1, 1, 1]}, "tuning_equal_tempered_deviation": 0.0708464607596, "chords_key": "C", "chords_strength": {"dmean": 0.00788247585297, "dvar2": 4.75797314721e-05, "mean": 0.531495332718, "var": 0.0076472023502, "dmean2": 0.007550988812, "dvar": 4.24526406277e-05, "min": 0.310391694307, "median": 0.536341488361, "max": 0.72935461998}, "tuning_diatonic_strength": 0.486351758242, "thpcp": [1, 0.487864881754, 0.122679390013, 0.0792778730392, 0.0912680998445, 0.139765352011, 0.171508580446, 0.196524694562, 0.56178933382, 0.804578900337, 0.440493702888, 0.166099563241, 0.153696462512, 0.21943578124, 0.592084765434, 0.792538106441, 0.458883613348, 0.218334138393, 0.232666298747, 0.297529697418, 0.595134079456, 0.859581232071, 0.739663541317, 0.624591171741, 0.509920358658, 0.267037391663, 0.144223734736, 0.14594604075, 0.337923407555, 0.790359675884, 0.817459583282, 0.430055558681, 0.251237869263, 0.191130310297, 0.254618138075, 0.764597833157], "chords_histogram": [33.085105896, 0.336879432201, 3.68794322014, 0, 1.01063835621, 0, 3.90070915222, 2.10992908478, 0.0886524841189, 0, 0, 0, 0, 0, 0, 0, 0, 0, 0, 1.04609930515, 0, 44.2907791138, 0.726950347424, 9.71631240845], "tuning_nontempered_energy_ratio": 0.668806493282, "tuning_frequency": 442.03793335, "key_strength": 0.667888700962, "chords_changes_rate": 0.0349290780723, "key_scale": "major", "hpcp_entropy": {"dmean": 0.620521187782, "dvar2": 0.797103643417, "mean": 1.89241230488, "var": 0.599040687084, "dmean2": 1.02143275738, "dvar": 0.310382336378, "min": 0, "median": 1.88085222244, "max": 4.74429941177}, "key_key": "A#", "chords_number_rate": 0.0014184396714}, "lowlevel": {"melbands_skewness": {"dmean": 0.781896054745, "dvar2": 1.34129917622, "mean": 3.26635742188, "var": 2.04876971245, "dmean2": 1.2527936697, "dvar": 0.541754603386, "min": -1.15900230408, "median": 3.160353899, "max": 12.2681741714}, "melbands_kurtosis": {"dmean": 8.76689338684, "dvar2": 312.743560791, "mean": 19.6766052246, "var": 338.846405029, "dmean2": 14.3205289841, "dvar": 123.551048279, "min": -1.87464952469, "median": 14.9976158142, "max": 257.750305176}, "barkbands_kurtosis": {"dmean": 4.65030002594, "dvar2": 108.149932861, "mean": 9.63484859467, "var": 158.188430786, "dmean2": 7.57620716095, "dvar": 40.0611076355, "min": -1.90018796921, "median": 6.52059173584, "max": 165.170150757}, "hfc": {"dmean": 7.71716690063, "dvar2": 357.003356934, "mean": 20.2791023254, "var": 777.758300781, "dmean2": 10.6616773605, "dvar": 212.767425537, "min": 1.21196782816e-16, "median": 13.1497297287, "max": 292.546539307}, "silence_rate_20dB": {"dmean": 0, "dvar2": 0, "mean": 1, "var": 0, "dmean2": 0, "dvar": 0, "min": 1, "median": 1, "max": 1}, "erbbands_flatness_db": {"dmean": 0.0193334128708, "dvar2": 0.000588920025621, "mean": 0.153679549694, "var": 0.00172796403058, "dmean2": 0.0253598876297, "dvar": 0.000332576659275, "min": 0.0523451827466, "median": 0.14858314395, "max": 0.370929300785}, "spectral_flux": {"dmean": 0.0270277094096, "dvar2": 0.00171211513225, "mean": 0.0860133171082, "var": 0.0021201542113, "dmean2": 0.04112175107, "dvar": 0.000882698805071, "min": 1.03479641522e-10, "median": 0.0765991955996, "max": 0.298304766417}, "spectral_energyband_low": {"dmean": 0.00546351773664, "dvar2": 0.000142418793985, "mean": 0.00828508846462, "var": 7.11247485015e-05, "dmean2": 0.00950290169567, "dvar": 5.15904612257e-05, "min": 1.14166726994e-22, "median": 0.00567769492045, "max": 0.0753938108683}, "spectral_rolloff": {"dmean": 401.13494873, "dvar2": 1657122.625, "mean": 1007.9354248, "var": 2184147.25, "dmean2": 656.247436523, "dvar": 838145.9375, "min": 150.732421875, "median": 538.330078125, "max": 19487.5488281}, "spectral_entropy": {"dmean": 0.228203460574, "dvar2": 0.100296206772, "mean": 7.32305669785, "var": 0.306746333838, "dmean2": 0.32146653533, "dvar": 0.0531073622406, "min": 4.88659715652, "median": 7.33747339249, "max": 9.80356121063}, "spectral_energy": {"dmean": 0.0119806453586, "dvar2": 0.000545870570932, "mean": 0.0318521261215, "var": 0.000365038606105, "dmean2": 0.0199339110404, "dvar": 0.000210825281101, "min": 1.07080363986e-20, "median": 0.0292241889983, "max": 0.126631617546}, "spectral_centroid": {"dmean": 226.333129883, "dvar2": 186505.3125, "mean": 855.896728516, "var": 436244.75, "dmean2": 336.100036621, "dvar": 107691.546875, "min": 160.089324951, "median": 659.805419922, "max": 11138.7021484}, "barkbands_flatness_db": {"dmean": 0.0253410600126, "dvar2": 0.00108353572432, "mean": 0.157130077481, "var": 0.00295061711222, "dmean2": 0.0379036217928, "dvar": 0.000517792010214, "min": 0.0354784652591, "median": 0.152911052108, "max": 0.440219730139}, "spectral_rms": {"dmean": 0.000990146305412, "dvar2": 2.73901719083e-06, "mean": 0.00527590187266, "var": 3.23997278429e-06, "dmean2": 0.0016156694619, "dvar": 1.1023399793e-06, "min": 3.23216084973e-12, "median": 0.00533960713074, "max": 0.01111499127}, "melbands": {"dmean": [0.000303846667521, 0.000856830796693, 0.002186733298, 0.00108855077997, 0.00040558402543, 0.000210496145883, 0.000184479751624, 0.000149827581481, 0.00012493331451, 4.68868747703e-05, 3.36626653734e-05, 2.68944404525e-05, 2.75421480183e-05, 3.05503490381e-05, 2.02371029445e-05, 1.64743196365e-05, 1.83800329978e-05, 1.33534094857e-05, 1.0967119124e-05, 9.18213663681e-06, 7.92005266703e-06, 7.55260089136e-06, 8.35726132209e-06, 6.6044713094e-06, 4.2439801291e-06, 5.57710836802e-06, 5.05243224325e-06, 4.4074267862e-06, 4.66938172394e-06, 4.03371632274e-06, 4.29477631769e-06, 3.83357883038e-06, 3.13806526719e-06, 2.74279727819e-06, 2.20273432205e-06, 1.78016784957e-06, 1.39537030464e-06, 1.48815490775e-06, 1.07590653897e-06, 8.06470950465e-07], "dvar2": [1.15386626476e-06, 6.01920100962e-06, 1.88847880054e-05, 7.16486056263e-06, 8.94943241292e-07, 2.60541128227e-07, 2.31636903436e-07, 2.18010072217e-07, 1.75496396082e-07, 2.30332215523e-08, 8.65153282348e-09, 5.45982725697e-09, 4.52545023677e-09, 5.29789456749e-09, 3.7738003833e-09, 5.24113241696e-09, 4.94650542748e-09, 1.82981974017e-09, 1.22869237007e-09, 1.03759234538e-09, 9.81114745002e-10, 9.19067433269e-10, 8.59396775965e-10, 6.59476195874e-10, 2.94618995866e-10, 7.78594744233e-10, 8.97769969477e-10, 3.88116511152e-10, 4.38581004847e-10, 3.37866790101e-10, 6.42668751549e-10, 5.5504340013e-10, 3.5189701153e-10, 2.55088644652e-10, 1.95003582726e-10, 7.35542599051e-11, 3.74599483377e-11, 4.40427104509e-11, 2.13834817908e-11, 9.52641004276e-12], "mean": [0.000343887135386, 0.00107803649735, 0.0034349730704, 0.00182512379251, 0.000814260973129, 0.000464993179776, 0.000435524474597, 0.000413802743424, 0.000271478056675, 9.91843699012e-05, 7.20402676961e-05, 6.16958932369e-05, 6.84095430188e-05, 6.48998320685e-05, 3.94586568291e-05, 2.73694713542e-05, 2.70870295935e-05, 2.11891874642e-05, 1.76042158273e-05, 1.35620939545e-05, 1.16127621368e-05, 1.21032871903e-05, 1.2861891264e-05, 1.02540589069e-05, 6.35181231701e-06, 7.98938617663e-06, 7.47162448533e-06, 6.83404459778e-06, 7.108020327e-06, 6.18525791651e-06, 7.15323858458e-06, 6.18612193648e-06, 5.05471598444e-06, 4.23193750976e-06, 3.55537690666e-06, 2.54401220445e-06, 1.92576908375e-06, 1.857995926e-06, 1.3419228253e-06, 1.00307704543e-06], "var": [5.07382026171e-07, 2.02194109988e-06, 1.02237781903e-05, 3.04696277453e-06, 7.92128957983e-07, 3.70633301827e-07, 4.23039381303e-07, 5.55599569907e-07, 4.32344393175e-07, 4.29655351297e-08, 9.01967034395e-09, 1.00749639742e-08, 5.41910338825e-09, 5.04742070362e-09, 3.61448071473e-09, 3.22147175602e-09, 2.83751422359e-09, 1.13885945119e-09, 7.00508318019e-10, 4.97399899047e-10, 4.61070404079e-10, 4.80741058073e-10, 7.78825892667e-10, 6.25463736359e-10, 2.48338793973e-10, 7.06364911007e-10, 6.02566996299e-10, 3.86897014426e-10, 3.90958099228e-10, 4.07805289537e-10, 8.76657080262e-10, 6.89760304429e-10, 5.22318577278e-10, 3.84527965025e-10, 3.2797195515e-10, 9.47844719379e-11, 4.27909235823e-11, 3.31538581311e-11, 1.72683204541e-11, 7.4235279382e-12], "dmean2": [0.00053197669331, 0.00151910039131, 0.00376722845249, 0.00188444391824, 0.000672577880323, 0.000335045187967, 0.00028970479616, 0.000221613401663, 0.000193537387531, 7.28375816834e-05, 5.25174727954e-05, 4.15847425757e-05, 4.29548308603e-05, 4.79595837533e-05, 3.16284094879e-05, 2.56506318692e-05, 2.91096021101e-05, 2.10263642657e-05, 1.71340088855e-05, 1.43791748997e-05, 1.25373535411e-05, 1.16653045552e-05, 1.2465362488e-05, 9.87360454019e-06, 6.3817587943e-06, 8.3932563939e-06, 7.55116434448e-06, 6.40430107524e-06, 6.86524981575e-06, 5.82668781135e-06, 6.23494588581e-06, 5.50912045583e-06, 4.55845656688e-06, 3.93035452362e-06, 3.10780342261e-06, 2.53754274127e-06, 2.04044590646e-06, 2.24732116294e-06, 1.61507682606e-06, 1.22223389099e-06], "dvar": [4.42268230927e-07, 2.08512528843e-06, 6.78469496052e-06, 2.61966761173e-06, 3.35223006687e-07, 1.10494845273e-07, 1.02348607811e-07, 1.04626316499e-07, 8.5640166958e-08, 1.03358610559e-08, 3.47183881644e-09, 2.38015185339e-09, 1.84413140314e-09, 2.17980922201e-09, 1.59392810062e-09, 2.12470019356e-09, 1.96384686291e-09, 7.21509074708e-10, 5.02924646373e-10, 4.29993790574e-10, 3.99693445008e-10, 3.78896358733e-10, 4.11391032351e-10, 2.92087298792e-10, 1.26457455618e-10, 3.43112399603e-10, 3.7053146662e-10, 1.84059129049e-10, 2.00067060141e-10, 1.6734863495e-10, 3.15188514177e-10, 2.5508639645e-10, 1.75418152226e-10, 1.32337307779e-10, 1.04851786975e-10, 3.60742997974e-11, 1.7890740972e-11, 1.94379130847e-11, 9.80707876019e-12, 4.26585503033e-12], "min": [1.92676799077e-23, 8.84706716344e-24, 1.5200150575e-23, 7.92657692758e-24, 1.72247873318e-23, 9.93863371952e-24, 1.87926957126e-23, 8.6622480974e-24, 9.86300404682e-24, 5.23962004893e-24, 5.15268678832e-24, 8.30094664737e-24, 1.02503505285e-23, 8.39804595847e-24, 5.12311673172e-24, 9.27899769691e-24, 1.17862524558e-23, 1.2144354286e-23, 6.52953700216e-24, 3.35538081174e-24, 6.76973449818e-24, 2.02254138446e-23, 1.16536236384e-23, 6.33606728743e-24, 5.26722110872e-24, 7.84116459079e-24, 1.20056039079e-23, 1.34654186232e-23, 9.11136948771e-24, 8.34540290368e-24, 7.98680487997e-24, 1.18743808407e-23, 1.20957596654e-23, 1.25228789362e-23, 1.34154742615e-23, 1.46472616324e-23, 1.01641808852e-23, 6.66483493044e-24, 9.06271570252e-24, 9.15540607002e-24], "median": [6.17380792391e-05, 0.000613662065007, 0.00251969951205, 0.00133691669907, 0.000500245660078, 0.000250786513789, 0.000213565217564, 0.000152848748257, 6.99641823303e-05, 4.11603905377e-05, 3.84301893064e-05, 2.54598598985e-05, 4.57476999145e-05, 4.59215189039e-05, 2.30938585446e-05, 1.05253093352e-05, 9.43042414292e-06, 9.76889896265e-06, 9.42579481489e-06, 6.94262553225e-06, 5.4490610637e-06, 5.31831210537e-06, 4.33891545981e-06, 3.03147476188e-06, 2.07205175684e-06, 2.1885168735e-06, 2.1585963168e-06, 1.80328379429e-06, 2.09369522963e-06, 1.39815290368e-06, 1.44395073676e-06, 1.02804733615e-06, 6.05858872404e-07, 4.79888456084e-07, 3.52459807118e-07, 3.18869894045e-07, 2.73392657846e-07, 2.73627847491e-07, 2.05563395639e-07, 1.77927233835e-07], "max": [0.00617360835895, 0.0176812186837, 0.0268568135798, 0.0162997525185, 0.00721874134615, 0.00740584451705, 0.00688499119133, 0.0108147170395, 0.0115994010121, 0.00378394173458, 0.00145122036338, 0.0024174596183, 0.00127231632359, 0.000972110545263, 0.00145553681068, 0.00206514354795, 0.00157311360817, 0.000520914094523, 0.000663996615913, 0.000587822345551, 0.000680802331772, 0.000752788386308, 0.000842515670229, 0.000775180757046, 0.000398488278734, 0.000768733560108, 0.00101704290137, 0.000428830157034, 0.000411056535086, 0.000485368625959, 0.000595717283431, 0.000448293285444, 0.000411376211559, 0.00051911722403, 0.000401732511818, 0.000166086305398, 0.000103400852822, 0.000103004189441, 8.61876251292e-05, 4.63058167952e-05]}, "barkbands_crest": {"dmean": 2.55753445625, "dvar2": 13.4821138382, "mean": 10.4173488617, "var": 10.641251564, "dmean2": 4.34352111816, "dvar": 4.62015247345, "min": 2.86247134209, "median": 9.98116397858, "max": 22.8164539337}, "mfcc": {"icov": [[0.000156644935487, 9.62594567682e-05, 0.000197644665604, 6.17316763964e-05, 0.000199240545044, -6.88655563863e-05, 6.85716149746e-05, 0.000100043478596, 2.03879953915e-05, -6.6083506681e-05, -2.04453899642e-05, -0.000140506177559, 0.000284139270661], [9.62594567682e-05, 0.000820585642941, 0.000538153108209, 0.00017147163453, -4.18523522967e-05, 9.93360663415e-05, -0.000266850081971, 0.000128821498947, -0.000584695313592, 5.05790958414e-05, -0.000378922763048, -0.0006702519604, 0.000100717690657], [0.000197644665604, 0.000538153108209, 0.00346294371411, 0.000182425210369, -0.000344049622072, -0.000959233904723, -0.000284726265818, 0.000514588784426, -0.00120183266699, -0.000282161927316, -0.000443123251898, -0.000431569496868, -0.000663085083943], [6.17316763964e-05, 0.00017147163453, 0.000182425210369, 0.00467965891585, -0.0012053346727, -0.000247544172453, -6.07171350566e-05, -0.00037364079617, 5.54104772164e-05, 0.000523071561474, -0.00104525010101, 0.00061254540924, -0.0014345733216], [0.000199240545044, -4.18523522967e-05, -0.000344049622072, -0.0012053346727, 0.00658833561465, -0.000115432812891, -0.000252649566391, -0.000108275125967, 0.00110002898145, -0.000535622355528, -0.00026068428997, -0.00027043413138, 0.00046764977742], [-6.88655563863e-05, 9.93360663415e-05, -0.000959233904723, -0.000247544172453, -0.000115432812891, 0.0101339239627, -0.00380160962231, -0.00012189186964, 0.000194586929865, -0.00119782984257, 0.000447783037089, 0.000616862322204, -0.000907065288629], [6.85716149746e-05, -0.000266850081971, -0.000284726265818, -6.07171350566e-05, -0.000252649566391, -0.00380160962231, 0.0132373878732, -0.00445240316913, 9.19575759326e-05, 0.000948567234445, -9.6333642432e-05, 0.00187016965356, -0.00128072197549], [0.000100043478596, 0.000128821498947, 0.000514588784426, -0.00037364079617, -0.000108275125967, -0.00012189186964, -0.00445240316913, 0.0138279041275, -0.00340143521316, -0.00130461156368, 0.00111703597941, 0.000198879177333, 0.000463250034954], [2.03879953915e-05, -0.000584695313592, -0.00120183266699, 5.54104772164e-05, 0.00110002898145, 0.000194586929865, 9.19575759326e-05, -0.00340143521316, 0.0154575491324, -0.00526986690238, 0.00143676542211, -0.00199138815515, 0.000692601897754], [-6.6083506681e-05, 5.05790958414e-05, -0.000282161927316, 0.000523071561474, -0.000535622355528, -0.00119782984257, 0.000948567234445, -0.00130461156368, -0.00526986690238, 0.015112709254, -0.00818861741573, 0.001718246378, 0.000808167154901], [-2.04453899642e-05, -0.000378922763048, -0.000443123251898, -0.00104525010101, -0.00026068428997, 0.000447783037089, -9.6333642432e-05, 0.00111703597941, 0.00143676542211, -0.00818861741573, 0.0203809533268, -0.00908899866045, 0.00196842174046], [-0.000140506177559, -0.0006702519604, -0.000431569496868, 0.00061254540924, -0.00027043413138, 0.000616862322204, 0.00187016965356, 0.000198879177333, -0.00199138815515, 0.001718246378, -0.00908899866045, 0.0216589123011, -0.00550326751545], [0.000284139270661, 0.000100717690657, -0.000663085083943, -0.0014345733216, 0.00046764977742, -0.000907065288629, -0.00128072197549, 0.000463250034954, 0.000692601897754, 0.000808167154901, 0.00196842174046, -0.00550326751545, 0.0163902491331]], "mean": [-651.191650391, 130.122451782, 13.8884344101, 22.9815979004, -0.411701261997, 4.57828903198, -3.25220918655, -6.44391059875, -6.45259809494, -10.9705858231, -9.62401390076, -3.57311558723, -4.76517963409], "cov": [[8275.86425781, -704.583496094, -450.027740479, -210.613235474, -301.601806641, -53.2037887573, -136.967132568, -96.2209472656, -59.5964164734, 11.3260316849, -3.71381545067, -14.4818286896, -180.55871582], [-704.583496094, 1558.58679199, -165.452301025, -37.546962738, 13.3376207352, -35.254070282, 13.1411857605, 12.9796924591, 65.4941864014, 37.9769287109, 65.8309707642, 72.7012863159, 2.84989190102], [-450.027740479, -165.452301025, 376.976623535, 16.5698051453, 33.2060890198, 47.3732948303, 23.1167297363, 6.50047397614, 28.8356781006, 24.0942687988, 13.9304609299, 9.71266746521, 27.9981021881], [-210.613235474, -37.546962738, 16.5698051453, 242.112030029, 51.2479286194, 13.2649278641, 12.5853471756, 8.82453155518, -6.46973800659, -5.60642766953, 7.29323768616, -0.634947896004, 25.2099685669], [-301.601806641, 13.3376207352, 33.2060890198, 51.2479286194, 174.306533813, 8.99871253967, 10.2930221558, 4.78488540649, -7.06511354446, 5.54175710678, 8.45555019379, 2.93540215492, 7.16460895538], [-53.2037887573, -35.254070282, 47.3732948303, 13.2649278641, 8.99871253967, 122.37399292, 42.7745513916, 16.5348510742, 5.80110120773, 9.7390871048, -2.83097600937, -6.72717475891, 10.9631023407], [-136.967132568, 13.1411857605, 23.1167297363, 12.5853471756, 10.2930221558, 42.7745513916, 104.34287262, 36.3908538818, 6.89744281769, -1.56731545925, -7.96508550644, -10.6796884537, 10.685256958], [-96.2209472656, 12.9796924591, 6.50047397614, 8.82453155518, 4.78488540649, 16.5348510742, 36.3908538818, 92.6153793335, 25.2732887268, 14.485786438, -2.47401952744, -4.44478559494, 0.650600373745], [-59.5964164734, 65.4941864014, 28.8356781006, -6.46973800659, -7.06511354446, 5.80110120773, 6.89744281769, 25.2732887268, 89.5410003662, 40.6083221436, 15.5939340591, 12.3830947876, -1.9227437973], [11.3260316849, 37.9769287109, 24.0942687988, -5.60642766953, 5.54175710678, 9.7390871048, -1.56731545925, 14.485786438, 40.6083221436, 107.905754089, 47.9377479553, 14.9736194611, -7.86284637451], [-3.71381545067, 65.8309707642, 13.9304609299, 7.29323768616, 8.45555019379, -2.83097600937, -7.96508550644, -2.47401952744, 15.5939340591, 47.9377479553, 85.6781387329, 36.2539634705, -1.22816765308], [-14.4818286896, 72.7012863159, 9.71266746521, -0.634947896004, 2.93540215492, -6.72717475891, -10.6796884537, -4.44478559494, 12.3830947876, 14.9736194611, 36.2539634705, 69.1017608643, 16.5630950928], [-180.55871582, 2.84989190102, 27.9981021881, 25.2099685669, 7.16460895538, 10.9631023407, 10.685256958, 0.650600373745, -1.9227437973, -7.86284637451, -1.22816765308, 16.5630950928, 74.8603363037]]}, "spectral_decrease": {"dmean": 3.04358471759e-09, "dvar2": 3.60543147419e-17, "mean": -7.95201504644e-09, "var": 2.34042449429e-17, "dmean2": 5.09899411583e-09, "dvar": 1.38249822519e-17, "min": -3.27088649499e-08, "median": -7.26344318025e-09, "max": 7.54771403538e-29}, "zerocrossingrate": {"dmean": 0.0113055426627, "dvar2": 0.000232532169321, "mean": 0.0478105656803, "var": 0.00158510566689, "dmean2": 0.0126411020756, "dvar": 0.000241627945798, "min": 0.00537109375, "median": 0.03662109375, "max": 0.5166015625}, "spectral_contrast_coeffs": {"dmean": [0.0610086321831, 0.0439313054085, 0.034709379077, 0.0266838148236, 0.0209723133594, 0.0204447135329], "dvar2": [0.00671420525759, 0.00349354790524, 0.00194806652144, 0.00117717648391, 0.000753064115997, 0.000638988451101], "mean": [-0.525328040123, -0.702288329601, -0.756414473057, -0.796798467636, -0.804362654686, -0.768946051598], "var": [0.00706800678745, 0.00576750049368, 0.00355025404133, 0.00200891541317, 0.00141318701208, 0.00169062940404], "dmean2": [0.104877598584, 0.0705649033189, 0.0543806962669, 0.0435847938061, 0.0334211178124, 0.0297671984881], "dvar": [0.0023644475732, 0.00143864005804, 0.000856773694977, 0.000460655777715, 0.00031805341132, 0.000317420810461], "min": [-0.99242401123, -0.967970728874, -0.984548568726, -0.992743372917, -0.958171248436, -0.960631489754], "median": [-0.523159325123, -0.707205355167, -0.757673978806, -0.800039410591, -0.806996762753, -0.767906486988], "max": [-0.279986858368, -0.407607376575, -0.5096565485, -0.623591661453, -0.604278445244, -0.590722441673]}, "spectral_skewness": {"dmean": 0.2565279603, "dvar2": 0.15364408493, "mean": 1.7841347456, "var": 0.427628666162, "dmean2": 0.384647548199, "dvar": 0.0715486109257, "min": -0.248755946755, "median": 1.70564520359, "max": 6.50899839401}, "spectral_energyband_middle_high": {"dmean": 0.00113617093302, "dvar2": 7.84325038694e-06, "mean": 0.00308266864158, "var": 8.4095636339e-06, "dmean2": 0.00164467166178, "dvar": 3.60512649422e-06, "min": 1.37292422982e-21, "median": 0.00226862030104, "max": 0.0404105298221}, "gfcc": {"icov": [[0.000224198389333, -0.000191435363377, 0.000575768004637, -0.000386141298804, 0.000382084981538, -0.000630721217021, 0.000565455993637, -0.000698641815688, 0.00064527511131, -0.000712103967089, 0.000486770528369, -0.000120106691611, 0.000376063864678], [-0.000191435363377, 0.0031286822632, -0.000350325222826, 0.00290657067671, -0.00229568476789, 0.00177908304613, -0.00307426042855, 0.00232999166474, -0.0038537431974, 0.00279337191023, -0.00397899001837, 0.00312521820888, -0.00346343498677], [0.000575768004637, -0.000350325222826, 0.00358574395068, -0.00109936203808, 1.4033390471e-05, -0.0020146034658, 0.00118264602497, -0.00188016996253, 0.00121125089936, -0.00278393691406, 0.00183983915485, -0.00143774307799, 0.00111539522186], [-0.000386141298804, 0.00290657067671, -0.00109936203808, 0.00648417184129, -0.00255033001304, 0.00210344116203, -0.00369431939907, 0.00329432846047, -0.00388509081677, 0.00297764944844, -0.00408568652347, 0.00241194549017, -0.00327555229887], [0.000382084981538, -0.00229568476789, 1.4033390471e-05, -0.00255033001304, 0.00788009446114, -0.00205295695923, 0.00279122241773, -0.00305112800561, 0.00245816376992, 0.000108725398604, -0.000538758758921, -0.00142583844718, 0.00140207761433], [-0.000630721217021, 0.00177908304613, -0.0020146034658, 0.00210344116203, -0.00205295695923, 0.0105374380946, -0.00557654723525, 0.00177128030919, -0.00106972455978, -0.000321311643347, 0.000616485951468, 7.80772970757e-05, -0.00168325076811], [0.000565455993637, -0.00307426042855, 0.00118264602497, -0.00369431939907, 0.00279122241773, -0.00557654723525, 0.0130806928501, -0.00455730827525, 0.0022151817102, -0.000435331108747, 0.00138906342909, -8.26894247439e-05, 0.000793646380771], [-0.000698641815688, 0.00232999166474, -0.00188016996253, 0.00329432846047, -0.00305112800561, 0.00177128030919, -0.00455730827525, 0.0161768775433, -0.00790019799024, 0.00145017402247, 9.64838327491e-05, 0.000249153585173, -0.00100214278791], [0.00064527511131, -0.0038537431974, 0.00121125089936, -0.00388509081677, 0.00245816376992, -0.00106972455978, 0.0022151817102, -0.00790019799024, 0.0182901676744, -0.00920790154487, 0.00251866644248, 0.000697821204085, 0.00266566430219], [-0.000712103967089, 0.00279337191023, -0.00278393691406, 0.00297764944844, 0.000108725398604, -0.000321311643347, -0.000435331108747, 0.00145017402247, -0.00920790154487, 0.0210802126676, -0.0108430571854, 0.00325883203186, -0.00266431458294], [0.000486770528369, -0.00397899001837, 0.00183983915485, -0.00408568652347, -0.000538758758921, 0.000616485951468, 0.00138906342909, 9.64838327491e-05, 0.00251866644248, -0.0108430571854, 0.0271694827825, -0.0108948098496, 0.00503526767716], [-0.000120106691611, 0.00312521820888, -0.00143774307799, 0.00241194549017, -0.00142583844718, 7.80772970757e-05, -8.26894247439e-05, 0.000249153585173, 0.000697821204085, 0.00325883203186, -0.0108948098496, 0.0235520470887, -0.00958580803126], [0.000376063864678, -0.00346343498677, 0.00111539522186, -0.00327555229887, 0.00140207761433, -0.00168325076811, 0.000793646380771, -0.00100214278791, 0.00266566430219, -0.00266431458294, 0.00503526767716, -0.00958580803126, 0.0242118705064]], "mean": [-7.49573469162, 100.407646179, -100.326515198, 27.4532756805, -64.3890686035, 4.27279663086, -44.5678596497, -5.5109333992, -35.3578453064, -5.1182217598, -22.9421596527, -6.24163007736, -14.3599996567], "cov": [[12284.6884766, -1554.25488281, -1318.70581055, 95.8230056763, -655.274047852, 372.757446289, -300.318481445, 166.971664429, -293.294433594, 151.838180542, -257.44833374, -71.7240371704, -184.666183472], [-1554.25488281, 1570.91577148, -60.3559303284, -219.662307739, 259.920349121, -137.322143555, 199.373825073, -21.0149688721, 212.140045166, -46.1758956909, 140.474639893, -73.3568115234, 103.22076416], [-1318.70581055, -60.3559303284, 572.207275391, 44.1809234619, 77.0193252563, 54.7264823914, 17.1489200592, 32.4491577148, 28.8777828217, 44.4469413757, 10.4369277954, 35.8835105896, 5.33870887756], [95.8230056763, -219.662307739, 44.1809234619, 288.965332031, 18.8686237335, 7.75330066681, 16.1047134399, -11.6759786606, -1.83921301365, 2.00429749489, 10.2881183624, 10.6410989761, 5.07916498184], [-655.274047852, 259.920349121, 77.0193252563, 18.8686237335, 221.65461731, -12.6283988953, 26.3132915497, 6.65373325348, 29.4455223083, -14.7392253876, 41.0873069763, 7.37444877625, 21.5734577179], [372.757446289, -137.322143555, 54.7264823914, 7.75330066681, -12.6283988953, 160.528900146, 33.0630111694, 20.7284126282, -15.0746049881, 18.9608078003, -22.4387168884, 7.07421398163, -4.02632951736], [-300.318481445, 199.373825073, 17.1489200592, 16.1047134399, 26.3132915497, 33.0630111694, 145.406692505, 18.8516654968, 35.9192199707, -7.76228666306, 12.9275083542, -13.2230005264, 18.6295185089], [166.971664429, -21.0149688721, 32.4491577148, -11.6759786606, 6.65373325348, 20.7284126282, 18.8516654968, 99.1752319336, 38.5956420898, 21.1953163147, -7.15047550201, -3.66284370422, -6.01132583618], [-293.294433594, 212.140045166, 28.8777828217, -1.83921301365, 29.4455223083, -15.0746049881, 35.9192199707, 38.5956420898, 130.265335083, 38.5698280334, 27.0404224396, -19.8096294403, 7.42526245117], [151.838180542, -46.1758956909, 44.4469413757, 2.00429749489, -14.7392253876, 18.9608078003, -7.76228666306, 21.1953163147, 38.5698280334, 89.9873504639, 21.7321910858, 2.50050926208, -5.31036281586], [-257.44833374, 140.474639893, 10.4369277954, 10.2881183624, 41.0873069763, -22.4387168884, 12.9275083542, -7.15047550201, 27.0404224396, 21.7321910858, 74.6698455811, 17.6050167084, 11.2008228302], [-71.7240371704, -73.3568115234, 35.8835105896, 10.6410989761, 7.37444877625, 7.07421398163, -13.2230005264, -3.66284370422, -19.8096294403, 2.50050926208, 17.6050167084, 68.5148849487, 16.674539566], [-184.666183472, 103.22076416, 5.33870887756, 5.07916498184, 21.5734577179, -4.02632951736, 18.6295185089, -6.01132583618, 7.42526245117, -5.31036281586, 11.2008228302, 16.674539566, 59.8586807251]]}, "erbbands_spread": {"dmean": 8.81200027466, "dvar2": 225.740585327, "mean": 40.6726036072, "var": 347.100616455, "dmean2": 12.9235906601, "dvar": 103.115852356, "min": 1.95472002029, "median": 38.1502189636, "max": 156.845611572}, "erbbands_kurtosis": {"dmean": 1.0359647274, "dvar2": 7.14477396011, "mean": 1.17999613285, "var": 13.796204567, "dmean2": 1.5760165453, "dvar": 3.18601751328, "min": -1.8126553297, "median": 0.124809026718, "max": 62.0620193481}, "dynamic_complexity": 2.73699426651, "erbbands_crest": {"dmean": 2.01498317719, "dvar2": 8.86205863953, "mean": 8.68322467804, "var": 17.6912879944, "dmean2": 3.15289974213, "dvar": 3.91868853569, "min": 2.31624293327, "median": 7.66801595688, "max": 32.5245895386}, "erbbands": {"dmean": [0.0319540649652, 0.325818181038, 2.06160902977, 11.4267568588, 19.5461902618, 12.2905244827, 11.394452095, 8.88267993927, 11.376953125, 13.8691949844, 15.6348390579, 8.04339027405, 6.82253408432, 6.83067131042, 8.60985660553, 12.1497650146, 6.93291950226, 9.12937355042, 7.65208816528, 7.50577306747, 6.46894884109, 7.14774179459, 8.41729640961, 5.37630796432, 6.95714426041, 6.52097702026, 7.01560020447, 6.88600683212, 6.17624521255, 4.97781801224, 3.54770374298, 2.38577103615, 1.8921405077, 1.01114332676, 0.566625714302, 0.207973152399, 0.0529520362616, 0.00628069788218, 0.000506856653374, 3.33891803166e-05], "dvar2": [0.0138346999884, 1.39509546757, 31.2758407593, 526.01159668, 1954.10681152, 1089.71594238, 796.661315918, 529.683044434, 839.022583008, 1816.203125, 2739.68652344, 653.205566406, 353.312042236, 346.178161621, 429.129608154, 872.036010742, 930.345825195, 1235.69897461, 588.512084961, 487.849609375, 624.646118164, 679.532348633, 997.240783691, 391.37802124, 1202.61108398, 825.84375, 855.136474609, 1250.7644043, 1246.81860352, 699.834899902, 393.123291016, 105.072105408, 64.0202865601, 15.3766059875, 4.56684541702, 0.583157420158, 0.0364242717624, 0.000584819703363, 4.10000302509e-06, 7.36799332657e-09], "mean": [0.0328820161521, 0.372936815023, 2.66869616508, 16.7012729645, 30.5124263763, 20.7489643097, 23.0473899841, 19.366186142, 26.5587005615, 37.4971923828, 36.2294845581, 17.306968689, 15.163310051, 16.7414474487, 21.1773719788, 23.9671325684, 13.0021190643, 14.4804029465, 12.9592103958, 12.2489624023, 9.92666435242, 11.799785614, 13.2598676682, 8.63793754578, 10.7783508301, 10.5435295105, 11.1354589462, 11.7643299103, 10.4496240616, 8.11488246918, 5.81453037262, 3.46363425255, 2.46372914314, 1.29496312141, 0.720713198185, 0.263565391302, 0.0602627657354, 0.00687473919243, 0.000586870824918, 7.10471285856e-05], "var": [0.00498389499262, 0.505481541157, 10.5968780518, 268.339263916, 1004.5836792, 440.535339355, 823.177856445, 707.063415527, 1344.32897949, 4331.04150391, 7458.41601562, 1058.71606445, 376.08001709, 649.768493652, 520.693786621, 846.211181641, 624.377624512, 720.479736328, 375.935668945, 291.483978271, 307.484405518, 432.917114258, 974.600036621, 431.69128418, 1166.09106445, 873.344360352, 944.021606445, 2058.44702148, 1968.953125, 1315.39111328, 748.364196777, 141.365951538, 56.5314788818, 12.8838586807, 4.28431272507, 0.59353941679, 0.0223223287612, 0.00030430717743, 1.96299788513e-06, 5.08994668635e-09], "dmean2": [0.0571536533535, 0.567790567875, 3.6605694294, 19.8442077637, 33.4020805359, 21.307302475, 18.6669712067, 14.2561254501, 18.1303100586, 20.5645065308, 23.951789856, 12.5167322159, 10.6329669952, 10.478392601, 13.4201211929, 18.976316452, 10.7286987305, 14.3282108307, 11.9043474197, 11.7062158585, 10.0137834549, 10.7638540268, 12.4888381958, 7.82580757141, 10.0779151917, 9.25144195557, 9.9729347229, 9.72957706451, 8.60613250732, 6.99434566498, 4.91421556473, 3.40315389633, 2.8067085743, 1.50585031509, 0.840171694756, 0.308514714241, 0.0800989940763, 0.00973210390657, 0.000791838741861, 5.06578071509e-05], "dvar": [0.0047012027353, 0.526805639267, 10.6004219055, 183.075897217, 730.815002441, 395.383453369, 305.564056396, 223.04586792, 352.668548584, 870.380126953, 1368.74963379, 283.244354248, 141.87878418, 151.714614868, 175.802642822, 363.220336914, 376.97354126, 491.716522217, 233.501220703, 209.684082031, 259.388397217, 297.714569092, 456.236602783, 183.120498657, 539.069885254, 396.430084229, 413.863800049, 671.484313965, 625.989318848, 392.852539062, 222.70413208, 52.680973053, 29.658405304, 7.06896257401, 2.15689730644, 0.275201052427, 0.0156452506781, 0.000246330251684, 1.65705262134e-06, 3.15861403699e-09], "min": [1.95622661288e-21, 5.4982493368e-21, 2.00789272591e-20, 7.294110307e-20, 1.14262968731e-19, 1.87594119772e-19, 4.80067658481e-19, 4.63056378991e-19, 1.22217052199e-18, 8.1331820286e-19, 1.13292755666e-18, 8.79277171315e-19, 9.87169854128e-19, 2.12287901239e-18, 2.96362600738e-18, 2.45092250651e-18, 3.79616426876e-18, 6.21186211607e-18, 7.11803144608e-18, 2.86122042716e-18, 5.74451582332e-18, 1.9796582728e-17, 7.71095037326e-18, 7.07834828338e-18, 1.28655544845e-17, 1.90099108044e-17, 1.38554208441e-17, 1.49561732462e-17, 2.08955914334e-17, 2.34698536003e-17, 2.48912162448e-17, 1.91135135218e-17, 1.04120838481e-17, 1.14748099304e-17, 9.0404570923e-18, 4.85885064633e-18, 2.83942111609e-18, 1.15864429171e-18, 3.44564436454e-19, 3.89394207072e-20], "median": [0.00391569081694, 0.125329211354, 1.62750613689, 11.7552709579, 20.8740653992, 14.859708786, 12.7675037384, 10.0832891464, 13.9589328766, 14.3172922134, 9.76887798309, 7.07528686523, 8.39992618561, 7.63143634796, 14.5224523544, 15.2082862854, 6.25493621826, 5.62134504318, 6.39368438721, 7.05603742599, 4.76052093506, 4.97670125961, 4.29340028763, 2.88787341118, 3.24162006378, 3.0253932476, 3.15061402321, 2.51277899742, 1.70233058929, 0.98826611042, 0.636104106903, 0.483451783657, 0.380015462637, 0.226828888059, 0.119309425354, 0.0437494516373, 0.0105800954625, 0.00110835721716, 0.000139848663821, 5.03500086779e-05], "max": [0.558406710625, 7.96333408356, 41.8776054382, 146.163391113, 283.322967529, 238.475570679, 270.55770874, 381.498809814, 383.05456543, 891.457824707, 1491.42932129, 552.524353027, 286.76574707, 549.841186523, 345.253662109, 525.633056641, 804.426940918, 794.275512695, 331.801483154, 398.196929932, 591.069335938, 605.740478516, 963.693969727, 473.280883789, 1095.75720215, 764.511962891, 537.791992188, 866.186218262, 772.624328613, 704.357299805, 577.310974121, 174.18296814, 136.507415771, 67.8849639893, 29.8835754395, 12.898680687, 2.06253051758, 0.208635091782, 0.015064063482, 0.000662448117509]}, "silence_rate_30dB": {"dmean": 0.000177336405613, "dvar2": 0.000531889265403, "mean": 0.999911367893, "var": 8.86498964974e-05, "dmean2": 0.000354704272468, "dvar": 0.000177294627065, "min": 0, "median": 1, "max": 1}, "silence_rate_60dB": {"dmean": 0.00354672805406, "dvar2": 0.00757883302867, "mean": 0.0422023236752, "var": 0.0404225960374, "dmean2": 0.00709408521652, "dvar": 0.00353304296732, "min": 0, "median": 0, "max": 1}, "spectral_energyband_middle_low": {"dmean": 0.00965774059296, "dvar2": 0.000380894372938, "mean": 0.0230891946703, "var": 0.000234601931879, "dmean2": 0.0164841711521, "dvar": 0.000139869312989, "min": 3.25954397786e-22, "median": 0.0207245964557, "max": 0.112238422036}, "spectral_spread": {"dmean": 786002.625, "dvar2": 1471931088900.0, "mean": 4735422.5, "var": 2360055693310.0, "dmean2": 1063098.125, "dvar": 824888524800, "min": 1089536.625, "median": 4538801, "max": 41594640}, "barkbands": {"dmean": [1.87223104149e-05, 0.00122282386292, 0.00254148803651, 0.00560691673309, 0.00429815333337, 0.00127369828988, 0.000908070011064, 0.000725743942894, 0.000347508030245, 0.000203307979973, 0.000229713768931, 0.000263094174443, 0.000155975503731, 0.000183640484465, 0.000147810584167, 0.000121995908557, 0.000135743161081, 0.000142996577779, 0.000120118274936, 0.000141079202876, 0.000171107691131, 0.000170881758095, 0.000127186925965, 0.000114137939818, 8.23196824058e-05, 3.37499041052e-05, 2.92388085654e-06], "dvar2": [2.84249934701e-09, 1.88283120224e-05, 3.86782121495e-05, 0.000138623188832, 0.000108641987026, 8.62612796482e-06, 6.61821650283e-06, 5.70220163354e-06, 1.27428847918e-06, 2.97269536986e-07, 2.97809236827e-07, 4.12899254343e-07, 4.24922632192e-07, 3.97992323542e-07, 2.08497553444e-07, 2.29877343827e-07, 2.67144628197e-07, 2.66771621682e-07, 2.6994356972e-07, 4.46484847316e-07, 5.7376564655e-0