{"tonal": {"hpcp": {"dvar": [0.0458035208285, 0.0412742756307, 0.0311300642788, 0.0263738818467, 0.0265340898186, 0.0266661364585, 0.0308180600405, 0.0300085358322, 0.0221795029938, 0.0198348443955, 0.020374501124, 0.0259310957044, 0.0262096431106, 0.0325626805425, 0.0191230475903, 0.0126948598772, 0.0110314171761, 0.0120902983472, 0.0143008278683, 0.0218091774732, 0.0319739356637, 0.0450475849211, 0.0487669631839, 0.0439410656691, 0.0414976626635, 0.0373011901975, 0.0518889687955, 0.0527901798487, 0.050093781203, 0.0517347529531, 0.0528933517635, 0.0437179580331, 0.0339554063976, 0.0331885665655, 0.0418080575764, 0.045275580138], "var": [0.150183722377, 0.10392549634, 0.0272837523371, 0.02322033979, 0.0261296536773, 0.0247717518359, 0.0525148920715, 0.0639925524592, 0.0252455063164, 0.0142812393606, 0.014317676425, 0.025110386312, 0.049710880965, 0.0543314144015, 0.0203742273152, 0.0114544956014, 0.0134114474058, 0.00983889773488, 0.011655414477, 0.018287550658, 0.030649356544, 0.0916001349688, 0.139175727963, 0.0674884468317, 0.0618939250708, 0.0353240072727, 0.0399315021932, 0.0771666243672, 0.100492939353, 0.0615777038038, 0.0531782880425, 0.04944036901, 0.0354701802135, 0.042183753103, 0.0493838377297, 0.0602472499013], "median": [0.0561026856303, 0.0499798357487, 0.0259715057909, 0.0124207725748, 0.0117400120944, 0.0246569421142, 0.0938120037317, 0.111370712519, 0.0386361964047, 0.0062735453248, 0.00506122922525, 0.0107276486233, 0.0437168106437, 0.0516961961985, 0.0263163112104, 0.00986762903631, 0.00721797114238, 0.00847800448537, 0.014115174301, 0.0142843704671, 0.0300522297621, 0.163353234529, 0.196675240993, 0.156888976693, 0.047926351428, 0.0229909271002, 0.00755788665265, 0.034268245101, 0.045480478555, 0.0274028815329, 0.0087080039084, 0.00708429981023, 0.0148279657587, 0.0348259210587, 0.0421242341399, 0.0499173998833], "max": [1, 1, 1, 1, 1, 1, 1, 1, 1, 1, 1, 1, 1, 1, 1, 1, 1, 1, 1, 1, 1, 1, 1, 1, 1, 1, 1, 1, 1, 1, 1, 1, 1, 1, 1, 1], "dmean": [0.124698266387, 0.132764607668, 0.0990965440869, 0.078189663589, 0.0785311982036, 0.0893789157271, 0.12218490988, 0.120935671031, 0.0838815048337, 0.0550384409726, 0.0531113035977, 0.0721112862229, 0.0920743346214, 0.103077322245, 0.0718066170812, 0.043500430882, 0.0378705635667, 0.0397467017174, 0.0487605109811, 0.0620432309806, 0.102258883417, 0.166714072227, 0.15614798665, 0.15799510479, 0.126626446843, 0.101389169693, 0.116483420134, 0.142525181174, 0.13418866694, 0.137746781111, 0.127434358001, 0.103861831129, 0.0912528559566, 0.102712973952, 0.122910164297, 0.141684100032], "dmean2": [0.215426012874, 0.224797233939, 0.17667336762, 0.140031576157, 0.140619188547, 0.158636182547, 0.203077331185, 0.199107259512, 0.144621804357, 0.100935608149, 0.0981977880001, 0.127810671926, 0.152337312698, 0.172936111689, 0.12337718904, 0.0778478235006, 0.0671693384647, 0.0709115490317, 0.0867599397898, 0.112112380564, 0.182800486684, 0.283714294434, 0.261575311422, 0.271062761545, 0.223362460732, 0.182450771332, 0.21285609901, 0.245424211025, 0.233994320035, 0.241648316383, 0.227051153779, 0.184539839625, 0.163141623139, 0.176719039679, 0.214737981558, 0.2479724437], "mean": [0.295628130436, 0.240208864212, 0.0922083184123, 0.0697283372283, 0.074579320848, 0.0866841524839, 0.185515150428, 0.209853649139, 0.0994562953711, 0.0410225987434, 0.0385513491929, 0.0644728243351, 0.13550709188, 0.14993712306, 0.0780410841107, 0.0403951779008, 0.0385672971606, 0.0372773185372, 0.0491601489484, 0.0589217245579, 0.0996307507157, 0.287820100784, 0.36244764924, 0.241435676813, 0.175674557686, 0.10960329324, 0.087393373251, 0.177978128195, 0.211523041129, 0.145142167807, 0.109298884869, 0.0953253060579, 0.084654904902, 0.120215155184, 0.136551514268, 0.178366363049], "dvar2": [0.111155584455, 0.10343272239, 0.0863165482879, 0.0714562386274, 0.0716116428375, 0.074329264462, 0.0804514363408, 0.0729316025972, 0.0586541295052, 0.0550612807274, 0.0570099875331, 0.0704232677817, 0.0617795325816, 0.0793696418405, 0.04841671139, 0.0350441522896, 0.0306293983012, 0.034213937819, 0.0407469682395, 0.0610650219023, 0.0907909274101, 0.119180217385, 0.114161618054, 0.119778513908, 0.110356502235, 0.10388930887, 0.142337247729, 0.137690857053, 0.133254542947, 0.140163645148, 0.139868766069, 0.113494701684, 0.0915433168411, 0.0867481604218, 0.111577510834, 0.128054365516], "min": [0, 0, 0, 0, 0, 0, 0, 0, 0, 0, 0, 0, 0, 0, 0, 0, 0, 0, 0, 0, 0, 0, 0, 0, 0, 0, 0, 0, 0, 0, 0, 0, 0, 0, 0, 0]}, "key_key": "A", "thpcp": [1, 0.666125655174, 0.484689474106, 0.302397578955, 0.241119995713, 0.491045057774, 0.583596110344, 0.400450021029, 0.301557719707, 0.263004332781, 0.23356449604, 0.33167591691, 0.376748234034, 0.492116212845, 0.815643668175, 0.662740826607, 0.254404515028, 0.192381814122, 0.205765768886, 0.23916323483, 0.511839866638, 0.578990221024, 0.274401813745, 0.113182134926, 0.106363907456, 0.177881762385, 0.373866647482, 0.413679391146, 0.215316846967, 0.11145106703, 0.106407910585, 0.102848835289, 0.135633796453, 0.162566170096, 0.274883151054, 0.794101178646], "chords_key": "E", "tuning_equal_tempered_deviation": 0.180374950171, "tuning_frequency": 434.193115234, "tuning_diatonic_strength": 0.611945390701, "chords_histogram": [25.8906173706, 4.54089307785, 28.926240921, 0.752634227276, 8.304063797, 0, 6.84897136688, 0, 0.20070245862, 0, 0, 0, 0.501756131649, 0, 0, 0.20070245862, 0, 1.78123426437, 0, 9.2574005127, 0.40140491724, 0.150526836514, 2.0070245266, 10.2358255386], "key_strength": 0.783169984818, "key_scale": "major", "chords_strength": {"dvar": 0.000532790960278, "var": 0.0715086087584, "median": 0.490872919559, "max": 0.763769328594, "dmean": 0.00949050858617, "dmean2": 0.00950369890779, "mean": 0.44991338253, "dvar2": 0.00101962604094, "min": -1}, "chords_number_rate": 0.00225790264085, "tuning_nontempered_energy_ratio": 0.933057844639, "hpcp_entropy": {"dvar": 0.266865491867, "var": 0.657423615456, "median": 2.09529685974, "max": 4.57711791992, "dmean": 0.57707709074, "dmean2": 0.974381804466, "mean": 2.02954244614, "dvar2": 0.69544929266, "min": 0}, "chords_changes_rate": 0.0589563474059, "chords_scale": "major"}, "rhythm": {"bpm_histogram_first_peak_spread": {"dvar": 0, "var": 0, "median": 0.048109985888, "max": 0.048109985888, "dmean": 0, "dmean2": 0, "mean": 0.048109985888, "dvar2": 0, "min": 0.048109985888}, "bpm_histogram_first_peak_weight": {"dvar": 0, "var": 0, "median": 0.9202657938, "max": 0.9202657938, "dmean": 0, "dmean2": 0, "mean": 0.9202657938, "dvar2": 0, "min": 0.9202657938}, "bpm_histogram_first_peak_bpm": {"dvar": 0, "var": 0, "median": 98, "max": 98, "dmean": 0, "dmean2": 0, "mean": 98, "dvar2": 0, "min": 98}, "bpm": 97.9638824463, "bpm_histogram_second_peak_weight": {"dvar": 0, "var": 0, "median": 0.0132890362293, "max": 0.0132890362293, "dmean": 0, "dmean2": 0, "mean": 0.0132890362293, "dvar2": 0, "min": 0.0132890362293}, "beats_loudness": {"dvar": 0.000287886330625, "var": 0.000518814835232, "median": 0.0419231951237, "max": 0.122250132263, "dmean": 0.0171742495149, "dmean2": 0.0312569141388, "mean": 0.0407923944294, "dvar2": 0.000868619303219, "min": 0}, "beats_loudness_band_ratio": {"dvar": [0.0225871689618, 0.0142007917166, 0.00613616360351, 0.0052702371031, 0.00166486529633, 0.00735936034471], "var": [0.0525233745575, 0.0176875330508, 0.00888030230999, 0.00465810019523, 0.00178563117515, 0.00792227871716], "median": [0.549057602882, 0.140897870064, 0.0752426832914, 0.0415218695998, 0.0342442020774, 0.0577133521438], "max": [0.969387352467, 0.644373953342, 0.527381539345, 0.421664237976, 0.265642434359, 0.470585852861], "dmean": [0.201475247741, 0.116821341217, 0.0779810771346, 0.0592203475535, 0.0405189134181, 0.110779188573], "dmean2": [0.355454266071, 0.204762116075, 0.133676856756, 0.105369389057, 0.0721094384789, 0.216768547893], "mean": [0.526163876057, 0.169094666839, 0.102517805994, 0.0641928911209, 0.0452649928629, 0.0883105099201], "dvar2": [0.0611053518951, 0.0379113256931, 0.0156982094049, 0.0138935325667, 0.00474474951625, 0.0204044096172], "min": [0, 0, 0, 0, 0, 0]}, "bpm_histogram_second_peak_bpm": {"dvar": 0, "var": 0, "median": 110, "max": 110, "dmean": 0, "dmean2": 0, "mean": 110, "dvar2": 0, "min": 110}, "onset_rate": 3.18850302696, "beats_count": 302, "beats_position": [0.626938760281, 1.26548755169, 1.92725622654, 2.55419492722, 3.1811337471, 3.79646253586, 4.41179132462, 5.01551008224, 5.64244890213, 6.25777769089, 6.87310647964, 7.47682523727, 8.09215450287, 8.70748329163, 9.31120204926, 9.92653083801, 10.5418596268, 11.1571884155, 11.7725172043, 12.3762359619, 12.9915647507, 13.6068935394, 14.2106122971, 14.8143310547, 15.4412698746, 16.0565986633, 16.6719264984, 17.2756462097, 17.8909740448, 18.5063037872, 19.1100215912, 19.7253513336, 20.3406791687, 20.94439888, 21.5597267151, 22.1750564575, 22.7787742615, 23.3941040039, 24.009431839, 24.6247615814, 25.2400894165, 25.8670291901, 26.470746994, 27.0744667053, 27.6781845093, 28.2935142517, 28.9088420868, 29.5241718292, 30.1394996643, 30.7548294067, 31.3701572418, 31.9738769531, 32.5775947571, 33.1929244995, 33.8082542419, 34.4235839844, 35.0389099121, 35.6542396545, 36.2579574585, 36.8732872009, 37.4770050049, 38.0923347473, 38.7076644897, 39.3229942322, 39.9267120361, 40.5420417786, 41.1457595825, 41.761089325, 42.3764152527, 42.9917449951, 43.5954627991, 44.1991844177, 44.8145103455, 45.4298400879, 46.0451698303, 46.6488876343, 47.2642173767, 47.8795471191, 48.4832649231, 49.0985946655, 49.7139205933, 50.3292503357, 50.9445800781, 51.5599098206, 52.1752357483, 52.7905654907, 53.4058952332, 54.0096130371, 54.6133308411, 55.240272522, 55.8439903259, 56.4477081299, 57.0630378723, 57.6667556763, 58.2820854187, 58.8974151611, 59.5127410889, 60.1280708313, 60.7434005737, 61.3587303162, 61.9740562439, 62.5777778625, 63.1814956665, 63.7852134705, 64.4121551514, 65.0274810791, 65.6428070068, 66.258140564, 66.8734664917, 67.4888000488, 68.1041259766, 68.7078475952, 69.3115615845, 69.9268951416, 70.5422210693, 71.1575469971, 71.7728805542, 72.3765945435, 72.9803161621, 73.5956420898, 74.210975647, 74.8263015747, 75.4416275024, 76.0453491211, 76.6490707397, 77.252784729, 77.8797302246, 78.4950561523, 79.1103820801, 79.7257156372, 80.3410415649, 80.9447631836, 81.5600891113, 82.1754150391, 82.7791366577, 83.3944625854, 84.0097961426, 84.6251220703, 85.228843689, 85.8441696167, 86.4595031738, 87.0748291016, 87.6785507202, 88.2938766479, 88.9092025757, 89.5245361328, 90.1398620605, 90.7435836792, 91.3472976685, 91.9626312256, 92.5779571533, 93.181678772, 93.7970046997, 94.4123306274, 95.0276641846, 95.6429901123, 96.246711731, 96.8620376587, 97.4773712158, 98.0810852051, 98.6964187622, 99.3117446899, 99.9270706177, 100.542404175, 101.146118164, 101.761451721, 102.376777649, 102.992103577, 103.607437134, 104.211151123, 104.814872742, 105.430198669, 106.045532227, 106.660858154, 107.276191711, 107.879905701, 108.495239258, 109.110565186, 109.714286804, 110.329612732, 110.94493866, 111.560272217, 112.175598145, 112.779319763, 113.394645691, 114.009971619, 114.613693237, 115.229019165, 115.844352722, 116.45967865, 117.075012207, 117.690338135, 118.305664063, 118.92099762, 119.524711609, 120.140045166, 120.743759155, 121.347480774, 121.962806702, 122.578140259, 123.181854248, 123.785575867, 124.400901794, 125.004623413, 125.619949341, 126.246894836, 126.862220764, 127.477546692, 128.104492188, 128.708206177, 129.311920166, 129.927261353, 130.54258728, 131.14630127, 131.761627197, 132.376953125, 132.980682373, 133.596008301, 134.211334229, 134.815048218, 135.418777466, 136.034103394, 136.649429321, 137.276367188, 137.880081177, 138.495422363, 139.110748291, 139.71446228, 140.31817627, 140.933517456, 141.548843384, 142.152557373, 142.779495239, 143.383224487, 143.998550415, 144.613876343, 145.229202271, 145.83291626, 146.448257446, 147.063583374, 147.678909302, 148.294235229, 148.909561157, 149.513290405, 150.117004395, 150.732330322, 151.34765625, 151.951385498, 152.566711426, 153.182037354, 153.785751343, 154.401092529, 155.016418457, 155.631744385, 156.247070313, 156.850784302, 157.466125488, 158.081451416, 158.696777344, 159.312103271, 159.915817261, 160.531158447, 161.146484375, 161.750198364, 162.365524292, 162.980865479, 163.596191406, 164.211517334, 164.815231323, 165.418960571, 166.034286499, 166.649612427, 167.264938354, 167.880264282, 168.48399353, 169.099319458, 169.714645386, 170.329971313, 170.945297241, 171.549026489, 172.164352417, 172.779678345, 173.383392334, 173.998733521, 174.614059448, 175.217773438, 175.833099365, 176.448425293, 177.063766479, 177.679092407, 178.294418335, 178.921356201, 179.536682129, 180.047531128, 180.558364868, 181.069198608, 181.603256226, 182.137313843, 182.682983398, 183.228652954, 183.77432251, 184.319992065], "danceability": 1.15750956535, "bpm_histogram_second_peak_spread": {"dvar": 0, "var": 0, "median": 0.33333337307, "max": 0.33333337307, "dmean": 0, "dmean2": 0, "mean": 0.33333337307, "dvar2": 0, "min": 0.33333337307}}, "lowlevel": {"spectral_flux": {"dvar": 0.000651204783935, "var": 0.00218826928176, "median": 0.0759951174259, "max": 0.350222736597, "dmean": 0.0227049533278, "dmean2": 0.0352293998003, "mean": 0.0798096135259, "dvar2": 0.00148363772314, "min": 6.25578477909e-11}, "spectral_rolloff": {"dvar": 1369188.625, "var": 11638930, "median": 710.595703125, "max": 19573.6816406, "dmean": 548.749084473, "dmean2": 928.73034668, "mean": 1746.85656738, "dvar2": 3058105, "min": 86.1328125}, "barkbands_flatness_db": {"dvar": 0.000417665607529, "var": 0.00314312218688, "median": 0.133072406054, "max": 0.440484821796, "dmean": 0.0199958235025, "dmean2": 0.0307618435472, "mean": 0.139317572117, "dvar2": 0.000910790055059, "min": 0.0183564666659}, "spectral_centroid": {"dvar": 119453.171875, "var": 3195543.5, "median": 1193.55578613, "max": 11872.4335938, "dmean": 288.25177002, "dmean2": 430.109222412, "mean": 1575.01757813, "dvar2": 231655.34375, "min": 148.782775879}, "melbands_skewness": {"dvar": 0.759281694889, "var": 3.21172976494, "median": 3.02061223984, "max": 16.4465103149, "dmean": 0.775403320789, "dmean2": 1.2212356329, "mean": 3.31828284264, "dvar2": 1.76039671898, "min": -0.363517343998}, "melbands": {"dvar": [1.35853349548e-06, 8.1802600107e-06, 1.93088249034e-06, 5.94100242779e-07, 3.87509572874e-07, 2.8650865147e-07, 1.73989121777e-07, 5.10037807544e-08, 1.87997404311e-08, 8.29212183362e-08, 3.95836323719e-08, 1.56360648873e-08, 2.26530190162e-08, 7.18820158951e-09, 1.36831157516e-09, 1.5300409828e-09, 1.77615744335e-09, 1.78290027186e-09, 1.6246822776e-09, 7.77822806164e-10, 1.98367611226e-09, 1.37789613053e-09, 5.07618891366e-10, 2.82600332024e-10, 3.32486260746e-10, 4.2617825935e-10, 2.49597148505e-10, 3.71657093989e-10, 6.7328492781e-10, 3.82198744875e-10, 2.36324487757e-10, 1.09740452836e-10, 5.90645587994e-11, 5.04704437965e-11, 3.70912640879e-11, 3.34767075172e-11, 3.22454285495e-11, 5.38519437376e-11, 3.38570525782e-11, 1.15415496604e-10], "var": [2.98934492093e-06, 1.29436248244e-05, 2.04777325052e-06, 1.27500663893e-06, 1.41616533256e-06, 8.1086307091e-07, 4.46058010084e-07, 1.51960605876e-07, 5.39903624031e-08, 1.96227361471e-07, 9.82410952588e-08, 4.6310617563e-08, 5.80249874815e-08, 2.25961080957e-08, 3.08349723532e-09, 2.95821522833e-09, 3.41857253616e-09, 3.59479024326e-09, 3.55210638681e-09, 1.43669887098e-09, 4.28776347761e-09, 3.26186366806e-09, 1.07578346231e-09, 6.21386830879e-10, 6.71570854482e-10, 7.92316101617e-10, 4.96857388566e-10, 5.95642257739e-10, 9.25269139085e-10, 5.27644150594e-10, 3.19019755057e-10, 1.44872863705e-10, 6.32853838778e-11, 4.8012146342e-11, 3.71005240418e-11, 4.27891229393e-11, 5.71268796157e-11, 9.54611181769e-11, 5.12701339717e-11, 1.33104582911e-10], "median": [0.00191597384401, 0.00302293640561, 0.000892811629456, 0.000404348422308, 0.000318080361467, 0.000255578546785, 0.000146262609633, 8.39974672999e-05, 4.64353797724e-05, 4.99955604027e-05, 4.03560989071e-05, 3.03398246615e-05, 3.16401419695e-05, 1.32903142003e-05, 1.01218074633e-05, 9.27702967601e-06, 8.67205926625e-06, 7.44655608287e-06, 1.00164324977e-05, 1.00481993286e-05, 9.22318577068e-06, 7.86189048085e-06, 3.89153638025e-06, 4.30975978816e-06, 5.51467564947e-06, 6.91308923706e-06, 4.63323976874e-06, 3.63074195775e-06, 3.83418318961e-06, 2.75258935289e-06, 1.48463277583e-06, 7.31061390979e-07, 4.51685053804e-07, 3.2299067243e-07, 2.81107304545e-07, 2.98480699712e-07, 4.08253413298e-07, 4.99484258398e-07, 5.36280026608e-07, 4.87033105401e-07], "max": [0.0143807185814, 0.0365637131035, 0.0213292613626, 0.0122032379732, 0.0123123824596, 0.00786813534796, 0.0108125153929, 0.00647798040882, 0.00308018107899, 0.00938212126493, 0.0052977334708, 0.00313837453723, 0.00469986209646, 0.00234654941596, 0.00151064316742, 0.00101159000769, 0.0012607719982, 0.00128682388458, 0.000988093903288, 0.000858327723108, 0.00133719411679, 0.000946053129155, 0.000716686190572, 0.000641348888166, 0.000382568017812, 0.000496245396789, 0.000416258699261, 0.000806132331491, 0.000795674161054, 0.000497906468809, 0.000697121431585, 0.000297507154755, 0.000174564745976, 0.000102882077044, 9.71190820565e-05, 0.0001635660592, 0.000214366707951, 0.000355873635272, 0.000196402368601, 0.000418868352426], "dmean": [0.000771903258283, 0.00194412004203, 0.000716461741831, 0.000462798139779, 0.000349760026438, 0.000279742409475, 0.000168500861037, 9.40928875934e-05, 6.2557432102e-05, 0.000102684527519, 6.97077339282e-05, 4.69378901471e-05, 5.4572148656e-05, 2.64915252046e-05, 1.54776080308e-05, 1.60529380082e-05, 1.70877774508e-05, 1.42893895827e-05, 1.60402614711e-05, 1.20989507195e-05, 1.63500662893e-05, 1.40255333463e-05, 7.31241379981e-06, 6.70710051054e-06, 8.4130833784e-06, 9.33835872274e-06, 6.67392350806e-06, 6.53414372209e-06, 8.23137997941e-06, 6.03295166002e-06, 3.77634046345e-06, 2.63614606411e-06, 2.09182371691e-06, 1.93924188352e-06, 1.66054280726e-06, 1.58858244959e-06, 1.56017995323e-06, 1.66941219959e-06, 1.35953018798e-06, 1.6212080709e-06], "dmean2": [0.00124226289336, 0.00329808332026, 0.00124059524387, 0.00076918664854, 0.000539288274013, 0.000429092819104, 0.000262353278231, 0.000138919887831, 9.17914658203e-05, 0.000149075654917, 0.000102224825241, 6.83893304085e-05, 7.9449659097e-05, 3.74794435629e-05, 2.44336588366e-05, 2.55070335697e-05, 2.6968851671e-05, 2.23782335524e-05, 2.52932313742e-05, 1.92495244846e-05, 2.55070044659e-05, 2.16819425987e-05, 1.1493247257e-05, 1.03939883047e-05, 1.30484049805e-05, 1.42759135997e-05, 1.02892208815e-05, 1.02115709524e-05, 1.31020888148e-05, 9.46785985434e-06, 6.04303977525e-06, 4.19043317379e-06, 3.31492924488e-06, 3.11958410748e-06, 2.67630321105e-06, 2.45604405791e-06, 2.33516288972e-06, 2.44884813583e-06, 2.01134048439e-06, 2.42842224907e-06], "mean": [0.00216220878065, 0.00380230811425, 0.00125734403264, 0.000827155890875, 0.000788342847954, 0.000594856508542, 0.000344987056451, 0.000219934154302, 0.000131208493258, 0.000199511254323, 0.00013878835307, 9.95116424747e-05, 0.00010451880371, 4.90060847369e-05, 2.72769666481e-05, 2.63478941633e-05, 2.9121118132e-05, 2.27521359193e-05, 2.79897540167e-05, 2.01171060326e-05, 2.6605264793e-05, 2.35418556258e-05, 1.19707347039e-05, 1.12792586151e-05, 1.40771880979e-05, 1.63791755767e-05, 1.18714733617e-05, 1.06936258817e-05, 1.22537321658e-05, 8.94086679182e-06, 4.92794470119e-06, 3.26329745803e-06, 2.39854443862e-06, 2.12030499824e-06, 1.82978419616e-06, 1.8651156779e-06, 2.16304829337e-06, 2.3688978672e-06, 2.05441278922e-06, 2.25483267968e-06], "dvar2": [3.45536295754e-06, 2.21990776481e-05, 5.44786416867e-06, 1.56920930294e-06, 8.45674492211e-07, 6.30341787655e-07, 4.02782262654e-07, 1.22916915757e-07, 4.02950313116e-08, 1.82422695616e-07, 8.99745487004e-08, 3.29922507092e-08, 4.57024285083e-08, 1.15141434165e-08, 3.28173332953e-09, 3.44962636234e-09, 4.11696543523e-09, 3.96726740348e-09, 3.80053677418e-09, 1.82866066734e-09, 4.43196235267e-09, 3.09825720635e-09, 1.18876042343e-09, 6.10869521633e-10, 7.5546785494e-10, 9.97653182289e-10, 5.7155791211e-10, 8.59841420287e-10, 1.71038572194e-09, 9.4989771604e-10, 5.79575498705e-10, 2.66866861942e-10, 1.46561277004e-10, 1.289537227e-10, 9.33730939789e-11, 7.64533714115e-11, 6.56419710254e-11, 1.00271506376e-10, 7.25768542487e-11, 2.73109090898e-10], "min": [1.0573805785e-24, 6.81290402375e-25, 6.94633540852e-25, 1.13306428817e-24, 6.93907049262e-25, 1.37070242359e-24, 9.84948750685e-25, 1.15746947521e-24, 1.59194201433e-24, 1.39325033624e-24, 1.832334359e-24, 2.65187623419e-24, 2.72447392e-24, 2.37019017658e-24, 1.72624597788e-24, 2.00104705472e-24, 2.46676075366e-24, 2.91642803572e-24, 2.52757621021e-24, 3.47485892343e-24, 3.17263842204e-24, 3.49108855327e-24, 3.22614074356e-24, 3.91607001102e-24, 4.10546802018e-24, 4.06727255844e-24, 4.43028307563e-24, 3.21067551995e-24, 3.67111095057e-24, 4.16324300959e-24, 3.75137636439e-24, 4.39400178487e-24, 4.58293239395e-24, 5.2141114427e-24, 5.28137406222e-24, 5.3659300905e-24, 4.97236659602e-24, 5.88835795814e-24, 4.2137466736e-24, 4.61492070366e-24]}, "spectral_decrease": {"dvar": 8.82203922438e-18, "var": 2.81822486105e-17, "median": -8.52389892003e-09, "max": 1.18351870754e-23, "dmean": 2.29060193035e-09, "dmean2": 3.72893138589e-09, "mean": -8.60712301431e-09, "dvar2": 2.18648717491e-17, "min": -3.85278760007e-08}, "barkbands_kurtosis": {"dvar": 39.6679801941, "var": 104.544212341, "median": 3.55600786209, "max": 158.962997437, "dmean": 3.57905197144, "dmean2": 5.6643204689, "mean": 6.6173787117, "dvar2": 95.9064025879, "min": -1.94018697739}, "silence_rate_30dB": {"dvar": 0.00150354695506, "var": 0.000877534330357, "median": 1, "max": 1, "dmean": 0.00150583509821, "dmean2": 0.00301204808056, "mean": 0.999121725559, "dvar2": 0.00425804033875, "min": 0}, "gfcc": {"mean": [-41.044090271, 92.5780334473, -94.5459136963, 43.0827178955, -50.6194229126, 13.7060642242, -32.7685508728, 14.9453115463, -25.9319629669, 5.18426275253, -12.1575479507, -3.40014958382, -0.44979378581], "cov": [[54431.4140625, 3291.44677734, -3354.38354492, 1987.0333252, -1800.97705078, 419.284210205, -1271.16662598, 839.744750977, -1076.37768555, 198.265258789, -553.552429199, -174.040344238, -5.00703048706], [3291.44677734, 1472.57397461, -465.461242676, 64.371925354, -21.507894516, -31.7528305054, -19.4311180115, -17.1893367767, -77.6111755371, -51.5485649109, 15.944767952, -108.047111511, 119.160011292], [-3354.38354492, -465.461242676, 868.840270996, -57.569644928, 211.663619995, -4.03933238983, 75.9098052979, -79.5715103149, 107.346450806, -77.0891418457, 19.5214176178, 88.0194244385, -84.1442642212], [1987.0333252, 64.371925354, -57.569644928, 383.349395752, -37.2450180054, 7.67479419708, -65.5100326538, 33.5312805176, -30.3031692505, -31.7875003815, 0.682311832905, 0.860724687576, -10.6012659073], [-1800.97705078, -21.507894516, 211.663619995, -37.2450180054, 302.906646729, -10.7796983719, 128.19241333, -63.3374595642, 55.7317352295, -30.8481826782, 16.0847625732, 20.9020042419, -16.0254497528], [419.284210205, -31.7528305054, -4.03933238983, 7.67479419708, -10.7796983719, 197.959701538, 22.631313324, 7.12308073044, -21.2724514008, 3.26217913628, -17.591085434, -16.7437705994, -12.9494895935], [-1271.16662598, -19.4311180115, 75.9098052979, -65.5100326538, 128.19241333, 22.631313324, 228.570968628, -34.6120300293, 29.37241745, -11.5848197937, -17.9066009521, 7.21728658676, -10.9056005478], [839.744750977, -17.1893367767, -79.5715103149, 33.5312805176, -63.3374595642, 7.12308073044, -34.6120300293, 166.825881958, -0.637739360332, 1.53091311455, -10.5782966614, -21.6594772339, 35.3964614868], [-1076.37768555, -77.6111755371, 107.346450806, -30.3031692505, 55.7317352295, -21.2724514008, 29.37241745, -0.637739360332, 122.200317383, 5.05843830109, 17.9598903656, 22.6783313751, -26.6299209595], [198.265258789, -51.5485649109, -77.0891418457, -31.7875003815, -30.8481826782, 3.26217913628, -11.5848197937, 1.53091311455, 5.05843830109, 113.676185608, 14.0307512283, -15.4357995987, 3.45261454582], [-553.552429199, 15.944767952, 19.5214176178, 0.682311832905, 16.0847625732, -17.591085434, -17.9066009521, -10.5782966614, 17.9598903656, 14.0307512283, 94.8146820068, 18.6060409546, 5.51116132736], [-174.040344238, -108.047111511, 88.0194244385, 0.860724687576, 20.9020042419, -16.7437705994, 7.21728658676, -21.6594772339, 22.6783313751, -15.4357995987, 18.6060409546, 104.567008972, -22.717338562], [-5.00703048706, 119.160011292, -84.1442642212, -10.6012659073, -16.0254497528, -12.9494895935, -10.9056005478, 35.3964614868, -26.6299209595, 3.45261454582, 5.51116132736, -22.717338562, 115.177177429]], "icov": [[5.89734263485e-05, -0.000141613709275, 7.40288160159e-05, -0.000201170740183, 8.139268175e-05, -8.40973298182e-05, 0.000159973758855, -0.000239975022851, 0.000297220773064, -0.000234710998484, 0.000349845009623, -0.000300911924569, 0.000275071710348], [-0.000141613709275, 0.00136846711393, 0.000420374999521, 0.000388326938264, -0.000399211072363, 0.000314778590109, -0.000372092530597, 0.00112044077832, -0.000773178995587, 0.00153143866919, -0.00126949697733, 0.00153787864838, -0.00133941310924], [7.40288160159e-05, 0.000420374999521, 0.00216199806891, -7.81733760959e-05, -0.000913348339964, -0.00023440469522, 0.000476807181258, 0.000249706819886, -0.000541577523109, 0.00119934557006, 0.000169490871485, -0.000692296714988, 0.000649732828606], [-0.000201170740183, 0.000388326938264, -7.81733760959e-05, 0.00366031308658, -0.000474350439617, 0.000145254685776, 0.000265311624389, 0.000174073182279, -0.000411701737903, 0.00169183162507, -0.00139417964965, 0.000796601525508, -0.000130821979837], [8.139268175e-05, -0.000399211072363, -0.000913348339964, -0.000474350439617, 0.00576808303595, 0.000180130649824, -0.00245273439214, 0.000880117702764, -0.000837168190628, 0.000321500789141, -0.000456187903183, -5.0495054893e-07, -0.00015574414283], [-8.40973298182e-05, 0.000314778590109, -0.00023440469522, 0.000145254685776, 0.000180130649824, 0.00561645161361, -0.00110212911386, -3.07929913106e-05, 0.00074690108886, 9.16759672691e-05, -0.000136558097438, 0.00130049930885, 0.000507420743816], [0.000159973758855, -0.000372092530597, 0.000476807181258, 0.000265311624389, -0.00245273439214, -0.00110212911386, 0.00683035282418, -0.000266935036052, 0.000108917578473, -0.000486551201902, 0.00260086613707, -0.0011366183171, 0.000719394709449], [-0.000239975022851, 0.00112044077832, 0.000249706819886, 0.000174073182279, 0.000880117702764, -3.07929913106e-05, -0.000266935036052, 0.00872964970767, -0.00312321470119, 0.00193315604702, -0.00083216879284, 0.00247503467835, -0.00381233310327], [0.000297220773064, -0.000773178995587, -0.000541577523109, -0.000411701737903, -0.000837168190628, 0.00074690108886, 0.000108917578473, -0.00312321470119, 0.0125210415572, -0.00258931238204, 0.000220254645683, -0.00252814008854, 0.00378032657318], [-0.000234710998484, 0.00153143866919, 0.00119934557006, 0.00169183162507, 0.000321500789141, 9.16759672691e-05, -0.000486551201902, 0.00193315604702, -0.00258931238204, 0.0122550772503, -0.00369693897665, 0.00330180535093, -0.00128570687957], [0.000349845009623, -0.00126949697733, 0.000169490871485, -0.00139417964965, -0.000456187903183, -0.000136558097438, 0.00260086613707, -0.00083216879284, 0.000220254645683, -0.00369693897665, 0.0145445140079, -0.00424295477569, 0.000376212614356], [-0.000300911924569, 0.00153787864838, -0.000692296714988, 0.000796601525508, -5.0495054893e-07, 0.00130049930885, -0.0011366183171, 0.00247503467835, -0.00252814008854, 0.00330180535093, -0.00424295477569, 0.013701165095, -0.000536779931281], [0.000275071710348, -0.00133941310924, 0.000649732828606, -0.000130821979837, -0.00015574414283, 0.000507420743816, 0.000719394709449, -0.00381233310327, 0.00378032657318, -0.00128570687957, 0.000376212614356, -0.000536779931281, 0.0126064121723]]}, "silence_rate_20dB": {"dvar": 0, "var": 0, "median": 1, "max": 1, "dmean": 0, "dmean2": 0, "mean": 1, "dvar2": 0, "min": 1}, "barkbands_skewness": {"dvar": 0.349840134382, "var": 1.8490074873, "median": 1.83289432526, "max": 10.2672424316, "dmean": 0.550322234631, "dmean2": 0.855807423592, "mean": 1.93318533897, "dvar2": 0.794814825058, "min": -2.33756709099}, "erbbands_skewness": {"dvar": 0.143607392907, "var": 0.624497354031, "median": 0.345535963774, "max": 4.36670017242, "dmean": 0.35533836484, "dmean2": 0.523208677769, "mean": 0.310342311859, "dvar2": 0.286505669355, "min": -3.79907894135}, "spectral_contrast_valleys": {"dvar": [0.097638912499, 0.0862580910325, 0.0779782608151, 0.0694490000606, 0.0801980122924, 0.134268820286], "var": [14.0548429489, 13.3795032501, 12.3757371902, 11.9936943054, 12.6908130646, 10.2779035568], "median": [-6.53968954086, -6.89361953735, -7.60237407684, -7.94953680038, -7.48477268219, -10.0417690277], "max": [-5.19208621979, -4.98521852493, -5.63807106018, -5.69678115845, -5.53292274475, -7.43606233597], "dmean": [0.327031761408, 0.325069099665, 0.295601904392, 0.273957699537, 0.253440588713, 0.303418874741], "dmean2": [0.540169298649, 0.525361478329, 0.482030689716, 0.429249078035, 0.359961360693, 0.390208303928], "mean": [-7.48526954651, -7.72064208984, -8.40528011322, -8.74194431305, -8.30886936188, -10.7519893646], "dvar2": [0.239541649818, 0.212536275387, 0.190150991082, 0.152461394668, 0.141544312239, 0.22550457716], "min": [-28.317861557, -28.1140499115, -27.7328834534, -27.7386608124, -27.5669059753, -27.4303588867]}, "spectral_strongpeak": {"dvar": 0.46376696229, "var": 0.64214771986, "median": 0.357525348663, "max": 12.6787929535, "dmean": 0.359814882278, "dmean2": 0.631289362907, "mean": 0.619182467461, "dvar2": 1.17727220058, "min": 0}, "erbbands_crest": {"dvar": 4.95817279816, "var": 15.1784181595, "median": 7.50019788742, "max": 29.059419632, "dmean": 2.26100850105, "dmean2": 3.55625319481, "mean": 8.38841533661, "dvar2": 11.7038545609, "min": 2.49231743813}, "barkbands_crest": {"dvar": 3.56639409065, "var": 12.2556867599, "median": 9.22888851166, "max": 23.0630149841, "dmean": 2.02395486832, "dmean2": 3.26766324043, "mean": 9.84361171722, "dvar2": 9.09327030182, "min": 2.78180885315}, "spectral_energyband_middle_low": {"dvar": 3.57696808351e-05, "var": 0.000124941929244, "median": 0.0101248379797, "max": 0.0789632126689, "dmean": 0.00436087651178, "dmean2": 0.00698949256912, "mean": 0.0130464527756, "dvar2": 8.93132892088e-05, "min": 1.30185753054e-22}, "spectral_contrast_coeffs": {"dvar": [0.00141291006003, 0.00140114303213, 0.00099730247166, 0.000664137070999, 0.000400645658374, 0.000367802422261], "var": [0.00737439282238, 0.0086907595396, 0.00684066675603, 0.00375097570941, 0.00318436813541, 0.00288829393685], "median": [-0.664417505264, -0.690700054169, -0.736511349678, -0.77500641346, -0.784470558167, -0.764364004135], "max": [-0.396572828293, -0.387588500977, -0.404295951128, -0.528815627098, -0.564698815346, -0.608331859112], "dmean": [0.0440806336701, 0.0419316217303, 0.035719063133, 0.0299375504255, 0.0222757551819, 0.0194424130023], "dmean2": [0.0742596611381, 0.0673990175128, 0.0557275898755, 0.0482813157141, 0.0347644686699, 0.0298948790878], "mean": [-0.670246481895, -0.695213675499, -0.734932780266, -0.775281786919, -0.784888863564, -0.768273711205], "dvar2": [0.00402305321768, 0.00340922852047, 0.00230362126604, 0.0016449977411, 0.000883506087121, 0.000832378922496], "min": [-0.980615019798, -0.978284478188, -0.982154667377, -0.976688623428, -0.975623428822, -0.96443426609]}, "hfc": {"dvar": 236.058227539, "var": 529.549804688, "median": 15.702255249, "max": 392.048278809, "dmean": 7.45211601257, "dmean2": 10.7275419235, "mean": 21.6871891022, "dvar2": 516.428649902, "min": 1.06818312509e-16}, "spectral_energyband_high": {"dvar": 4.32918068327e-06, "var": 6.70708323014e-06, "median": 0.000467269390356, "max": 0.0394427590072, "dmean": 0.000742197385989, "dmean2": 0.00110275659245, "mean": 0.00122689444106, "dvar2": 9.93508456304e-06, "min": 7.05824734859e-21}, "erbbands_spread": {"dvar": 124.706367493, "var": 419.599334717, "median": 43.9551315308, "max": 207.93510437, "dmean": 9.13623142242, "dmean2": 13.9823637009, "mean": 47.7877845764, "dvar2": 268.38092041, "min": 5.86959457397}, "dissonance": {"dvar": 0.000262132409262, "var": 0.000699898751918, "median": 0.466611891985, "max": 0.499834537506, "dmean": 0.0168235655874, "dmean2": 0.0277264639735, "mean": 0.461842358112, "dvar2": 0.000682620797306, "min": 0.237597480416}, "spectral_kurtosis": {"dvar": 3.80130386353, "var": 12.2739276886, "median": 3.4222035408, "max": 72.9532394409, "dmean": 1.18316841125, "dmean2": 1.93505704403, "mean": 3.81543064117, "dvar2": 9.8270740509, "min": -1.51819300652}, "spectral_skewness": {"dvar": 0.0502489767969, "var": 0.282706797123, "median": 1.44907188416, "max": 6.52439641953, "dmean": 0.195061147213, "dmean2": 0.299089848995, "mean": 1.44088864326, "dvar2": 0.110089093447, "min": -0.169627070427}, "pitch_salience": {"dvar": 0.00340274744667, "var": 0.0117048295215, "median": 0.521231412888, "max": 0.987309217453, "dmean": 0.0641337037086, "dmean2": 0.106266804039, "mean": 0.522027671337, "dvar2": 0.00955047085881, "min": 0.17477157712}, "spectral_complexity": {"dvar": 15.1737709045, "var": 102.584983826, "median": 17, "max": 53, "dmean": 3.12385487556, "dmean2": 4.68097400665, "mean": 16.9414043427, "dvar2": 28.9139137268, "min": 0}, "spectral_spread": {"dvar": 891500036096, "var": 39319469293600.0, "median": 4743546, "max": 42643664, "dmean": 596786.25, "dmean2": 841661.3125, "mean": 6136019, "dvar2": 1527582949380.0, "min": 909019.25}, "dynamic_complexity": 3.93954992294, "melbands_crest": {"dvar": 7.89970827103, "var": 26.0072574615, "median": 14.1312627792, "max": 30.7432346344, "dmean": 3.04781985283, "dmean2": 5.13375854492, "mean": 14.3785266876, "dvar2": 22.808795929, "min": 1.24287712574}, "zerocrossingrate": {"dvar": 0.00021510120132, "var": 0.00729122152552, "median": 0.04833984375, "max": 0.52783203125, "dmean": 0.0117141548544, "dmean2": 0.0134583134204, "mean": 0.07006290555, "dvar2": 0.000249614124186, "min": 0.00439453125}, "spectral_energyband_low": {"dvar": 0.000107814688818, "var": 0.000192866282305, "median": 0.014854343608, "max": 0.128549739718, "dmean": 0.00705190096051, "dmean2": 0.0117366947234, "mean": 0.0169920157641, "dvar2": 0.000274205463938, "min": 1.55090006635e-23}, "melbands_kurtosis": {"dvar": 266.543060303, "var": 677.625244141, "median": 12.9813861847, "max": 413.638061523, "dmean": 9.31421089172, "dmean2": 14.9495992661, "mean": 20.7113609314, "dvar2": 629.758117676, "min": -1.59869086742}, "spectral_energyband_middle_high": {"dvar": 4.33949708167e-06, "var": 2.28270946536e-05, "median": 0.00272679468617, "max": 0.0393851697445, "dmean": 0.00132812233642, "dmean2": 0.00189073209185, "mean": 0.00423575937748, "dvar2": 8.67210474098e-06, "min": 1.1331932125e-21}, "barkbands_spread": {"dvar": 91.1308135986, "var": 268.058898926, "median": 19.5289764404, "max": 116.351554871, "dmean": 6.66023588181, "dmean2": 9.97825527191, "mean": 23.1364078522, "dvar2": 178.405792236, "min": 0.678252220154}, "mfcc": {"mean": [-664.759765625, 116.185302734, 15.6636791229, 32.670425415, 10.439084053, 1.32127976418, 11.8373594284, -1.73157608509, 7.49924707413, 1.71740686893, -4.78155660629, 0.0186988674104, 1.25459623337], "cov": [[18357.7011719, 2288.69287109, -9.01164627075, 849.731933594, 143.443969727, -298.811676025, 308.145080566, -173.237014771, 281.808990479, 82.528213501, -124.236808777, 67.924446106, -17.0523395538], [2288.69287109, 1675.80444336, -103.339584351, 151.357955933, 38.7746200562, 10.1916408539, 125.111633301, -53.7535018921, 90.2241897583, -7.36629343033, -41.9338951111, -52.2382354736, -13.6129131317], [-9.01164627075, -103.339584351, 454.49520874, 40.2125968933, 96.1876068115, 27.7941837311, -43.7985420227, 71.0001754761, -43.759979248, -18.2922649384, -2.50276255608, 9.07881450653, -3.93937587738], [849.731933594, 151.357955933, 40.2125968933, 345.266296387, 71.7275238037, 5.6832113266, 21.1334400177, 35.9075241089, 6.93831253052, -36.1172790527, -14.8416900635, 28.9135036469, 4.11503553391], [143.443969727, 38.7746200562, 96.1876068115, 71.7275238037, 195.545425415, -2.0377779007, 2.90631771088, 26.2245597839, -16.5507354736, -11.652633667, -14.0473995209, 20.8263473511, 5.51601791382], [-298.811676025, 10.1916408539, 27.7941837311, 5.6832113266, -2.0377779007, 247.627609253, 25.7955932617, 43.1114807129, -28.3579902649, 12.8025569916, 6.97761964798, -24.7520828247, 34.3464431763], [308.145080566, 125.111633301, -43.7985420227, 21.1334400177, 2.90631771088, 25.7955932617, 154.455734253, -7.79096698761, 45.1183204651, 11.2560577393, -20.9155712128, -11.7706298828, -15.5055370331], [-173.237014771, -53.7535018921, 71.0001754761, 35.9075241089, 26.2245597839, 43.1114807129, -7.79096698761, 174.25062561, 0.397085160017, -12.4169006348, 0.472911447287, 1.61740791798, 18.2779426575], [281.808990479, 90.2241897583, -43.759979248, 6.93831253052, -16.5507354736, -28.3579902649, 45.1183204651, 0.397085160017, 130.532608032, 26.75831604, -5.84120082855, -18.81457901, -20.4847240448], [82.528213501, -7.36629343033, -18.2922649384, -36.1172790527, -11.652633667, 12.8025569916, 11.2560577393, -12.4169006348, 26.75831604, 88.2581634521, 13.7928314209, -6.05411911011, -1.34322738647], [-124.236808777, -41.9338951111, -2.50276255608, -14.8416900635, -14.0473995209, 6.97761964798, -20.9155712128, 0.472911447287, -5.84120082855, 13.7928314209, 80.6545639038, 14.8199033737, 3.08059406281], [67.924446106, -52.2382354736, 9.07881450653, 28.9135036469, 20.8263473511, -24.7520828247, -11.7706298828, 1.61740791798, -18.81457901, -6.05411911011, 14.8199033737, 82.3817977905, 23.6629524231], [-17.0523395538, -13.6129131317, -3.93937587738, 4.11503553391, 5.51601791382, 34.3464431763, -15.5055370331, 18.2779426575, -20.4847240448, -1.34322738647, 3.08059406281, 23.6629524231, 89.231048584]], "icov": [[7.83184877946e-05, -8.78958744579e-05, -4.39327704953e-05, -0.000167407590197, 3.55961929017e-05, 0.000105954248284, -6.7487169872e-05, 6.46330081508e-05, -4.81159113406e-05, -0.000150575200678, 5.749689808e-05, -5.99481791141e-05, -6.00120765739e-05], [-8.78958744579e-05, 0.000803749833722, 0.00016056811728, -0.000120397278806, -0.000216083484702, -0.000132635381306, -0.00029309806996, 0.000201610368094, -0.000260168861132, 0.000307883106871, -1.05756962512e-05, 0.000574155710638, -0.000116341099783], [-4.39327704953e-05, 0.00016056811728, 0.00279126013629, 2.15686613956e-05, -0.00123927893583, -0.000348769914126, 0.000704152334947, -0.000903580919839, 0.000545993912965, 0.000148225328303, 8.43889283715e-05, 4.94717969559e-05, 0.000768179714214], [-0.000167407590197, -0.000120397278806, 2.15686613956e-05, 0.00394752016291, -0.00102129776496, -0.000510483223479, -6.01655665378e-05, -0.000664242310449, -0.000429684761912, 0.0016354508698, 0.000182259449502, -0.00135169166606, 0.000431916385423], [3.55961929017e-05, -0.000216083484702, -0.00123927893583, -0.00102129776496, 0.00642723310739, 0.000335700606229, -0.000440436298959, -0.000395072653191, 0.000677408708725, -0.000384560873499, 0.00104911788367, -0.00128344877157, -0.000102055470052], [0.000105954248284, -0.000132635381306, -0.000348769914126, -0.000510483223479, 0.000335700606229, 0.00548529624939, -0.00171266810503, -0.00103581603616, 0.00182292656973, -0.0013464523945, -0.000880166771822, 0.00256780255586, -0.00246174703352], [-6.7487169872e-05, -0.00029309806996, 0.000704152334947, -6.01655665378e-05, -0.000440436298959, -0.00171266810503, 0.00847938098013, 0.000251132354606, -0.00248157861643, -0.000282066845102, 0.00197592168115, -0.000801688351203, 0.00165515730623], [6.46330081508e-05, 0.000201610368094, -0.000903580919839, -0.000664242310449, -0.000395072653191, -0.00103581603616, 0.000251132354606, 0.00689779920503, -0.00129061355256, 0.000948184460867, -0.000155879635713, 0.00026070853346, -0.00125808781