{"tonal": {"chords_number_rate": 0.00145914393943, "thpcp": [1, 0.635494589806, 0.13447034359, 0.0607972964644, 0.0575805269182, 0.16736023128, 0.352109760046, 0.27568000555, 0.102348499, 0.0805133357644, 0.074171513319, 0.213387325406, 0.449571430683, 0.371688455343, 0.371180295944, 0.514999985695, 0.279070436954, 0.0636670291424, 0.0625863596797, 0.0941948741674, 0.32765302062, 0.61764639616, 0.432851791382, 0.155659690499, 0.145432651043, 0.134663775563, 0.20921432972, 0.309042423964, 0.205262616277, 0.0722669363022, 0.0556846298277, 0.056407302618, 0.0995622500777, 0.16784876585, 0.187883362174, 0.555312991142], "hpcp": {"dvar": [0.0259548462927, 0.0195232760161, 0.011524819769, 0.0106598529965, 0.0113981198519, 0.014035073109, 0.0204137228429, 0.0278018917888, 0.0374427326024, 0.0418027713895, 0.0338575020432, 0.0239239260554, 0.0139255281538, 0.0121066849679, 0.014744556509, 0.0237843990326, 0.0203795637935, 0.0153209436685, 0.0132595384493, 0.0118962153792, 0.0157126523554, 0.0261767357588, 0.0280896276236, 0.0337377674878, 0.0316140763462, 0.0185610689223, 0.0111669003963, 0.0152843343094, 0.0202926509082, 0.0286534447223, 0.0365899540484, 0.0270476136357, 0.0250479187816, 0.0206311382353, 0.0206302572042, 0.0265839472413], "mean": [0.135796353221, 0.0901944562793, 0.0317548178136, 0.0244683865458, 0.0247859358788, 0.0437486544251, 0.0737544372678, 0.0825578421354, 0.24401012063, 0.439410060644, 0.27924272418, 0.0590876229107, 0.0267149433494, 0.0253014620394, 0.0735397711396, 0.154720574617, 0.121136568487, 0.0449729599059, 0.035378370434, 0.0325917080045, 0.0937645360827, 0.197546213865, 0.163323640823, 0.163100361824, 0.226296186447, 0.122626356781, 0.0279759317636, 0.0275010745972, 0.0413901768625, 0.143974035978, 0.271400034428, 0.190199434757, 0.0683984309435, 0.063904568553, 0.0591726154089, 0.0919308811426], "min": [0, 0, 0, 0, 0, 0, 0, 0, 0, 0, 0, 0, 0, 0, 0, 0, 0, 0, 0, 0, 0, 0, 0, 0, 0, 0, 0, 0, 0, 0, 0, 0, 0, 0, 0, 0], "median": [0.0140224955976, 0.011698782444, 0.00385360233486, 0.00180574366823, 0.00175334408414, 0.00536969210953, 0.00829468853772, 0.0123896896839, 0.142449200153, 0.277803629637, 0.166157156229, 0.0102757802233, 0.00222874246538, 0.00262473057956, 0.0141853513196, 0.0257691405714, 0.0188089292496, 0.00444227084517, 0.00242744432762, 0.00349244941026, 0.0260466653854, 0.0524388849735, 0.0507807284594, 0.0344075188041, 0.0128154661506, 0.00770657788962, 0.00345582095906, 0.00184223800898, 0.0029125653673, 0.0362311899662, 0.0759071856737, 0.0541605204344, 0.00853201095015, 0.00256418669596, 0.00354705587961, 0.0116184614599], "dvar2": [0.0638729035854, 0.0517093129456, 0.031851503998, 0.0291755739599, 0.0307625718415, 0.0382787510753, 0.0545175485313, 0.0769746825099, 0.102754831314, 0.0959244593978, 0.0874893814325, 0.0665832906961, 0.0392507091165, 0.0331418290734, 0.0389403291047, 0.0550235509872, 0.0519271977246, 0.0408582985401, 0.0342187695205, 0.0321194268763, 0.0402089096606, 0.0596947185695, 0.0730112269521, 0.0919519737363, 0.0760394260287, 0.0512459240854, 0.0312505327165, 0.0417547225952, 0.0545132234693, 0.0752580985427, 0.0860317870975, 0.0686263665557, 0.0695455893874, 0.0545969232917, 0.0545460321009, 0.0730767697096], "var": [0.0677431896329, 0.032449953258, 0.00888726953417, 0.00838708225638, 0.00891240593046, 0.0148510392755, 0.0336668491364, 0.0306870155036, 0.0663622170687, 0.167899161577, 0.0819946154952, 0.0200357493013, 0.00940914731473, 0.00914937630296, 0.0203039180487, 0.0789204388857, 0.0535773225129, 0.0166687835008, 0.0176744963974, 0.0109477452934, 0.0245204567909, 0.088430903852, 0.0601441115141, 0.0565510578454, 0.13211157918, 0.0455492474139, 0.00837060809135, 0.0115524409339, 0.0184208732098, 0.0470151491463, 0.127852812409, 0.0722737908363, 0.026365943253, 0.0336237698793, 0.0261230319738, 0.0348169729114], "dmean2": [0.124154672027, 0.106964945793, 0.0686119869351, 0.0549188181758, 0.0572572089732, 0.0726196691394, 0.099116332829, 0.145730346441, 0.238439172506, 0.216302186251, 0.219163224101, 0.128111839294, 0.0682205408812, 0.0597318150103, 0.0903181955218, 0.11700155586, 0.110962219536, 0.0783735886216, 0.06053943187, 0.0636823996902, 0.104672089219, 0.14176350832, 0.172946020961, 0.188552945852, 0.146835654974, 0.114674694836, 0.0632882043719, 0.0670307129622, 0.0905569791794, 0.160653948784, 0.180043593049, 0.165351971984, 0.124067656696, 0.0948544964194, 0.103475399315, 0.133166193962], "max": [1, 1, 1, 1, 1, 1, 1, 1, 1, 1, 1, 1, 1, 1, 1, 1, 1, 1, 1, 1, 1, 1, 1, 1, 1, 1, 1, 1, 1, 1, 1, 1, 1, 1, 1, 1], "dmean": [0.0740682631731, 0.0632582604885, 0.0385262928903, 0.0304298978299, 0.031842648983, 0.041643127799, 0.0567032322288, 0.0821188241243, 0.138609498739, 0.130231291056, 0.131724283099, 0.0709152370691, 0.0369449555874, 0.0330411121249, 0.0534444190562, 0.0724759250879, 0.0672500506043, 0.0440598726273, 0.0340057201684, 0.0360371433198, 0.0633700788021, 0.0878097936511, 0.102091401815, 0.108103424311, 0.0849594995379, 0.0663049966097, 0.0347376018763, 0.0364371500909, 0.0501483380795, 0.0942968949676, 0.10878483206, 0.0998028814793, 0.069440446794, 0.0537068806589, 0.058105353266, 0.075899258256]}, "key_strength": 0.834346652031, "chords_strength": {"dvar": 3.59576952178e-05, "mean": 0.527937531471, "min": 0.256105035543, "median": 0.523749709129, "dvar2": 3.19146201946e-05, "var": 0.00667504966259, "dmean2": 0.00578662985936, "max": 0.741109609604, "dmean": 0.00707434257492}, "tuning_equal_tempered_deviation": 0.0858614146709, "chords_key": "C", "tuning_frequency": 439.238189697, "chords_scale": "major", "chords_changes_rate": 0.0366407260299, "key_scale": "major", "tuning_diatonic_strength": 0.627686619759, "hpcp_entropy": {"dvar": 0.222785919905, "mean": 1.4957742691, "min": 0, "median": 1.56442952156, "dvar2": 0.543420672417, "var": 0.552244305611, "dmean2": 0.844043016434, "max": 3.72979259491, "dmean": 0.509880006313}, "chords_histogram": [17.4448776245, 9.50064849854, 42.9312591553, 0.664721131325, 4.32879400253, 0.129701688886, 0.745784699917, 0, 0.421530485153, 0.097276262939, 2.41569399834, 0, 0, 0, 0, 0, 0, 7.50648498535, 1.08625161648, 6.3391699791, 0, 0.972762644291, 0.0810635536909, 5.33398199081], "tuning_nontempered_energy_ratio": 0.657316207886, "key_key": "F"}, "metadata": {"version": {"extractor": "music 1.0", "essentia_build_sha": "70f2e5ece6736b2c40cc944ad0e695b16b925413", "essentia": "2.1-beta2", "essentia_git_sha": "v2.1_beta2"}, "audio_properties": {"sample_rate": 44100, "length": 286.380401611, "lossless": false, "analysis_sample_rate": 44100, "downmix": "mix", "bit_rate": 217362, "equal_loudness": 0, "md5_encoded": "c04c702576eafae9e2839e6172faf1c1", "codec": "mp3", "replay_gain": -12.2632141113}, "tags": {"genre": ["Rock"], "albumartist": ["String Cheese Incident"], "date": ["2003"], "musicbrainz_recordingid": ["ed051e27-6b87-4c84-8a66-8a4302532db7"], "file_name": "309000.mp3", "encodedby": ["Exact Audio Copy   (Secure mode)"], "title": ["Just Passin' Through"], "tracknumber": ["10"], "album": ["Untying the Not"], "artist": ["String Cheese Incident"]}}, "lowlevel": {"melbands": {"dvar": [3.32447484652e-06, 9.60412853601e-06, 1.49530478666e-06, 1.7529022216e-06, 7.92024081875e-07, 6.09672326846e-07, 4.16941048798e-07, 2.31296766628e-07, 1.19351952321e-07, 5.69758036306e-08, 3.61308210017e-08, 4.38998570829e-09, 4.76756989443e-09, 2.85779466758e-09, 2.37606556652e-09, 6.34623631424e-10, 2.79107648105e-09, 2.36872688131e-10, 1.1240156722e-10, 3.40757200235e-10, 1.10640781259e-10, 3.90636689662e-11, 3.08716802122e-11, 2.65137859584e-11, 3.46160392017e-11, 5.30583944836e-11, 3.7412514059e-11, 2.51032614834e-11, 3.29432488233e-11, 3.55534351959e-11, 3.73476284621e-11, 3.49693607404e-11, 2.61641056043e-11, 1.6631328259e-11, 1.96952458682e-12, 1.07009984641e-12, 2.4283309738e-13, 1.05871190178e-13, 5.25894161118e-14, 4.20228291726e-14], "mean": [0.00166631909087, 0.00227372371592, 0.00122630991973, 0.00153682276141, 0.00107838679105, 0.000867716153152, 0.000584896013606, 0.000498619803693, 0.000348517205566, 0.000203500138014, 0.00015471901861, 4.11356413679e-05, 3.86698084185e-05, 3.31679730152e-05, 2.70231830655e-05, 1.57052581926e-05, 1.922509e-05, 9.87337807601e-06, 6.49272715236e-06, 7.65055301599e-06, 5.52974051971e-06, 4.02523346565e-06, 3.49032302438e-06, 3.0659150525e-06, 3.08569747176e-06, 2.16071725845e-06, 2.1489847768e-06, 1.70006876488e-06, 1.65063840996e-06, 1.56860380685e-06, 1.73635373812e-06, 1.80111521786e-06, 1.66054144302e-06, 1.0957143104e-06, 4.91955972848e-07, 3.63772215906e-07, 1.82613334232e-07, 1.01204243208e-07, 8.4763804864e-08, 8.49427337357e-08], "min": [1.39212287651e-23, 9.15132371484e-24, 5.87312308191e-24, 5.89357469531e-24, 1.66148653235e-23, 2.86003698444e-23, 1.14689749663e-23, 1.14976981807e-23, 8.31989824176e-24, 7.28719254212e-24, 3.23302256889e-24, 1.03976340149e-23, 6.76400894573e-24, 8.05965460685e-24, 6.06734024235e-24, 7.91717055014e-24, 3.98329752622e-24, 1.1007977275e-23, 1.25351086468e-23, 1.94132405219e-23, 7.28436763122e-24, 6.47667740505e-24, 6.34579512569e-24, 6.84465971809e-24, 1.10939418145e-23, 1.48908950121e-23, 1.10602763865e-23, 1.12831280145e-23, 7.38420507852e-24, 1.06859800307e-23, 1.61813625902e-23, 1.55476485369e-23, 9.737120779e-24, 1.56564608548e-23, 9.32526754444e-24, 9.49678247132e-24, 1.12502908904e-23, 1.25635715371e-23, 9.49855740835e-24, 9.09515524067e-24], "median": [0.00113494240213, 0.00143008201849, 0.000608621747233, 0.000748724269215, 0.00057273422135, 0.000384380633477, 0.000178817135748, 0.000137613358675, 7.79195834184e-05, 3.56294149242e-05, 2.99127805192e-05, 1.08641370389e-05, 1.43189690789e-05, 1.31747838168e-05, 8.9019204097e-06, 5.05069283463e-06, 4.65373159386e-06, 2.66090796686e-06, 1.54579720402e-06, 1.90009018297e-06, 1.75157674676e-06, 1.12108625672e-06, 8.56045346609e-07, 6.92714650086e-07, 8.67126857429e-07, 4.76015969753e-07, 3.4635544921e-07, 2.6256992669e-07, 1.6682518833e-07, 1.12704235278e-07, 1.14478211799e-07, 9.41654292319e-08, 6.91535859687e-08, 4.54299460273e-08, 3.18890336359e-08, 1.95891889376e-08, 1.23549046549e-08, 7.63593899222e-09, 7.73687336419e-09, 7.45155137594e-09], "dvar2": [8.39724634716e-06, 2.71558674285e-05, 4.00387534683e-06, 4.48638911621e-06, 1.97061990548e-06, 1.58324382937e-06, 9.99643702926e-07, 5.12348037773e-07, 2.3787936243e-07, 1.13371285693e-07, 6.94442476856e-08, 1.05027968544e-08, 1.17336211858e-08, 6.41856878758e-09, 5.16576159626e-09, 1.49101098135e-09, 8.01992605659e-09, 5.47016043573e-10, 2.68955857585e-10, 7.21588677699e-10, 2.62001031981e-10, 8.7419876893e-11, 7.06577504839e-11, 5.92883173112e-11, 9.23048235069e-11, 1.31689395499e-10, 8.85974071885e-11, 5.69278929552e-11, 6.71638092364e-11, 8.11899922293e-11, 8.12881845169e-11, 6.8382667584e-11, 4.57626402051e-11, 3.36695081538e-11, 4.06660295715e-12, 2.30444135996e-12, 5.45926639398e-13, 2.44940949034e-13, 1.24013023158e-13, 1.02659369991e-13], "var": [4.70931126983e-06, 1.00764382296e-05, 2.92808999802e-06, 4.52519680039e-06, 2.13803423321e-06, 1.60069794219e-06, 1.15929037747e-06, 9.00678912785e-07, 5.84183794672e-07, 3.14886051456e-07, 1.62485036981e-07, 1.44054652651e-08, 1.0536949091e-08, 6.25333429483e-09, 5.45598854984e-09, 1.54001700281e-09, 5.57430324122e-09, 5.84925996527e-10, 2.57331045361e-10, 8.96443697052e-10, 2.23136703559e-10, 9.74274758092e-11, 7.67312671734e-11, 7.18527945476e-11, 6.22546528217e-11, 6.3464768163e-11, 7.62694352119e-11, 4.82865830653e-11, 7.31325139336e-11, 6.57673915327e-11, 7.40980610203e-11, 8.31817392744e-11, 7.48016509844e-11, 3.87688249559e-11, 4.40243371272e-12, 2.14285945759e-12, 4.37944792193e-13, 1.59084117407e-13, 7.27708773232e-14, 6.04688689529e-14], "dmean2": [0.00110787234735, 0.00172842037864, 0.00103302998468, 0.00110999215394, 0.000707228900865, 0.000598372134846, 0.000424819329055, 0.000323334592395, 0.000191606784938, 0.000109822118247, 9.41631515161e-05, 3.07715381496e-05, 3.00352294289e-05, 3.02049320453e-05, 2.47342868533e-05, 1.39892890729e-05, 1.81118903129e-05, 8.68988263392e-06, 6.09673270446e-06, 7.42871088732e-06, 4.95167296322e-06, 3.44008913089e-06, 3.25186783812e-06, 2.75826369034e-06, 2.93251537187e-06, 2.2366552912e-06, 2.44127227234e-06, 1.82569488061e-06, 1.68082601704e-06, 1.64342122844e-06, 1.7829186163e-06, 1.59943363087e-06, 1.36425944675e-06, 1.0108534525e-06, 4.43367270009e-07, 3.25595181039e-07, 1.72987995484e-07, 1.01671204789e-07, 8.36241582647e-08, 8.30439361721e-08], "max": [0.0301381312311, 0.0483394339681, 0.0191733408719, 0.0249348953366, 0.0194114279002, 0.0154511714354, 0.0122505938634, 0.00995413865894, 0.00842522177845, 0.00666872877628, 0.0052514676936, 0.00283127301373, 0.00432766787708, 0.00304680108093, 0.00340808066539, 0.00127754593268, 0.00267324922606, 0.000501793168951, 0.000262320972979, 0.00158226734493, 0.000499263347592, 0.00027249372215, 0.000227392840316, 0.000206652039196, 0.000240740788286, 0.000573669734877, 0.000279645348201, 0.000214683896047, 0.000364156352589, 0.000303736218484, 0.000186129182111, 0.00025030731922, 0.000187982164789, 0.000126414262922, 5.18763627042e-05, 3.11925723508e-05, 1.77329930011e-05, 1.33857074616e-05, 8.90606224857e-06, 7.48581715015e-06], "dmean": [0.000662013888359, 0.000990488799289, 0.000627502216958, 0.000698337738868, 0.000446205493063, 0.0003777994134, 0.000275384372799, 0.000215736668906, 0.000132710090838, 7.72992862039e-05, 6.86802741257e-05, 1.99647220143e-05, 1.96753753698e-05, 1.91017534235e-05, 1.55749421538e-05, 8.92086973181e-06, 1.13637333925e-05, 5.48093430552e-06, 3.79153902941e-06, 4.64215645479e-06, 3.15975194098e-06, 2.18327932089e-06, 2.03630725082e-06, 1.72724912773e-06, 1.80623726465e-06, 1.38356085699e-06, 1.51985113916e-06, 1.16230989988e-06, 1.09684174276e-06, 1.05564367914e-06, 1.16424257612e-06, 1.11020608529e-06, 9.66368247646e-07, 7.02080399151e-07, 2.99947799931e-07, 2.19702840809e-07, 1.1450450188e-07, 6.72577868954e-08, 5.55813173264e-08, 5.56404877727e-08]}, "spectral_decrease": {"dvar": 1.36757952653e-17, "mean": -8.39684766163e-09, "min": -5.06292749947e-08, "median": -7.975534011e-09, "dvar2": 3.59606017959e-17, "var": 3.40050111703e-17, "dmean2": 3.41994987885e-09, "max": -9.7851482524e-30, "dmean": 2.12331885407e-09}, "spectral_rolloff": {"dvar": 219736.0625, "mean": 603.087890625, "min": 21.533203125, "median": 473.73046875, "dvar2": 405139.5, "var": 460372.9375, "dmean2": 222.092376709, "max": 18970.7519531, "dmean": 129.604751587}, "melbands_crest": {"dvar": 6.02202796936, "mean": 14.5782995224, "min": 2.72573423386, "median": 13.7598705292, "dvar2": 15.1676473618, "var": 22.8540210724, "dmean2": 3.99866437912, "max": 37.8177032471, "dmean": 2.4952583313}, "barkbands_skewness": {"dvar": 0.351496547461, "mean": 1.81947660446, "min": -2.46998691559, "median": 1.72296690941, "dvar2": 0.794592559338, "var": 1.49404275417, "dmean2": 0.765162348747, "max": 15.0208883286, "dmean": 0.509437143803}, "spectral_centroid": {"dvar": 47501.6367188, "mean": 598.245544434, "min": 148.619338989, "median": 504.972412109, "dvar2": 82214.625, "var": 160364.484375, "dmean2": 159.241043091, "max": 11272.6972656, "dmean": 105.040565491}, "spectral_energyband_middle_low": {"dvar": 7.37127338652e-05, "mean": 0.0206979382783, "min": 3.42377547821e-22, "median": 0.0166500508785, "dvar2": 0.000183849930181, "var": 0.000290921510896, "dmean2": 0.00890449713916, "max": 0.116121858358, "dmean": 0.00569775840268}, "erbbands_crest": {"dvar": 6.16346120834, "mean": 12.3377189636, "min": 2.82838964462, "median": 11.0322465897, "dvar2": 14.4586763382, "var": 31.3955383301, "dmean2": 4.07964229584, "max": 33.143196106, "dmean": 2.62850880623}, "dynamic_complexity": 3.98230481148, "spectral_energyband_low": {"dvar": 0.000148850231199, "mean": 0.0111023942009, "min": 7.30090389129e-23, "median": 0.00872699916363, "dvar2": 0.000406078703236, "var": 0.000176140587428, "dmean2": 0.0074028307572, "max": 0.180023878813, "dmean": 0.00438197515905}, "silence_rate_60dB": {"dvar": 0.0107431849465, "mean": 0.101013377309, "min": 0, "median": 0, "dvar2": 0.0228800084442, "var": 0.0907998308539, "dmean2": 0.0217303168029, "max": 1, "dmean": 0.0108642773703}, "erbbands_kurtosis": {"dvar": 5.72464179993, "mean": 2.99463438988, "min": -1.85028374195, "median": 1.71760559082, "dvar2": 12.5468273163, "var": 22.0379428864, "dmean2": 2.6422867775, "max": 62.8162841797, "dmean": 1.72263777256}, "spectral_complexity": {"dvar": 5.5822968483, "mean": 11.2562627792, "min": 0, "median": 11, "dvar2": 12.8162870407, "var": 29.3556518555, "dmean2": 3.12884140015, "max": 43, "dmean": 1.91762602329}, "barkbands_crest": {"dvar": 4.22999477386, "mean": 11.9777669907, "min": 3.60552787781, "median": 11.390704155, "dvar2": 10.8289957047, "var": 16.1924877167, "dmean2": 3.44830441475, "max": 26.2895545959, "dmean": 2.15790581703}, "spectral_energy": {"dvar": 0.000201968316105, "mean": 0.0327904820442, "min": 1.08124792601e-20, "median": 0.0311011280864, "dvar2": 0.0005306971143, "var": 0.000514541869052, "dmean2": 0.0132150594145, "max": 0.193843722343, "dmean": 0.0082177137956}, "spectral_spread": {"dvar": 401183604736, "mean": 2997441.25, "min": 453517.9375, "median": 2771650.25, "dvar2": 662558277632, "var": 1909379170300.0, "dmean2": 642349.375, "max": 40977220, "dmean": 446663.5}, "spectral_contrast_valleys": {"dvar": [0.119362637401, 0.0993829667568, 0.0907142460346, 0.0924784690142, 0.139374107122, 0.197639808059], "mean": [-7.31880044937, -6.72605705261, -7.83547115326, -8.55350589752, -8.8724155426, -11.823805809], "min": [-27.490404129, -27.0449943542, -27.1346797943, -27.2468414307, -27.3851776123, -27.2803726196], "median": [-6.83433532715, -6.64987468719, -7.73309516907, -8.45660209656, -8.78872203827, -11.7331886292], "dvar2": [0.269167035818, 0.216860756278, 0.191185265779, 0.188398942351, 0.268854856491, 0.344681322575], "var": [1.85252451897, 0.8038828969, 0.862154245377, 0.882292687893, 1.26675248146, 2.07880616188], "dmean2": [0.578052639961, 0.518460392952, 0.481223374605, 0.422566771507, 0.414633989334, 0.434532105923], "max": [-4.9818315506, -4.55446815491, -5.23977470398, -5.91642999649, -5.87627696991, -8.21877098083], "dmean": [0.350556880236, 0.311415553093, 0.291105359793, 0.263450473547, 0.278244495392, 0.322059988976]}, "spectral_rms": {"dvar": 8.08208710623e-07, "mean": 0.00521512143314, "min": 3.24788546752e-12, "median": 0.00550840841606, "dvar2": 2.0327099719e-06, "var": 4.79327854919e-06, "dmean2": 0.000996871385723, "max": 0.0137519389391, "dmean": 0.00063668587245}, "barkbands_spread": {"dvar": 17.5678653717, "mean": 8.56262397766, "min": 0.244790926576, "median": 6.79767465591, "dvar2": 32.5770683289, "var": 63.1757202148, "dmean2": 3.30735874176, "max": 83.4924240112, "dmean": 2.19172930717}, "pitch_salience": {"dvar": 0.0032495954074, "mean": 0.526955366135, "min": 0.0595490559936, "median": 0.531250715256, "dvar2": 0.00835885573179, "var": 0.0128751434386, "dmean2": 0.0972985103726, "max": 0.856697320938, "dmean": 0.0601240731776}, "erbbands_skewness": {"dvar": 0.150261446834, "mean": 1.10733425617, "min": -4.31155920029, "median": 1.1005525589, "dvar2": 0.322869300842, "var": 0.778882682323, "dmean2": 0.587203979492, "max": 6.36128520966, "dmean": 0.390565097332}, "spectral_energyband_middle_high": {"dvar": 2.03533954846e-06, "mean": 0.00188503798563, "min": 1.46528502386e-21, "median": 0.000988542335108, "dvar2": 4.7160297072e-06, "var": 7.56334975449e-06, "dmean2": 0.000980526325293, "max": 0.0447860211134, "dmean": 0.000655187002849}, "erbbands": {"dvar": [0.037625014782, 4.16871881485, 40.3124275208, 42.9081459045, 267.441741943, 522.202148438, 515.062561035, 1399.04992676, 2156.4375, 1845.80505371, 1852.08752441, 1669.40625, 1411.71557617, 188.273468018, 405.266265869, 546.946411133, 204.596313477, 578.528503418, 67.7396392822, 66.5141220093, 107.811889648, 28.3602313995, 24.3073043823, 39.0072593689, 89.5124282837, 47.5202789307, 78.0756607056, 85.1859359741, 88.8973770142, 58.0210952759, 5.60575628281, 0.960142433643, 0.166806027293, 0.0597085207701, 0.0140851121396, 0.00196430692449, 0.000173079504748, 1.0403125998e-05, 5.27952181528e-07, 1.03433694942e-09], "mean": [0.137467801571, 1.81839156151, 3.88206553459, 5.26454257965, 16.0646419525, 25.5234985352, 27.0931720734, 39.1745223999, 40.9974136353, 44.616481781, 43.7692680359, 36.3433074951, 32.1748542786, 10.5195560455, 13.1524944305, 11.5075874329, 9.63755130768, 9.65103816986, 6.08371734619, 4.98216915131, 5.14133167267, 3.8757121563, 3.38712024689, 3.7848443985, 3.13444662094, 2.71672272682, 2.67472410202, 2.87020921707, 3.13814091682, 2.28909945488, 0.870358586311, 0.3869125247, 0.145757228136, 0.101413600147, 0.0583281777799, 0.0210284329951, 0.00459294673055, 0.000991958542727, 0.000203736533877, 4.42629025201e-05], "min": [1.87937919137e-21, 6.35303952568e-21, 1.96097122879e-20, 3.23723175019e-20, 6.20949299324e-20, 1.0390079965e-19, 5.55008205726e-19, 1.31997211831e-18, 8.10724164459e-19, 9.89068233633e-19, 1.11394727712e-18, 1.22427280151e-18, 7.36018846701e-19, 2.70064419754e-18, 1.92573168033e-18, 2.67757020115e-18, 3.71908551133e-18, 2.42404658123e-18, 6.84071128751e-18, 1.2216246655e-17, 8.34345071993e-18, 6.40818640342e-18, 7.61082677755e-18, 1.36126846933e-17, 1.67993434092e-17, 1.72938237076e-17, 1.45791757559e-17, 2.57131227538e-17, 2.61047530692e-17, 2.45478634987e-17, 1.61724017163e-17, 1.84330284278e-17, 1.65019339287e-17, 1.10660511861e-17, 9.60397305742e-18, 6.12153854267e-18, 2.75420621016e-18, 1.43423688358e-18, 2.97363365202e-19, 3.74430574414e-20], "median": [0.0673825219274, 1.38497877121, 1.63839507103, 2.43711400032, 6.53874588013, 12.1289539337, 14.7034463882, 17.1508293152, 13.2590112686, 13.7332715988, 11.1183786392, 7.07872772217, 7.20746278763, 3.40759181976, 5.2209854126, 4.3940372467, 3.24317407608, 2.77659487724, 1.72780430317, 1.45569217205, 1.66250777245, 1.16459321976, 0.947482943535, 1.1645308733, 0.697362780571, 0.453080207109, 0.271170318127, 0.228918120265, 0.171495527029, 0.0988552719355, 0.0524126142263, 0.0249177105725, 0.0126920221373, 0.00936138723046, 0.00506225042045, 0.00159055902623, 0.000330002978444, 4.81591305288e-05, 1.978709588e-05, 3.71672576875e-05], "dvar2": [0.0917455777526, 11.5097570419, 114.943832397, 118.154006958, 671.335388184, 1329.02453613, 1261.81103516, 3674.20898438, 5102.81494141, 4215.06835938, 3687.27929688, 3335.37426758, 2676.55249023, 438.625061035, 936.412719727, 1135.06030273, 488.708587646, 1680.73266602, 157.527282715, 166.122039795, 247.68321228, 61.8398742676, 54.2966880798, 101.386947632, 226.227340698, 104.099266052, 158.288116455, 177.486404419, 159.608154297, 109.086853027, 11.0563735962, 2.03549909592, 0.379897266626, 0.14203633368, 0.0325650833547, 0.00447255838662, 0.000434467889136, 2.36252653849e-05, 1.14086572012e-06, 2.15112438973e-09], "var": [0.051018897444, 4.94364595413, 42.3626403809, 67.2621154785, 684.049621582, 1364.7623291, 1331.29980469, 3471.48632812, 5925.05029297, 6770.11230469, 8891.95898438, 9747.09179688, 6464.51220703, 642.441650391, 1093.13647461, 1332.7824707, 449.510742188, 1184.59716797, 186.977325439, 147.684783936, 241.566009521, 80.3752593994, 67.6828994751, 79.5320205688, 132.335388184, 104.192939758, 181.976654053, 191.642501831, 241.204605103, 154.235137939, 13.7100219727, 2.02003884315, 0.266491502523, 0.0873981565237, 0.0231168027967, 0.0030243517831, 0.000204271549592, 1.21681059682e-05, 5.92095545926e-07, 1.87574000776e-09], "dmean2": [0.105623878539, 1.22579741478, 3.39910769463, 4.90497159958, 12.9882507324, 18.5759296417, 17.9422893524, 27.6952476501, 29.5675468445, 29.6642780304, 23.9018211365, 18.8787746429, 18.8797969818, 7.1022362709, 9.73624897003, 10.5762453079, 8.44488239288, 8.54300117493, 4.99423885345, 4.46561574936, 4.37682008743, 3.12476873398, 2.73848628998, 3.29946780205, 3.17155861855, 2.72528100014, 2.57585287094, 2.7341337204, 2.55564570427, 1.91601622105, 0.72791659832, 0.332783937454, 0.133644655347, 0.0939565598965, 0.0586024485528, 0.0223016738892, 0.00565926870331, 0.00138120539486, 0.00030057533877, 2.20793062908e-05], "max": [4.44393253326, 28.5737991333, 107.07611084, 98.8872070312, 303.431121826, 431.465606689, 511.366485596, 763.761230469, 940.858947754, 1107.87792969, 1173.00073242, 1233.19604492, 1065.99353027, 514.458435059, 1047.23132324, 1947.93994141, 611.237304688, 1215.20288086, 245.953781128, 393.817199707, 676.921142578, 264.396606445, 184.018844604, 253.794952393, 733.591247559, 255.409042358, 513.00793457, 294.182067871, 395.6640625, 249.277740479, 73.6626739502, 27.2579994202, 15.3614816666, 9.10010528564, 3.19700074196, 1.3803781271, 0.436178773642, 0.111248515546, 0.0221769083291, 0.000828833610285], "dmean": [0.0646999999881, 0.717853963375, 1.92734503746, 2.92904496193, 8.11008167267, 11.6007184982, 11.4063968658, 17.3561706543, 19.1676635742, 19.5615673065, 16.6045265198, 13.2267332077, 13.821138382, 4.69929456711, 6.48034143448, 6.54364919662, 5.36835289001, 5.35768175125, 3.14972615242, 2.77330040932, 2.7931907177, 1.99353790283, 1.74637329578, 2.05438637733, 1.95697677135, 1.76852178574, 1.70276284218, 1.81048023701, 1.82964456081, 1.36157560349, 0.50596755743, 0.227462202311, 0.0904323905706, 0.0644160360098, 0.040143430233, 0.0153153417632, 0.00378571008332, 0.000936248514336, 0.000201615010155, 1.50776677401e-05]}, "dissonance": {"dvar": 0.000808039039839, "mean": 0.424366772175, "min": 0.176349714398, "median": 0.434759825468, "dvar2": 0.00221035000868, "var": 0.00238710362464, "dmean2": 0.0507639795542, "max": 0.500000119209, "dmean": 0.030427057296}, "erbbands_flatness_db": {"dvar": 0.000450274616014, "mean": 0.226249933243, "min": 0.0455428920686, "median": 0.222223952413, "dvar2": 0.000830553181004, "var": 0.00417004385963, "dmean2": 0.0273211225867, "max": 0.465752154589, "dmean": 0.0198621191084}, "melbands_kurtosis": {"dvar": 138.588806152, "mean": 13.0949335098, "min": -1.66826736927, "median": 8.79326915741, "dvar2": 333.293640137, "var": 277.357513428, "dmean2": 9.24056720734, "max": 368.01083374, "dmean": 5.86112880707}, "melbands_spread": {"dvar": 20.1161899567, "mean": 9.1704454422, "min": 0.514477193356, "median": 7.36868572235, "dvar2": 36.2694816589, "var": 65.3745040894, "dmean2": 3.37798023224, "max": 165.792633057, "dmean": 2.25995063782}, "melbands_skewness": {"dvar": 0.472380369902, "mean": 2.26525092125, "min": -1.9291062355, "median": 2.08674049377, "dvar2": 1.10612368584, "var": 2.07920098305, "dmean2": 0.892412662506, "max": 14.6741714478, "dmean": 0.586649000645}, "spectral_entropy": {"dvar": 0.051568236202, "mean": 6.61992120743, "min": 4.27714347839, "median": 6.63220691681, "dvar2": 0.101570449769, "var": 0.374466389418, "dmean2": 0.282578378916, "max": 9.79839515686, "dmean": 0.195142105222}, "zerocrossingrate": {"dvar": 6.82712416165e-05, "mean": 0.0261660162359, "min": 0, "median": 0.0224609375, "dvar2": 6.86242419761e-05, "var": 0.00033592019463, "dmean2": 0.00517788762227, "max": 0.52490234375, "dmean": 0.00439393753186}, "average_loudness": 0.859566628933, "spectral_contrast_coeffs": {"dvar": [0.00156772090122, 0.00127295870334, 0.000815095729195, 0.000493798579555, 0.000366566120647, 0.000356433680281], "mean": [-0.595299303532, -0.675040125847, -0.745278000832, -0.782354712486, -0.789245545864, -0.766676068306], "min": [-0.95420974493, -0.96855711937, -0.962818861008, -0.962124764919, -0.957484543324, -0.958353638649], "median": [-0.603991031647, -0.676931262016, -0.756150305271, -0.78768825531, -0.793102324009, -0.767246127129], "dvar2": [0.0039658783935, 0.00335288839415, 0.00196219561622, 0.0012373435311, 0.000835844955873, 0.00077089399565], "var": [0.0104125626385, 0.0066738394089, 0.00539231859148, 0.00278839026578, 0.0024355519563, 0.00262706843205], "dmean2": [0.075597718358, 0.0696384832263, 0.0549898743629, 0.0443895049393, 0.0335024520755, 0.0286400578916], "max": [-0.244353443384, -0.36190122366, -0.422265738249, -0.546077907085, -0.552677690983, -0.522984743118], "dmean": [0.0464994423091, 0.0425917617977, 0.0342903994024, 0.0270964466035, 0.0211449768394, 0.018624721095]}, "barkbands_flatness_db": {"dvar": 0.000576255959459, "mean": 0.234749272466, "min": 0.047038782388, "median": 0.230650931597, "dvar2": 0.00118432193995, "var": 0.00446333317086, "dmean2": 0.0316684246063, "max": 0.498520642519, "dmean": 0.0219037141651}, "silence_rate_30dB": {"dvar": 0.00435889977962, "mean": 0.997486829758, "min": 0, "median": 1, "dvar2": 0.0124098313972, "var": 0.00250661885366, "dmean2": 0.00875699333847, "max": 1, "dmean": 0.00437814183533}, "spectral_energyband_high": {"dvar": 3.36305191695e-07, "mean": 0.000247827818384, "min": 7.94994643334e-21, "median": 2.64028640231e-05, "dvar2": 5.4977539321e-07, "var": 1.09212226107e-06, "dmean2": 0.000177440437255, "max": 0.0159644596279, "dmean": 0.00013055789168}, "melbands_flatness_db": {"dvar": 0.00079947616905, "mean": 0.325027912855, "min": 0.00624089222401, "median": 0.320675641298, "dvar2": 0.00165585184004, "var": 0.00649726577103, "dmean2": 0.0357031486928, "max": 0.623603582382, "dmean": 0.0246596373618}, "barkbands": {"dvar": [2.83123455347e-07, 5.85924572079e-05, 3.10180366796e-05, 6.59165380057e-06, 3.40811457136e-05, 1.2291301573e-05, 8.09823177406e-06, 5.02255034007e-06, 2.59562193605e-06, 1.16277385587e-06, 2.3901145596e-07, 2.43099265163e-07, 9.88763346754e-08, 1.86163674698e-07, 2.10984012483e-08, 5.38839692865e-08, 1.17789813459e-08, 8.9396632319e-09, 2.5404663262e-08, 2.22060503319e-08, 4.6368526796e-08, 6.78168632362e-08, 1.37052369453e-08, 9.45675537878e-10, 3.44866135649e-10, 5.93367993629e-11, 1.19077317451e-11], "mean": [0.000153855478857, 0.0071660312824, 0.00292209768668, 0.00218858965673, 0.00751328188926, 0.00416121538728, 0.00249309884384, 0.00244153873064, 0.00132830743678, 0.000860929838382, 0.000274805381196, 0.000236355364905, 0.000198438559892, 0.000175310662598, 9.78796233539e-05, 9.94025540422e-05, 7.48040838516e-05, 6.04234228376e-05, 6.70640947646e-05, 5.78559593123e-05, 6.8010231189e-05, 8.89945877134e-05, 3.73937728e-05, 1.18574935186e-05, 8.65718538989e-06, 3.33390039486e-06, 9.21846890378e-07], "min": [1.87532290015e-23, 3.92933478602e-23, 1.93103919926e-23, 9.09383468751e-24, 3.39686314133e-23, 1.38505319974e-22, 5.40939719412e-23, 5.39002592573e-23, 4.9662246039e-23, 3.23863752304e-23, 6.14284724718e-23, 6.83443087428e-23, 7.74187271969e-23, 6.96364061076e-23, 1.54139785809e-22, 2.08632037844e-22, 1.16098981828e-22, 1.2960232415e-22, 3.49160236993e-22, 3.45427599625e-22, 5.3430995566e-22, 6.06784588641e-22, 6.86877421778e-22, 9.6509621798e-22, 1.10533746109e-21, 1.62102570506e-21, 2.51623455188e-21], "median": [1.19062115118e-05, 0.00543137826025, 0.00102470431011, 0.00080654444173, 0.00389309017919, 0.00193718657829, 0.000716207548976, 0.00060677662259, 0.000202443625312, 0.000170778279426, 9.93952344288e-05, 8.24039088911e-05, 5.87990762142e-05, 4.43306853413e-05, 2.44061538979e-05, 2.69285264949e-05, 2.1961870516e-05, 1.38123596116e-05, 1.96381188289e-05, 9.02557076188e-06, 6.05353397987e-06, 4.74954231322e-06, 2.02095770874e-06, 8.94939773843e-07, 8.09338075669e-07, 2.36388061126e-07, 1.28624098039e-08], "dvar2": [5.98061262735e-07, 0.000155659916345, 8.83766624611e-05, 1.75207023858e-05, 8.71271331562e-05, 3.16434488923e-05, 1.94610984181e-05, 1.0301491784e-05, 5.16543605045e-06, 2.3684167445e-06, 5.80975665798e-07, 5.05437924403e-07, 2.38677387188e-07, 5.18848821685e-07, 5.02831731808e-08, 1.17081377482e-07, 2.63921933197e-08, 2.07510737482e-08, 6.48448192919e-08, 4.98374923552e-08, 9.46544886915e-08, 1.15323608441e-07, 2.76005955868e-08, 2.10947859181e-09, 8.10734535062e-10, 1.34319902423e-10, 2.56635684925e-11], "var": [3.61741399502e-07, 7.70200131228e-05, 3.24108368659e-05, 1.34019355755e-05, 9.29437301238e-05, 3.32473864546e-05, 2.20731853915e-05, 2.25566473091e-05, 1.35580212373e-05, 4.97946894029e-06, 5.49803530703e-07, 5.73094553147e-07, 2.1559414165e-07, 3.84413255006e-07, 5.11414626203e-08, 1.34505881988e-07, 2.97197644272e-08, 2.52840788306e-08, 3.49702915514e-08, 4.8820052001e-08, 1.11016937865e-07, 1.9587820077e-07, 3.23779190126e-08, 1.72690883815e-09, 5.41952149824e-10, 8.60429644201e-11, 1.35403164375e-11], "dmean2": [0.000212586615817, 0.00470011401922, 0.00295124691911, 0.00215176609345, 0.00519013404846, 0.00280233542435, 0.00191561470274, 0.00140054163057, 0.000771673687268, 0.000535811821464, 0.00021446707251, 0.000235250467085, 0.000186182325706, 0.000164917699294, 9.00765153347e-05, 9.37327495194e-05, 6.41762453597e-05, 5.29168610228e-05, 6.43589664833e-05, 5.98822734901e-05, 6.47935958114e-05, 7.05711354385e-05, 3.23395106534e-05, 1.05526178231e-05, 8.04021601652e-06, 3.74183082386e-06, 1.43401894093e-06], "max": [0.00915480777621, 0.108589783311, 0.0974071547389, 0.0481284633279, 0.092352360487, 0.0655007138848, 0.0526927821338, 0.0448777526617, 0.0431232228875, 0.0304041132331, 0.0301233455539, 0.0390122123063, 0.0112991640344, 0.0208338275552, 0.00291630602442, 0.0186889600009, 0.00482889963314, 0.00386683782563, 0.0108513152227, 0.00466565042734, 0.00836585555226, 0.00890599749982, 0.00406591268256, 0.00113471597433, 0.000565237889532, 0.000258684565779, 9.88355386653e-05], "dmean": [0.000138774426887, 0.00278169009835, 0.00167673977558, 0.00129671790637, 0.00325817707926, 0.00178504933137, 0.00123174767941, 0.00097550265491, 0.000532234320417, 0.000384067039704, 0.000141201409861, 0.000144988836837, 0.000118473435577, 0.000103674181446, 5.596156916e-05, 5.87334798183e-05, 4.07938132412e-05, 3.32756208081e-05, 3.98789161409e-05, 3.86512765544e-05, 4.28651583206e-05, 5.04925228597e-05, 2.26001593546e-05, 7.18111732567e-06, 5.60049466003e-06, 2.54924157161e-06, 9.60600914368e-07]}, "erbbands_spread": {"dvar": 60.5631523132, "mean": 23.4586524963, "min": 1.11796545982, "median": 19.8004760742, "dvar2": 128.870864868, "var": 252.751174927, "dmean2": 8.25778675079, "max": 123.571212769, "dmean": 5.4581284523}, "barkbands_kurtosis": {"dvar": 63.6839027405, "mean": 8.0517578125, "min": -1.92310810089, "median": 5.52759075165, "dvar2": 157.904785156, "var": 117.942214966, "dmean2": 5.92187833786, "max": 347.450897217, "dmean": 3.79342365265}, "spectral_flux": {"dvar": 0.000916359014809, "mean": 0.0648287162185, "min": 1.03983072153e-10, "median": 0.0526143349707, "dvar2": 0.00196253508329, "var": 0.0023409947753, "dmean2": 0.0334905423224, "max": 0.402977406979, "dmean": 0.0211021769792}, "silence_rate_20dB": {"dvar": 0, "mean": 1, "min": 1, "median": 1, "dvar2": 0, "var": 0, "dmean2": 0, "max": 1, "dmean": 0}, "gfcc": {"cov": [[10646.8300781, -1793.97119141, 253.942398071, 1299.93701172, -815.207946777, 985.04675293, -38.5594329834, 432.222839355, 125.749137878, 347.453186035, -157.748352051, 178.248626709, -165.991119385], [-1793.97119141, 1596.60986328, -121.816200256, -412.778045654, 505.995910645, -364.433441162, 178.480422974, -131.985671997, 117.292289734, -172.789031982, 155.992019653, -140.885910034, 103.339103699], [253.942398071, -121.816200256, 810.184387207, 151.421844482, 14.8901662827, 212.040420532, -25.9322090149, 30.1401615143, -14.2623949051, 81.6583557129, -31.6528301239, 66.5691757202, 2.17358994484], [1299.93701172, -412.778045654, 151.421844482, 603.912719727, -76.7720718384, 205.529403687, 38.2086791992, 47.8530845642, 60.910785675, 83.1680450439, -1.75014162064, 54.6259880066, -0.799088597298], [-815.207946777, 505.995910645, 14.8901662827, -76.7720718384, 460.905883789, -69.7537536621, 61.4330101013, 6.42056131363, 60.7532463074, -14.109834671, 79.39793396, -11.0473098755, 51.6236534119], [985.04675293, -364.433441162, 212.040420532, 205.529403687, -69.7537536621, 381.03503418, 19.2390537262, 80.9795608521, 30.3147907257, 96.5322113037, -22.292755127, 60.0177345276, -6.19637346268], [-38.5594329834, 178.480422974, -25.9322090149, 38.2086791992, 61.4330101013, 19.2390537262, 231.215866089, 39.9210624695, 32.1486244202, 8.04053020477, 25.0536403656, -22.7565460205, 35.6109085083], [432.222839355, -131.985671997, 30.1401615143, 47.8530845642, 6.42056131363, 80.9795608521, 39.9210624695, 183.303207397, 55.2262382507, 38.2919769287, -16.561542511, 16.8388710022, 0.13573205471], [125.749137878, 117.292289734, -14.2623949051, 60.910785675, 60.7532463074, 30.3147907257, 32.1486244202, 55.2262382507, 169.555587769, 47.248752594, 12.1409692764, -4.87765693665, 5.51824998856], [347.453186035, -172.789031982, 81.6583557129, 83.1680450439, -14.109834671, 96.5322113037, 8.04053020477, 38.2919769287, 47.248752594, 150.580200195, 34.6542510986, 31.2927684784, -7.11445760727], [-157.748352051, 155.992019653, -31.6528301239, -1.75014162064, 79.39793396, -22.292755127, 25.0536403656, -16.561542511, 12.1409692764, 34.6542510986, 131.278533936, 33.9355201721, 22.8170509338], [178.248626709, -140.885910034, 66.5691757202, 54.6259880066, -11.0473098755, 60.0177345276, -22.7565460205, 16.8388710022, -4.87765693665, 31.2927684784, 33.9355201721, 123.04094696, 33.8321533203], [-165.991119385, 103.339103699, 2.17358994484, -0.799088597298, 51.6236534119, -6.19637346268, 35.6109085083, 0.13573205471, 5.51824998856, -7.11445760727, 22.8170509338, 33.8321533203, 113.158584595]], "mean": [-76.0477218628, 158.740844727, -101.100669861, 17.5425243378, -54.0290985107, -7.01292896271, -30.3263473511, -3.16753339767, -17.9768257141, -1.48864161968, -7.87804222107, -2.71471166611, -6.81803750992], "icov": [[0.000189891681657, -0.000198024048586, 0.000135312540806, -0.000376044481527, 0.000312792457407, -0.00032312120311, 0.000176283807377, -0.000396618415834, 0.000234323480981, -0.000281338114291, 0.000223739174544, -0.000176094516064, 0.000217162989429], [-0.000198024048586, 0.00362905813381, -0.00107609876432, 0.00195019831881, -0.00200808653608, 0.00132662139367, -0.00189095339738, 0.00231813406572, -0.00375189329498, 0.00395948672667, -0.00388254178688, 0.00304238521494, -0.00168397603557], [0.000135312540806, -0.00107609876432, 0.00194822298363, -0.000854487589095, 0.000242593843723, -0.00116548652295, 0.000755501736421, -0.000640048645437, 0.00162381469272, -0.00187131622806, 0.00194703612942, -0.00143779930659, 0.00056670838967], [-0.000376044481527, 0.00195019831881, -0.000854487589095, 0.00364796281792, -0.00102722633164, 0.000237358835875, -0.00153027311899, 0.00187315302901, -0.00278838560916, 0.00199887529016, -0.00212388834916, 0.00110688572749, -0.0009704863769], [0.000312792457407, -0.00200808653608, 0.000242593843723, -0.00102722633164, 0.00431750621647, -0.000710013031494, 0.000808376586065, -0.00183749187272, 0.000922936480492, -0.00143323536031, 0.000213442646782, -0.000988221494481, 0.00013730970386], [-0.00032312120311, 0.00132662139367, -0.00116548652295, 0.000237358835875, -0.000710013031494, 0.00527893658727, -0.00125410652254, 0.0002237673325, -0.00130250572693, -0.000168685626704, -0.000357549608452, -0.000167414022144, -0.000478985108202], [0.000176283807377, -0.00189095339738, 0.000755501736421, -0.00153027311899, 0.000808376586065, -0.00125410652254, 0.00645183958113, -0.00255142338574, 0.00187166710384, -0.00190862035379, 0.000691659166478, 0.00074186216807, -0.0010771905072], [-0.000396618415834, 0.00231813406572, -0.000640048645437, 0.00187315302901, -0.00183749187272, 0.0002237673325, -0.00255142338574, 0.00900648720562, -0.00427284557372, 0.00176725827623, -0.000669286877383, 0.000532962847501, -0.000735505949706], [0.000234323480981, -0.00375189329498, 0.00162381469272, -0.00278838560916, 0.000922936480492, -0.00130250572693, 0.00187166710384, -0.00427284557372, 0.0117828827351, -0.00646977685392, 0.0043331682682, -0.00209866929799, 0.00141526875086], [-0.000281338114291, 0.00395948672667, -0.00187131622806, 0.00199887529016, -0.00143323536031, -0.000168685626704, -0.00190862035379, 0.00176725827623, -0.00646977685392, 0.0145914368331, -0.00789885502309, 0.0028452319093, -0.000760463706683], [0.000223739174544, -0.00388254178688, 0.00194703612942, -0.00212388834916, 0.0002134