{"tonal": {"hpcp": {"dvar": [0.0584444776177, 0.0463178046048, 0.0357647798955, 0.0242746882141, 0.0238723326474, 0.0104675851762, 0.00999547354877, 0.00883644632995, 0.0187749229372, 0.0199060123414, 0.0155395185575, 0.0151549139991, 0.0207582619041, 0.0235615111887, 0.0323763005435, 0.0471621416509, 0.0278241652995, 0.0137835294008, 0.0133565012366, 0.0176323335618, 0.0285562723875, 0.0393403954804, 0.0319959670305, 0.0351190306246, 0.0345938056707, 0.0223272424191, 0.019455069676, 0.0212406534702, 0.028152551502, 0.0383498631418, 0.0410025939345, 0.0351942628622, 0.0317965522408, 0.030162608251, 0.0385707095265, 0.0565714724362], "var": [0.119094103575, 0.0649109482765, 0.0381882973015, 0.0624567456543, 0.0373464077711, 0.010370994918, 0.0119247641414, 0.00972865521908, 0.030597595498, 0.055402148515, 0.0187143180519, 0.0144072473049, 0.0282885655761, 0.0258675646037, 0.0706074386835, 0.144303068519, 0.0528031699359, 0.0102702146396, 0.00940716639161, 0.0167559124529, 0.054487362504, 0.0932774469256, 0.0449011772871, 0.0573698170483, 0.0733546167612, 0.0294441096485, 0.0138017665595, 0.0151984076947, 0.0292504169047, 0.0744547992945, 0.096994549036, 0.0366911329329, 0.0229533817619, 0.0251076743007, 0.0459252782166, 0.0895173698664], "median": [0.0764948278666, 0.0373908802867, 0.00656267767772, 0.00263688154519, 0.00329170166515, 0.00489074038342, 0.00402205530554, 0.00587807362899, 0.0103872874752, 0.00926021952182, 0.00498284213245, 0.0037024221383, 0.00339954835363, 0.00715494528413, 0.0895774364471, 0.142495572567, 0.0608559697866, 0.00153760123067, 0.000568843563087, 0.00208505569026, 0.0153759969398, 0.0253295954317, 0.0202952604741, 0.00754648400471, 0.00528304744512, 0.00387666467577, 0.00307192839682, 0.00260372157209, 0.00374493841082, 0.0095287244767, 0.0116546554491, 0.0078502856195, 0.00294507434592, 0.00278037204407, 0.00833971053362, 0.0525053068995], "max": [1, 1, 1, 1, 1, 1, 1, 1, 1, 1, 1, 1, 1, 1, 1, 1, 1, 1, 1, 1, 1, 1, 1, 1, 1, 1, 1, 1, 1, 1, 1, 1, 1, 1, 1, 1], "dmean": [0.159285396338, 0.138760566711, 0.0921590179205, 0.0605140179396, 0.058284457773, 0.0356078408659, 0.0303214211017, 0.0315079130232, 0.0518549457192, 0.054565127939, 0.0458792448044, 0.0387639626861, 0.0475605390966, 0.0628092959523, 0.115833222866, 0.132989689708, 0.096622556448, 0.0379156917334, 0.0300765503198, 0.0447950176895, 0.0819849669933, 0.098752297461, 0.0925376564264, 0.0830105692148, 0.0788370072842, 0.0577777847648, 0.0402458459139, 0.0427620597184, 0.0644335001707, 0.0937268435955, 0.0977855920792, 0.0855895653367, 0.0655533000827, 0.0677311122417, 0.0974281132221, 0.15726955235], "dmean2": [0.273673564196, 0.23246973753, 0.165671914816, 0.10320200026, 0.10059184581, 0.0626331046224, 0.0515764132142, 0.0540531724691, 0.0884029120207, 0.09079798311, 0.0776021406054, 0.0687851384282, 0.0826798081398, 0.109435774386, 0.189251601696, 0.218342274427, 0.159463405609, 0.0689438134432, 0.0558003485203, 0.0777931809425, 0.137068659067, 0.168029263616, 0.155884280801, 0.145239368081, 0.133459627628, 0.0970335304737, 0.0742164477706, 0.0766611024737, 0.113130681217, 0.161986857653, 0.166031956673, 0.15173047781, 0.121678724885, 0.122193604708, 0.17137825489, 0.26692032814], "mean": [0.264585822821, 0.162629589438, 0.0894049331546, 0.102407842875, 0.0733772367239, 0.0362376719713, 0.0342680700123, 0.0340711511672, 0.0783706232905, 0.105022847652, 0.0580026805401, 0.0391336791217, 0.0530196540058, 0.0645798370242, 0.218105092645, 0.333778083324, 0.173898845911, 0.0298857968301, 0.0216490216553, 0.0401820987463, 0.124962769449, 0.175529539585, 0.118812397122, 0.115600056946, 0.129689052701, 0.0709978565574, 0.0311836637557, 0.0325056537986, 0.0603404641151, 0.149118855596, 0.176181897521, 0.0938740670681, 0.0508757643402, 0.0560195110738, 0.0950538739562, 0.210207864642], "dvar2": [0.138611838222, 0.117305971682, 0.0999752879143, 0.0571854412556, 0.0625679939985, 0.0274557154626, 0.0261575132608, 0.0232145003974, 0.0535384602845, 0.0472248382866, 0.0400335229933, 0.0404300391674, 0.0552122630179, 0.0650249645114, 0.0783779397607, 0.102316252887, 0.0683724284172, 0.0384110584855, 0.0367494411767, 0.0455661602318, 0.0706843435764, 0.0920429378748, 0.0811633244157, 0.0902868360281, 0.0808988809586, 0.057308036834, 0.0543538406491, 0.0574589110911, 0.0732718929648, 0.0981343314052, 0.0971311926842, 0.0945767089725, 0.089561291039, 0.0831698477268, 0.102391913533, 0.148740649223], "min": [0, 0, 0, 0, 0, 0, 0, 0, 0, 0, 0, 0, 0, 0, 0, 0, 0, 0, 0, 0, 0, 0, 0, 0, 0, 0, 0, 0, 0, 0, 0, 0, 0, 0, 0, 0]}, "key_key": "D", "thpcp": [1, 0.521001398563, 0.0895379260182, 0.064860522747, 0.120385669172, 0.37438878417, 0.525886952877, 0.355962246656, 0.346338063478, 0.388548731804, 0.212709754705, 0.0934263393283, 0.0973870232701, 0.180780187249, 0.446760475636, 0.527841448784, 0.281246960163, 0.152423918247, 0.167834594846, 0.28478166461, 0.629783332348, 0.792699813843, 0.487238675356, 0.267857402563, 0.306814163923, 0.219838395715, 0.108568161726, 0.102667227387, 0.102077260613, 0.234798595309, 0.314648717642, 0.173776179552, 0.11724460125, 0.158847019076, 0.193481355906, 0.653443396091], "chords_key": "D", "tuning_equal_tempered_deviation": 0.0242570545524, "tuning_frequency": 442.804626465, "tuning_diatonic_strength": 0.5698158741, "chords_histogram": [23.0515365601, 4.44275188446, 2.9195227623, 12.9982233047, 0.0761614590883, 3.63036298752, 1.57400357723, 12.6428031921, 0.0507743097842, 7.92079210281, 4.59507513046, 0.177710086107, 1.95481085777, 0.0761614590883, 0, 0.126935765147, 0, 0.330033004284, 0, 0.380807310343, 0, 0, 14.1152572632, 8.9362783432], "key_strength": 0.82341581583, "key_scale": "minor", "chords_strength": {"dvar": 7.36990768928e-05, "var": 0.00919335056096, "median": 0.532497823238, "max": 0.815831720829, "dmean": 0.0088181598112, "dmean2": 0.00802685320377, "mean": 0.5313757658, "dvar2": 8.13485967228e-05, "min": 0.277285933495}, "chords_number_rate": 0.00304645858705, "tuning_nontempered_energy_ratio": 0.659747779369, "hpcp_entropy": {"dvar": 0.229257747531, "var": 0.51136380434, "median": 1.41473078728, "max": 4.01543474197, "dmean": 0.501933991909, "dmean2": 0.845908224583, "mean": 1.38390696049, "dvar2": 0.582542419434, "min": 0}, "chords_changes_rate": 0.0545823797584, "chords_scale": "minor"}, "rhythm": {"bpm_histogram_first_peak_spread": {"dvar": 0, "var": 0, "median": 0, "max": 0, "dmean": 0, "dmean2": 0, "mean": 0, "dvar2": 0, "min": 0}, "bpm_histogram_first_peak_weight": {"dvar": 0, "var": 0, "median": 0.239754095674, "max": 0.239754095674, "dmean": 0, "dmean2": 0, "mean": 0.239754095674, "dvar2": 0, "min": 0.239754095674}, "bpm_histogram_first_peak_bpm": {"dvar": 0, "var": 0, "median": 178, "max": 178, "dmean": 0, "dmean2": 0, "mean": 178, "dvar2": 0, "min": 178}, "bpm": 178.205978394, "bpm_histogram_second_peak_weight": {"dvar": 0, "var": 0, "median": 0.196721315384, "max": 0.196721315384, "dmean": 0, "dmean2": 0, "mean": 0.196721315384, "dvar2": 0, "min": 0.196721315384}, "beats_loudness": {"dvar": 0.000273218291113, "var": 0.000419881049311, "median": 0.0249952059239, "max": 0.121555037796, "dmean": 0.0173282548785, "dmean2": 0.029988348484, "mean": 0.0286110155284, "dvar2": 0.000731843814719, "min": 1.98703342669e-09}, "beats_loudness_band_ratio": {"dvar": [0.0227635540068, 0.0439460091293, 0.0278965383768, 0.0170069001615, 0.00337474909611, 0.063229046762], "var": [0.0378863662481, 0.0763705596328, 0.0392277874053, 0.0164242517203, 0.00278938305564, 0.0473161228001], "median": [0.150509178638, 0.44910761714, 0.179885387421, 0.0285820458084, 0.00972937140614, 0.00561127392575], "max": [0.886027157307, 0.987881779671, 0.954367935658, 0.731037735939, 0.323448240757, 0.928360641003], "dmean": [0.153013899922, 0.27261313796, 0.192589893937, 0.0923130810261, 0.0357525795698, 0.126778960228], "dmean2": [0.267295628786, 0.463952183723, 0.329684048891, 0.163551911712, 0.0660743042827, 0.242824316025], "mean": [0.204030543566, 0.459646880627, 0.230754747987, 0.0807957723737, 0.0288996193558, 0.0892171487212], "dvar2": [0.0661638453603, 0.124895520508, 0.0715059787035, 0.0446519069374, 0.00931185670197, 0.176368162036], "min": [8.36741455714e-05, 0.00156802928541, 0.0014780710917, 0.000151173720951, 8.72660093592e-05, 3.06625443045e-05]}, "bpm_histogram_second_peak_bpm": {"dvar": 0, "var": 0, "median": 172, "max": 172, "dmean": 0, "dmean2": 0, "mean": 172, "dvar2": 0, "min": 172}, "onset_rate": 2.90882110596, "beats_count": 489, "beats_position": [0.394739210606, 0.801088392735, 1.16099774837, 1.53251695633, 1.88081634045, 2.22911548615, 2.57741498947, 2.92571425438, 3.27401351929, 3.62231278419, 3.97061228752, 4.31891155243, 4.66721057892, 5.01551008224, 5.36380958557, 5.71210861206, 6.06040811539, 6.39709758759, 6.73378658295, 7.08208608627, 7.4303855896, 7.77868461609, 8.12698364258, 8.47528362274, 8.82358264923, 9.16027164459, 9.50857162476, 9.85687065125, 10.1935596466, 10.5418596268, 10.8901586533, 11.2384576797, 11.5983667374, 11.9582767487, 12.294965744, 12.6432647705, 12.9915647507, 13.3398637772, 13.6765527725, 14.0248527527, 14.3731517792, 14.7214508057, 15.0697498322, 15.4180498123, 15.7663488388, 16.114648819, 16.4629478455, 16.7880268097, 17.1247158051, 17.4614048004, 17.8097057343, 18.1463947296, 18.4946937561, 18.8429927826, 19.1912918091, 19.5512008667, 19.8994998932, 20.247800827, 20.5960998535, 20.9327888489, 21.2694778442, 21.6061668396, 21.942855835, 22.2911567688, 22.6278457642, 22.9645347595, 23.312833786, 23.6611328125, 24.009431839, 24.3577327728, 24.6944217682, 25.0427207947, 25.37940979, 25.7277088165, 26.076007843, 26.4126987457, 26.7493877411, 27.0860767365, 27.4227657318, 27.7710647583, 28.1077537537, 28.4560546875, 28.8159637451, 29.1642627716, 29.5125617981, 29.8492507935, 30.1859397888, 30.5110206604, 30.8360996246, 31.1611785889, 31.5094776154, 31.8577766418, 32.1944656372, 32.5195465088, 32.8562355042, 33.204536438, 33.5412254333, 33.8546943665, 34.1913833618, 34.5280723572, 34.8647613525, 35.2130622864, 35.5497512817, 35.8980484009, 36.2463493347, 36.6062583923, 36.96616745, 37.3260765076, 37.6743774414, 38.0226745605, 38.3825836182, 38.7541046143, 39.1256217957, 39.4971427917, 39.8686599731, 40.216960907, 40.5652618408, 40.9019508362, 41.2386398315, 41.5753288269, 41.9120178223, 42.2487068176, 42.585395813, 42.9220848083, 43.2471656799, 43.5838546753, 43.9089317322, 44.2340126038, 44.5590934753, 44.9073905945, 45.2556915283, 45.6039886475, 45.9522895813, 46.347026825, 46.7417678833, 47.1365089417, 47.5312461853, 47.9027671814, 48.2858963013, 48.6690254211, 49.0289344788, 49.4352836609, 49.8184127808, 50.2015419006, 50.5266189575, 50.8633079529, 51.2000007629, 51.5250778198, 51.8501586914, 52.1752357483, 52.5003166199, 52.8253974915, 53.1504745483, 53.4755554199, 53.8006324768, 54.1373214722, 54.4624023438, 54.8107032776, 55.1938323975, 55.5885696411, 55.971698761, 56.3548278809, 56.8076171875, 57.2604064941, 57.7248077393, 58.1775970459, 58.6303825378, 59.0831718445, 59.4430847168, 59.8029937744, 60.162902832, 60.5111999512, 60.8827209473, 61.2310180664, 61.5677070618, 61.9043960571, 62.2410888672, 62.5777778625, 62.9260749817, 63.2511558533, 63.5762329102, 63.889705658, 64.2147827148, 64.5514755249, 64.8881607056, 65.2248535156, 65.5731506348, 65.9214477539, 66.2697525024, 66.6296615601, 66.9779586792, 67.3146438599, 67.6629486084, 68.022857666, 68.3827667236, 68.7310638428, 69.0793609619, 69.416053772, 69.7527389526, 70.0778198242, 70.4145126343, 70.7511978149, 71.0762786865, 71.4129714966, 71.7380523682, 72.0747375488, 72.3998184204, 72.724899292, 73.0731964111, 73.4331054688, 73.7930145264, 74.1297073364, 74.4780044556, 74.8146896362, 75.1629943848, 75.4996795654, 75.8363723755, 76.1846694946, 76.5213623047, 76.8580474854, 77.2063446045, 77.554649353, 77.8913345337, 78.2280273438, 78.5647125244, 78.9014053345, 79.2380905151, 79.5747833252, 79.9230804443, 80.2597732544, 80.5964584351, 80.9331512451, 81.2698364258, 81.6181411743, 81.9664382935, 82.3147354126, 82.6746444702, 83.0345535278, 83.3712463379, 83.719543457, 84.0562362671, 84.3813171387, 84.6831741333, 85.0082550049, 85.3449401855, 85.6700210571, 85.9951019287, 86.3317871094, 86.656867981, 86.993560791, 87.3418579102, 87.7133789062, 88.0732879639, 88.4331970215, 88.7931060791, 89.1646270752, 89.5245361328, 89.8844451904, 90.2327423096, 90.5694351196, 90.9177322388, 91.2544174194, 91.602722168, 91.9626312256, 92.2877044678, 92.6011810303, 92.9262542725, 93.251335144, 93.5764160156, 93.9131011963, 94.2614059448, 94.5980911255, 94.9347839355, 95.2714691162, 95.5965499878, 95.9332427979, 96.2699279785, 96.6066207886, 96.9433059692, 97.2683868408, 97.5934677124, 97.918548584, 98.2436294556, 98.5803146362, 98.9170074463, 99.253692627, 99.590385437, 99.9154663086, 100.240539551, 100.565620422, 100.890701294, 101.192558289, 101.51763916, 101.842720032, 102.167800903, 102.481269836, 102.817955017, 103.154647827, 103.491333008, 103.828025818, 104.164710999, 104.48979187, 104.82648468, 105.151565552, 105.488250732, 105.813331604, 106.138412476, 106.463493347, 106.788566589, 107.113647461, 107.450340271, 107.763809204, 108.077278137, 108.413963318, 108.785484314, 109.15700531, 109.528526306, 109.900039673, 110.271560669, 110.654693604, 111.037818909, 111.420951843, 111.780860901, 112.140769958, 112.500679016, 112.872200012, 113.243713379, 113.615234375, 113.986755371, 114.358276367, 114.729797363, 115.089706421, 115.43800354, 115.774688721, 116.099769592, 116.436462402, 116.773147583, 117.109840393, 117.446525574, 117.771606445, 118.096687317, 118.421768188, 118.758453369, 119.095146179, 119.420227051, 119.745300293, 120.070381165, 120.395462036, 120.732154846, 121.057228088, 121.393920898, 121.730613708, 122.183395386, 122.612968445, 123.054145813, 123.495323181, 123.913284302, 124.342857361, 124.772422791, 125.20199585, 125.631561279, 126.061134338, 126.421043396, 126.792556763, 127.15246582, 127.523986816, 127.860679626, 128.197372437, 128.534057617, 128.870742798, 129.195831299, 129.520904541, 129.857589722, 130.194290161, 130.530975342, 130.937316895, 131.343673706, 131.750015259, 132.15637207, 132.551101685, 132.945846558, 133.340591431, 133.735321045, 134.188110352, 134.640899658, 135.093688965, 135.592926025, 136.092147827, 136.591384888, 137.090606689, 137.578231812, 138.077453613, 138.541854858, 139.006256104, 139.45904541, 139.911834717, 140.3878479, 140.863845825, 141.339859009, 141.815872192, 142.291885376, 142.756271362, 143.209060669, 143.661849976, 144.114639282, 144.579040527, 145.055053711, 145.542678833, 146.018676758, 146.494689941, 146.959091187, 147.458312988, 147.934326172, 148.398727417, 148.851516724, 149.30430603, 149.757095337, 150.140228271, 150.534957886, 150.929702759, 151.336044312, 151.788833618, 152.230026245, 152.671203613, 153.20526123, 153.739318848, 154.284988403, 154.819046021, 155.341491699, 155.875549316, 156.363174438, 156.850784302, 157.338409424, 157.826034546, 158.313644409, 158.801269531, 159.219223022, 159.648788452, 160.078369141, 160.519546509, 160.949111938, 161.378677368, 161.808258057, 162.29586792, 162.783493042, 163.282714844, 163.689071655, 164.095413208, 164.490158081, 164.896499634, 165.314468384, 165.744033813, 166.161987305, 166.579956055, 166.974685669, 167.369430542, 167.764175415, 168.182128906, 168.611694336, 169.041259766, 169.575332642, 170.109390259, 170.643447876, 171.142669678, 171.641906738, 172.129516602, 172.593917847, 173.058319092, 173.522720337, 173.952285767, 174.381851196, 174.811431885, 175.240997314, 175.635726929, 176.030471802, 176.425216675, 176.819946289, 177.214691162, 177.609436035, 178.004165649, 178.398910522, 178.793640137, 179.18838501, 179.583129883, 180.1171875, 180.651245117, 181.185302734, 181.719360352, 182.24180603], "danceability": 1.02974665165, "bpm_histogram_second_peak_spread": {"dvar": 0, "var": 0, "median": 0, "max": 0, "dmean": 0, "dmean2": 0, "mean": 0, "dvar2": 0, "min": 0}}, "lowlevel": {"spectral_flux": {"dvar": 0.000646557542495, "var": 0.0020095827058, "median": 0.0468932427466, "max": 0.317501395941, "dmean": 0.0202678535134, "dmean2": 0.0320679545403, "mean": 0.0558495633304, "dvar2": 0.00157831306569, "min": 1.03834760234e-10}, "spectral_rolloff": {"dvar": 1455123.5, "var": 13757834, "median": 602.9296875, "max": 20930.2734375, "dmean": 354.757446289, "dmean2": 558.941772461, "mean": 1851.42614746, "dvar2": 2577337.75, "min": 107.666015625}, "barkbands_flatness_db": {"dvar": 0.000633435964119, "var": 0.00451973453164, "median": 0.216175690293, "max": 0.488553494215, "dmean": 0.0220088828355, "dmean2": 0.0322383269668, "mean": 0.219411715865, "dvar2": 0.00124707713258, "min": 0.0305907223374}, "spectral_centroid": {"dvar": 123191.179688, "var": 761432.875, "median": 536.779541016, "max": 11104.6484375, "dmean": 166.107055664, "dmean2": 221.347183228, "mean": 865.08203125, "dvar2": 173467.90625, "min": 190.813415527}, "melbands_skewness": {"dvar": 0.931370854378, "var": 4.11694335938, "median": 2.23031902313, "max": 18.1757774353, "dmean": 0.727319180965, "dmean2": 1.04512226582, "mean": 2.62471485138, "dvar2": 1.91569280624, "min": -2.90058088303}, "melbands": {"dvar": [3.76357522924e-09, 3.3534501398e-08, 3.24452429368e-07, 3.76433490601e-06, 2.88563256845e-07, 2.56763456719e-07, 4.04582998215e-08, 3.40757715378e-08, 8.96653418181e-08, 5.072258773e-07, 2.62616566715e-07, 1.83808879228e-07, 1.69870695288e-08, 4.09292155723e-09, 1.321980303e-09, 9.7574159863e-10, 7.8858075625e-09, 5.50405099276e-09, 7.84444120772e-10, 1.61634511331e-10, 3.79925535476e-11, 8.80799322367e-11, 3.49637180319e-10, 1.51322815389e-10, 3.49317380577e-11, 2.97433570828e-11, 1.41880979188e-10, 2.17132058861e-11, 2.45750555322e-11, 2.45681929661e-11, 4.82206531649e-11, 9.57670193147e-11, 7.12520112356e-11, 6.67387395348e-11, 7.5957656831e-11, 9.44728600905e-11, 5.80445240483e-11, 2.75212682505e-11, 3.78670983459e-11, 4.12567341401e-11], "var": [3.63688723581e-09, 5.71981679798e-08, 1.0067800531e-06, 7.96994117991e-06, 1.07992480025e-06, 5.35000708624e-07, 1.12497048121e-07, 7.37103817983e-08, 2.99274518056e-07, 2.46741979026e-06, 6.5120985937e-07, 4.66254988396e-07, 5.74975658196e-08, 9.42814448734e-09, 5.15707121451e-09, 3.74355924038e-09, 2.79607998976e-08, 1.89642328507e-08, 1.66614322339e-09, 4.60375904066e-10, 1.47948722717e-10, 2.54094661978e-10, 1.26417365465e-09, 4.28751478765e-10, 7.22928869545e-11, 9.90322338024e-11, 5.02917985035e-10, 4.76507305835e-11, 4.73402879397e-11, 5.20960427575e-11, 1.26758076258e-10, 2.2061802385e-10, 1.95801444502e-10, 1.86948415082e-10, 2.23042043168e-10, 3.03011171709e-10, 1.81130443977e-10, 1.03479759483e-10, 1.19864770887e-10, 1.34926042561e-10], "median": [7.33419597054e-07, 1.73969274329e-05, 0.000272744277027, 0.000751594139729, 0.000383899285225, 0.0001392528211, 7.96116655692e-05, 6.42089144094e-05, 0.000117122748634, 5.60983025935e-05, 1.85895405593e-05, 1.68294391187e-05, 1.31958431666e-05, 9.76117553364e-06, 4.63465084977e-06, 2.64943469119e-06, 3.25835435433e-06, 2.77776371149e-06, 1.51059907694e-06, 1.46329477957e-06, 1.01416890175e-06, 7.10295523731e-07, 1.07920254777e-06, 8.73676128776e-07, 3.73275980792e-07, 4.44198292371e-07, 5.1499955589e-07, 2.69864614211e-07, 1.43399503827e-07, 5.6150806671e-08, 4.07102369593e-08, 4.15611154381e-08, 6.27747240856e-08, 6.05482384231e-08, 4.05687075045e-08, 3.96948927062e-08, 4.63245228843e-08, 2.78868768078e-08, 2.00729441957e-08, 1.91145215211e-08], "max": [0.00325997336768, 0.00870603695512, 0.00966275669634, 0.0290907733142, 0.0137428399175, 0.0226697064936, 0.00371976778843, 0.00519379414618, 0.00555223366246, 0.0228631068021, 0.0133635113016, 0.0146621484309, 0.00650673173368, 0.00270766951144, 0.00118338980246, 0.000740548653994, 0.00261190603487, 0.00209971284494, 0.00142980809323, 0.000506549316924, 0.000225145224249, 0.000308684742777, 0.000781062466558, 0.000545843038708, 0.000244744354859, 0.000227627606364, 0.00043851629016, 0.000120667857118, 0.000215453503188, 0.000152756474563, 0.000218450571992, 0.000301131425658, 0.000199244983378, 0.000245339033427, 0.000242553345743, 0.00040590937715, 0.000214128449443, 0.000191370025277, 0.000170835075551, 0.000175677167135], "dmean": [4.73509589938e-06, 3.83147526009e-05, 0.000305015913909, 0.000934828829486, 0.000272833363852, 0.000136760456371, 8.61707521835e-05, 6.91282693879e-05, 0.00014576074318, 0.000212588813156, 0.000113951777166, 8.88003123691e-05, 2.81661450572e-05, 1.75523528014e-05, 1.17730360216e-05, 1.06530360426e-05, 2.27378113777e-05, 1.91883100342e-05, 5.34580613021e-06, 2.66019105766e-06, 1.76146704689e-06, 2.21256868826e-06, 4.54646124126e-06, 3.5724465306e-06, 1.39254984788e-06, 1.49088157286e-06, 3.29006934408e-06, 1.41792725117e-06, 1.05656351934e-06, 1.06164247882e-06, 1.37428492053e-06, 1.95439065465e-06, 1.91446883946e-06, 1.73288958649e-06, 1.83426129752e-06, 1.98062957679e-06, 1.71491512901e-06, 1.1723083162e-06, 1.26001555145e-06, 1.23080133108e-06], "dmean2": [7.25479321773e-06, 5.52742676518e-05, 0.00046940377797, 0.00134809419978, 0.000385634746635, 0.000198882786208, 0.000125639184262, 0.000102492034785, 0.000198810113943, 0.000298897764878, 0.000159412811627, 0.000123806705233, 3.94603521272e-05, 2.62279063463e-05, 1.6994015823e-05, 1.58109742188e-05, 3.2827261748e-05, 2.65284779744e-05, 7.70713813836e-06, 3.98377324018e-06, 2.55344184552e-06, 3.24982738675e-06, 6.64013077767e-06, 5.07560116603e-06, 2.05195760827e-06, 2.09246923077e-06, 4.60532874058e-06, 2.07133075492e-06, 1.60332069754e-06, 1.58174020726e-06, 2.02288720175e-06, 2.90277671411e-06, 2.7701801173e-06, 2.49540971708e-06, 2.6243362754e-06, 2.82309861177e-06, 2.42261990024e-06, 1.64695995863e-06, 1.81343011718e-06, 1.775738383e-06], "mean": [5.64382480661e-06, 7.48264938011e-05, 0.000685176346451, 0.00175196968485, 0.000725736375898, 0.000347366207279, 0.00019448970852, 0.000150840292918, 0.000333552539814, 0.000541474786587, 0.00025187706342, 0.000198387584533, 6.50210422464e-05, 3.87352774851e-05, 2.54823153227e-05, 2.24982486543e-05, 4.57381429442e-05, 3.90891254938e-05, 9.82865913102e-06, 5.81885751672e-06, 3.91503454011e-06, 4.52403037343e-06, 1.01156729215e-05, 7.43411555959e-06, 2.55219720202e-06, 3.04948275698e-06, 6.48727336738e-06, 2.46209947363e-06, 1.68367216702e-06, 1.73670036929e-06, 2.38411053033e-06, 3.35885215463e-06, 3.3785472624e-06, 3.09780807584e-06, 3.25728342432e-06, 3.57673138751e-06, 3.11077315018e-06, 2.26079009735e-06, 2.33712489717e-06, 2.32509728448e-06], "dvar2": [8.30418578346e-09, 7.95011487753e-08, 7.96251754309e-07, 7.38590233595e-06, 5.70834174596e-07, 5.64333674902e-07, 8.7294147022e-08, 7.9864463487e-08, 1.73795953629e-07, 9.39451240356e-07, 5.94167147483e-07, 3.82151426948e-07, 2.82692731446e-08, 1.01105124273e-08, 2.54744092487e-09, 2.13333817278e-09, 1.50438435043e-08, 1.05490682856e-08, 1.60779944913e-09, 3.68680697083e-10, 7.50542336614e-11, 1.82168335972e-10, 7.02003954967e-10, 3.10075326526e-10, 7.23766810373e-11, 5.35341562746e-11, 2.64737620714e-10, 4.31986876825e-11, 5.87205492564e-11, 5.61865276527e-11, 9.95705948248e-11, 2.12963979784e-10, 1.47660300653e-10, 1.30398580822e-10, 1.55184379236e-10, 1.86313103834e-10, 1.16368269187e-10, 5.33699542893e-11, 7.80598641281e-11, 8.39144032039e-11], "min": [2.37477661389e-23, 1.57786790748e-23, 8.9244694066e-24, 1.49306993556e-23, 7.18198531864e-24, 4.05252993141e-24, 5.31179214429e-24, 5.0533904996e-24, 3.02375906998e-24, 1.23667830845e-23, 1.04554433198e-23, 5.47377684257e-24, 4.81687382856e-24, 1.75887219996e-23, 1.91228734445e-23, 1.18104823185e-23, 1.04397820643e-23, 1.18966582726e-23, 8.59301608664e-24, 7.25122048484e-24, 1.10475536378e-23, 4.02008250466e-24, 5.06917205644e-24, 1.03103079016e-23, 1.64717265122e-23, 1.68517981186e-23, 1.00756777914e-23, 9.57716739756e-24, 9.33081560319e-24, 5.96862534411e-24, 8.84724307943e-24, 8.10893316987e-24, 1.1577788073e-23, 8.29820456686e-24, 9.66614696336e-24, 1.08803664018e-23, 1.14671132545e-23, 9.9552226755e-24, 1.15568824701e-23, 1.12071267883e-23]}, "spectral_decrease": {"dvar": 4.71748837478e-18, "var": 2.19907752557e-17, "median": -3.67272279256e-09, "max": 2.07857676561e-16, "dmean": 1.36952227336e-09, "dmean2": 1.92609439509e-09, "mean": -5.15961495751e-09, "dvar2": 8.85708852129e-18, "min": -3.70193973254e-08}, "barkbands_kurtosis": {"dvar": 796.515686035, "var": 1955.16918945, "median": 6.47642993927, "max": 806.374572754, "dmean": 8.31118679047, "dmean2": 11.7954845428, "mean": 15.8342914581, "dvar2": 1295.49475098, "min": -1.96855604649}, "silence_rate_30dB": {"dvar": 0.00152126559988, "var": 0.00152106222231, "median": 1, "max": 1, "dmean": 0.00152361602522, "dmean2": 0.00304761901498, "mean": 0.998476564884, "dvar2": 0.00380032230169, "min": 0}, "gfcc": {"mean": [-108.34602356, 99.8734664917, -100.85118103, -13.8367986679, -71.905090332, -18.2543582916, -50.2166938782, -9.86835098267, -39.9133529663, -16.4520816803, -23.0808982849, -12.4715909958, -16.8465366364], "cov": [[27433.3359375, 445.007720947, -3863.07568359, -424.588043213, -2299.09423828, 75.7592163086, -825.460571289, 252.411514282, -827.099975586, -436.931762695, -472.992095947, -443.227539062, -102.693824768], [445.007720947, 3291.625, -550.010498047, -619.199707031, 608.02166748, -521.628417969, 25.1048965454, -116.476051331, -83.7309188843, -217.823043823, 181.832519531, -159.449249268, -33.169506073], [-3863.07568359, -550.010498047, 1588.80529785, 315.583953857, 66.914642334, 134.95451355, -9.7931137085, -108.173156738, 138.771591187, 158.270843506, -35.8532066345, 131.534576416, -46.712436676], [-424.588043213, -619.199707031, 315.583953857, 556.18963623, -55.1279067993, 25.3491535187, -45.3268470764, 2.03174877167, 80.7384109497, 39.1301612854, -42.3969535828, 55.7781181335, 7.06255245209], [-2299.09423828, 608.02166748, 66.914642334, -55.1279067993, 609.520141602, -66.7919845581, 56.6610794067, 11.7940778732, 56.446521759, -19.5065345764, 75.0458602905, 16.2962055206, 22.6999130249], [75.7592163086, -521.628417969, 134.95451355, 25.3491535187, -66.7919845581, 299.371520996, 32.7620506287, 3.85605502129, -19.6105289459, 44.1143760681, -34.5308799744, 2.55792021751, -13.2917995453], [-825.460571289, 25.1048965454, -9.7931137085, -45.3268470764, 56.6610794067, 32.7620506287, 211.694641113, 21.0028095245, -28.9319095612, 8.28515720367, 35.1480293274, -28.1108951569, -12.8946151733], [252.411514282, -116.476051331, -108.173156738, 2.03174877167, 11.7940778732, 3.85605502129, 21.0028095245, 156.280319214, 5.18678760529, -20.9110240936, -1.51632869244, -17.0400695801, -18.9294452667], [-827.099975586, -83.7309188843, 138.771591187, 80.7384109497, 56.446521759, -19.6105289459, -28.9319095612, 5.18678760529, 163.90612793, 40.7956314087, -19.7293987274, 29.2290725708, 14.0484580994], [-436.931762695, -217.823043823, 158.270843506, 39.1301612854, -19.5065345764, 44.1143760681, 8.28515720367, -20.9110240936, 40.7956314087, 117.553588867, -1.67434060574, 8.9913225174, 12.0683135986], [-472.992095947, 181.832519531, -35.8532066345, -42.3969535828, 75.0458602905, -34.5308799744, 35.1480293274, -1.51632869244, -19.7293987274, -1.67434060574, 102.447799683, 4.41653156281, -0.932381391525], [-443.227539062, -159.449249268, 131.534576416, 55.7781181335, 16.2962055206, 2.55792021751, -28.1108951569, -17.0400695801, 29.2290725708, 8.9913225174, 4.41653156281, 123.883049011, 39.3650779724], [-102.693824768, -33.169506073, -46.712436676, 7.06255245209, 22.6999130249, -13.2917995453, -12.8946151733, -18.9294452667, 14.0484580994, 12.0683135986, -0.932381391525, 39.3650779724, 94.0026626587]], "icov": [[0.000236067950027, -0.00031047622906, 0.000516723433975, -0.000294630997814, 0.000813057238702, -0.000499875226524, 0.000795518921223, -0.000471829320304, 0.000763653602917, -0.00037181499647, 0.000807169824839, -0.000197042652871, 0.000198470137548], [-0.00031047622906, 0.00133825500961, -0.000685601728037, 0.00110167986713, -0.00177936046384, 0.00183661468327, -0.000899070000742, 0.00157064571977, -0.000994980102405, 0.00146720989142, -0.00155891198665, 0.00122848525643, 2.23213755817e-05], [0.000516723433975, -0.000685601728037, 0.00218893471174, -0.00103359564673, 0.00153528898954, -0.00135088467505, 0.00161701091565, -0.0003473139368, 0.00136880611535, -0.00187536480371, 0.00211842055432, -0.00158086244483, 0.00179731100798], [-0.000294630997814, 0.00110167986713, -0.00103359564673, 0.00314989965409, -0.00129282323178, 0.0015533574624, -0.000689493201207, 0.000936614931561, -0.00162529095542, 0.00123718276154, -0.000971193076111, 0.00054945651209, -0.000213214909309], [0.000813057238702, -0.00177936046384, 0.00153528898954, -0.00129282323178, 0.00544337974861, -0.00242809206247, 0.00214501703158, -0.00254971324466, 0.00153725023847, -0.00108653155621, 0.0016616784269, -0.00119778991211, -0.000328748719767], [-0.000499875226524, 0.00183661468327, -0.00135088467505, 0.0015533574624, -0.00242809206247, 0.00665231933817, -0.00223166076466, 0.00178764329758, -0.000470252562081, 0.000442806631327, -0.000716553186066, 0.00121108931489, 0.000393955328036], [0.000795518921223, -0.000899070000742, 0.00161701091565, -0.000689493201207, 0.00214501703158, -0.00223166076466, 0.00837192963809, -0.00223717605695, 0.00343206734397, -0.00175453966949, 0.000928716792259, 0.000700610282365, 0.00069968792377], [-0.000471829320304, 0.00157064571977, -0.0003473139368, 0.000936614931561, -0.00254971324466, 0.00178764329758, -0.00223717605695, 0.00929713062942, -0.00259405560791, 0.00262894900516, -0.00182112725452, 0.00128922471777, 0.00172179332003], [0.000763653602917, -0.000994980102405, 0.00136880611535, -0.00162529095542, 0.00153725023847, -0.000470252562081, 0.00343206734397, -0.00259405560791, 0.0110820289701, -0.00427500344813, 0.00473695248365, -0.00164937635418, 0.000426528684329], [-0.00037181499647, 0.00146720989142, -0.00187536480371, 0.00123718276154, -0.00108653155621, 0.000442806631327, -0.00175453966949, 0.00262894900516, -0.00427500344813, 0.0136781530455, -0.00363796390593, 0.00311078620143, -0.00275556067936], [0.000807169824839, -0.00155891198665, 0.00211842055432, -0.000971193076111, 0.0016616784269, -0.000716553186066, 0.000928716792259, -0.00182112725452, 0.00473695248365, -0.00363796390593, 0.0157993286848, -0.00322006479837, 0.00197976618074], [-0.000197042652871, 0.00122848525643, -0.00158086244483, 0.00054945651209, -0.00119778991211, 0.00121108931489, 0.000700610282365, 0.00128922471777, -0.00164937635418, 0.00311078620143, -0.00322006479837, 0.0128259640187, -0.00534831406549], [0.000198470137548, 2.23213755817e-05, 0.00179731100798, -0.000213214909309, -0.000328748719767, 0.000393955328036, 0.00069968792377, 0.00172179332003, 0.000426528684329, -0.00275556067936, 0.00197976618074, -0.00534831406549, 0.014898981899]]}, "silence_rate_20dB": {"dvar": 0, "var": 0, "median": 1, "max": 1, "dmean": 0, "dmean2": 0, "mean": 1, "dvar2": 0, "min": 1}, "barkbands_skewness": {"dvar": 1.16156470776, "var": 5.17915534973, "median": 1.98227894306, "max": 23.1686439514, "dmean": 0.715925633907, "dmean2": 0.978057324886, "mean": 2.26424360275, "dvar2": 1.89267218113, "min": -4.19628810883}, "erbbands_skewness": {"dvar": 0.272296905518, "var": 1.58077442646, "median": 0.973586857319, "max": 8.62959384918, "dmean": 0.420554280281, "dmean2": 0.585531353951, "mean": 0.97259157896, "dvar2": 0.462536424398, "min": -4.53161907196}, "spectral_contrast_valleys": {"dvar": [0.14105091989, 0.117604099214, 0.0985449254513, 0.0903330743313, 0.121042348444, 0.197673052549], "var": [1.67266893387, 2.89598202705, 2.83452868462, 2.58869051933, 2.69538831711, 2.86534690857], "median": [-9.44852256775, -7.30386352539, -8.18364810944, -9.03411006927, -9.0129365921, -11.3255758286], "max": [-6.24109792709, -5.11454868317, -4.79817056656, -6.32343101501, -6.2489027977, -7.18987751007], "dmean": [0.411574095488, 0.331369757652, 0.302194654942, 0.277211070061, 0.275309234858, 0.31484746933], "dmean2": [0.652292847633, 0.529785513878, 0.478924870491, 0.427490770817, 0.40946033597, 0.436474651098], "mean": [-9.63299179077, -7.740213871, -8.55226802826, -9.44226169586, -9.39565086365, -11.5051345825], "dvar2": [0.320793062449, 0.247552022338, 0.205493345857, 0.176227420568, 0.238235548139, 0.354852437973], "min": [-27.5449562073, -27.1628837585, -27.0592384338, -27.4132900238, -27.3564910889, -27.3814582825]}, "spectral_strongpeak": {"dvar": 1.05364537239, "var": 2.21272492409, "median": 0.706256508827, "max": 33.3347969055, "dmean": 0.468540638685, "dmean2": 0.773275732994, "mean": 1.22083759308, "dvar2": 2.76075387001, "min": 0}, "erbbands_crest": {"dvar": 6.56373882294, "var": 30.3898601532, "median": 11.4809179306, "max": 31.7679080963, "dmean": 2.41786527634, "dmean2": 3.67508292198, "mean": 12.480093956, "dvar2": 14.4987068176, "min": 1.85365927219}, "barkbands_crest": {"dvar": 5.87613964081, "var": 24.1594734192, "median": 12.0018548965, "max": 26.7705783844, "dmean": 2.30844068527, "dmean2": 3.5038394928, "mean": 12.9024457932, "dvar2": 12.7216358185, "min": 3.07617545128}, "spectral_energyband_middle_low": {"dvar": 6.58576536807e-05, "var": 0.000245038885623, "median": 0.0122003722936, "max": 0.146266520023, "dmean": 0.00509295752272, "dmean2": 0.00729940645397, "mean": 0.016523629427, "dvar2": 0.000132693137857, "min": 2.49783604365e-22}, "spectral_contrast_coeffs": {"dvar": [0.00129928579554, 0.00134812446777, 0.00103068572935, 0.000627895817161, 0.000545457471162, 0.000274351943517], "var": [0.0134875588119, 0.00889952108264, 0.0110642658547, 0.00619351677597, 0.00495323352516, 0.0021436624229], "median": [-0.412733197212, -0.645164251328, -0.706286609173, -0.741788566113, -0.768890857697, -0.815543115139], "max": [-0.201130762696, -0.332568258047, -0.371621280909, -0.44884365797, -0.530272305012, -0.638668417931], "dmean": [0.040176782757, 0.0397377684712, 0.0336204767227, 0.0271537750959, 0.0239522289485, 0.0170793551952], "dmean2": [0.0633170083165, 0.0633220598102, 0.0512865297496, 0.0415055751801, 0.0354986153543, 0.024601124227], "mean": [-0.43404841423, -0.648942887783, -0.699365317822, -0.742510318756, -0.766607046127, -0.814830183983], "dvar2": [0.00304779782891, 0.00327100930735, 0.00206932937726, 0.00130278780125, 0.000985984224826, 0.000513144710567], "min": [-0.950380921364, -0.974362015724, -0.968584299088, -0.9623067379, -0.959071934223, -0.956656038761]}, "hfc": {"dvar": 208.616851807, "var": 1324.90234375, "median": 7.56240081787, "max": 330.095397949, "dmean": 5.82377386093, "dmean2": 7.27842140198, "mean": 20.0888614655, "dvar2": 276.117431641, "min": 1.21019064715e-16}, "spectral_energyband_high": {"dvar": 2.67182736025e-06, "var": 1.59484516189e-05, "median": 3.34603028023e-05, "max": 0.0367207154632, "dmean": 0.000424100842793, "dmean2": 0.000512389407959, "mean": 0.00105464248918, "dvar2": 3.39578764397e-06, "min": 7.88976985157e-21}, "erbbands_spread": {"dvar": 136.311523438, "var": 538.013427734, "median": 19.0292205811, "max": 160.470306396, "dmean": 6.51331806183, "dmean2": 9.76331138611, "mean": 26.7333698273, "dvar2": 306.28805542, "min": 1.26353573799}, "dissonance": {"dvar": 0.000825571420137, "var": 0.00312358117662, "median": 0.415939390659, "max": 0.499477565289, "dmean": 0.0294996891171, "dmean2": 0.0487741194665, "mean": 0.406946033239, "dvar2": 0.00219688517973, "min": 0.157256498933}, "spectral_kurtosis": {"dvar": 58.9076499939, "var": 259.03692627, "median": 10.3600158691, "max": 111.200363159, "dmean": 4.9495882988, "dmean2": 7.88663196564, "mean": 15.2738046646, "dvar2": 130.871261597, "min": -1.30720221996}, "spectral_skewness": {"dvar": 0.30950704217, "var": 2.1618783474, "median": 2.55767083168, "max": 9.26410865784, "dmean": 0.434957712889, "dmean2": 0.665042102337, "mean": 2.76290488243, "dvar2": 0.646301031113, "min": -0.237375438213}, "pitch_salience": {"dvar": 0.00413392018527, "var": 0.016346776858, "median": 0.53534424305, "max": 0.834728002548, "dmean": 0.0629279911518, "dmean2": 0.0967417880893, "mean": 0.524329781532, "dvar2": 0.00913451984525, "min": 0.0613012351096}, "spectral_complexity": {"dvar": 3.44906330109, "var": 33.2525291443, "median": 10, "max": 43, "dmean": 1.4542914629, "dmean2": 2.24711108208, "mean": 9.98882865906, "dvar2": 6.64327955246, "min": 0}, "spectral_spread": {"dvar": 1194489937920.0, "var": 9141419507710.0, "median": 3209816, "max": 41080176, "dmean": 658982.8125, "dmean2": 955384.5625, "mean": 4242369.5, "dvar2": 2148932517890.0, "min": 924140.25}, "dynamic_complexity": 5.3228764534, "melbands_crest": {"dvar": 9.37797451019, "var": 36.5518760681, "median": 15.9598436356, "max": 34.4406089783, "dmean": 3.06695866585, "dmean2": 4.68348455429, "mean": 16.9706993103, "dvar2": 21.5728607178, "min": 2.32759213448}, "zerocrossingrate": {"dvar": 0.000485753931571, "var": 0.0107595380396, "median": 0.029296875, "max": 0.666015625, "dmean": 0.010587817058, "dmean2": 0.0107284225523, "mean": 0.0632922127843, "dvar2": 0.000346794200595, "min": 0.0068359375}, "spectral_energyband_low": {"dvar": 9.99529902401e-07, "var": 2.84884436041e-06, "median": 0.000236854961258, "max": 0.0337233655155, "dmean": 0.000339659396559, "dmean2": 0.000511776306666, "mean": 0.000790442572907, "dvar2": 2.31158583119e-06, "min": 1.10386947298e-22}, "melbands_kurtosis": {"dvar": 415.94644165, "var": 1310.68188477, "median": 7.99119853973, "max": 511.058959961, "dmean": 9.35746765137, "dmean2": 13.8554210663, "mean": 18.976026535, "dvar2": 853.92175293, "min": -1.9007986784}, "spectral_energyband_middle_high": {"dvar": 1.23467161757e-05, "var": 6.21849758318e-05, "median": 0.00080731860362, "max": 0.107347391546, "dmean": 0.00110044481698, "dmean2": 0.0013931147987, "mean": 0.00367738236673, "dvar2": 1.86916277016e-05, "min": 1.61177606482e-21}, "barkbands_spread": {"dvar": 83.9018936157, "var": 487.0184021, "median": 6.47798442841, "max": 147.948638916, "dmean": 4.00482273102, "dmean2": 5.99719190598, "mean": 14.2672691345, "dvar2": 176.668457031, "min": 0.0954041406512}, "mfcc": {"mean": [-752.963378906, 146.440414429, 5.46216869354, -0.4139059484, -12.6420326233, -19.6431350708, -12.357011795, -11.6594657898, -20.4912052155, -9.65675067902, -14.9988670349, -16.5547027588, -14.1243371964], "cov": [[15609.0263672, 37.6914749146, -1198.99377441, -663.619262695, -917.860107422, -814.793212891, -283.088806152, 69.2613601685, -409.941497803, 332.512359619, -351.525787354, -583.407531738, -577.307861328], [37.6914749146, 3595.83032227, -705.6171875, -13.9525299072, 135.750442505, -318.1300354, 125.975906372, -89.4042892456, -249.575286865, -60.3648452759, -72.4204177856, -117.600563049, 0.307260751724], [-1198.99377441, -705.6171875, 1242.28588867, 110.446166992, -3.72935366631, 255.032470703, -131.645782471, -91.1148681641, 85.427154541, -154.115875244, 39.9788551331, 136.220687866, 74.9292755127], [-663.619262695, -13.9525299072, 110.446166992, 432.508514404, 129.083312988, -0.492479979992, -66.4899902344, -0.371377468109, 43.8687171936, -61.6295852661, -0.0182777885348, 57.2905578613, 65.1147460938], [-917.860107422, 135.750442505, -3.72935366631, 129.083312988, 349.639831543, 58.3818893433, -29.8384590149, 16.4219036102, 64.5245437622, -46.9895477295, 19.2078418732, 44.7582855225, 49.1371307373], [-814.793212891, -318.1300354, 255.032470703, -0.492479979992, 58.3818893433, 277.934020996, 35.1630210876, -33.410446167, 75.9750289917, -31.0294837952, 38.8582038879, 54.4310951233, 23.6888370514], [-283.088806152, 125.975906372, -131.645782471, -66.4899902344, -29.8384590149, 35.1630210876, 273.253967285, 46.9200782776, -40.6849708557, 73.514289856, 7.7481918335, -16.8556938171, -2.76259303093], [69.2613601685, -89.4042892456, -91.1148681641, -0.371377468109, 16.4219036102, -33.410446167, 46.9200782776, 157.733032227, 2.66921854019, 22.7250499725, 3.17599630356, -14.4676980972, 12.7493095398], [-409.941497803, -249.575286865, 85.427154541, 43.8687171936, 64.5245437622, 75.9750289917, -40.6849708557, 2.66921