{"tonal": {"chords_key": "F", "hpcp_entropy": {"dmean": 0.633177638054, "dmean2": 1.0658468008, "max": 4.3802075386, "dvar": 0.251844584942, "mean": 2.31320762634, "dvar2": 0.722940921783, "min": 0, "var": 0.57738161087, "median": 2.36004543304}, "key_key": "F", "chords_strength": {"dmean": 0.0112111689523, "dmean2": 0.0129114845768, "max": 0.672430336475, "dvar": 0.000510749756359, "mean": 0.403882533312, "dvar2": 0.000907614594325, "min": -1, "var": 0.0239702891558, "median": 0.412550121546}, "key_scale": "minor", "chords_number_rate": 0.00315813207999, "thpcp": [1, 0.792473018169, 0.433837234974, 0.312547594309, 0.223728656769, 0.176090121269, 0.198874235153, 0.253558307886, 0.258408069611, 0.242516875267, 0.245334967971, 0.267320126295, 0.300692170858, 0.268492102623, 0.184139460325, 0.139178544283, 0.129507005215, 0.244141563773, 0.478454589844, 0.452745765448, 0.29828736186, 0.35042116046, 0.42988166213, 0.361321896315, 0.261480271816, 0.23990149796, 0.2031480968, 0.15445818007, 0.129619464278, 0.110754601657, 0.155104994774, 0.185146600008, 0.130633786321, 0.126764401793, 0.164604589343, 0.547902822495], "key_strength": 0.56455796957, "tuning_nontempered_energy_ratio": 0.840536117554, "tuning_frequency": 434.193115234, "chords_changes_rate": 0.084141664207, "tuning_diatonic_strength": 0.309657871723, "chords_scale": "major", "chords_histogram": [8.09835338593, 4.01533937454, 5.52673149109, 0, 0, 0.586510241032, 8.61718940735, 22.264831543, 0.225580871105, 1.06023013592, 2.23325061798, 0.135348528624, 3.47394537926, 0.0902323499322, 0.721858799458, 1.96255362034, 0.609068334103, 5.07556962967, 1.06023013592, 15.294383049, 0.022558087483, 0, 2.16557645798, 16.7606582642], "tuning_equal_tempered_deviation": 0.258282840252, "hpcp": {"dmean": [0.143123030663, 0.124180778861, 0.096335016191, 0.0802686586976, 0.0739252641797, 0.10571230948, 0.146405443549, 0.147182255983, 0.13657605648, 0.16461789608, 0.164294838905, 0.165370225906, 0.138499885798, 0.112726867199, 0.0862515047193, 0.0708704441786, 0.0616841167212, 0.0521376058459, 0.0626910254359, 0.0713287964463, 0.0572601258755, 0.061978302896, 0.0792236253619, 0.160891637206, 0.253397941589, 0.2148334831, 0.173450961709, 0.144092574716, 0.112369284034, 0.0916947200894, 0.107540413737, 0.130043238401, 0.130647137761, 0.132068619132, 0.130952477455, 0.135868862271], "dmean2": [0.254630804062, 0.221354931593, 0.171518549323, 0.146628662944, 0.132774606347, 0.183320358396, 0.24734210968, 0.253126710653, 0.241382986307, 0.293061345816, 0.289311647415, 0.291500389576, 0.247808516026, 0.196394026279, 0.149552807212, 0.12421066314, 0.111480340362, 0.093540020287, 0.108419798315, 0.121577404439, 0.100895963609, 0.109770461917, 0.140175163746, 0.282556593418, 0.451807290316, 0.375404655933, 0.297354847193, 0.25691306591, 0.200973525643, 0.16287522018, 0.194781288505, 0.233966246247, 0.233827218413, 0.240504577756, 0.236444294453, 0.244926631451], "max": [1, 1, 1, 1, 1, 1, 1, 1, 1, 1, 1, 1, 1, 1, 1, 1, 1, 1, 1, 1, 1, 1, 1, 1, 1, 1, 1, 1, 1, 1, 1, 1, 1, 1, 1, 1], "dvar": [0.0505254752934, 0.0434311293066, 0.0353011898696, 0.0347970165312, 0.027536990121, 0.0298961028457, 0.0432087779045, 0.040417548269, 0.0420424230397, 0.0546982400119, 0.053761202842, 0.051048707217, 0.0410674214363, 0.0348329916596, 0.0264815203846, 0.0219549648464, 0.0195912178606, 0.015908755362, 0.0153118055314, 0.0168909132481, 0.0126111619174, 0.0174242332578, 0.0231330301613, 0.0397640652955, 0.095671184361, 0.052875161171, 0.0496056005359, 0.0466168560088, 0.0354697443545, 0.0272207930684, 0.0407258570194, 0.048487637192, 0.0454949773848, 0.0504533387721, 0.0471039488912, 0.048710051924], "mean": [0.138072282076, 0.123286597431, 0.0845534279943, 0.0639082118869, 0.0594672225416, 0.112105287611, 0.219697490335, 0.207892477512, 0.136968031526, 0.160906910896, 0.19739370048, 0.165912330151, 0.120066903532, 0.110158324242, 0.0932818427682, 0.070924334228, 0.0595188550651, 0.0508564636111, 0.071221344173, 0.0850158929825, 0.0599846169353, 0.0582078695297, 0.075583383441, 0.251586824656, 0.45918148756, 0.363888949156, 0.199210032821, 0.14351606369, 0.102732054889, 0.08085732162, 0.0913193672895, 0.116429276764, 0.1186561957, 0.111359260976, 0.112653277814, 0.122748456895], "dvar2": [0.133711770177, 0.113889865577, 0.095629863441, 0.0946747660637, 0.0763127803802, 0.0813806205988, 0.108658708632, 0.104029767215, 0.11204560101, 0.149533733726, 0.14363501966, 0.139887586236, 0.111662566662, 0.093523517251, 0.0663032084703, 0.0584584623575, 0.0539592057467, 0.0446753911674, 0.0410412289202, 0.0432643815875, 0.0351145863533, 0.0488043278456, 0.064569413662, 0.102364383638, 0.221578106284, 0.135780438781, 0.129524707794, 0.126600116491, 0.0986334532499, 0.0750604569912, 0.111812762916, 0.135014891624, 0.124707937241, 0.139222949743, 0.128066927195, 0.132725909352], "min": [0, 0, 0, 0, 0, 0, 0, 0, 0, 0, 0, 0, 0, 0, 0, 0, 0, 0, 0, 0, 0, 0, 0, 0, 0, 0, 0, 0, 0, 0, 0, 0, 0, 0, 0, 0], "var": [0.0546351075172, 0.0490463785827, 0.0307937674224, 0.0274782180786, 0.0220105275512, 0.0349027886987, 0.0887770503759, 0.076093159616, 0.0490796081722, 0.0626351386309, 0.083999440074, 0.0631346404552, 0.0395970717072, 0.0404636897147, 0.0342748425901, 0.0236116852611, 0.0194079987705, 0.0155223514885, 0.017276134342, 0.0229016728699, 0.0115443598479, 0.015313828364, 0.0225474126637, 0.0582310631871, 0.167040392756, 0.0908095911145, 0.0696299895644, 0.0502622313797, 0.0342729054391, 0.024526424706, 0.0370519682765, 0.0454274751246, 0.0421905741096, 0.0439043566585, 0.0456576235592, 0.0499230511487], "median": [0.0336911566556, 0.029580866918, 0.0185161586851, 0.00992985442281, 0.00963384564966, 0.0313777290285, 0.077827103436, 0.0775503516197, 0.0443714037538, 0.0468758568168, 0.0556287541986, 0.0447849743068, 0.0348547026515, 0.0287659168243, 0.0237801373005, 0.0176962725818, 0.01548372861, 0.0128874881193, 0.0241527594626, 0.0296049788594, 0.0235931109637, 0.0176345892251, 0.0226389337331, 0.155930504203, 0.316335350275, 0.335475564003, 0.077084325254, 0.0497725531459, 0.0290259942412, 0.0205112360418, 0.0183335822076, 0.0289870947599, 0.0332140959799, 0.0271159484982, 0.0216773357242, 0.0290326941758]}}, "lowlevel": {"melbands_flatness_db": {"dmean": 0.0383832417428, "dmean2": 0.0586249828339, "max": 0.568454086781, "dvar": 0.00110877666157, "mean": 0.282429486513, "dvar2": 0.0024611284025, "min": 0.00128225737717, "var": 0.00545606343076, "median": 0.283660888672}, "melbands_crest": {"dmean": 3.82604432106, "dmean2": 6.20124483109, "max": 38.9925384521, "dvar": 12.4393024445, "mean": 17.3375072479, "dvar2": 31.9029178619, "min": 1.59792864323, "var": 53.022693634, "median": 15.894780159}, "spectral_entropy": {"dmean": 0.2494648844, "dmean2": 0.381872564554, "max": 9.82168388367, "dvar": 0.0505669228733, "mean": 7.30145692825, "dvar2": 0.116027474403, "min": 5.16716957092, "var": 0.25759485364, "median": 7.32023715973}, "melbands": {"dmean": [0.00463978433982, 0.00146037677769, 0.000802675785962, 0.000553463643882, 0.000347730470821, 0.000225271927775, 0.000270291464403, 0.000380090816179, 0.000123777892441, 0.00012169888214, 9.11241149879e-05, 3.79992525268e-05, 2.57856299868e-05, 2.33415175899e-05, 1.69623581314e-05, 1.2862407857e-05, 1.09902903205e-05, 1.12909410745e-05, 6.70194685881e-06, 4.32668139183e-06, 2.99405405713e-06, 3.15731813316e-06, 3.69827898794e-06, 4.47507636636e-06, 4.49528943136e-06, 5.18854085385e-06, 4.31860235039e-06, 3.05426556224e-06, 1.63699223776e-06, 1.40451459174e-06, 1.44551324865e-06, 1.05051435639e-06, 7.00735654391e-07, 4.05860873798e-07, 2.30569426662e-07, 1.46194437889e-07, 7.04877081148e-08, 4.25923580849e-08, 3.30592229147e-08, 2.73261200334e-08], "dmean2": [0.00752604473382, 0.00237859738991, 0.0012513268739, 0.000885114714038, 0.000537640065886, 0.000367253407603, 0.000421789794927, 0.000586894049775, 0.000196976441657, 0.000191414466826, 0.000145199956023, 6.23444502708e-05, 4.21332879341e-05, 3.8991067413e-05, 2.79426021734e-05, 2.09032496059e-05, 1.76741104951e-05, 1.85122244147e-05, 1.07935920823e-05, 7.22407867215e-06, 4.95732092531e-06, 5.29409180672e-06, 6.01208967055e-06, 7.21990272723e-06, 6.70621875543e-06, 7.6350515883e-06, 6.17530167801e-06, 4.53886195828e-06, 2.54346355177e-06, 2.17477281694e-06, 2.19472804019e-06, 1.63352865457e-06, 1.10649227736e-06, 6.37548339455e-07, 3.60035954827e-07, 2.29499761417e-07, 1.14628790016e-07, 7.15813897045e-08, 5.56704051746e-08, 4.57756819117e-08], "max": [0.142136007547, 0.0363360829651, 0.05059530586, 0.0240793600678, 0.0240527279675, 0.0114390011877, 0.010526670143, 0.0127066131681, 0.0148226562887, 0.00557240331545, 0.00490199401975, 0.0021340760868, 0.000847324554343, 0.000749963626731, 0.000540266919415, 0.000449832703453, 0.00138710590545, 0.00130264856853, 0.000378218566766, 0.000279792497167, 0.000167179910932, 0.000198776222533, 0.0003238588979, 0.000442191958427, 0.00046765449224, 0.000681096629705, 0.000534206221346, 0.000494014180731, 0.000125633960124, 0.000139285635669, 0.000194394931896, 7.24826822989e-05, 3.89917950088e-05, 1.80898096005e-05, 7.6500546129e-06, 4.33212926509e-06, 1.61838977419e-06, 1.00578120055e-06, 9.04998955775e-07, 8.11003530998e-07], "dvar": [0.000114149763249, 6.72883334119e-06, 2.1939031285e-06, 1.59431306201e-06, 1.0115115856e-06, 3.03858030293e-07, 2.90343592724e-07, 7.2422528774e-07, 1.14731498968e-07, 8.05638151746e-08, 4.57753870364e-08, 5.67369884408e-09, 1.8280755798e-09, 1.75180481232e-09, 8.31106738985e-10, 5.1897758313e-10, 6.70726030272e-10, 7.81181286325e-10, 1.69085329071e-10, 6.75943190309e-11, 3.11246549367e-11, 4.55764696816e-11, 8.82813822045e-11, 1.94658608677e-10, 2.3795709847e-10, 5.39992273119e-10, 3.4124642001e-10, 1.39714809166e-10, 1.93225054013e-11, 1.55424215165e-11, 1.68443401588e-11, 8.85293401087e-12, 3.16065489753e-12, 8.01049710505e-13, 2.16898520628e-13, 8.29082963849e-14, 1.702732058e-14, 7.16954690468e-15, 4.80564650844e-15, 3.44454905374e-15], "mean": [0.00875840894878, 0.00259537622333, 0.00138995435555, 0.000812589598354, 0.000466536585009, 0.000322228559526, 0.000485866446979, 0.000745712604839, 0.000222854272579, 0.000207139179111, 0.000140858988743, 5.86385103816e-05, 4.41389165644e-05, 3.55464180757e-05, 2.66554488917e-05, 2.08231303986e-05, 1.67731341207e-05, 1.84583695955e-05, 1.12108473331e-05, 7.10589711161e-06, 4.75371734865e-06, 4.28502244176e-06, 5.87120939599e-06, 6.49470484859e-06, 6.90878869136e-06, 7.78093999543e-06, 6.50727179163e-06, 4.46031981483e-06, 2.31990384236e-06, 1.88234582765e-06, 2.0217285055e-06, 1.45098169924e-06, 9.27879625578e-07, 5.18309775543e-07, 2.84597206246e-07, 1.76555403186e-07, 7.6375975766e-08, 4.12719352028e-08, 3.22453104218e-08, 2.70981654893e-08], "dvar2": [0.000286516558845, 1.79548260348e-05, 4.92205390401e-06, 3.86164629163e-06, 2.15618456423e-06, 8.12739870071e-07, 7.03513705957e-07, 1.74457443336e-06, 2.31059402722e-07, 1.97074726316e-07, 1.19611513583e-07, 1.42037928086e-08, 4.78881334587e-09, 4.56041382435e-09, 2.18721463163e-09, 1.33638711208e-09, 1.57382717969e-09, 2.0914396881e-09, 4.37755803828e-10, 1.78103226611e-10, 8.15300188473e-11, 1.13805513624e-10, 1.95772217881e-10, 4.57851451197e-10, 4.96010232887e-10, 1.12787379436e-09, 6.50121623202e-10, 2.87852297554e-10, 3.95913787865e-11, 3.49342360595e-11, 3.26750640434e-11, 2.0468134132e-11, 7.69362785286e-12, 1.86539802702e-12, 5.06066542838e-13, 1.99100881181e-13, 4.20545929081e-14, 1.86068320446e-14, 1.24857535335e-14, 8.90980235283e-15], "min": [1.00262574306e-24, 1.12626361692e-24, 1.67675619734e-24, 9.98692975629e-25, 7.24347367354e-25, 1.69232870604e-24, 2.31843340702e-24, 1.91932362874e-24, 2.34218896711e-24, 2.07264505655e-24, 1.77413200419e-24, 1.07182274813e-24, 1.89466502013e-24, 2.43114940303e-24, 2.47922337546e-24, 2.16277497877e-24, 2.67705588542e-24, 2.51999289033e-24, 3.18860634726e-24, 3.04525000762e-24, 3.86121104594e-24, 4.87521245909e-24, 4.56469156324e-24, 3.82461342197e-24, 4.10696764476e-24, 4.51280897037e-24, 4.55218456802e-24, 5.23694738819e-24, 3.19594472583e-24, 4.50991661186e-24, 4.49113659472e-24, 4.36113981172e-24, 6.16794012372e-24, 4.53048734325e-24, 4.70488555673e-24, 5.82874689498e-24, 5.89392100525e-24, 5.6719651288e-24, 6.41039376192e-24, 6.37901721385e-24], "var": [0.000306733243633, 1.45890708154e-05, 4.89520107294e-06, 2.73730302069e-06, 1.93119058167e-06, 4.79245215956e-07, 7.12782593837e-07, 2.23556912715e-06, 3.47047034666e-07, 1.56135570251e-07, 8.51509582844e-08, 9.88585302508e-09, 3.18140980227e-09, 3.16345016849e-09, 1.39719402714e-09, 9.34410437914e-10, 1.12426368215e-09, 1.54766288674e-09, 3.8832592697e-10, 1.11988036899e-10, 5.20799410542e-11, 7.97064636515e-11, 2.31035898746e-10, 4.16550932636e-10, 6.12791095644e-10, 1.19518916986e-09, 8.40921665635e-10, 3.46392081685e-10, 4.5579810759e-11, 3.00044017409e-11, 4.13092893226e-11, 1.55726577467e-11, 4.58326605834e-12, 1.16213755199e-12, 2.85024906238e-13, 9.44407245007e-14, 1.90861900123e-14, 7.31442850217e-15, 4.89653822588e-15, 3.55912317711e-15], "median": [0.00137616903521, 0.00105786020868, 0.000641659076791, 0.000254481623415, 9.22711114981e-05, 9.34196577873e-05, 0.000124583006254, 0.000117524876259, 8.97207937669e-05, 7.26808648324e-05, 3.12102565658e-05, 2.56640378211e-05, 2.62253033725e-05, 1.5548981537e-05, 1.23424979392e-05, 9.72862744675e-06, 7.39995630283e-06, 7.23901803212e-06, 5.47637318959e-06, 4.12047529608e-06, 2.63650599663e-06, 2.02525666282e-06, 2.7159394449e-06, 1.5794664705e-06, 1.15329271466e-06, 1.06003267319e-06, 9.99595158646e-07, 8.21168896437e-07, 6.85805844114e-07, 5.46989440409e-07, 4.8314484502e-07, 3.96899906718e-07, 2.79619371213e-07, 1.59454316417e-07, 9.66923749957e-08, 6.75357938462e-08, 2.4488880257e-08, 9.84042358709e-09, 7.63897212153e-09, 6.75052813648e-09]}, "silence_rate_60dB": {"dmean": 0.0214374363422, "dmean2": 0.0428797118366, "max": 1, "dvar": 0.0209762267768, "mean": 0.153316780925, "dvar2": 0.0459993705153, "min": 0, "var": 0.129804000258, "median": 0}, "spectral_energyband_middle_high": {"dmean": 0.000944028899539, "dmean2": 0.00143313093577, "max": 0.0313640981913, "dvar": 2.15752061195e-06, "mean": 0.00221291999333, "dvar2": 4.7263547458e-06, "min": 1.19475869433e-21, "var": 6.9488387453e-06, "median": 0.00141904037446}, "erbbands_skewness": {"dmean": 0.430167794228, "dmean2": 0.648899197578, "max": 7.60459709167, "dvar": 0.20568343997, "mean": 0.700466215611, "dvar2": 0.415493637323, "min": -5.18757343292, "var": 1.198751688, "median": 0.67268717289}, "dynamic_complexity": 5.46728658676, "dissonance": {"dmean": 0.0258049536496, "dmean2": 0.0431527681649, "max": 0.500000059605, "dvar": 0.000670918729156, "mean": 0.451169073582, "dvar2": 0.00179047160782, "min": 0.186968952417, "var": 0.00164302310441, "median": 0.462272763252}, "spectral_skewness": {"dmean": 0.403329819441, "dmean2": 0.613809049129, "max": 7.10575342178, "dvar": 0.160898253322, "mean": 2.68486785889, "dvar2": 0.376834511757, "min": -0.0853075310588, "var": 0.690418183804, "median": 2.6101500988}, "spectral_kurtosis": {"dmean": 4.16167545319, "dmean2": 6.49137163162, "max": 74.4174118042, "dvar": 20.3567619324, "mean": 15.2964305878, "dvar2": 51.1635246277, "min": -1.25601387024, "var": 53.3710403442, "median": 13.849606514}, "gfcc": {"cov": [[32236.25, 1411.96936035, -2178.39990234, 870.901550293, -131.005493164, -766.259521484, 609.835998535, 2.81234478951, 880.567871094, 470.280914307, -71.0421829224, 57.0307884216, -278.322052002], [1411.96936035, 836.545471191, 30.6466026306, -253.556381226, -18.0234107971, 15.5632162094, -41.1223869324, 5.64053869247, 81.9512405396, 21.8602256775, -9.82036113739, -50.4107704163, 69.5491867065], [-2178.39990234, 30.6466026306, 441.453216553, -68.400062561, -42.3642234802, 180.923156738, -114.921043396, 98.6398849487, -83.9149093628, 11.9084711075, 20.9610080719, -4.45200824738, 79.9036407471], [870.901550293, -253.556381226, -68.400062561, 429.437957764, 135.24508667, -75.1297073364, 106.731971741, -77.1084594727, -16.4867324829, -27.8180541992, 2.13542771339, 63.4310112, -80.640296936], [-131.005493164, -18.0234107971, -42.3642234802, 135.24508667, 243.893890381, 63.0952987671, 69.0461273193, -36.3243789673, -5.21195411682, -24.8271751404, 33.6989593506, 30.218957901, -22.2628955841], [-766.259521484, 15.5632162094, 180.923156738, -75.1297073364, 63.0952987671, 259.693725586, -64.1109542847, 82.3047790527, -65.2301330566, 13.2947702408, 28.7103824615, 7.06451797485, 56.0558738708], [609.835998535, -41.1223869324, -114.921043396, 106.731971741, 69.0461273193, -64.1109542847, 228.344909668, -8.99907207489, 106.949645996, 13.7346000671, 10.6942653656, 29.3091583252, -32.962928772], [2.81234478951, 5.64053869247, 98.6398849487, -77.1084594727, -36.3243789673, 82.3047790527, -8.99907207489, 210.047103882, 79.169708252, 87.3821792603, 25.3258781433, -29.7746944427, 58.6168403625], [880.567871094, 81.9512405396, -83.9149093628, -16.4867324829, -5.21195411682, -65.2301330566, 106.949645996, 79.169708252, 224.845367432, 110.137214661, 7.75244235992, -4.26807498932, 1.85886192322], [470.280914307, 21.8602256775, 11.9084711075, -27.8180541992, -24.8271751404, 13.2947702408, 13.7346000671, 87.3821792603, 110.137214661, 129.722213745, 40.0082702637, -5.06839752197, 32.8250007629], [-71.0421829224, -9.82036113739, 20.9610080719, 2.13542771339, 33.6989593506, 28.7103824615, 10.6942653656, 25.3258781433, 7.75244235992, 40.0082702637, 78.5741577148, 34.9936218262, 9.97326183319], [57.0307884216, -50.4107704163, -4.45200824738, 63.4310112, 30.218957901, 7.06451797485, 29.3091583252, -29.7746944427, -4.26807498932, -5.06839752197, 34.9936218262, 77.084777832, 9.73338127136], [-278.322052002, 69.5491867065, 79.9036407471, -80.640296936, -22.2628955841, 56.0558738708, -32.962928772, 58.6168403625, 1.85886192322, 32.8250007629, 9.97326183319, 9.73338127136, 101.716239929]], "mean": [-58.4511413574, 105.009536743, -74.8151168823, 1.71971476078, -23.8069629669, -15.3400373459, 5.39590740204, -14.6015748978, 0.398457616568, -6.02260923386, -8.3622636795, -4.3874502182, -11.674706459], "icov": [[0.000116194372822, -0.000417068105889, 0.000788128410932, -0.000608517322689, 0.000525640323758, -0.000357998826075, 1.74472424987e-05, -0.000325978558976, 0.000159998322488, -0.000427474209573, 0.000150229796418, -0.000224548202823, 0.000149197148858], [-0.000417068105889, 0.00331597775221, -0.00304972357117, 0.00281723076478, -0.00210538390093, 0.00106435408816, 0.000408801657613, 0.00258812261745, -0.00273475167342, 0.00309376884252, -0.00183745077811, 0.00272053200752, -0.00221427786164], [0.000788128410932, -0.00304972357117, 0.00957273691893, -0.00559094455093, 0.00561045622453, -0.00538316462189, 0.0010174108902, -0.00272405217402, 0.000825528928544, -0.00110730738379, -0.00117777520791, 8.58075945871e-05, -0.0011669092346], [-0.000608517322689, 0.00281723076478, -0.00559094455093, 0.0101466747001, -0.00798755511642, 0.00637383572757, -0.00190373067744, -0.000735419045668, 0.00483874231577, -0.0049614305608, 0.0073330802843, -0.00739782769233, 0.00489245122299], [0.000525640323758, -0.00210538390093, 0.00561045622453, -0.00798755511642, 0.0131203960627, -0.00873059034348, -0.000206976605114, 0.00261723296717, -0.00580482697114, 0.00710387015715, -0.0100381178781, 0.00703824684024, -0.00362984905951], [-0.000357998826075, 0.00106435408816, -0.00538316462189, 0.00637383572757, -0.00873059034348, 0.0128080854192, -0.00068678118987, -0.00472491979599, 0.0079330932349, -0.00692188972607, 0.00754198757932, -0.00775328790769, 0.00319669162855], [1.74472424987e-05, 0.000408801657613, 0.0010174108902, -0.00190373067744, -0.000206976605114, -0.00068678118987, 0.0085322977975, 0.000619563797954, -0.00689776660874, 0.0052567073144, -0.00330766872503, 0.000623743108008, -0.00110481434967], [-0.000325978558976, 0.00258812261745, -0.00272405217402, -0.000735419045668, 0.00261723296717, -0.00472491979599, 0.000619563797954, 0.0144451064989, -0.00957241561264, 0.0056870081462, -0.0098492866382, 0.012449927628, -0.007937585935], [0.000159998322488, -0.00273475167342, 0.000825528928544, 0.00483874231577, -0.00580482697114, 0.0079330932349, -0.00689776660874, -0.00957241561264, 0.0249887481332, -0.023857107386, 0.0181887634099, -0.0150762032717, 0.01003547851], [-0.000427474209573, 0.00309376884252, -0.00110730738379, -0.0049614305608, 0.00710387015715, -0.00692188972607, 0.0052567073144, 0.0056870081462, -0.023857107386, 0.0381323285401, -0.0265997443348, 0.0193933304399, -0.0136703215539], [0.000150229796418, -0.00183745077811, -0.00117777520791, 0.0073330802843, -0.0100381178781, 0.00754198757932, -0.00330766872503, -0.0098492866382, 0.0181887634099, -0.0265997443348, 0.0401501022279, -0.0274027734995, 0.0135939894244], [-0.000224548202823, 0.00272053200752, 8.58075945871e-05, -0.00739782769233, 0.00703824684024, -0.00775328790769, 0.000623743108008, 0.012449927628, -0.0150762032717, 0.0193933304399, -0.0274027734995, 0.0385031178594, -0.0165466666222], [0.000149197148858, -0.00221427786164, -0.0011669092346, 0.00489245122299, -0.00362984905951, 0.00319669162855, -0.00110481434967, -0.007937585935, 0.01003547851, -0.0136703215539, 0.0135939894244, -0.0165466666222, 0.0226876400411]]}, "spectral_complexity": {"dmean": 3.12264466286, "dmean2": 4.76213026047, "max": 54, "dvar": 12.3233547211, "mean": 13.3603343964, "dvar2": 26.0272827148, "min": 0, "var": 70.2647781372, "median": 13}, "spectral_flux": {"dmean": 0.0281238500029, "dmean2": 0.0441417209804, "max": 0.580675244331, "dvar": 0.00134639965836, "mean": 0.0999380797148, "dvar2": 0.00332392496057, "min": 6.30002300328e-11, "var": 0.00507930759341, "median": 0.0924799442291}, "spectral_energyband_low": {"dmean": 0.0163402482867, "dmean2": 0.0264006536454, "max": 0.458647340536, "dvar": 0.00119268917479, "mean": 0.0335869975388, "dvar2": 0.00298783415928, "min": 1.04074537555e-23, "var": 0.00329740298912, "median": 0.00943812541664}, "spectral_decrease": {"dmean": 5.16437426157e-09, "dmean2": 8.1304483146e-09, "max": 5.37982813853e-09, "dvar": 8.78743015298e-17, "mean": -1.20391669967e-08, "dvar2": 2.1679981662e-16, "min": -1.33038753347e-07, "var": 2.76048196329e-16, "median": -5.65058311253e-09}, "barkbands_spread": {"dmean": 5.29533290863, "dmean2": 8.17323875427, "max": 92.408821106, "dvar": 55.2106895447, "mean": 14.5531358719, "dvar2": 116.814582825, "min": 0.535023748875, "var": 151.575180054, "median": 11.191570282}, "spectral_rms": {"dmean": 0.00108460267074, "dmean2": 0.00161826994736, "max": 0.0225566457957, "dvar": 1.89472473267e-06, "mean": 0.00620419392362, "dvar2": 4.185891612e-06, "min": 3.0989165227e-12, "var": 1.78659247467e-05, "median": 0.00569724896923}, "spectral_centroid": {"dmean": 210.256881714, "dmean2": 313.371490479, "max": 11706.4619141, "dvar": 108718.335938, "mean": 957.785217285, "dvar2": 185602.203125, "min": 189.259506226, "var": 1718632.25, "median": 644.994567871}, "barkbands_skewness": {"dmean": 0.781854331493, "dmean2": 1.20824956894, "max": 15.6443395615, "dvar": 0.709168672562, "mean": 2.69251728058, "dvar2": 1.52277863026, "min": -2.32434988022, "var": 3.57836484909, "median": 2.47185707092}, "spectral_rolloff": {"dmean": 4285.68115234, "dmean2": 8266.36816406, "max": 22028.4667969, "dvar": 60087364, "mean": 10720.1425781, "dvar2": 144578368, "min": 43.06640625, "var": 103640112, "median": 4995.703125}, "erbbands_spread": {"dmean": 7.48372268677, "dmean2": 11.7476930618, "max": 108.732322693, "dvar": 66.6645965576, "mean": 29.1233673096, "dvar2": 149.757293701, "min": 0.749092698097, "var": 239.572677612, "median": 27.0544586182}, "barkbands": {"dmean": [0.00518193095922, 0.0126479724422, 0.00218778429553, 0.00169336469844, 0.00256086350419, 0.00115066615399, 0.00195522652939, 0.000838181818835, 0.000912212359253, 0.000390348141082, 0.000190832302906, 0.000202362731216, 0.000132723507704, 0.0001154682177, 0.000107584484795, 5.44073227502e-05, 5.52676610823e-05, 8.76631456777e-05, 0.000122486060718, 9.92609348032e-05, 5.76633538003e-05, 4.37091330241e-05, 1.50754322021e-05, 4.65340190203e-06, 2.96734560834e-06, 8.7524213086e-06, 0.000110967594082], "dmean2": [0.00830321572721, 0.0204692296684, 0.00362939434126, 0.00264750979841, 0.00405087554827, 0.00186408113223, 0.00303167430684, 0.00131496042013, 0.0014331737766, 0.000641697493847, 0.000311823212542, 0.000337430858053, 0.000216015294427, 0.000186211880646, 0.000174943837919, 9.06160785235e-05, 9.2244015832e-05, 0.000140049887705, 0.000176653047674, 0.000144169505802, 8.58867861098e-05, 6.74823895679e-05, 2.34792114497e-05, 7.55375367589e-06, 4.96421080243e-06, 1.35483433041e-05, 0.000168921411387], "max": [0.236257642508, 0.376519411802, 0.0592651441693, 0.124987930059, 0.0999753251672, 0.052311770618, 0.0621563903987, 0.0767584815621, 0.0406730659306, 0.021566580981, 0.00548299774528, 0.00623000552878, 0.00401981407776, 0.0134004568681, 0.00852144137025, 0.00293891504407, 0.00310500874184, 0.0079088062048, 0.0129543822259, 0.0151407243684, 0.00485395174474, 0.00237593217753, 0.000451539555797, 9.0304070909e-05, 8.84477631189e-05, 0.000215841675526, 0.00342876580544], "dvar": [0.000161633492098, 0.00079664925579, 1.35395894176e-05, 1.19218339023e-05, 3.28345195157e-05, 7.36275296731e-06, 1.54889803525e-05, 4.30065074397e-06, 4.07385186918e-06, 7.90925980709e-07, 1.02533121549e-07, 1.24762195242e-07, 5.27857331178e-08, 8.06737787684e-08, 4.40827463422e-08, 9.78904601823e-09, 1.37087088348e-08, 6.45385540565e-08, 2.38556168597e-07, 1.44248858192e-07, 2.19942482005e-08, 1.2915481129e-08, 9.28390808674e-10, 6.89286752675e-11, 4.05712581586e-11, 3.03220587528e-10, 3.99374400217e-08], "mean": [0.00770389381796, 0.0237903669477, 0.00327081023715, 0.00257128220983, 0.00378310633823, 0.00164290389512, 0.00372334988788, 0.00141696713399, 0.00158109108452, 0.000559985055588, 0.000307810521917, 0.000309864728479, 0.000218244138523, 0.000180677147, 0.000181262541446, 8.94945551408e-05, 8.06062016636e-05, 0.000131223074277, 0.000193083309568, 0.000153455941472, 8.35906976135e-05, 6.1283375544e-05, 1.92506013263e-05, 5.13759323439e-06, 2.96748225992e-06, 1.10003475129e-05, 0.000200700524147], "dvar2": [0.000399957265472, 0.00200929073617, 3.48600915459e-05, 2.72238376056e-05, 7.68095560488e-05, 1.92759798665e-05, 3.68432156392e-05, 9.25399854168e-06, 1.00135621324e-05, 2.06356844501e-06, 2.67263800424e-07, 3.25406347201e-07, 1.35630756404e-07, 1.92718047742e-07, 1.15231252096e-07, 2.61599506501e-08, 3.43686075155e-08, 1.45431499732e-07, 4.73780772836e-07, 2.69799613761e-07, 4.42665104572e-08, 2.95186364241e-08, 2.13081086109e-09, 1.70775948938e-10, 1.04822220348e-10, 6.9693822935e-10, 8.95025138448e-08], "min": [2.83055175011e-25, 3.11940727144e-24, 1.37996759492e-24, 1.24956918311e-24, 7.41108393615e-24, 7.31154862257e-24, 7.37221991479e-24, 1.55288541231e-24, 1.26296078723e-23, 8.3856458539e-24, 1.43690035698e-23, 2.25932729372e-23, 3.18973351117e-23, 3.75035013524e-23, 4.08192036439e-23, 6.73168647454e-23, 6.97806414355e-23, 8.36790011229e-23, 1.25753137317e-22, 1.88331276739e-22, 2.41711979582e-22, 2.69211872687e-22, 3.80867396673e-22, 5.43186344783e-22, 8.87913360194e-22, 1.30465941301e-21, 1.98779074261e-21], "var": [0.000306443806039, 0.00219862652011, 2.65728667728e-05, 2.26318406931e-05, 6.19143829681e-05, 1.19782207548e-05, 4.75342094433e-05, 1.189861905e-05, 8.26280211186e-06, 1.24742348362e-06, 1.72265998799e-07, 2.23377384145e-07, 1.00532304259e-07, 1.48386789078e-07, 1.01186955703e-07, 1.72628311645e-08, 2.58878252168e-08, 1.57274911317e-07, 6.14323596437e-07, 3.97894922344e-07, 5.39658948639e-08, 2.33498891333e-08, 1.29880550759e-09, 8.07730340946e-11, 4.21787951788e-11, 3.74201697406e-10, 7.99225929882e-08], "median": [0.000738815870136, 0.00412969477475, 0.00145805813372, 0.000945616862737, 0.00110657559708, 0.000458613416413, 0.000718824914657, 0.000342991406797, 0.00058880407596, 0.000198300404008, 0.000169759601704, 0.000132382512675, 0.000101915808045, 8.19781998871e-05, 8.25327078928e-05, 5.11878970428e-05, 4.1885083192e-05, 3.40570986737e-05, 2.9684686524e-05, 2.78646475635e-05, 2.51117307926e-05, 1.81660689123e-05, 6.75351793689e-06, 1.71531223714e-06, 7.55192104407e-07, 4.10686516261e-06, 0.000113657835755]}, "melbands_kurtosis": {"dmean": 10.7708463669, "dmean2": 17.3133850098, "max": 1281.90881348, "dvar": 552.621704102, "mean": 20.7632598877, "dvar2": 1231.43054199, "min": -1.93321084976, "var": 1814.63330078, "median": 9.94284915924}, "erbbands_crest": {"dmean": 2.89558434486, "dmean2": 4.59867048264, "max": 32.886138916, "dvar": 7.94705057144, "mean": 10.4435319901, "dvar2": 19.0420875549, "min": 2.41900348663, "var": 32.8438262939, "median": 8.70853996277}, "melbands_skewness": {"dmean": 0.898618876934, "dmean2": 1.3965485096, "max": 28.4197101593, "dvar": 0.983856499195, "mean": 2.95942473412, "dvar2": 2.14001703262, "min": -2.60469841957, "var": 5.40841388702, "median": 2.59101819992}, "spectral_energyband_middle_low": {"dmean": 0.00604566512629, "dmean2": 0.00909244362265, "max": 0.20131598413, "dvar": 8.85673580342e-05, "mean": 0.0149322468787, "dvar2": 0.000200351219974, "min": 1.59019641504e-22, "var": 0.000294097408187, "median": 0.00927699636668}, "spectral_contrast_coeffs": {"dmean": [0.0519526898861, 0.047184035182, 0.0365988574922, 0.0270420294255, 0.0236066412181, 0.0503391884267], "dmean2": [0.0849259123206, 0.0778132230043, 0.0602221600711, 0.045275118202, 0.0377016104758, 0.0772162601352], "max": [-0.320034921169, -0.473666340113, -0.50530821085, -0.66015291214, -0.575421631336, -0.367839336395], "dvar": [0.00183987477794, 0.00144029909279, 0.000910023285542, 0.000457020185422, 0.000412421970395, 0.00196502660401], "mean": [-0.687771737576, -0.759343862534, -0.797626793385, -0.826603651047, -0.832438647747, -0.74170678854], "dvar2": [0.00476969359443, 0.00381088093854, 0.00238291081041, 0.00126444327179, 0.000966941704974, 0.00453356001526], "min": [-0.982130765915, -0.976832091808, -0.981679916382, -0.969386816025, -0.967652976513, -0.964256644249], "var": [0.00784237775952, 0.00630928203464, 0.00365307182074, 0.00142737408169, 0.00249442458153, 0.00783100817353], "median": [-0.695273160934, -0.767508149147, -0.804579019547, -0.825004220009, -0.832185506821, -0.748899638653]}, "spectral_contrast_valleys": {"dmean": [0.380410313606, 0.366320967674, 0.336799502373, 0.349625885487, 0.420365095139, 0.650627493858], "dmean2": [0.621094346046, 0.585977077484, 0.535927474499, 0.539462566376, 0.620915293694, 1.04631495476], "max": [-4.74778985977, -4.4230928421, -5.29423713684, -5.7676115036, -5.69565963745, -8.80415725708], "dvar": [0.104254551232, 0.0970875099301, 0.0920117720962, 0.105137579143, 0.156977891922, 0.303976655006], "mean": [-7.27901935577, -6.97819519043, -7.62951087952, -8.27578258514, -8.47026729584, -11.6367044449], "dvar2": [0.257772952318, 0.230607390404, 0.206455126405, 0.233107000589, 0.344840973616, 0.782900512218], "min": [-28.0516395569, -28.1666603088, -27.940290451, -27.6248130798, -27.5351486206, -27.3802604675], "var": [6.9714550972, 7.09527111053, 6.45629072189, 6.4484834671, 6.5810008049, 4.76814889908], "median": [-6.75675868988, -6.46018695831, -7.11447620392, -7.71823120117, -7.90680027008, -11.2758235931]}, "silence_rate_20dB": {"dmean": 0.00203091511503, "dmean2": 0.00406228844076, "max": 1, "dvar": 0.00202673720196, "mean": 0.998984634876, "dvar2": 0.00607656734064, "min": 0, "var": 0.00101427186746, "median": 1}, "silence_rate_30dB": {"dmean": 0.0512241907418, "dmean2": 0.102459944785, "max": 1, "dvar": 0.0486008115113, "mean": 0.822089374065, "dvar2": 0.110017381608, "min": 0, "var": 0.146254822612, "median": 1}, "spectral_strongpeak": {"dmean": 1.81616723537, "dmean2": 3.34636116028, "max": 155.526367188, "dvar": 80.5038757324, "mean": 1.64168310165, "dvar2": 219.042984009, "min": 0, "var": 61.7720680237, "median": 0.323255956173}, "spectral_spread": {"dmean": 538877.6875, "dmean2": 849099.875, "max": 42867372, "dvar": 402712985600, "mean": 4492292.5, "dvar2": 878275330048, "min": 1841902.125, "var": 17685784035300.0, "median": 3973591}, "barkbands_flatness_db": {"dmean": 0.0314035639167, "dmean2": 0.0483865886927, "max": 0.43280723691, "dvar": 0.000747690268327, "mean": 0.167923107743, "dvar2": 0.00168663426302, "min": 0.0296502355486, "var": 0.00297063658945, "median": 0.163329005241}, "pitch_salience": {"dmean": 0.0774488970637, "dmean2": 0.123960308731, "max": 0.965767085552, "dvar": 0.00473145907745, "mean": 0.522754013538, "dvar2": 0.0115095339715, "min": 0.0437411107123, "var": 0.0211946927011, "median": 0.540673732758}, "erbbands_kurtosis": {"dmean": 1.97567510605, "dmean2": 3.04832196236, "max": 134.679824829, "dvar": 13.6417245865, "mean": 2.76452350616, "dvar2": 29.6569595337, "min": -1.76795494556, "var": 37.3139190674, "median": 0.873608350754}, "average_loudness": 0.811544716358, "barkbands_crest": {"dmean": 2.80591154099, "dmean2": 4.56138801575, "max": 25.366312027, "dvar": 6.25334215164, "mean": 11.6264715195, "dvar2": 16.1592521667, "min": 2.4187207222, "var": 21.1496257782, "median": 10.7384395599}, "hfc": {"dmean": 47.5217247009, "dmean2": 73.8938980103, "max": 1222.6529541, "dvar": 5507.50341797, "mean": 135.917572021, "dvar2": 13182.6025391, "min": 1.04567084224e-16, "var": 19174.1308594, "median": 104.525909424}, "barkbands_kurtosis": {"dmean": 8.04424667358, "dmean2": 12.8002061844, "max": 344.75970459, "dvar": 224.067153931, "mean": 16.2543392181, "dvar2": 528.778808594, "min": -1.75246882439, "var": 599.213195801, "median": 9.5969581604}, "erbbands": {"dmean": [0.667319655418, 1.86799383163, 2.31904411316, 3.97609233856, 8.34826183319, 7.7184381485, 9.84925174713, 10.3763666153, 14.8095397949, 40.2755432129, 15.1339874268, 18.1343002319, 18.0113773346, 8.8205280304, 7.03771877289, 7.73316192627, 5.97929763794, 5.73192214966, 6.53900527954, 3.65285563469, 2.6641728878, 3.05891036987, 4.36085700989, 5.35639047623, 6.33152961731, 4.71865940094, 2.46137523651, 2.39479899406, 1.6649928093, 0.862604498863, 0.372711986303, 0.148071870208, 0.0584307052195, 0.0341724641621, 0.0207872353494, 0.0138311702758, 0.01802110672, 0.0222057122737, 0.0112648857757, 0.00336678954773], "dmean2": [1.07347452641, 3.06994104385, 3.83909797668, 6.25915622711, 13.2544164658, 12.4292793274, 15.2889251709, 17.0236949921, 23.3301830292, 62.059299469, 23.7220134735, 28.5312976837, 28.6472663879, 14.4081583023, 11.5098657608, 12.8780612946, 9.64391422272, 9.16493034363, 10.6206159592, 5.86401891708, 4.37050771713, 5.05964422226, 6.9406876564, 7.88356256485, 8.94473361969, 6.76992607117, 3.70675349236, 3.59533643723, 2.54641366005, 1.34266400337, 0.577599048615, 0.233713015914, 0.0973512753844, 0.057285644114, 0.0346984192729, 0.022967454046, 0.027773745358, 0.0332270786166, 0.0165296215564, 0.00509862788022], "max": [21.1121520996, 49.5963554382, 61.597858429, 187.195678711, 536.134643555, 412.834533691, 700.139404297, 543.080688477, 732.943969727, 1359.25622559, 2035.64575195, 927.079772949, 1008.92712402, 419.905639648, 191.185928345, 283.647827148, 174.652481079, 636.37097168, 704.838806152, 260.152709961, 132.222930908, 203.767456055, 506.090454102, 521.161132812, 705.250183105, 777.845947266, 172.460098267, 276.528930664, 97.4051895142, 30.7124633789, 12.636920929, 2.74725079536, 1.42684268951, 0.99041301012, 0.628802895546, 0.347420930862, 0.441128283739, 0.818141639233, 0.433019936085, 0.0937762930989], "dvar": [2.50587177277, 16.0672702789, 15.1516695023, 44.7956314087, 411.720581055, 385.267700195, 837.846496582, 696.792480469, 1005.1953125, 8197.16796875, 1770.88769531, 1721.32250977, 1795.07666016, 271.058532715, 131.440093994, 187.359039307, 99.1982269287, 156.384811401, 224.916442871, 45.0729064941, 22.23787117, 43.3884620667, 164.462921143, 316.89175415, 692.326721191, 333.780273438, 39.2946243286, 43.1565589905, 20.2583522797, 3.73708105087, 0.549364924431, 0.0702982991934, 0.0131633197889, 0.00522728636861, 0.0020154719241, 0.000749956176151, 0.00136505137198, 0.0022784252651, 0.000529325625394, 2.64849641098e-05], "mean": [1.24728858471, 3.11900281906, 3.65325951576, 6.65450429916, 12.4363203049, 10.2580289841, 13.049574852, 14.646648407, 24.8660469055, 79.0170059204, 29.7227134705, 31.7168254852, 28.6216011047, 14.5480613708, 12.63189888, 12.1506919861, 10.3408899307, 9.4372549057, 11.0737171173, 6.53374433517, 4.57181119919, 4.60877323151, 6.87395381927, 8.64566802979, 10.0776920319, 7.30492544174, 3.63016915321, 3.42742943764, 2.37349581718, 1.1546100378, 0.473049789667, 0.17612837255, 0.0594091378152, 0.034049872309, 0.0210922639817, 0.0147472526878, 0.0226298943162, 0.0314799286425, 0.0190604627132, 0.00863873027265], "dvar2": [6.16821861267, 44.1526756287, 39.5295181274, 103.937515259, 923.282470703, 960.399230957, 1787.40197754, 1884.62976074, 2456.8137207, 19670.140625, 3476.18286133, 4177.18017578, 4701.66845703, 684.220825195, 342.526153564, 497.340270996, 252.784103394, 361.882720947, 593.710876465, 113.933509827, 57.4805526733, 103.356086731, 387.635009766, 632.386291504, 1285.07751465, 638.938293457, 76.7214050293, 85.4417190552, 45.7862052917, 8.67724704742, 1.27021324635, 0.166620627046, 0.0339467786252, 0.0135321849957, 0.00519558321685, 0.00193098513409, 0.00314079038799, 0.00508003029972, 0.00105588941369, 6.13562006038e-05], "min": [6.84182597195e-23, 4.94378750649e-22, 2.00307035988e-21, 7.38614852887e-21, 7.06902412257e-21, 2.64005129189e-20, 2.28646938476e-20, 6.4907156607e-20, 1.43092074235e-19, 1.95009225277e-19, 3.05234660815e-19, 3.43228669012e-19, 3.88694186091e-19, 3.58794657176e-19, 6.53225460311e-19, 1.18306349058e-18, 1.33967835224e-18, 1.6047580989e-18, 1.98953605008e-18, 2.60683323068e-18, 4.13743417408e-18, 5.01037235017e-18, 5.68228330353e-18, 5.95394761466e-18, 5.7773309054e-18, 9.18436749373e-18, 6.49536958562e-18, 9.1914001833e-18, 1.0048671145e-17, 1.17084843175e-17, 1.1084356693e-17, 1.03385425286e-17, 9.18223998519e-18, 8.74602877071e-18, 5.92904451514e-18, 4.21894537882e-18, 2.35698932372e-18, 9.74555659979e-19, 2.63251057126e-19, 2.62467817252e-20], "var": [7.0571231842, 33.8428001404, 28.9589347839, 100.151741028, 797.85345459, 526.841247559, 1607.76855469, 1018.54547119, 2096.79882812, 25711.921875, 5580.66650391, 3387.22583008, 3364.23095703, 488.852050781, 245.900131226, 292.595550537, 199.599639893, 289.458251953, 486.96661377, 103.485054016, 43.4514427185, 94.4416732788, 397.384368896, 884.913696289, 1881.63574219, 907.364013672, 102.151489258, 107.698242188, 37.2140312195, 5.86535739899, 0.73826533556, 0.0859079435468, 0.0139298727736, 0.00541623774916, 0.00211130920798, 0.000815612031147, 0.00163490895648, 0.00354321557097, 0.00136298837606, 7.08585503162e-05], "median": [0.155521005392, 0.658419013023, 1.70403862, 3.2354183197, 3.47704744339, 2.94646215439, 2.47721362114, 4.46223449707, 6.99907827377, 12.388425827, 11.2165813446, 12.5478343964, 6.8451962471, 7.03823471069, 7.65773868561, 5.65846061707, 5.09612989426, 4.53336906433, 4.7029466629, 3.61871099472, 2.66953992844, 2.35867357254, 2.37188577652, 1.57814121246, 1.50206947327, 1.35892748833, 1.0884128809, 0.909244298935, 0.694104790688, 0.360328584909, 0.170628368855, 0.0652364641428, 0.0164753925055, 0.0086012640968, 0.00556432176381, 0.00448734965175, 0.0085227470845, 0.011714713648, 0.00821381434798, 0.00670765480027]}, "spectral_energy": {"dmean": 0.0201321057975, "dmean2": 0.0311880484223, "max": 0.521522343159, "dvar": 0.00126104382798, "mean": 0.0577666908503, "dvar2": 0.00303372275084, "min": 9.84336527885e-21, "var": 0.00481372280046, "median": 0.0332701131701}, "zerocrossingrate": {"dmean": 0.037818685174, "dmean2": 0.0470073446631, "max": 0.72900390625, "dvar": 0.00109088828322, "mean": 0.237111225724, "dvar2": 0.00156124820933, "min": 0.00732421875, "var": 0.0104874931276, "median": 0.233154296875}, "spectral_energyband_high": {"dmean": 0.0002420587698, "dmean2": 0.000358176679583, "max": 0.0109606971964, "dvar": 