{"tonal": {"hpcp": {"dvar": [0.038862850517, 0.0284376144409, 0.0105153219774, 0.00665402784944, 0.00818671192974, 0.00857777055353, 0.0150372358039, 0.0197465810925, 0.0267654694617, 0.0396700650454, 0.0220123976469, 0.00727019552141, 0.00456758821383, 0.00589496130124, 0.0088610490784, 0.0116527806967, 0.0124587090686, 0.0067471396178, 0.00631221476942, 0.00964796356857, 0.0256973858923, 0.0328720919788, 0.0265459530056, 0.0150414993986, 0.0225883815438, 0.00974388234317, 0.00469763251022, 0.00515437638387, 0.00526225753129, 0.0130577906966, 0.0206386055797, 0.0147228473797, 0.00963940937072, 0.00896728504449, 0.0154179716483, 0.0310772638768], "var": [0.180260360241, 0.0684747472405, 0.00962400529534, 0.00747609231621, 0.0111247478053, 0.0150655182078, 0.0398369431496, 0.034314379096, 0.0593997612596, 0.139074683189, 0.0633050277829, 0.0101247280836, 0.00409265607595, 0.00497183157131, 0.01657801494, 0.0371804237366, 0.0211735107005, 0.00616726372391, 0.00476487120613, 0.010920711793, 0.0582232475281, 0.102651163936, 0.0494993925095, 0.0517566129565, 0.126700311899, 0.0346228517592, 0.00482863141224, 0.00790027529001, 0.00779030937701, 0.0365779101849, 0.0967140346766, 0.0413413979113, 0.0138864787295, 0.0104193435982, 0.0144803691655, 0.0772904455662], "median": [0.365690469742, 0.183729529381, 0.00331936101429, 0.000237659696722, 0.000294620811474, 0.00162871880457, 0.00335070886649, 0.00672602234408, 0.122674331069, 0.237036958337, 0.122167035937, 0.00283046858385, 0.000344184576534, 0.000438337010564, 0.000753422733396, 0.000832058722153, 0.000852056138683, 0.000795352621935, 0.00058240594808, 0.00337322149426, 0.0557446107268, 0.1090638116, 0.0621281638741, 0.0205930937082, 0.012037333101, 0.00588653003797, 0.000692309578881, 0.000351129099727, 0.000653308990877, 0.00316386832856, 0.00539790466428, 0.00631568394601, 0.00409084372222, 0.00218807253987, 0.00435150042176, 0.17868027091], "max": [1, 1, 1, 1, 1, 1, 1, 1, 1, 1, 1, 1, 1, 1, 1, 1, 1, 1, 1, 1, 1, 1, 1, 1, 1, 1, 1, 1, 1, 1, 1, 1, 1, 1, 1, 1], "dmean": [0.118757978082, 0.123082011938, 0.0385911874473, 0.0167938843369, 0.0182206127793, 0.028689853847, 0.0443574339151, 0.0618849173188, 0.113018125296, 0.136570453644, 0.107780814171, 0.0299807433039, 0.0134586468339, 0.0163544137031, 0.0282472614199, 0.0351676084101, 0.0370448082685, 0.0215061306953, 0.0168006401509, 0.0378152728081, 0.0971293821931, 0.117559149861, 0.101362921298, 0.0694471895695, 0.0653357505798, 0.0433996133506, 0.018131101504, 0.0167164541781, 0.0222647748888, 0.0473813079298, 0.0570615381002, 0.0545558594167, 0.0286471061409, 0.0254233721644, 0.0506972968578, 0.124686211348], "dmean2": [0.196234732866, 0.19757387042, 0.0680399611592, 0.0303380321711, 0.0328675806522, 0.0474309325218, 0.0758220925927, 0.105291709304, 0.186227068305, 0.218296125531, 0.16928088665, 0.0511862896383, 0.0244972612709, 0.0298103280365, 0.0469011925161, 0.0582954213023, 0.061371859163, 0.0372940637171, 0.0303943324834, 0.0656209290028, 0.156366884708, 0.191961705685, 0.164859473705, 0.116928383708, 0.109406605363, 0.0722668319941, 0.0322693772614, 0.0289168022573, 0.0385784432292, 0.0776688456535, 0.0943948924541, 0.0880225002766, 0.04960327968, 0.0460579693317, 0.0902819037437, 0.205094143748], "mean": [0.472326934338, 0.26049670577, 0.033214494586, 0.0156931877136, 0.0195795483887, 0.0397094488144, 0.0750042870641, 0.0801948234439, 0.219440102577, 0.383139401674, 0.224739298224, 0.0330582521856, 0.011489553377, 0.0138880209997, 0.039170101285, 0.067185677588, 0.0492540076375, 0.0187565870583, 0.0131455138326, 0.0383839681745, 0.1676363796, 0.260376423597, 0.157944262028, 0.151357397437, 0.217574223876, 0.109588213265, 0.0183752495795, 0.019664356485, 0.0242603383958, 0.0900105834007, 0.16087667644, 0.104323506355, 0.033643309027, 0.0261977966875, 0.0439410172403, 0.269589811563], "dvar2": [0.087603494525, 0.0687509104609, 0.0286108888686, 0.0197739973664, 0.0226828418672, 0.0213685259223, 0.0392942465842, 0.0512128695846, 0.0643434002995, 0.0801807120442, 0.0507154613733, 0.0183795075864, 0.0131476763636, 0.0170020014048, 0.0217620711774, 0.027918767184, 0.0306834820658, 0.0179965309799, 0.0178818441927, 0.0244616959244, 0.0610543861985, 0.0783976614475, 0.0634786337614, 0.0401172861457, 0.0558622516692, 0.0248734597117, 0.013439222239, 0.0140553936362, 0.0140326432884, 0.0326883755624, 0.0482283979654, 0.0362237505615, 0.0266339350492, 0.0263094268739, 0.0425983406603, 0.0788765326142], "min": [0, 0, 0, 0, 0, 0, 0, 0, 0, 0, 0, 0, 0, 0, 0, 0, 0, 0, 0, 0, 0, 0, 0, 0, 0, 0, 0, 0, 0, 0, 0, 0, 0, 0, 0, 0]}, "key_key": "F", "thpcp": [1, 0.551517784595, 0.0703209862113, 0.0332252644002, 0.0414533801377, 0.0840719565749, 0.15879739821, 0.169786676764, 0.464593678713, 0.811174154282, 0.475813001394, 0.0699901878834, 0.0243254248053, 0.0294034071267, 0.0829300582409, 0.142244011164, 0.104279480875, 0.0397110246122, 0.0278313867748, 0.0812656804919, 0.354915976524, 0.551263153553, 0.334396064281, 0.320450484753, 0.460643261671, 0.232017710805, 0.0389036647975, 0.0416329354048, 0.0513634458184, 0.190568387508, 0.340604484081, 0.220871388912, 0.0712288618088, 0.0554653890431, 0.093030937016, 0.570769488811], "chords_key": "F", "tuning_equal_tempered_deviation": 0.00932039041072, "tuning_frequency": 438.477722168, "tuning_diatonic_strength": 0.587045788765, "chords_histogram": [37.2162246704, 29.4566421509, 13.9560852051, 1.24674355984, 0.818756997585, 0.57685148716, 0.483810931444, 0.11164867878, 0, 0, 0.744324505329, 0.465202838182, 0.614067733288, 0.241905465722, 0.0558243393898, 0.11164867878, 0.204689249396, 3.4425008297, 2.95868992805, 0.707108318806, 0, 0, 1.13509488106, 5.45217704773], "key_strength": 0.709000945091, "key_scale": "major", "chords_strength": {"dvar": 3.43827014149e-05, "var": 0.0123785901815, "median": 0.627262115479, "max": 0.79337477684, "dmean": 0.00604639295489, "dmean2": 0.00501637533307, "mean": 0.604069411755, "dvar2": 2.89961008093e-05, "min": 0.243635684252}, "chords_number_rate": 0.0014886490535, "tuning_nontempered_energy_ratio": 0.633543252945, "hpcp_entropy": {"dvar": 0.17460206151, "var": 0.382467746735, "median": 1.55748033524, "max": 4.43299198151, "dmean": 0.431601464748, "dmean2": 0.736416399479, "mean": 1.52079117298, "dvar2": 0.454390436411, "min": 0}, "chords_changes_rate": 0.023818384856, "chords_scale": "major"}, "rhythm": {"bpm_histogram_first_peak_spread": {"dvar": 0, "var": 0, "median": 0.403800487518, "max": 0.403800487518, "dmean": 0, "dmean2": 0, "mean": 0.403800487518, "dvar2": 0, "min": 0.403800487518}, "bpm_histogram_first_peak_weight": {"dvar": 0, "var": 0, "median": 0.505030155182, "max": 0.505030155182, "dmean": 0, "dmean2": 0, "mean": 0.505030155182, "dvar2": 0, "min": 0.505030155182}, "bpm_histogram_first_peak_bpm": {"dvar": 0, "var": 0, "median": 120, "max": 120, "dmean": 0, "dmean2": 0, "mean": 120, "dvar2": 0, "min": 120}, "bpm": 120.158607483, "bpm_histogram_second_peak_weight": {"dvar": 0, "var": 0, "median": 0.018108651042, "max": 0.018108651042, "dmean": 0, "dmean2": 0, "mean": 0.018108651042, "dvar2": 0, "min": 0.018108651042}, "beats_loudness": {"dvar": 0.000337024539476, "var": 0.000542091205716, "median": 0.0201898496598, "max": 0.139748319983, "dmean": 0.0131013914943, "dmean2": 0.0227544307709, "mean": 0.0253130272031, "dvar2": 0.000961884798016, "min": 2.45954282718e-07}, "beats_loudness_band_ratio": {"dvar": [0.0245012510568, 0.0242374166846, 0.0241403505206, 0.0209127441049, 0.00155723607168, 0.00264610210434], "var": [0.0407945588231, 0.101341322064, 0.0497829318047, 0.0289383195341, 0.00175448996015, 0.00153310922906], "median": [0.118468366563, 0.475333511829, 0.228092730045, 0.0408035740256, 0.00786922499537, 0.00139304599725], "max": [0.996241390705, 0.988800466061, 0.950378894806, 0.867198586464, 0.408570617437, 0.480660796165], "dmean": [0.13000510633, 0.152090370655, 0.155285313725, 0.0918678641319, 0.0224945768714, 0.0150741962716], "dmean2": [0.229549556971, 0.259585797787, 0.262550234795, 0.160532906651, 0.0390318632126, 0.0282615367323], "mean": [0.189600169659, 0.468448549509, 0.274493008852, 0.115433000028, 0.0222377590835, 0.0107707716525], "dvar2": [0.0653881654143, 0.0575707815588, 0.0622744672, 0.0551934689283, 0.00408314121887, 0.00772893847898], "min": [4.43140670541e-05, 0.00246068066917, 0.00010684307199, 4.20818359999e-05, 1.50867454067e-05, 5.77327682549e-06]}, "bpm_histogram_second_peak_bpm": {"dvar": 0, "var": 0, "median": 115, "max": 115, "dmean": 0, "dmean2": 0, "mean": 115, "dvar2": 0, "min": 115}, "onset_rate": 2.58883333206, "beats_count": 498, "beats_position": [0.522448956966, 1.05650794506, 1.6137868166, 2.13623571396, 2.63546490669, 3.13469386101, 3.64553284645, 4.13315200806, 4.6439909935, 5.15482997894, 5.65405893326, 6.15328788757, 6.62929677963, 7.12852573395, 7.6277551651, 8.12698364258, 8.6146030426, 9.11383247375, 9.63628101349, 10.1355104446, 10.6347389221, 11.1339683533, 11.6331968307, 12.1092061996, 12.5968255997, 13.0960540771, 13.5952835083, 14.0945119858, 14.5937414169, 15.1045799255, 15.6038093567, 16.114648819, 16.602268219, 17.1131057739, 17.6239452362, 18.1347846985, 18.6456241608, 19.1564617157, 19.6440811157, 20.1317005157, 20.6193199158, 21.1185474396, 21.6177768707, 22.128616333, 22.616235733, 23.1154651642, 23.614692688, 24.1255321503, 24.6247615814, 25.1239910126, 25.6116104126, 26.0992279053, 26.5984573364, 27.0976867676, 27.6085262299, 28.0961437225, 28.6069831848, 29.106212616, 29.6170520782, 30.1278915405, 30.6271190643, 31.1379585266, 31.6255779266, 32.1248054504, 32.6240348816, 33.1232643127, 33.6224937439, 34.1101112366, 34.6093406677, 35.1085700989, 35.60779953, 36.0954170227, 36.5946464539, 37.093875885, 37.5931053162, 38.0923347473, 38.5915641785, 39.0907936096, 39.5900230408, 40.0776405334, 40.5768699646, 41.0877075195, 41.5985488892, 42.1093864441, 42.6086158752, 43.1194534302, 43.6302947998, 44.1179122925, 44.6055335999, 45.0931510925, 45.5923805237, 46.0916099548, 46.590839386, 47.0900688171, 47.5892944336, 48.076915741, 48.5761451721, 49.0753746033, 49.5746040344, 50.0738296509, 50.573059082, 51.0839004517, 51.5947380066, 52.0823554993, 52.5931968689, 53.1040344238, 53.6148757935, 54.1257133484, 54.6249427795, 55.1241722107, 55.6117897034, 56.1110191345, 56.6102485657, 57.0978660583, 57.5970954895, 58.0963249207, 58.5955543518, 59.129611969, 59.6288414001, 60.1280708313, 60.6273002625, 61.1149177551, 61.6025390625, 62.0901565552, 62.5777778625, 63.0886154175, 63.5762329102, 64.0638504028, 64.563079834, 65.0507049561, 65.5731506348, 66.0839920044, 66.5948257446, 67.0824508667, 67.5932846069, 68.1041259766, 68.5917434692, 69.0909729004, 69.5902023315, 70.0894317627, 70.5886611938, 71.087890625, 71.5871200562, 72.0747375488, 72.5855789185, 73.0964126587, 73.5840377808, 74.0716552734, 74.5708847046, 75.0701141357, 75.5577316284, 76.0569610596, 76.5561904907, 77.0670318604, 77.5662536621, 78.0654830933, 78.5763244629, 79.075553894, 79.5747833252, 80.0856246948, 80.584854126, 81.0840835571, 81.5833053589, 82.08253479, 82.5817642212, 83.0809936523, 83.5686187744, 84.0562362671, 84.5554656982, 85.0546951294, 85.5539245605, 86.0531539917, 86.5639877319, 87.0632171631, 87.5624465942, 88.0616760254, 88.5492935181, 89.0485229492, 89.5593643188, 90.0702056885, 90.5810394287, 91.0802688599, 91.579498291, 92.0787277222, 92.5779571533, 93.065574646, 93.5531921387, 94.0524215698, 94.551651001, 95.0508804321, 95.5501098633, 96.037727356, 96.5369567871, 97.0361862183, 97.5470275879, 98.046257019, 98.5454864502, 99.0447158813, 99.5439453125, 100.054779053, 100.565620422, 101.076461792, 101.564079285, 102.063308716, 102.562538147, 103.073379517, 103.572608948, 104.071838379, 104.559455872, 105.058685303, 105.557914734, 106.068748474, 106.567977905, 107.067207336, 107.566436768, 108.065666199, 108.56489563, 109.064125061, 109.563354492, 110.062583923, 110.561813354, 111.061042786, 111.560272217, 112.059501648, 112.558731079, 113.05796051, 113.557182312, 114.056411743, 114.567253113, 115.066482544, 115.565711975, 116.076553345, 116.575782776, 117.075012207, 117.5626297, 118.061859131, 118.561088562, 119.048706055, 119.547935486, 120.047164917, 120.53478241, 121.022399902, 121.510017395, 122.020858765, 122.543312073, 123.065757751, 123.564987183, 124.064216614, 124.551834106, 125.051063538, 125.550292969, 126.037910461, 126.537139893, 127.036369324, 127.535598755, 128.034820557, 128.545669556, 129.044891357, 129.544128418, 130.04335022, 130.554199219, 131.053421021, 131.541046143, 132.028656006, 132.527893066, 133.027114868, 133.526351929, 134.02557373, 134.524810791, 135.024032593, 135.534866333, 136.045715332, 136.544937134, 137.044174194, 137.555007935, 138.065841675, 138.704391479, 139.331329346, 139.958267212, 140.596817017, 141.223754883, 141.839096069, 142.477645874, 143.058135986, 143.650253296, 144.21913147, 144.788024902, 145.356918335, 145.890975952, 146.425033569, 146.970703125, 147.493148804, 148.003982544, 148.503219604, 149.002441406, 149.501678467, 150.000900269, 150.500137329, 150.999359131, 151.498596191, 151.997817993, 152.508651733, 152.996276855, 153.518722534, 154.041183472, 154.540405273, 155.039627075, 155.550476074, 156.038085938, 156.537322998, 157.0365448, 157.524169922, 158.011795044, 158.511016846, 159.021850586, 159.521087646, 160.031921387, 160.531158447, 161.030380249, 161.52961731, 162.028839111, 162.516464233, 163.015686035, 163.514923096, 164.025756836, 164.513381958, 165.01260376, 165.51184082, 165.999450684, 166.498687744, 166.997909546, 167.485534668, 167.98475647, 168.48399353, 168.994827271, 169.505661011, 170.01651001, 170.515731812, 171.014968872, 171.514190674, 172.025024414, 172.501037598, 173.000274658, 173.487884521, 173.998733521, 174.509567261, 175.008789062, 175.496414185, 175.984039307, 176.47164917, 176.959274292, 177.458496094, 177.946121216, 178.549835205, 179.153549194, 179.768890381, 180.37260437, 180.976318359, 181.696136475, 182.41595459, 183.077728271, 183.739501953, 184.296783447, 184.854049683, 185.411331177, 185.968612671, 186.525894165, 187.083175659, 187.628845215, 188.174514771, 188.720184326, 189.219406128, 189.718643188, 190.21786499, 190.72869873, 191.239547729, 191.738769531, 192.238006592, 192.737228394, 193.224853516, 193.724075317, 194.223312378, 194.72253418, 195.22177124, 195.73260498, 196.231826782, 196.719451904, 197.207077026, 197.717910767, 198.228744507, 198.727981567, 199.227203369, 199.72644043, 200.225662231, 200.724899292, 201.212509155, 201.688522339, 202.199356079, 202.710205078, 203.221038818, 203.720275879, 204.219497681, 204.718719482, 205.217956543, 205.717178345, 206.216415405, 206.715637207, 207.214874268, 207.714096069, 208.21333313, 208.712554932, 209.23500061, 209.734237671, 210.245071411, 210.744308472, 211.231918335, 211.719543457, 212.218765259, 212.718002319, 213.217224121, 213.72807312, 214.227294922, 214.726531982, 215.225753784, 215.724990845, 216.224212646, 216.711837769, 217.21105957, 217.710296631, 218.209518433, 218.708755493, 219.219589233, 219.730422974, 220.229660034, 220.717269897, 221.216506958, 221.727340698, 222.238174438, 222.725799561, 223.213424683, 223.712646484, 224.211883545, 224.711105347, 225.210342407, 225.697952271, 226.197189331, 226.696411133, 227.195648193, 227.706481934, 228.205703735, 228.716552734, 229.215774536, 229.715011597, 230.20262146, 230.713470459, 231.212692261, 231.711929321, 232.211151123, 232.710388184, 233.197998047, 233.708831787, 234.219680786, 234.730514526, 235.148483276, 235.566436768, 235.984390259, 236.355911255, 236.704208374, 237.052505493, 237.412414551, 237.760726929, 238.097412109, 238.445709229, 238.782394409, 239.119094849, 239.444168091, 239.780853271, 240.117553711, 240.442626953, 240.779312134, 241.127609253, 241.487518311, 241.835830688, 242.184127808, 242.555648804, 242.927154541, 243.298675537, 243.774688721, 244.250701904, 244.726715088, 245.214324951, 245.713562012, 246.212783813, 246.712020874, 247.211242676, 247.710464478, 248.209701538, 248.69732666], "danceability": 0.887459993362, "bpm_histogram_second_peak_spread": {"dvar": 0, "var": 0, "median": 0.307692289352, "max": 0.307692289352, "dmean": 0, "dmean2": 0, "mean": 0.307692289352, "dvar2": 0, "min": 0.307692289352}}, "lowlevel": {"spectral_flux": {"dvar": 0.000278998719295, "var": 0.00109348678961, "median": 0.0361772067845, "max": 0.236202374101, "dmean": 0.0136743104085, "dmean2": 0.0224578566849, "mean": 0.0418828688562, "dvar2": 0.000729974650312, "min": 6.41976055649e-11}, "spectral_rolloff": {"dvar": 490210.1875, "var": 776761.625, "median": 538.330078125, "max": 18841.5527344, "dmean": 153.330474854, "dmean2": 271.057617188, "mean": 722.887023926, "dvar2": 1231114.375, "min": 86.1328125}, "barkbands_flatness_db": {"dvar": 0.00103155954275, "var": 0.0111262043938, "median": 0.298590242863, "max": 0.638649940491, "dmean": 0.0254829283804, "dmean2": 0.0371465608478, "mean": 0.30286487937, "dvar2": 0.00213228724897, "min": 0.0281257014722}, "spectral_centroid": {"dvar": 25864.1152344, "var": 159723.5625, "median": 462.669647217, "max": 11245.4628906, "dmean": 71.4146728516, "dmean2": 110.670623779, "mean": 587.468566895, "dvar2": 59097.4453125, "min": 105.062477112}, "melbands_skewness": {"dvar": 0.864315867424, "var": 5.79458618164, "median": 1.72957551479, "max": 21.0536003113, "dmean": 0.564033687115, "dmean2": 0.860711812973, "mean": 2.48098468781, "dvar2": 2.22996211052, "min": -2.181432724}, "melbands": {"dvar": [4.46868178017e-08, 2.75960616136e-07, 2.7204221098e-08, 1.25070187096e-07, 1.58221098445e-07, 2.14538317778e-07, 3.98051270167e-07, 7.7704476098e-07, 1.18897887091e-07, 1.15936224176e-07, 9.80137571105e-08, 5.92645577058e-08, 8.75849650583e-08, 3.09964462986e-08, 3.05673566459e-08, 1.62839590701e-08, 1.30568977852e-08, 1.45318790334e-09, 3.38276767708e-10, 4.28082846948e-10, 5.82626447088e-11, 7.68163102571e-11, 3.3844902575e-11, 8.12295716801e-12, 9.31063993265e-12, 7.04342270272e-12, 1.58574845963e-12, 5.44674678624e-12, 1.08333849703e-12, 4.68386234746e-13, 9.01115933174e-14, 2.23260131086e-13, 2.62998715687e-12, 2.51052190104e-13, 1.21366743153e-13, 4.51122564868e-13, 2.28801379969e-13, 4.95414798594e-13, 4.8869540142e-13, 3.64453177923e-13], "var": [8.20929074052e-07, 2.38944153352e-06, 2.51118933647e-07, 1.26367626763e-06, 6.6042770186e-07, 7.52987091346e-07, 1.60644970038e-06, 2.20885317503e-06, 2.97965470963e-07, 2.58566217326e-07, 2.73598317335e-07, 2.11259560956e-07, 3.69824419977e-07, 1.40832028706e-07, 1.36661498118e-07, 4.81412598674e-08, 3.57991751798e-08, 3.87724252704e-09, 8.44482705986e-10, 1.29488375578e-09, 1.60933294469e-10, 3.8539277325e-10, 1.2577804076e-10, 2.50101710175e-11, 2.78868751008e-11, 1.98253566341e-11, 5.37599175246e-12, 1.33405491515e-11, 2.77389179335e-12, 4.38465913967e-13, 2.09178350639e-13, 2.58800061459e-13, 3.25231356603e-12, 5.06660848259e-13, 2.20554111541e-13, 4.54538262498e-13, 3.50427288099e-13, 9.36950170227e-13, 9.03790822564e-13, 9.55944633348e-13], "median": [1.90239261428e-05, 1.33675284815e-05, 8.60476429807e-05, 0.000376781710656, 0.000231810408877, 0.000182794610737, 0.000216291024117, 0.000255337858107, 6.61879021209e-05, 2.41111592914e-05, 4.57397482023e-06, 5.78420758757e-06, 7.12035944161e-06, 2.54719475379e-06, 6.3413767748e-06, 1.0604570889e-05, 1.39364863116e-06, 1.43729425872e-06, 3.61528577741e-07, 6.17912576217e-07, 2.05845438472e-07, 1.07990736353e-07, 1.56491125836e-07, 1.14238176252e-07, 7.3467681716e-08, 3.1237778586e-08, 2.34746355687e-08, 3.52519329283e-08, 2.56755274819e-08, 1.40301104068e-08, 1.00653787527e-08, 4.50362946935e-09, 2.54525556187e-09, 1.12888198789e-09, 8.78756512002e-10, 1.50828516343e-09, 1.68777170018e-09, 1.78275716411e-09, 3.19714188457e-09, 3.69535579914e-09], "max": [0.00606218259782, 0.0222262423486, 0.0118929836899, 0.0165743418038, 0.0102850599214, 0.00966930016875, 0.012466323562, 0.0201885495335, 0.0164835304022, 0.0122967995703, 0.0221829153597, 0.00911875069141, 0.00835029408336, 0.00677357101813, 0.00887966528535, 0.00405263062567, 0.00327075878158, 0.00158334616572, 0.000975277507678, 0.00146328378469, 0.000717914139386, 0.000408177322242, 0.000207320001209, 9.41567996051e-05, 8.93476681085e-05, 4.96396278322e-05, 2.60404940491e-05, 5.11778416694e-05, 2.34141334658e-05, 2.10472262552e-05, 9.84021062322e-06, 1.57301565196e-05, 8.08958793641e-05, 2.35433035414e-05, 1.71800456883e-05, 2.86275262624e-05, 1.83207630471e-05, 3.79216035071e-05, 3.12028569169e-05, 4.70866798423e-05], "dmean": [7.55300716264e-05, 0.000153304048581, 6.39697755105e-05, 0.000165593955899, 0.000183996671694, 0.000226633725106, 0.000314402277581, 0.000355652096914, 9.54455754254e-05, 6.83652542648e-05, 4.11738401453e-05, 5.56731611141e-05, 8.07069882285e-05, 3.91244684579e-05, 4.36969094153e-05, 3.5599758121e-05, 2.57782994595e-05, 7.2555794759e-06, 3.53462382918e-06, 4.9585155466e-06, 1.61596403814e-06, 1.63538004472e-06, 1.80835991159e-06, 9.6319217846e-07, 9.84504708867e-07, 8.38612550069e-07, 4.13991614323e-07, 7.09857715719e-07, 3.29562226398e-07, 1.48329192484e-07, 8.12758358393e-08, 8.58244249002e-08, 1.93988228148e-07, 7.20432495882e-08, 4.91119642732e-08, 1.11685181992e-07, 8.83339197344e-08, 7.4682922957e-08, 8.52578949662e-08, 7.18565971169e-08], "dmean2": [0.000113017958938, 0.00026628037449, 0.000102791971585, 0.000238631255343, 0.000259018182987, 0.000317385711242, 0.00039312147419, 0.000517357548233, 0.000139411684358, 9.9240874988e-05, 5.88812181377e-05, 8.01699570729e-05, 0.000119808530144, 5.65144946449e-05, 6.57972850604e-05, 5.54360703973e-05, 4.00192984671e-05, 1.07909318103e-05, 5.46176261196e-06, 7.64520609664e-06, 2.63205083684e-06, 2.55067880062e-06, 2.89933768727e-06, 1.54601866598e-06, 1.57382453381e-06, 1.4018347656e-06, 6.9341768949e-07, 1.20332276765e-06, 5.51027255824e-07, 2.5673787718e-07, 1.32337689251e-07, 1.4383549285e-07, 2.90703923156e-07, 1.16299112563e-07, 8.15799410248e-08, 1.96628974436e-07, 1.50328034465e-07, 1.19297553169e-07, 1.43530769492e-07, 1.16658739557e-07], "mean": [0.000452298962045, 0.000706405262463, 0.000271293480182, 0.000718576542567, 0.000542041903827, 0.00055524345953, 0.000761137285735, 0.000808842363767, 0.000244932220085, 0.000147033046233, 9.98671894195e-05, 0.000120219941891, 0.000184805350727, 9.36343130888e-05, 9.64305727393e-05, 7.06915743649e-05, 4.75206070405e-05, 1.38732584674e-05, 6.62038610244e-06, 9.64381160884e-06, 3.25267524204e-06, 4.1003190745e-06, 3.9257147364e-06, 2.02796900339e-06, 2.06755453291e-06, 1.74433967004e-06, 9.18408602502e-07, 1.35281209168e-06, 6.49834134947e-07, 2.05714968615e-07, 1.59148555667e-07, 1.20075981158e-07, 2.10715413118e-07, 8.24465047344e-08, 5.39592655002e-08, 8.94883882552e-08, 7.87995162455e-08, 8.6008292044e-08, 9.64998534414e-08, 9.0801655972e-08], "dvar2": [9.94105704422e-08, 7.17166130926e-07, 5.24800931601e-08, 2.218563111e-07, 3.37618956792e-07, 5.50793686216e-07, 7.03913258349e-07, 1.97169174498e-06, 3.0198168588e-07, 2.73345989399e-07, 2.02497631108e-07, 1.325247041e-07, 2.00968841568e-07, 6.57343122157e-08, 7.0720879819e-08, 4.1729904865e-08, 3.42540644738e-08, 3.45954109804e-09, 9.00233110279e-10, 9.32615651372e-10, 1.48707920977e-10, 1.89102025705e-10, 8.59889104365e-11, 2.11144469964e-11, 2.40416627578e-11, 2.01849110343e-11, 4.39917026418e-12, 1.54190930857e-11, 3.01528810601e-12, 1.31167104088e-12, 2.22742126393e-13, 5.80761296259e-13, 6.10818990873e-12, 5.72026692507e-13, 2.87016748259e-13, 1.18855023479e-12, 5.51382507361e-13, 1.14013388574e-12, 1.17321256876e-12, 7.22549299038e-13], "min": [5.10265012996e-24, 5.29777448044e-24, 3.5622733892e-24, 2.59876065172e-24, 3.91414479598e-24, 3.71585119681e-24, 5.42885989149e-24, 7.76291195557e-24, 3.79133926899e-24, 5.32020376812e-24, 8.15084613863e-24, 7.16856916122e-24, 4.62517195112e-24, 4.76918718684e-24, 5.11168850378e-24, 6.22824972321e-24, 7.52360074478e-24, 4.60771564258e-24, 9.29964691996e-24, 5.36046446771e-24, 6.2743247221e-24, 6.61924034784e-24, 5.11999442025e-24, 7.6838633597e-24, 6.31681355932e-24, 4.9021157714e-24, 5.51775504918e-24, 4.38860163755e-24, 8.39682006862e-24, 1.02741267962e-23, 6.15108413832e-24, 8.55584417193e-24, 8.18534065943e-24, 8.54896057167e-24, 6.9126540061e-24, 9.12892558716e-24, 1.01890307926e-23, 8.32160375903e-24, 9.03285810612e-24, 8.15144015089e-24]}, "spectral_decrease": {"dvar": 2.82030538572e-18, "var": 2.82450514713e-17, "median": -3.98626243125e-09, "max": 8.76094229593e-22, "dmean": 1.09241360402e-09, "dmean2": 1.58529489536e-09, "mean": -5.41653077946e-09, "dvar2": 6.52105271646e-18, "min": -3.59622234214e-08}, "barkbands_kurtosis": {"dvar": 885.010620117, "var": 3635.0859375, "median": 4.67941427231, "max": 2127.53735352, "dmean": 7.01660013199, "dmean2": 10.9662675858, "mean": 18.6247520447, "dvar2": 1798.05419922, "min": -1.91117489338}, "silence_rate_30dB": {"dvar": 0.00296921655536, "var": 0.00398483965546, "median": 1, "max": 1, "dmean": 0.00297785224393, "dmean2": 0.00595625862479, "mean": 0.995998859406, "dvar2": 0.00647923024371, "min": 0}, "gfcc": {"mean": [-158.085586548, 157.306472778, -101.902679443, -17.1677627563, -53.7757759094, -12.8163175583, -46.4459609985, -14.1394433975, -25.575460434, 7.32214355469, -3.97521734238, -8.32900905609, -7.87949609756], "cov": [[18201.3378906, 529.43762207, -3178.27514648, -299.907104492, -285.736053467, 286.566802979, 2058.2722168, 2288.52661133, -151.848556519, 674.86328125, 360.665588379, 150.79838562, 290.106262207], [529.43762207, 2285.25048828, -0.0573016628623, -529.948242188, 321.618286133, -148.998535156, 415.178527832, -113.772087097, 264.94619751, -153.753601074, 228.152267456, -129.398712158, 43.3563957214], [-3178.27514648, -0.0573016628623, 1426.20178223, 227.301025391, -70.1755447388, 150.572174072, -463.292236328, -444.760559082, 61.7551307678, -137.062530518, -58.770866394, -61.6404304504, -102.410606384], [-299.907104492, -529.948242188, 227.301025391, 797.083557129, 206.583587646, 138.341934204, 77.6371154785, -16.2505950928, 150.011672974, 5.38235902786, -106.915245056, 19.0234832764, -90.3600845337], [-285.736053467, 321.618286133, -70.1755447388, 206.583587646, 693.188171387, 64.4554748535, 218.730270386, 42.8073272705, 88.3105010986, 21.7641296387, -13.4164066315, -39.7163009644, -97.6263809204], [286.566802979, -148.998535156, 150.572174072, 138.341934204, 64.4554748535, 356.945404053, 147.974822998, 107.676300049, 4.96987867355, 18.418504715, -23.0105285645, -0.707756876945, -30.0431289673], [2058.2722168, 415.178527832, -463.292236328, 77.6371154785, 218.730270386, 147.974822998, 940.269226074, 594.547607422, 110.976676941, 97.4082794189, 113.407699585, 28.9884262085, -18.6460151672], [2288.52661133, -113.772087097, -444.760559082, -16.2505950928, 42.8073272705, 107.676300049, 594.547607422, 937.369628906, 38.6320724487, 185.085128784, 23.3613243103, 37.1963386536, 47.8989143372], [-151.848556519, 264.94619751, 61.7551307678, 150.011672974, 88.3105010986, 4.96987867355, 110.976676941, 38.6320724487, 475.803009033, 23.2921733856, -37.2606163025, 22.4571609497, -28.02368927], [674.86328125, -153.753601074, -137.062530518, 5.38235902786, 21.7641296387, 18.418504715, 97.4082794189, 185.085128784, 23.2921733856, 216.201477051, 36.6109542847, 11.3474674225, 22.0874023438], [360.665588379, 228.152267456, -58.770866394, -106.915245056, -13.4164066315, -23.0105285645, 113.407699585, 23.3613243103, -37.2606163025, 36.6109542847, 200.533157349, 10.3520240784, -23.6580238342], [150.79838562, -129.398712158, -61.6404304504, 19.0234832764, -39.7163009644, -0.707756876945, 28.9884262085, 37.1963386536, 22.4571609497, 11.3474674225, 10.3520240784, 119.801902771, 30.3756694794], [290.106262207, 43.3563957214, -102.410606384, -90.3600845337, -97.6263809204, -30.0431289673, -18.6460151672, 47.8989143372, -28.02368927, 22.0874023438, -23.6580238342, 30.3756694794, 204.153106689]], "icov": [[0.000166505604284, -0.000264346919721, 0.000383437611163, -0.00028091474087, 0.000320046819979, -0.000292081269436, 0.000111804969492, -0.000260268134298, 0.00021425698651, -0.000332153605996, 4.60897208541e-05, -0.000148769831867, 0.000161705713253], [-0.000264346919721, 0.00207970384508, -0.0010318957502, 0.00177674170118, -0.00143065548036, 0.00105854985304, -0.00137387169525, 0.000979306176305, -0.00156853476074, 0.00191777106375, -0.00148519861978, 0.00196462753229, -0.00156809401233], [0.000383437611163, -0.0010318957502, 0.00213302951306, -0.00126406399067, 0.00111422757618, -0.0015365879517, 0.00116728479043, -0.000610594986938, 0.000516113941558, -0.000682791287545, 9.26598149817e-05, -0.000310746370815, 0.000943054328673], [-0.00028091474087, 0.00177674170118, -0.00126406399067, 0.00333006726578, -0.0016142987879, 0.000670487293974, -0.00147332949564, 0.00110210001003, -0.00157523981761, 0.00129167444538, -9.84112630249e-05, 0.000938519253395, -0.000711780798156], [0.000320046819979, -0.00143065548036, 0.00111422757618, -0.0016142987879, 0.00299093290232, -0.000943333026953, 0.000355931872036, -0.000512307102326, 0.000978055642918, -0.00165733275935, 0.00118235894479, -0.000613951124251, 0.00167955469806], [-0.000292081269436, 0.00105854985304, -0.0015365879517, 0.000670487293974, -0.000943333026953, 0.00445739971474, -0.00152286549564, 0.000498436507769, -0.000330508628394, 0.000669517205097, 0.000199915899429, 0.000656209362205, -0.000527256110217], [0.000111804969492, -0.00137387169525, 0.00116728479043, -0.00147332949564, 0.000355931872036, -0.00152286549564, 0.00369772827253, -0.00203501433134, 0.000438764021965, -0.000338697020197, -0.000762465118896, -0.00118500832468, 0.00101245718542], [-0.000260268134298, 0.000979306176305, -0.000610594986938, 0.00110210001003, -0.000512307102326, 0.000498436507769, -0.00203501433134, 0.00292383669876, -0.000587700225879, -0.000448484905064, 0.000444912118837, 0.000624261389021, -0.000773601816036], [0.00021425698651, -0.00156853476074, 0.000516113941558, -0.00157523981761, 0.000978055642918, -0.000330508628394, 0.000438764021965, -0.000587700225879, 0.00366297876462, -0.00192998186685, 0.00186660757754, -0.00207581184804, 0.0014241480967], [-0.000332153605996, 0.00191777106375, -0.000682791287545, 0.00129167444538, -0.00165733275935, 0.000669517205097, -0.000338697020197, -0.000448484905064, -0.00192998186685, 0.00804519373924, -0.00306697795168, 0.00200997572392, -0.0021156235598], [4.60897208541e-05, -0.00148519861978, 9.26598149817e-05, -9.84112630249e-05, 0.00118235894479, 0.000199915899429, -0.000762465118896, 0.000444912118837, 0.00186660757754, -0.00306697795168, 0.00840066373348, -0.00260986015201, 0.00262350542471], [-0.000148769831867, 0.00196462753229, -0.000310746370815, 0.000938519253395, -0.000613951124251, 0.000656209362205, -0.00118500832468, 0.000624261389021, -0.00207581184804, 0.00200997572392, -0.00260986015201, 0.0114000290632, -0.00289907050319], [0.000161705713253, -0.00156809401233, 0.000943054328673, -0.000711780798156, 0.00167955469806, -0.000527256110217, 0.00101245718542, -0.000773601816036, 0.0014241480967, -0.0021156235598, 0.00262350542471, -0.00289907050319, 0.00731884688139]]}, "silence_rate_20dB": {"dvar": 0, "var": 0, "median": 1, "max": 1, "dmean": 0, "dmean2": 0, "mean": 1, "dvar2": 0, "min": 1}, "barkbands_skewness": {"dvar": 0.858518838882, "var": 6.9787311554, "median": 1.54145526886, "max": 30.5585079193, "dmean": 0.567321836948, "dmean2": 0.862236440182, "mean": 2.31287336349, "dvar2": 1.98972201347, "min": -2.50189995766}, "erbbands_skewness": {"dvar": 0.269769996405, "var": 1.54786860943, "median": 1.06720972061, "max": 10.2588996887, "dmean": 0.432605594397, "dmean2": 0.659517765045, "mean": 1.20713543892, "dvar2": 0.657712042332, "min": -3.36068296432}, "spectral_contrast_valleys": {"dvar": [0.126131445169, 0.104798473418, 0.161421403289, 0.147007241845, 0.175158128142, 0.276263803244], "var": [2.79070329666, 2.45677685738, 2.38907814026, 2.07372426987, 2.35419940948, 1.4514195919], "median": [-8.72093486786, -7.32858848572, -8.75496864319, -9.32259178162, -9.90895748138, -12.6698827744], "max": [-5.83623170853, -4.64413309097, -5.42257499695, -6.68535995483, -7.17527484894, -8.1619644165], "dmean": [0.349866420031, 0.316922098398, 0.346129417419, 0.303298801184, 0.296453773975, 0.379030138254], "dmean2": [0.567989706993, 0.510359942913, 0.561435639858, 0.492848724127, 0.470980793238, 0.570871055126], "mean": [-8.8916683197, -7.72064828873, -9.17946624756, -9.67393016815, -10.0678768158, -12.7738542557], "dvar2": [0.294305950403, 0.237961858511, 0.364347904921, 0.344293057919, 0.411678344011, 0.576598107815], "min": [-27.8241062164, -27.428604126, -27.3065338135, -27.3087921143, -27.2171630859, -27.3393764496]}, "spectral_strongpeak": {"dvar": 0.741555333138, "var": 2.57652139664, "median": 0.799812495708, "max": 11.4948158264, "dmean": 0.486287921667, "dmean2": 0.799587130547, "mean": 1.38859307766, "dvar2": 1.85313940048, "min": 0}, "erbbands_crest": {"dvar": 6.75211286545, "var": 25.5383586884, "median": 13.3814907074, "max": 32.6746444702, "dmean": 2.57408666611, "dmean2": 4.01052808762, "mean": 14.165760994, "dvar2": 16.4471282959, "min": 2.46754550934}, "barkbands_crest": {"dvar": 4.24607801437, "var": 30.5594406128, "median": 12.3256177902, "max": 26.808423996, "dmean": 1.91923344135, "dmean2": 2.94927501678, "mean": 13.6460914612, "dvar2": 10.0145921707, "min": 3.04665565491}, "spectral_energyband_middle_low": {"dvar": 3.30915681843e-05, "var": 0.000189716782188, "median": 0.0102975647897, "max": 0.117417760193, "dmean": 0.00366684701294, "dmean2": 0.00524580897763, "mean": 0.0142228584737, "dvar2": 7.74497457314e-05, "min": 1.93636120202e-22}, "spectral_contrast_coeffs": {"dvar": [0.00102486973628, 0.00109117967077, 0.000941668520682, 0.000814077386167, 0.000411142478697, 0.000477096444229], "var": [0.0176811479032, 0.00859512202442, 0.0141975311562, 0.00669367611408, 0.00448467303067, 0.00347454706207], "median": [-0.527917683125, -0.599238038063, -0.680681288242, -0.69386613369, -0.810089349747, -0.810869932175], "max": [-0.248268544674, -0.327071577311, -0.322926223278, -0.442173779011, -0.583833456039, -0.587072789669], "dmean": [0.0333273075521, 0.0378337875009, 0.0357087366283, 0.0302300099283, 0.0206396281719, 0.0209554117173], "dmean2": [0.0531537495553, 0.0600735321641, 0.0568095706403, 0.0482448451221, 0.0332144610584, 0.0322483405471], "mean": [-0.537726163864, -0.608579456806, -0.691618919373, -0.699860394001, -0.800543963909, -0.799907386303], "dvar2": [0.00240869424306, 0.00277624931186, 0.0022918661125, 0.001934095053, 0.000976366340183, 0.00104034633841], "min": [-0.962757587433, -0.981727421284, -0.990783035755, -0.988319158554, -0.962634801865, -0.961035609245]}, "hfc": {"dvar": 24.0309391022, "var": 206.844894409, "median": 6.7670917511, "max": 117.074577332, "dmean": 2.70046401024, "dmean2": 3.91845273972, "mean": 11.837767601, "dvar2": 56.8280487061, "min": 1.13716846617e-16}, "spectral_energyband_high": {"dvar": 2.72695555026e-08, "var": 7.27680529167e-08, "median": 4.55706640423e-06, "max": 0.00867896806449, "dmean": 3.97742624045e-05, "dmean2": 6.45558902761e-05, "mean": 6.78630822222e-05, "dvar2": 6.04655028269e-08, "min": 7.63403210179e-21}, "erbbands_spread": {"dvar": 101.507492065, "var": 210.960174561, "median": 12.7921619415, "max": 147.535186768, "dmean": 4.61187124252, "dmean2": 7.15404129028, "mean": 16.1937828064, "dvar2": 242.557281494, "min": 0.768853247166}, "dissonance": {"dvar": 0.00123117049225, "var": 0.00462013343349, "median": 0.370015591383, "max": 0.499999880791, "dmean": 0.0391921624541, "dmean2": 0.0654510185122, "mean": 0.36713039875, "dvar2": 0.00333331222646, "min": 0.118666619062}, "spectral_kurtosis": {"dvar": 353.736846924, "var": 1240.07495117, "median": 25.1809501648, "max": 230.36505127, "dmean": 13.8154907227, "dmean2": 22.4779605865, "mean": 36.6753463745, "dvar2": 897.678527832, "min": -1.34497594833}, "spectral_skewness": {"dvar": 0.98068356514, "var": 4.69467782974, "median": 4.01049518585, "max": 12.2715816498, "dmean": 0.853875875473, "dmean2": 1.35919368267, "mean": 4.26633644104, "dvar2": 2.39599227905, "min": -0.569749116898}, "pitch_salience": {"dvar": 0.00332454778254, "var": 0.0181086957455, "median": 0.497149884701, "max": 0.976252615452, "dmean": 0.0524735637009, "dmean2": 0.0821283459663, "mean": 0.490645587444, "dvar2": 0.00790361501276, "min": 0.044436533004}, "spectral_complexity": {"dvar": 1.48565602303, "var": 33.3551940918, "median": 8, "max": 29, "dmean": 1.0109808445, "dmean2": 1.70367610455, "mean": 8.74029922485, "dvar2": 3.63949513435, "min": 0}, "spectral_spread": {"dvar": 1165805092860.0, "var": 4024677695490.0, "median": 2117557.25, "max": 41539032, "dmean": 587482.25, "dmean2": 892783.8125, "mean": 2486365.25, "dvar2": 2394210959360.0, "min": 428043.84375}, "dynamic_complexity": 6.02819108963, "melbands_crest": {"dvar": 6.34665727615, "var": 40.7467765808, "median": 14.9592704773, "max": 34.828540802, "dmean": 2.34053611755, "dmean2": 3.62974739075, "mean": 16.2118434906, "dvar2": 14.9161300659, "min": 1.77498888969}, "zerocrossingrate": {"dvar": 8.18805274321e-05, "var": 0.000574951700401, "median": 0.0234375, "max": 0.51171875, "dmean": 0.00388725684024, "dmean2": 0.00497306138277, "mean": 0.0288008246571, "dvar2": 0.000114344533358, "min": 0.00341796875}, "spectral_energyband_low": {"dvar": 3.05401431433e-06, "var": 3.77474898414e-05, "median": 0.000131505876197, "max": 0.070782802999, "dmean": 0.000557881081477, "dmean2": 0.000937606324442, "mean": 0.00314891780727, "dvar2": 7.7600361692e-06, "min": 3.54425422841e-23}, "melbands_kurtosis": {"dvar": 679.496765137, "var": 1534.40722656, "median": 5.97201824188, "max": 744.539428711, "dmean": 7.81806659698, "dmean2": 12.6017751694, "mean": 20.4739265442, "dvar2": 1848.7800293, "min": -1.71460914612}, "spectral_energyband_middle_high": {"dvar": 1.19181477203e-05, "var": 7.42896299926e-05, "median": 0.000842685869429, "max": 0.112946406007, "dmean": 0.00133399595506, "dmean2": 0.00194981857203, "mean": 0.00433461181819, "dvar2": 2.70843011094e-05, "min": 1.29133425228e-21}, "barkbands_spread": {"dvar": 27.0112171173, "var": 70.5328369141, "median": 4.61922121048, "max": 94.1060256958, "dmean": 2.11285948753, "dmean2": 3.33896589279, "mean": 7.44370651245, "dvar2": 67.5788726807, "min": 0.0503452531993}, "mfcc": {"mean": [-809.381286621, 190.31489563, 8.5619430542, 4.51777648926, -0.612367630005, -8.41958618164, -7.60079860687, -27.150812149, -16.1715812683, -10.7423143387, 1.4675962925, 2.10049796104, -4.09857749939], "cov": [[14141.4921875, 2663.45141602, -3000.85058594, 274.022186279, -1108.18933105, -713.440551758, 1302.26245117, 915.740905762, 1349.5847168, 637.565673828, 689.162231445, 801.661254883, 966.502075195], [2663.45141602, 2766.87939453, -356.928375244, -418.806243896, -305.687866211, -240.839294434, 294.855682373, 249.055770874, 286.008972168, 192.537857056, 194.466598511, 291.715789795, 164.036743164], [-3000.85058594, -356.928375244, 1602.99511719, -229.788986206, 238.343383789, 253.318817139, -427.393493652, -177.807723999, -335.331970215, -109.384979248, -166.872894287, -65.2453384399, -287.392700195], [274.022186279, -418.806243896, -229.788986206, 626.924804688, 138.050598145, 142.181793213, 77.4179611206, 100.070724487, 105.853797913, 112.808929443, 87.7074279785, 6.04707527161, 97.1756896973], [-1108.18933105, -305.687866211, 238.343383789, 138.050598145, 437.039031982, 201.706710815, -119.903869629, -47.2670516968, -50.6679878235, 12.1152505875, -28.962020874, -107.097381592, -79.572807312], [-713.440551758, -240.839294434, 253.318817139, 142.181793213, 201.706710815, 466.262756348, -57.134967804, 39.0420951843, -54.2944297791, 44.2840003967, -35.0059280396, -99.8117752075, -21.4942111969], [1302.26245117, 294.855682373, -427.393493652, 77.4179611206, -119.903869629, -57.134967804, 535.478942871, 248.367736816, 182.46534729, 102.26121521, 109.346290588, 132.258895874, 89.030860