{"lowlevel": {"spectral_strongpeak": {"max": 15.218091011, "dmean": 0.332584887743, "dvar2": 1.28576171398, "dmean2": 0.548900008202, "var": 1.03208017349, "median": 0.34093695879, "min": 0, "dvar": 0.497912824154, "mean": 0.716413319111}, "barkbands_flatness_db": {"max": 0.527606785297, "dmean": 0.0269663725048, "dvar2": 0.00201893015765, "dmean2": 0.0418699607253, "var": 0.0033054985106, "median": 0.258021622896, "min": 0.0488978736103, "dvar": 0.000770762970205, "mean": 0.254883229733}, "barkbands_skewness": {"max": 39.7794342041, "dmean": 0.738629519939, "dvar2": 4.90804719925, "dmean2": 1.20122349262, "var": 4.34287834167, "median": 2.13009643555, "min": -2.13681173325, "dvar": 1.59075152874, "mean": 2.34822058678}, "spectral_energyband_middle_high": {"max": 0.0781102925539, "dmean": 0.000734617176931, "dvar2": 1.351111041e-05, "dmean2": 0.00112547795288, "var": 1.77968431672e-05, "median": 0.000486260891194, "min": 1.1612865562e-21, "dvar": 5.65591381019e-06, "mean": 0.00166242907289}, "erbbands_kurtosis": {"max": 57.9980049133, "dmean": 1.66869115829, "dvar2": 13.0625085831, "dmean2": 2.61048102379, "var": 14.7330055237, "median": 1.09980678558, "min": -1.81367635727, "dvar": 5.84743881226, "mean": 2.1598880291}, "erbbands_crest": {"max": 30.8615875244, "dmean": 2.60424852371, "dvar2": 17.5671596527, "dmean2": 4.14276838303, "var": 25.1257743835, "median": 10.0897140503, "min": 2.38812708855, "dvar": 7.1684756279, "mean": 11.1858606339}, "dynamic_complexity": 5.27180051804, "barkbands_crest": {"max": 26.3607997894, "dmean": 2.55659127235, "dvar2": 15.7051534653, "dmean2": 4.20110654831, "var": 19.1647090912, "median": 12.396065712, "min": 3.67003560066, "dvar": 5.92314958572, "mean": 13.0285778046}, "dissonance": {"max": 0.500000119209, "dmean": 0.0286772586405, "dvar2": 0.00179232016671, "dmean2": 0.0473304763436, "var": 0.00183255691081, "median": 0.431155085564, "min": 0.189796164632, "dvar": 0.000682552345097, "mean": 0.425975352526}, "spectral_energyband_low": {"max": 0.176932618022, "dmean": 0.00719051249325, "dvar2": 0.000930415641051, "dmean2": 0.0127745755017, "var": 0.000267901516054, "median": 0.00760352378711, "min": 1.07711738531e-23, "dvar": 0.000325175788021, "mean": 0.0119023770094}, "spectral_contrast_coeffs": {"max": [-0.273989200592, -0.389902293682, -0.416751146317, -0.508769392967, -0.543715536594, -0.566765725613], "dmean": [0.046172760427, 0.0456761866808, 0.0365644469857, 0.0300132762641, 0.0239444747567, 0.0213842839003], "dvar2": [0.0041657439433, 0.0047645480372, 0.00241210474633, 0.00144976924639, 0.000949407578446, 0.000946642598137], "dmean2": [0.0750386714935, 0.0733583420515, 0.0574249327183, 0.0469947494566, 0.0357388332486, 0.0326210595667], "var": [0.010947983712, 0.00865477975458, 0.00706880167127, 0.00474952952936, 0.00374558684416, 0.00268499250524], "median": [-0.64852309227, -0.676408886909, -0.757479071617, -0.783143103123, -0.801438033581, -0.773520469666], "min": [-0.982957422733, -0.993973553181, -0.994752287865, -0.984624385834, -0.985480010509, -0.964393556118], "dvar": [0.00158082088456, 0.00187984481454, 0.00104765337892, 0.000638386525679, 0.000452801556094, 0.000415947608417], "mean": [-0.644251048565, -0.679836392403, -0.753093421459, -0.780003786087, -0.797246456146, -0.772978961468]}, "silence_rate_60dB": {"max": 1, "dmean": 0.0135759403929, "dvar2": 0.0294305086136, "dmean2": 0.0271544400603, "var": 0.101262077689, "median": 0, "min": 0, "dvar": 0.0133906379342, "mean": 0.114347659051}, "mfcc": {"icov": [[0.000193994346773, -0.000221002148464, 0.000130565342261, -0.000278297695331, 0.000469418038847, -0.000480563234305, 0.000500451598782, -0.000472467276268, 0.000401959579904, -0.000176986257429, 0.000210425394471, -0.000353938812623, 0.000388233427657], [-0.000221002148464, 0.000802984519396, 4.12104309362e-05, 0.000267992552835, -0.000805762188975, 0.000627287372481, -0.000609372917097, 0.00059926341055, -7.04825652065e-05, -0.000421519420343, 9.22942417674e-05, 0.000832233577967, -0.000800257257652], [0.000130565342261, 4.12104309362e-05, 0.00209022918716, 0.000103397898783, -0.000105624356365, -0.00136085227132, 0.00132801895961, -0.000954885093961, 3.45619773725e-05, -9.84912185231e-05, -0.000173252265085, -0.00030910060741, -0.000354484305717], [-0.000278297695331, 0.000267992552835, 0.000103397898783, 0.00402752449736, -0.00149131624494, 0.000640621350612, -6.82865138515e-05, 0.000141119962791, -0.000900600745808, 0.00101651577279, -0.000411998073105, 0.000729669351131, -0.000707183673512], [0.000469418038847, -0.000805762188975, -0.000105624356365, -0.00149131624494, 0.00811129715294, -0.00217751273885, 0.00115403684322, -0.00108316121623, -0.00117019412573, 0.00116154714487, 0.000462231837446, -0.000731543521397, 0.000160677212989], [-0.000480563234305, 0.000627287372481, -0.00136085227132, 0.000640621350612, -0.00217751273885, 0.010008786805, -0.00523452181369, 0.00244451477192, -0.00141569541302, -0.000649314839393, 0.000145556463394, 0.000428855477367, 1.76391276909e-05], [0.000500451598782, -0.000609372917097, 0.00132801895961, -6.82865138515e-05, 0.00115403684322, -0.00523452181369, 0.0131447641179, -0.0051544746384, 0.0025464524515, -0.00237753987312, 0.000496433291119, -0.00212664832361, 0.00074340752326], [-0.000472467276268, 0.00059926341055, -0.000954885093961, 0.000141119962791, -0.00108316121623, 0.00244451477192, -0.0051544746384, 0.0139500871301, -0.00523819308728, 0.00254573649727, -0.00304087088443, 0.00125940807629, 0.000269205571385], [0.000401959579904, -7.04825652065e-05, 3.45619773725e-05, -0.000900600745808, -0.00117019412573, -0.00141569541302, 0.0025464524515, -0.00523819308728, 0.0139010883868, -0.00643045222387, 0.00432353839278, -0.00278859655373, -0.00230626645498], [-0.000176986257429, -0.000421519420343, -9.84912185231e-05, 0.00101651577279, 0.00116154714487, -0.000649314839393, -0.00237753987312, 0.00254573649727, -0.00643045222387, 0.0152920223773, -0.00617658253759, 0.00348434154876, -0.00226636556908], [0.000210425394471, 9.22942417674e-05, -0.000173252265085, -0.000411998073105, 0.000462231837446, 0.000145556463394, 0.000496433291119, -0.00304087088443, 0.00432353839278, -0.00617658253759, 0.0140775712207, -0.00797210820019, 0.00373697653413], [-0.000353938812623, 0.000832233577967, -0.00030910060741, 0.000729669351131, -0.000731543521397, 0.000428855477367, -0.00212664832361, 0.00125940807629, -0.00278859655373, 0.00348434154876, -0.00797210820019, 0.0169094130397, -0.00713241891935], [0.000388233427657, -0.000800257257652, -0.000354484305717, -0.000707183673512, 0.000160677212989, 1.76391276909e-05, 0.00074340752326, 0.000269205571385, -0.00230626645498, -0.00226636556908, 0.00373697653413, -0.00713241891935, 0.0163615532219]], "cov": [[11301.8417969, 2372.84423828, -705.410644531, 393.434997559, -360.74206543, 93.4461669922, -111.52571106, 22.8535690308, -314.634765625, 9.46177101135, -73.4497375488, -126.632049561, -223.72706604], [2372.84423828, 2199.07836914, -254.027954102, 40.747303009, 50.4205551147, -29.8935642242, 0.522559702396, -58.3793258667, -33.0181999207, 64.4630737305, -97.2618713379, -111.236785889, 25.9851570129], [-705.410644531, -254.027954102, 616.24005127, -29.9481468201, 51.1021957397, 68.1862030029, -15.8008232117, 35.4076194763, 54.4129714966, 11.0952539444, 26.1728744507, 40.7528381348, 36.924446106], [393.434997559, 40.747303009, -29.9481468201, 298.51751709, 42.2483673096, -9.13618183136, -18.784198761, 10.3207883835, 12.2395458221, -20.9714450836, -14.1180677414, -6.78275632858, 4.27790117264], [-360.74206543, 50.4205551147, 51.1021957397, 42.2483673096, 173.153930664, 24.8937473297, 1.24406754971, 10.5347824097, 41.185382843, -5.42363739014, -14.4629487991, 6.11274337769, 23.024148941], [93.4461669922, -29.8935642242, 68.1862030029, -9.13618183136, 24.8937473297, 148.97315979, 49.2791213989, 6.19015598297, 17.1647834778, 19.7313461304, 5.18418169022, 10.700009346, 3.28995633125], [-111.52571106, 0.522559702396, -15.8008232117, -18.784198761, 1.24406754971, 49.2791213989, 118.244117737, 31.0153827667, 4.50887918472, 21.4821128845, 19.3815059662, 15.6453905106, 1.57412910461], [22.8535690308, -58.3793258667, 35.4076194763, 10.3207883835, 10.5347824097, 6.19015598297, 31.0153827667, 103.419830322, 33.2647209167, 4.79215288162, 21.8691673279, 15.5980615616, 1.75193679333], [-314.634765625, -33.0181999207, 54.4129714966, 12.2395458221, 41.185382843, 17.1647834778, 4.50887918472, 33.2647209167, 131.572235107, 40.2568588257, -10.5000629425, 21.164850235, 42.1303520203], [9.46177101135, 64.4630737305, 11.0952539444, -20.9714450836, -5.42363739014, 19.7313461304, 21.4821128845, 4.79215288162, 40.2568588257, 103.140426636, 31.680683136, 7.29706430435, 17.145816803], [-73.4497375488, -97.2618713379, 26.1728744507, -14.1180677414, -14.4629487991, 5.18418169022, 19.3815059662, 21.8691673279, -10.5000629425, 31.680683136, 125.868881226, 52.4630241394, -7.13166046143], [-126.632049561, -111.236785889, 40.7528381348, -6.78275632858, 6.11274337769, 10.700009346, 15.6453905106, 15.5980615616, 21.164850235, 7.29706430435, 52.4630241394, 105.294914246, 35.0270767212], [-223.72706604, 25.9851570129, 36.924446106, 4.27790117264, 23.024148941, 3.28995633125, 1.57412910461, 1.75193679333, 42.1303520203, 17.145816803, -7.13166046143, 35.0270767212, 93.5650405884]], "mean": [-762.816101074, 183.348297119, 14.1566209793, 33.9677467346, 8.27351379395, 9.25340366364, -1.27814996243, -1.83750402927, -2.29640030861, 5.48623657227, -6.42241573334, -6.32607746124, 1.63937747478]}, "melbands_spread": {"max": 158.059066772, "dmean": 2.47527718544, "dvar2": 61.7890625, "dmean2": 3.86846137047, "var": 402.725769043, "median": 5.24855422974, "min": 0.114290423691, "dvar": 29.1089992523, "mean": 9.81347560883}, "barkbands_kurtosis": {"max": 2417.53466797, "dmean": 10.7944793701, "dvar2": 12907.6269531, "dmean2": 18.7783145905, "var": 3913.84887695, "median": 8.11743831635, "min": -1.87905836105, "dvar": 3890.27807617, "mean": 16.5960559845}, "spectral_energyband_high": {"max": 0.0187673717737, "dmean": 4.74805710837e-05, "dvar2": 1.88372681009e-07, "dmean2": 6.71941888868e-05, "var": 2.46334479925e-07, "median": 1.1224863556e-05, "min": 6.85868679464e-21, "dvar": 1.0836543396e-07, "mean": 7.60064795031e-05}, "hfc": {"max": 189.388214111, "dmean": 3.16778278351, "dvar2": 90.014251709, "dmean2": 5.04823970795, "var": 125.018676758, "median": 4.52297258377, "min": 1.07852255188e-16, "dvar": 36.2938652039, "mean": 8.54002761841}, "spectral_skewness": {"max": 6.87068223953, "dmean": 0.506841659546, "dvar2": 0.521683871746, "dmean2": 0.805273354053, "var": 0.911149382591, "median": 2.50241422653, "min": -0.554565370083, "dvar": 0.201593473554, "mean": 2.54153347015}, "erbbands": {"max": [2.74138116837, 23.1213817596, 103.665748596, 194.355667114, 270.916412354, 680.130615234, 935.706787109, 842.353393555, 670.7265625, 209.451644897, 776.834411621, 1276.17919922, 3028.50195312, 1231.8470459, 1310.33129883, 911.238891602, 1004.51647949, 2064.72485352, 404.516296387, 553.755981445, 515.793334961, 280.648071289, 131.608840942, 279.259399414, 998.600341797, 1000.79736328, 428.669616699, 244.967819214, 240.87512207, 89.2335891724, 55.0582618713, 22.3690357208, 31.6169128418, 3.43709516525, 1.16385471821, 0.425812363625, 0.071289382875, 0.0130012342706, 0.000721827440429, 0.000301729596686], "dmean": [0.0628875046968, 0.968990564346, 3.9256901741, 4.50999593735, 8.03698730469, 10.9701852798, 16.4712200165, 16.2272548676, 12.0305204391, 6.36175489426, 8.31834030151, 13.0599393845, 20.4841461182, 8.55922794342, 5.61191940308, 4.93490839005, 3.91924524307, 12.1923284531, 3.60114192963, 2.98409724236, 2.04873943329, 1.24824273586, 0.96172696352, 1.41063570976, 1.41238415241, 1.36748754978, 0.861500203609, 0.546268343925, 0.47588133812, 0.250822633505, 0.142157807946, 0.0766945257783, 0.0434154346585, 0.0156999975443, 0.00610471330583, 0.00194311887026, 0.000343536958098, 2.82103355858e-05, 5.93905906499e-06, 1.30695570988e-05], "dvar2": [0.0399036668241, 14.0175886154, 312.155395508, 554.914306641, 809.187988281, 1223.26049805, 3729.68847656, 4856.07519531, 3253.96337891, 826.598144531, 1393.9786377, 5754.45507812, 25997.984375, 2995.24804688, 1879.51818848, 1443.3067627, 708.48046875, 12033.7060547, 224.02696228, 389.15524292, 139.640151978, 51.3020477295, 21.5149478912, 75.6563949585, 545.487060547, 265.184509277, 126.898368835, 39.657585144, 43.2874259949, 6.48427915573, 1.58478486538, 0.223523154855, 0.171190485358, 0.00780133483931, 0.00118717027362, 0.000116521958262, 4.38834331362e-06, 9.21935026099e-08, 4.09358741349e-10, 1.92207405547e-09], "dmean2": [0.104142412543, 1.6903026104, 7.17349338531, 8.32211208344, 13.2081489563, 16.8093452454, 24.1716098785, 25.6669521332, 20.1998825073, 11.09603405, 13.4382944107, 20.3752937317, 31.350358963, 13.5672626495, 8.94687747955, 7.87145996094, 5.98885154724, 18.9692115784, 5.81919813156, 4.66481494904, 3.17847919464, 1.96633207798, 1.45699346066, 2.06731820107, 2.15267348289, 1.98618304729, 1.28353118896, 0.778297543526, 0.705820679665, 0.375192284584, 0.20935228467, 0.113285981119, 0.0627598688006, 0.0230428725481, 0.0088393362239, 0.00282270018943, 0.000500989204738, 4.08613886975e-05, 9.75042712525e-06, 2.21810914809e-05], "var": [0.0488939657807, 5.18896102905, 72.908416748, 119.607841492, 568.677001953, 1628.76525879, 6935.40966797, 3905.7824707, 1394.36938477, 272.614715576, 1014.82220459, 5236.56201172, 22453.1308594, 2317.99780273, 1377.69055176, 1493.59814453, 648.432250977, 12172.1699219, 212.025970459, 325.938720703, 183.287521362, 49.5197181702, 35.2047538757, 105.045776367, 243.699371338, 312.375518799, 83.8067932129, 41.1486663818, 33.8330955505, 5.71634483337, 1.26144647598, 0.287014842033, 0.231211319566, 0.00663804914802, 0.00085991906235, 8.59540887177e-05, 3.56915620614e-06, 9.82745831379e-08, 3.3193317539e-10, 9.37813160462e-10], "median": [0.0693342611194, 1.07510483265, 2.15685367584, 2.26146650314, 4.39721012115, 7.07628917694, 10.3551139832, 8.45952987671, 6.65007209778, 3.74782538414, 3.41294384003, 2.78830289841, 3.03162479401, 2.90721273422, 2.14372158051, 1.41591012478, 1.22803854942, 1.12917232513, 2.23251152039, 1.74507987499, 1.04278564453, 0.454154253006, 0.291917920113, 0.349836528301, 0.31911277771, 0.245733380318, 0.154239863157, 0.0737660974264, 0.0520378574729, 0.0507427416742, 0.0372014865279, 0.0175161026418, 0.00909097120166, 0.0043748728931, 0.00175746111199, 0.000523494905792, 9.09088703338e-05, 5.23594599144e-06, 9.72337056737e-06, 2.17224951484e-05], "min": [7.642393573e-23, 3.09631616101e-22, 2.28612849588e-21, 4.12848549834e-21, 1.3028762693e-20, 2.31183507212e-20, 3.96856248614e-20, 4.80567185098e-20, 1.15098602096e-19, 1.28091800061e-19, 2.30121026027e-19, 3.2267191247e-19, 4.52608725963e-19, 5.56547278653e-19, 5.18147745161e-19, 1.22767582255e-18, 1.37933039227e-18, 1.79511717327e-18, 2.52409593748e-18, 2.95414796512e-18, 3.30494678431e-18, 3.09077793639e-18, 4.77821914817e-18, 6.49194795302e-18, 6.77234315552e-18, 8.36968971614e-18, 7.48090151874e-18, 9.84650654893e-18, 9.45691854248e-18, 1.08390033428e-17, 1.09626693259e-17, 8.32888737806e-18, 9.85382792453e-18, 7.5117164781e-18, 5.75705960372e-18, 3.62554710048e-18, 2.3245001508e-18, 9.271999835e-19, 2.5006970142e-19, 2.63581344528e-20], "dvar": [0.0155144296587, 4.93520641327, 107.560028076, 189.42338562, 303.865936279, 562.745727539, 1903.30578613, 1966.57775879, 1190.63085938, 293.328765869, 574.58581543, 2256.6003418, 10713.2402344, 1229.2052002, 779.674194336, 562.536560059, 309.440856934, 4823.33837891, 94.9957962036, 179.103393555, 72.7056655884, 22.9750804901, 10.4628324509, 38.4205818176, 231.795043945, 156.098083496, 56.4890480042, 20.3432826996, 19.8316020966, 3.06899857521, 0.828045189381, 0.116982832551, 0.0991596728563, 0.00380332628265, 0.000549857039005, 5.48010466446e-05, 2.18528452933e-06, 5.27572083797e-08, 1.74088465865e-10, 6.75540012818e-10], "mean": [0.159063234925, 1.7480494976, 4.55202007294, 5.10250902176, 13.9235744476, 21.5491256714, 35.663433075, 28.4945888519, 17.8052616119, 8.8979511261, 13.369846344, 21.2256984711, 32.3763542175, 13.5371465683, 9.30859184265, 8.56233882904, 6.94090986252, 20.3990936279, 6.30505132675, 5.45737743378, 3.48424196243, 2.10644340515, 2.06008982658, 2.79624414444, 2.11902785301, 2.02424883842, 1.27936053276, 0.782581627369, 0.676580309868, 0.337869465351, 0.193933084607, 0.0978948548436, 0.0554719418287, 0.0200836192816, 0.00789376627654, 0.00257760216482, 0.000478011643281, 3.67125430785e-05, 1.43284023579e-05, 3.12433112413e-05]}, "spectral_contrast_valleys": {"max": [-4.70377922058, -4.48732089996, -5.1376042366, -5.99628210068, -6.00398206711, -8.69459724426], "dmean": [0.420634627342, 0.422738075256, 0.362794548273, 0.340121954679, 0.329949438572, 0.42211586237], "dvar2": [0.407388389111, 0.59944909811, 0.343595415354, 0.262665718794, 0.240326240659, 0.33136305213], "dmean2": [0.687106251717, 0.703257501125, 0.584389805794, 0.523853719234, 0.46557611227, 0.528672873974], "var": [9.9598236084, 9.74060153961, 8.842045784, 8.33225250244, 8.01579189301, 6.30169296265], "median": [-6.93619251251, -7.24139976501, -8.16409492493, -8.76539897919, -9.24735069275, -12.1242742538], "min": [-28.3411502838, -28.0736980438, -27.9602890015, -27.7312526703, -27.629365921, -27.449306488], "dvar": [0.17180941999, 0.237647071481, 0.144516393542, 0.119298994541, 0.127642929554, 0.208616539836], "mean": [-7.56247138977, -7.7758102417, -8.6953420639, -9.25992870331, -9.64358520508, -12.6444883347]}, "average_loudness": 0.726372361183, "erbbands_spread": {"max": 136.571624756, "dmean": 6.19771003723, "dvar2": 147.698379517, "dmean2": 9.56914997101, "var": 221.409011841, "median": 23.1504001617, "min": 2.07314515114, "dvar": 64.3301086426, "mean": 26.52186203}, "melbands_flatness_db": {"max": 0.559597432613, "dmean": 0.0298122987151, "dvar2": 0.0022562481463, "dmean2": 0.0447365269065, "var": 0.00631229905412, "median": 0.352030783892, "min": 8.80607876752e-06, "dvar": 0.00096293585375, "mean": 0.341366559267}, "barkbands_spread": {"max": 86.7250061035, "dmean": 2.23546791077, "dvar2": 32.5175361633, "dmean2": 3.4859726429, "var": 48.8546600342, "median": 5.42347717285, "min": 0.0831300914288, "dvar": 15.0842924118, "mean": 7.33801651001}, "spectral_decrease": {"max": 1.54403673469e-18, "dmean": 3.08216030476e-09, "dvar2": 1.09883082853e-16, "dmean2": 5.24697219006e-09, "var": 5.07342493682e-17, "median": -5.07906205982e-09, "min": -7.04063651824e-08, "dvar": 3.85445585196e-17, "mean": -7.24095050586e-09}, "melbands_crest": {"max": 39.663860321, "dmean": 3.07197403908, "dvar2": 22.8510074615, "dmean2": 5.09559249878, "var": 32.5544662476, "median": 15.9726734161, "min": 1.0603427887, "dvar": 8.48325443268, "mean": 16.4618625641}, "erbbands_flatness_db": {"max": 0.386463671923, "dmean": 0.0198090467602, "dvar2": 0.000817388354335, "dmean2": 0.0278641488403, "var": 0.00261764414608, "median": 0.219237953424, "min": 0.0291838999838, "dvar": 0.000402868521633, "mean": 0.21757131815}, "melbands_kurtosis": {"max": 2061.66162109, "dmean": 13.4474315643, "dvar2": 9237.23925781, "dmean2": 22.3392162323, "var": 4924.76074219, "median": 14.9325094223, "min": -1.80565321445, "dvar": 3132.26538086, "mean": 25.705575943}, "spectral_rms": {"max": 0.0163129810244, "dmean": 0.000950258166995, "dvar2": 6.12795929555e-06, "dmean2": 0.00156940729357, "var": 6.18412468611e-06, "median": 0.00437656231225, "min": 3.11418404085e-12, "dvar": 2.22095377467e-06, "mean": 0.00460803648457}, "melbands_skewness": {"max": 36.7701873779, "dmean": 0.821573913097, "dvar2": 4.13377666473, "dmean2": 1.31415593624, "var": 4.89080047607, "median": 2.8051867485, "min": -1.10361230373, "dvar": 1.47285223007, "mean": 3.07635354996}, "barkbands": {"max": [0.0344465076923, 0.0978592932224, 0.100754231215, 0.069463506341, 0.150161355734, 0.0962839499116, 0.0416263006628, 0.0304341986775, 0.0461329258978, 0.0868843793869, 0.0313816666603, 0.0302531532943, 0.0207922868431, 0.0346900559962, 0.0109052881598, 0.00900191161782, 0.00934229511768, 0.00304239522666, 0.00991723686457, 0.0233117807657, 0.00690804328769, 0.00549387745559, 0.00187100819312, 0.00165210652631, 0.000222630056669, 6.20949722361e-05, 5.26956500835e-06], "dmean": [0.00028086671955, 0.00353354029357, 0.0035776537843, 0.00151751912199, 0.00315883546136, 0.00220102234744, 0.00065014831489, 0.000326218432747, 0.00069238152355, 0.000445721467258, 0.000128863772261, 0.000142521879752, 7.65545482864e-05, 0.000222510556341, 6.82868558215e-05, 4.94406958751e-05, 2.41044290306e-05, 1.85504122783e-05, 3.02333191939e-05, 2.96185407933e-05, 1.64446191775e-05, 1.1718816495e-05, 5.47473882762e-06, 3.05443359139e-06, 1.05900687686e-06, 2.66459721843e-07, 5.21416909649e-09], "dvar2": [1.97323902285e-06, 0.000170171959326, 0.000282157619949, 5.97521830059e-05, 8.56573315104e-05, 5.94286284468e-05, 9.76859519142e-06, 1.98110956262e-06, 1.57654321811e-05, 1.13234518722e-05, 1.06713196146e-06, 1.46296315506e-06, 3.95004889242e-07, 3.80172082259e-06, 1.30956493649e-07, 8.95926035582e-08, 3.23630580112e-08, 1.0660683003e-08, 6.38318766732e-08, 1.60325285492e-07, 3.25073337137e-08, 2.21574030235e-08, 2.63020694113e-09, 4.78601880349e-10, 3.23405260905e-11, 2.41486995331e-12, 7.76447320067e-15], "dmean2": [0.000499705725815, 0.00606994377449, 0.00658678496256, 0.00276262802072, 0.00490895844996, 0.0033211435657, 0.0011131799547, 0.000543268746696, 0.00105977256317, 0.000697059964295, 0.000205514836125, 0.000226559714065, 0.000118178591947, 0.000349679292412, 0.000108336964331, 7.75942462496e-05, 3.86576502933e-05, 2.86801714537e-05, 4.53898246633e-05, 4.28282401117e-05, 2.38661159528e-05, 1.70327530213e-05, 8.13929273136e-06, 4.41830934506e-06, 1.53244093326e-06, 3.87110418387e-07, 8.00101762621e-09], "var": [7.85812744653e-07, 7.71538107074e-05, 6.26910768915e-05, 1.37918323162e-05, 0.000107928084617, 7.47423546272e-05, 3.50105256075e-06, 1.30596924919e-06, 1.65890542121e-05, 7.25580866856e-06, 7.87555904935e-07, 1.58385273608e-06, 2.58150919308e-07, 3.77347805625e-06, 1.15944303047e-07, 8.07383813139e-08, 2.91697581645e-08, 1.13876383878e-08, 4.30109174943e-08, 1.54424299126e-07, 3.08013525796e-08, 1.94519902408e-08, 1.96180560685e-09, 7.95984889113e-10, 2.62327937151e-11, 1.88964490756e-12, 7.13316853366e-15], "median": [0.000130972068291, 0.00471414346248, 0.00138875376433, 0.000601227511652, 0.00232814135961, 0.00115649914369, 0.000365118030459, 0.000129618798383, 0.00010271728388, 0.000109827247798, 4.3441694288e-05, 2.86969188892e-05, 2.05859651032e-05, 2.13796338357e-05, 3.48083267454e-05, 2.61669338215e-05, 5.91436810282e-06, 5.27838892594e-06, 7.50959452489e-06, 5.0898615882e-06, 2.3476889055e-06, 1.45760759551e-06, 1.43893407767e-06, 6.32802482414e-07, 3.15970709153e-07, 6.68349429134e-08, 5.08855069192e-10], "min": [5.50176062315e-26, 1.13702762397e-24, 6.53946708463e-25, 5.55425820706e-25, 7.70930491276e-24, 5.97007882033e-24, 4.55357099106e-24, 3.83848356884e-24, 8.05210994115e-24, 6.3338170617e-24, 1.14907806594e-23, 2.04657292753e-23, 2.290613675e-23, 3.15612614334e-23, 5.10783523381e-23, 5.48285718379e-23, 3.63266912757e-23, 8.59549847414e-23, 1.07682807846e-22, 1.40441575911e-22, 2.13628657574e-22, 2.556542946e-22, 4.04186427954e-22, 5.6001672375e-22, 8.22193093122e-22, 1.2522176566e-21, 1.8969301222e-21], "dvar": [6.26126336556e-07, 6.0520698753e-05, 9.71113913693e-05, 2.04360931093e-05, 3.64802726835e-05, 2.71146745945e-05, 3.47785203303e-06, 8.02643057796e-07, 6.59016268401e-06, 4.49373237643e-06, 4.85492591906e-07, 5.72651288167e-07, 1.69263714156e-07, 1.52188067659e-06, 5.99492082642e-08, 4.08172837751e-08, 1.52392320985e-08, 4.69012562121e-09, 2.80233560801e-08, 8.81078960902e-08, 1.60869486621e-08, 1.0503217851e-08, 1.27886201629e-09, 2.82230933069e-10, 1.57597025707e-11, 1.18778413754e-12, 4.14866784928e-15], "mean": [0.000342550280038, 0.00712108239532, 0.00368445995264, 0.00164535210934, 0.00658616563305, 0.00423480989411, 0.000911991170142, 0.000487939862069, 0.0011257637525, 0.000643685751129, 0.000190077145817, 0.000238648295635, 0.000114745314931, 0.000361065060133, 0.000107139785541, 8.56904443935e-05, 3.53724608431e-05, 3.68444962078e-05, 5.4142492445e-05, 4.24427125836e-05, 2.40543813561e-05, 1.65548553923e-05, 7.41283520256e-06, 3.85891416954e-06, 1.38178631914e-06, 3.59739004807e-07, 5.35739719254e-09]}, "spectral_kurtosis": {"max": 75.4796981812, "dmean": 5.81233549118, "dvar2": 97.3257064819, "dmean2": 9.64273643494, "var": 89.9099731445, "median": 10.7458248138, "min": -1.28908669949, "dvar": 35.7404098511, "mean": 12.9265985489}, "erbbands_skewness": {"max": 6.68904495239, "dmean": 0.424745172262, "dvar2": 0.423028349876, "dmean2": 0.644209623337, "var": 0.868184685707, "median": 1.01796531677, "min": -5.16808891296, "dvar": 0.191699057817, "mean": 1.06212103367}, "melbands": {"max": [0.0259743425995, 0.0458384640515, 0.0348766595125, 0.0266075860709, 0.0281657017767, 0.0175766441971, 0.00928215309978, 0.00224967603572, 0.00528508611023, 0.00745484279469, 0.0155826257542, 0.00486661773175, 0.00494039617479, 0.00453612534329, 0.000891074480023, 0.00249335751869, 0.00405090674758, 0.000978369847871, 0.00114186957944, 0.000832486548461, 0.000834242790006, 0.000458885187982, 8.19480264909e-05, 0.000160656330991, 0.00025635844213, 0.000366828782717, 0.00107580283657, 0.000602548476309, 0.000390616332879, 0.000156661117217, 0.000135487440275, 0.000160405877978, 7.85434313002e-05, 5.96114623477e-05, 4.24371901317e-05, 1.18808984553e-05, 1.81141385838e-05, 3.12991287501e-05, 4.70132681585e-06, 2.50179959949e-06], "dmean": [0.000769864476752, 0.00179100094829, 0.000840105349198, 0.000725483521819, 0.000525162671693, 0.000371898146113, 0.000177225039806, 6.45813997835e-05, 7.32290573069e-05, 9.13238036446e-05, 0.000100278644823, 3.43043320754e-05, 1.77356851054e-05, 2.0763503926e-05, 5.61154456591e-06, 1.43316874528e-05, 2.24979976338e-05, 5.21538458997e-06, 5.38770336789e-06, 3.80755864171e-06, 2.37093831856e-06, 1.50640983065e-06, 1.01224622995e-06, 8.00627390163e-07, 1.26121017274e-06, 1.10990140456e-06, 1.08385370368e-06, 9.23116431295e-07, 6.16338866166e-07, 4.00538993972e-07, 3.18596079296e-07, 3.16113187182e-07, 1.69090327518e-07, 1.31594617869e-07, 8.97662673083e-08, 5.93027245088e-08, 4.49121131396e-08, 3.58404506073e-08, 1.90713809189e-08, 1.1701837721e-08], "dvar2": [7.15600708645e-06, 6.05417953921e-05, 1.76107132575e-05, 5.06130709255e-06, 3.27013231072e-06, 2.2374274522e-06, 6.83812913849e-07, 8.03622839385e-08, 1.13053665984e-07, 2.77331537291e-07, 6.39376764866e-07, 5.3948014056e-08, 2.15298339157e-08, 3.32976348716e-08, 1.03482411529e-09, 1.1652729448e-08, 4.09763316611e-08, 7.22579551748e-10, 1.12952303066e-09, 5.84232051626e-10, 2.94310409377e-10, 9.84508585766e-11, 1.75799999558e-11, 2.71104839966e-11, 6.48065490161e-11, 8.54593687483e-11, 5.84311710128e-10, 1.01900592131e-10, 9.11435094064e-11, 2.07236710431e-11, 1.83853123698e-11, 2.34912107128e-11, 2.87276799571e-12, 2.31652566053e-12, 8.11930763508e-13, 1.34240519091e-13, 1.01205183828e-13, 1.59177521424e-13, 1.67643032973e-14, 4.01484807856e-15], "dmean2": [0.00130195601378, 0.00323806144297, 0.00152266363148, 0.00114293955266, 0.000775323191192, 0.000580510648433, 0.000297001533909, 0.000112263813207, 0.000116726718261, 0.000141365613672, 0.000153328044689, 5.42196066817e-05, 2.82153050648e-05, 3.26078588841e-05, 8.96001620276e-06, 2.19590183406e-05, 3.52163697244e-05, 8.52362609294e-06, 8.42063036544e-06, 6.05837203693e-06, 3.68711152987e-06, 2.40700978793e-06, 1.59911633091e-06, 1.22038682093e-06, 1.86024294635e-06, 1.69266252215e-06, 1.66113591149e-06, 1.36997653044e-06, 9.41233622598e-07, 5.95382516622e-07, 4.61278517605e-07, 4.77067999327e-07, 2.49051794299e-07, 1.99701162273e-07, 1.3322136283e-07, 9.11254787184e-08, 6.74803786183e-08, 5.18995939558e-08, 2.89213595295e-08, 1.72782321783e-08], "var": [4.47475667897e-06, 1.52372085722e-05, 4.17222599935e-06, 5.60630223845e-06, 5.80036385145e-06, 1.92033076019e-06, 3.03520835132e-07, 2.96578726022e-08, 8.24687020895e-08, 2.70268913027e-07, 5.47468232526e-07, 4.0113409483e-08, 1.49674548311e-08, 3.55208165104e-08, 7.56593454554e-10, 1.01275396958e-08, 4.09111002853e-08, 5.00476549092e-10, 1.01567299016e-09, 4.23329094001e-10, 4.20147805436e-10, 8.79431874545e-11, 2.15727557346e-11, 2.75754644813e-11, 8.95830701286e-11, 4.99905186691e-11, 3.00346691962e-10, 1.2310102937e-10, 4.44715445025e-11, 1.74519045049e-11, 1.38133757904e-11, 1.49217634776e-11, 3.56085365187e-12, 1.39868151783e-12, 5.86913005175e-13, 1.10418428957e-13, 1.45010034796e-13, 2.23729536416e-13, 1.1875002121e-14, 3.10784498688e-15], "median": [0.00109202263411, 0.00140026572626, 0.000488383113407, 0.000435366062447, 0.000356304546585, 0.000193642423255, 9.21648897929e-05, 3.39690559485e-05, 2.37379754253e-05, 1.48153676491e-05, 1.27396469907e-05, 9.73156784312e-06, 6.5051826823e-06, 4.60045657746e-06, 2.48840410677e-06, 2.46130002779e-06, 1.55325358264e-06, 3.24594088852e-06, 2.51705569099e-06, 1.90490197838e-06, 9.04168587113e-07, 4.05682271776e-07, 2.76156157497e-07, 2.20615447688e-07, 2.75815011719e-07, 2.75874924682e-07, 1.33500009269e-07, 1.60584022524e-07, 1.07508142833e-07, 5.6738009846e-08, 3.50897160217e-08, 2.82704810672e-08, 2.5874385301e-08, 2.66890687328e-08, 2.13348627653e-08, 1.54431312183e-08, 8.21015344599e-09, 6.75145539475e-09, 4.46485204364e-09, 3.18625081874e-09], "min": [4.74461969167e-25, 1.02532521561e-24, 6.01346301467e-25, 8.09115056874e-25, 1.23034986906e-24, 1.18907163751e-24, 1.6312595321e-24, 1.81883832941e-24, 1.95831919265e-24, 1.60000644076e-24, 1.96748141763e-24, 1.80016086419e-24, 1.57400242988e-24, 1.92281414103e-24, 1.71763694161e-24, 2.64968951176e-24, 3.0036277341e-24, 2.91750384478e-24, 3.8761832315e-24, 3.54051660544e-24, 3.25511836563e-24, 2.8337185336e-24, 2.32059508312e-24, 3.58064911513e-24, 4.354939365e-24, 4.52087191768e-24, 3.8686929972e-24, 4.26664058616e-24, 3.78473492549e-24, 4.21977238763e-24, 5.02790989793e-24, 4.99916617312e-24, 4.81601712562e-24, 4.6238920243e-24, 5.31360455222e-24, 4.51910131938e-24, 4.46660065398e-24, 5.63162869857e-24, 5.90258506457e-24, 6.34636586655e-24], "dvar": [2.59992430074e-06, 2.09752834053e-05, 6.04230217505e-06, 2.08435881177e-06, 1.63083075222e-06, 9.19236811114e-07, 2.5128491643e-07, 2.90238730827e-08, 4.63740832402e-08, 1.11942043191e-07, 2.62953562924e-07, 2.18513989125e-08, 9.07788777482e-09, 1.30197195247e-08, 4.27761631672e-10, 4.9659800716e-09, 1.63718052448e-08, 3.04077180102e-10, 5.29143839856e-10, 2.43351117035e-10, 1.61189284142e-10, 4.32320568233e-11, 7.8425373834e-12, 1.20969579839e-11, 3.26664875705e-11, 3.66627180004e-11, 2.60516691553e-10, 6.01421135116e-11, 3.784285732e-11, 9.57565190335e-12, 8.39904014394e-12, 1.01695622409e-11, 1.49617883187e-12, 9.78636009036e-13, 4.17633673954e-13, 6.70431185611e-14, 5.36504637916e-14, 9.51705551931e-14, 7.51368453268e-15, 1.93838450133e-15], "mean": [0.00172923970968, 0.00244073010981, 0.00106932083145, 0.00138698460069, 0.00114109902643, 0.000665848085191, 0.000260984903434, 8.94347031135e-05, 0.000115417991765, 0.000148106715642, 0.000155911111506, 5.19282257301e-05, 2.78139523289e-05, 3.47456480085e-05, 9.00404393178e-06, 2.35390925809e-05, 3.67793800251e-05, 8.3020713646e-06, 8.7233420345e-06, 6.60663818053e-06, 3.62991613656e-06, 2.27630744121e-06, 1.92004335986e-06, 1.51387450842e-06, 2.45405999522e-06, 1.82332098575e-06, 1.35201844387e-06, 1.34670176521e-06, 8.5623872792e-07, 5.63717605928e-07, 4.19904239379e-07, 4.2736385808e-07, 2.40089150338e-07, 1.66300679894e-07, 1.19153696687e-07, 7.57945031182e-08, 5.48205427719e-08, 4.5047617192e-08, 2.29981704791e-08, 1.4662953518e-08]}, "spectral_centroid": {"max": 11753.6552734, "dmean": 112.091506958, "dvar2": 98736.5, "dmean2": 172.386856079, "var": 2501538.25, "median": 418.793395996, "min": 149.051986694, "dvar": 48594.4414062, "mean": 740.142089844}, "pitch_salience": {"max": 0.995113372803, "dmean": 0.075372941792, "dvar2": 0.015471464023, "dmean2": 0.126319915056, "var": 0.0174230094999, "median": 0.509970903397, "min": 0.0209953915328, "dvar": 0.00565366493538, "mean": 0.509589552879}, "gfcc": {"icov": [[0.000203048213734, -0.000659565324895, 0.000426359212724, -0.000442287448095, 0.000488785968628, -0.000578488514293, 0.000484731659526, -0.000542959140148, 0.000663149985485, -0.000212303013541, 0.000170189407072, -0.000316940946504, 0.00015381918638], [-0.000659565324895, 0.00330276996829, -0.000874618592206, 0.00179250712972, -0.00161333172582, 0.00190415547695, -0.00136366649531, 0.00209301779978, -0.0030076391995, 0.00158816913608, -0.00128191558179, 0.00216734525748, -0.00133776443545], [0.000426359212724, -0.000874618592206, 0.00266697024927, -0.000644759275019, 0.000380567333195, -0.00206743972376, 0.00141877448186, -0.00123260891996, 0.000466625613626, -0.000217092339881, 0.00096648093313, -0.00144973734859, 0.000873030279763], [-0.000442287448095, 0.00179250712972, -0.000644759275019, 0.00380970980041, -0.000855566526297, 0.00122895336244, -0.000526413903572, 0.000958066782914, -0.00195220520254, 0.000751552404836, -0.000247612071689, 0.000734368746635, -0.00085753237363], [0.000488785968628, -0.00161333172582, 0.000380567333195, -0.000855566526297, 0.0056231925264, -0.000722627912182, -0.000915100157727, -0.000602314830758, 0.000579215178732, 0.000278813531622, 9.55075811362e-05, -0.00088459381368, -0.000472805724712], [-0.000578488514293, 0.00190415547695, -0.00206743972376, 0.00122895336244, -0.000722627912182, 0.00706651015207, -0.00231372076087, 1.70404837263e-05, 0.00014808747801, -0.00220392015763, -0.00010636436491, 0.00185339502059, -0.00126084010117], [0.000484731659526, -0.00136366649531, 0.00141877448186, -0.000526413903572, -0.000915100157727, -0.00231372076087, 0.00870583206415, -0.00233418960124, -0.000944371335208, 0.000656935095321, -0.00240026204847, 0.000876893289387, 0.000110696906631], [-0.000542959140148, 0.00209301779978, -0.00123260891996, 0.000958066782914, -0.000602314830758, 1.70404837263e-05, -0.00233418960124, 0.0109874913469, -0.00437029404566, -0.00124025368132, 0.00161540915724, -0.00290059228428, 0.000861898122821], [0.000663149985485, -0.0030076391995, 0.000466625613626, -0.00195220520254, 0.000579215178732, 0.00014808747801, -0.000944371335208, -0.00437029404566, 0.0143453292549, -0.00456282543018, -0.000619589816779, 0.000551424280275, -0.00295361410826], [-0.000212303013541, 0.00158816913608, -0.000217092339881, 0.000751552404836, 0.000278813531622, -0.00220392015763, 0.000656935095321, -0.00124025368132, -0.00456282543018, 0.0138842733577, -0.00475453026593, -0.000912084942684, 0.000652677263133], [0.000170189407072, -0.00128191558179, 0.00096648093313, -0.000247612071689, 9.55075811362e-05, -0.00010636436491, -0.00240026204847, 0.00161540915724, -0.000619589816779, -0.00475453026593, 0.0153141235933, -0.0052833002992, 0.00236240401864], [-0.000316940946504, 0.00216734525748, -0.00144973734859, 0.000734368746635, -0.00088459381368, 0.00185339502059, 0.000876893289387, -0.00290059228428, 0.000551424280275, -0.000912084942684, -0.0052833002992, 0.0169091243297, -0.00531547609717], [0.00015381918638, -0.00133776443545, 0.000873030279763, -0.00085753237363, -0.000472805724712, -0.00126084010117, 0.000110696906631, 0.000861898122821, -0.00295361410826, 0.000652677263133, 0.00236240401864, -0.00531547609717, 0.0159601904452]], "cov": [[33719.3984375, 3998.15209961, -3096.02514648, 777.881286621, -1551.62683105, 220.876800537, -889.650878906, -98.9337234497, -592.941894531, -193.668807983, -135.109176636, -280.024200439, 29.2167110443], [3998.15209961, 1653.77075195, -611.581054688, -136.996582031, 87.8902664185, -235.984329224, 69.981590271, -196.665405273, 79.4860153198, -163.709182739, 43.6598434448, -162.732376099, 81.0182266235], [-3096.02514648, -611.581054688, 931.914978027, -17.1507987976, 70.5780944824, 190.335998535, -3.06383156776, 126.336738586, 34.111415863, 88.8926315308, -23.4596767426, 93.9863739014, -25.5435943604], [777.881286621, -136.996582031, -17.1507987976, 383.736297607, -47.347454071, 9.87627410889, -41.7513847351, 22.6714382172, -3.35953593254, 7.27909564972, -15.3970108032, 14.4506692886, 7.19147014618], [-1551.62683105, 87.8902664185, 70.5780944824, -47.347454071, 332.078979492, -49.671962738, 119.486526489, -19.0589141846, 71.7437820435, -20.4967975616, 28.1673278809, -3.88969612122, 30.6807861328], [220.876800537, -235.984329224, 190.335998535, 9.87627410889, -49.671962738, 289.286804199, 3.4811604023, 86.6945266724, -15.6751184464, 83.9179840088, -2.37832999229, 31.6373882294, -10.5573711395], [-889.650878906, 69.981590271, -3.06383156776, -41.7513847351, 119.486526489, 3.4811604023, 212.112045288, 17.4389076233, 73.3236923218, 8.80349254608, 46.1096611023, -8.275182724, 17.3942890167], [-98.9337234497, -196.665405273, 126.336738586, 22.6714382172, -19.0589141846, 86.6945266724, 17.4389076233, 173.843276978, 35.0338134766, 67.0231628418, 3.56353259087, 54.2040061951, -3.18065023422], [-592.941894531, 79.4860153198, 34.111415863, -3.35953593254, 71.7437820435, -15.6751184464, 73.3236923218, 35.0338134766, 143.979995728, 35.7693710327, 32.6974449158, 6.77299356461, 31.4153862], [-193.668807983, -163.709182739, 88.8926315308, 7.27909564972, -20.4967975616, 83.9179840088, 8.80349254608, 67.0231628418, 35.7693710327, 135.257965088, 36.4361991882, 41.5426445007, -4.45437765121], [-135.109176636, 43.6598434448, -23.4596767426, -15.3970108032, 28.1673278809, -2.37832999229, 46.1096611023, 3.56353259087, 32.6974449158, 36.4361991882, 98.4737472534, 23.1737289429, 3.25491833687], [-280.024200439, -162.732376099, 93.9863739014, 14.4506692886, -3.88969612122, 31.6373882294, -8.275182724, 54.2040061951, 6.77299356461, 41.5426445007, 23.1737289429, 101.992141724, 14.3008785248], [29.2167110443, 81.0182266235, -25.5435943604, 7.19147014618, 30.6807861328, -10.5573711395, 17.3942890167, -3.18065023422, 31.4153862, -4.45437765121, 3.25491833687, 14.3008785248, 81.3517837524]], "mean": [-135.78427124, 169.031173706, -99.4900817871, 33.5842323303, -46.4961776733, 1.24869155884, -28.4397411346, -6.73901414871, -12.4968595505, -5.89171028137, -5.29060697556, -9.45053768158, 3.7029209137]}, "spectral_flux": {"max": 0.455468207598, "dmean": 0.0285444259644, "dvar2": 0.00374356471002, "dmean2": 0.0469031110406, "var": 0.0037340959534, "median": 0.0512389577925, "min": 6.35685740158e-11, "dvar": 0.00201407610439, "mean": 0.0681589916348}, "zerocrossingrate": {"max": 0.5263671875, "dmean": 0.00420206366107, "dvar2": 0.0001125691997, "dmean2": 0.00539995962754, "var": 0.00521196378395, "median": 0.01708984375, "min": 0, "dvar": 6.94984628353e-05, "mean": 0.0304595343769}, "spectral_energyband_middle_low": {"max": 0.154057428241, "dmean": 0.0067992778495, "dvar2": 0.000379116798285, "dmean2": 0.0110047617927, "var": 0.000317861762596, "median": 0.0081540569663, "min": 1.37033608448e-22, "dvar": 0.000142657620017, "mean": 0.0153305130079}, "silence_rate_20dB": {"max": 1, "dmean": 0, "dvar2": 0, "dmean2": 0, "var": 0, "median": 1, "min": 1, "dvar": 0, "mean": 1}, "silence_rate_30dB": {"max": 1, "dmean": 0.0116903930902, "dvar2": 0.0290604177862, "dmean2": 0.0233829915524, "var": 0.00850523356348, "median": 1, "min": 0, "dvar": 0.0115541098639, "mean": 0.991421580315}, "spectral_entropy": {"max": 9.82168769836, "dmean": 0.222430482507, "dvar2": 0.107297167182, "dmean2": 0.322276324034, "var": 0.456523120403, "median": 6.53180980682, "min": 4.61823749542, "dvar": 0.0513857156038, "mean": 6.62021207809}, "spectral_rolloff": {"max": 19745.9472656, "dmean": 121.791290283, "dvar2": 355793.40625, "dmean2": 212.03213501, "var": 7527504.5, "median": 322.998046875, "min": 21.533203125, "dvar": 165643.15625, "mean": 830.58782959}, "spectral_complexity": {"max": 38, "dmean": 1.65098524094, "dvar2": 8.628263