{"tonal": {"chords_number_rate": 0.00194552529138, "thpcp": [1, 0.53442800045, 0.190279752016, 0.147840663791, 0.148616805673, 0.203572899103, 0.251046150923, 0.227469593287, 0.193744942546, 0.182321757078, 0.187008351088, 0.324202805758, 0.496414780617, 0.459631145, 0.445111960173, 0.425239384174, 0.253035187721, 0.168289244175, 0.186380431056, 0.23398964107, 0.478219717741, 0.605914473534, 0.322372078896, 0.105470217764, 0.140630036592, 0.178372502327, 0.195197701454, 0.23485045135, 0.220076441765, 0.162371382117, 0.117094188929, 0.144451260567, 0.248503163457, 0.334855735302, 0.419658720493, 0.820119440556], "hpcp": {"dvar": [0.0359815955162, 0.0394854322076, 0.038948751986, 0.0427684523165, 0.0404246561229, 0.0405460894108, 0.0410802401602, 0.0391581170261, 0.043068036437, 0.0597544014454, 0.0509798303246, 0.0530321374536, 0.0554689466953, 0.0379683338106, 0.0351595468819, 0.0385628044605, 0.0371073074639, 0.0470166131854, 0.0562303811312, 0.0279005877674, 0.0162536855787, 0.0294425357133, 0.0402815453708, 0.0258307158947, 0.0355000644922, 0.034509640187, 0.0260053314269, 0.0191513840109, 0.0263908579946, 0.0398278608918, 0.0515143685043, 0.0595482736826, 0.0713233053684, 0.0938676670194, 0.050404496491, 0.0385966747999], "mean": [0.0534135773778, 0.0536939948797, 0.0735491663218, 0.0907008424401, 0.0821828395128, 0.0699984058738, 0.0658713057637, 0.0675645321608, 0.117131724954, 0.179350450635, 0.166060835123, 0.160815179348, 0.153635382652, 0.0914194658399, 0.0608014762402, 0.0673376694322, 0.084538474679, 0.172776728868, 0.218911767006, 0.116470299661, 0.0381054952741, 0.0508084408939, 0.0644444748759, 0.0705232769251, 0.0848494768143, 0.0795117542148, 0.058663405478, 0.0423051379621, 0.0521890185773, 0.089782088995, 0.120980538428, 0.151619136333, 0.296302199364, 0.361291527748, 0.193084299564, 0.0687464624643], "min": [0, 0, 0, 0, 0, 0, 0, 0, 0, 0, 0, 0, 0, 0, 0, 0, 0, 0, 0, 0, 0, 0, 0, 0, 0, 0, 0, 0, 0, 0, 0, 0, 0, 0, 0, 0], "median": [0.00345153920352, 0.00424603838474, 0.0091301985085, 0.0121270082891, 0.00989542528987, 0.00499054789543, 0.00400030985475, 0.00570527929813, 0.0170958451927, 0.0276927351952, 0.0364048294723, 0.0168094933033, 0.00987972319126, 0.00672100298107, 0.00543496198952, 0.00604344345629, 0.0132197588682, 0.0535940006375, 0.0813759416342, 0.0463299229741, 0.0061619002372, 0.00523435883224, 0.00682273879647, 0.00929975882173, 0.00816778279841, 0.0111955553293, 0.0103534962982, 0.00682780146599, 0.0050255311653, 0.0112648392096, 0.0170828215778, 0.0352100282907, 0.128233700991, 0.138720810413, 0.0598110184073, 0.0067286202684], "dvar2": [0.0999540984631, 0.114107854664, 0.105077199638, 0.105972386897, 0.106207162142, 0.111487023532, 0.114738635719, 0.108564049006, 0.109228223562, 0.142751082778, 0.133916780353, 0.134830459952, 0.132253333926, 0.101713068783, 0.0996402651072, 0.108836680651, 0.102413982153, 0.10967425257, 0.123380161822, 0.0725698918104, 0.0446970947087, 0.0799576491117, 0.109550543129, 0.0638779625297, 0.0882834941149, 0.089520432055, 0.071352943778, 0.0531536750495, 0.0727273151278, 0.103397607803, 0.13175149262, 0.156972154975, 0.187892049551, 0.208255380392, 0.130823895335, 0.104019425809], "var": [0.0241660177708, 0.0244433451444, 0.0307797361165, 0.0407284758985, 0.037389177829, 0.0338983014226, 0.0308589190245, 0.0298438332975, 0.0467960387468, 0.0839136317372, 0.0660748258233, 0.0801191776991, 0.0875000059605, 0.0372543409467, 0.0239848922938, 0.0281430333853, 0.0318107195199, 0.0701164752245, 0.0970185175538, 0.0330682881176, 0.0115155056119, 0.0201161950827, 0.0277887582779, 0.0251847356558, 0.0395560637116, 0.0334258750081, 0.0203542988747, 0.0128740044311, 0.0186278205365, 0.0385720767081, 0.0547126121819, 0.0630503296852, 0.108214743435, 0.162269338965, 0.0642780065536, 0.0295163299888], "dmean2": [0.155041009188, 0.16048283875, 0.176789388061, 0.189139187336, 0.181320518255, 0.171102881432, 0.171547293663, 0.174272567034, 0.213806137443, 0.27917394042, 0.268079578876, 0.243488490582, 0.223228350282, 0.180660769343, 0.165411487222, 0.175623044372, 0.194070652127, 0.238207623363, 0.26866415143, 0.178429409862, 0.0967314243317, 0.142663016915, 0.17722658813, 0.14493714273, 0.154129266739, 0.154411286116, 0.128857731819, 0.107377186418, 0.140788719058, 0.199862629175, 0.243868276477, 0.303020119667, 0.400948226452, 0.404681921005, 0.302910327911, 0.174597918987], "max": [1, 1, 1, 1, 1, 1, 1, 1, 1, 1, 1, 1, 1, 1, 1, 1, 1, 1, 1, 1, 1, 1, 1, 1, 1, 1, 1, 1, 1, 1, 1, 1, 1, 1, 1, 1], "dmean": [0.0831775963306, 0.0850606635213, 0.0972184017301, 0.106884948909, 0.100161910057, 0.0922605842352, 0.0921626314521, 0.0946759283543, 0.12393309921, 0.163291022182, 0.154628738761, 0.140692815185, 0.130496636033, 0.103659383953, 0.08971067518, 0.095718100667, 0.106898777187, 0.140940353274, 0.161571636796, 0.104642502964, 0.0532084554434, 0.0769061818719, 0.0955367535353, 0.0823808982968, 0.0886317193508, 0.0874048322439, 0.0717272460461, 0.0585080049932, 0.0760652124882, 0.11141063273, 0.137423157692, 0.170613393188, 0.231570720673, 0.229883313179, 0.17586247623, 0.096465408802]}, "key_strength": 0.815115332603, "chords_strength": {"dvar": 0.000615447701421, "mean": 0.54962849617, "min": -1, "median": 0.562046408653, "dvar2": 0.00121717702132, "var": 0.0277363397181, "dmean2": 0.0137998703867, "max": 0.80308008194, "dmean": 0.0125973355025}, "tuning_equal_tempered_deviation": 0.0635483190417, "chords_key": "G#", "tuning_frequency": 453.416503906, "chords_scale": "major", "chords_changes_rate": 0.0769872143865, "key_scale": "major", "tuning_diatonic_strength": 0.696229338646, "hpcp_entropy": {"dvar": 0.302978426218, "mean": 1.86247074604, "min": 0, "median": 1.83868503571, "dvar2": 0.785904347897, "var": 0.592429459095, "dmean2": 1.1138279438, "max": 4.35271787643, "dmean": 0.670173048973}, "chords_histogram": [58.7270698547, 6.25347423553, 0.389105051756, 0.472484707832, 0.944969415665, 0.0555864386261, 0.0555864386261, 0, 2.58476924896, 0, 3.02946090698, 0.833796560764, 0.305725395679, 0.111172877252, 0.778210103512, 0.305725395679, 0, 0, 0, 0, 0, 1.72317957878, 14.5358533859, 8.89383029938], "tuning_nontempered_energy_ratio": 0.748841047287, "key_key": "G#"}, "metadata": {"version": {"extractor": "music 1.0", "essentia_build_sha": "2d9f1f26377add8aeb1075a9c2973f962c4f09fd", "essentia": "2.1-beta2", "essentia_git_sha": "v2.1_beta2-1-ge3940c0"}, "audio_properties": {"sample_rate": 44100, "length": 167.039993286, "lossless": true, "analysis_sample_rate": 44100, "downmix": "mix", "bit_rate": 0, "equal_loudness": 0, "md5_encoded": "788848f12936b61babb4f782229bb7aa", "codec": "flac", "replay_gain": -12.8979873657}, "tags": {"disctotal": ["1"], "genre": ["Jamaica - Reggae"], "catalognumber": ["78"], "releasecountry": ["US"], "musicbrainz_recordingid": ["32d322ea-4e08-4061-9e4c-641c1df21427"], "title": ["There Will Be No Darkness"], "releasetype": ["album"], "discnumber": ["1"], "artistsort": ["Reid, Junior"], "musicbrainz_artistid": ["065324d1-12c2-485f-955d-9eef408f92a6"], "musicbrainz_albumid": ["5b009e61-afb1-4476-b47e-739d4b6a70d9"], "tracknumber": ["6"], "musicbrainz_albumartistid": ["065324d1-12c2-485f-955d-9eef408f92a6"], "tracktotal": ["12"], "date": ["1998-05-26"], "acoustid_id": ["d9340b26-6a37-49a8-b210-3348625f2ec3"], "albumartistsort": ["Reid, Junior"], "musicbrainz_releasegroupid": ["9bf4cb97-72a6-366a-bf44-c0fae98df14b"], "media": ["CD"], "label": ["Greensleeves Records"], "albumartist": ["Junior Reid"], "asin": ["B000068QSX"], "script": ["Latn"], "originaldate": ["1998-05-26"], "file_name": "06 - There Will Be No Darkness.flac", "releasestatus": ["official"], "album": ["Boom-Shack-A-Lack"], "artist": ["Junior Reid"]}}, "lowlevel": {"melbands": {"dvar": [3.39680882462e-05, 7.11550865162e-06, 1.18529146675e-06, 7.52330288378e-06, 3.7919014062e-07, 2.32196299521e-07, 1.72595505887e-07, 1.3269446697e-07, 1.52342849447e-07, 2.54608192307e-08, 1.87823996356e-08, 3.68988950505e-09, 3.96869559438e-09, 8.60260640501e-10, 1.04386843613e-09, 9.72891101014e-10, 2.31006591633e-09, 2.42930475736e-09, 3.48278139661e-09, 2.90110468981e-09, 2.57170351681e-09, 1.57294222092e-09, 2.67051381009e-10, 3.02847164013e-10, 7.63016802519e-11, 1.11320536123e-10, 2.59203852826e-10, 2.98334718041e-10, 1.25221655267e-09, 2.02639083291e-09, 1.74939962516e-09, 7.39063976685e-10, 1.77295400583e-10, 9.24123971791e-11, 2.87588078351e-11, 1.15218451099e-11, 5.8207340857e-12, 6.62122917258e-12, 5.3111755445e-12, 4.72265889589e-12], "mean": [0.00299795158207, 0.00301384693012, 0.00118228525389, 0.000748326012399, 0.000449831102742, 0.000310108676786, 0.000276591192232, 0.000276562845102, 0.000252649944741, 0.000102494246676, 7.50157632865e-05, 4.30832187703e-05, 3.66167296306e-05, 1.85907319974e-05, 9.37804907153e-06, 1.42887147376e-05, 1.92027509911e-05, 1.480645642e-05, 1.96127766685e-05, 2.02553546842e-05, 1.65538695001e-05, 1.1960088159e-05, 8.1333291746e-06, 8.03977673058e-06, 4.50863763035e-06, 3.09688198286e-06, 3.96519726564e-06, 4.49378603662e-06, 8.15310704638e-06, 1.02629755929e-05, 9.4146871561e-06, 6.2229564719e-06, 3.45188732354e-06, 2.73860359812e-06, 1.74125023022e-06, 1.23177073874e-06, 1.0397072856e-06, 1.10959604172e-06, 9.66644051914e-07, 8.63583409227e-07], "min": [1.0239028994e-24, 1.04008223935e-24, 9.64939096609e-25, 1.99526036555e-24, 1.58049376906e-24, 2.04234490918e-24, 1.91419208855e-24, 1.55074375356e-24, 1.40370392652e-24, 1.82032178235e-24, 2.43559522588e-24, 2.19487412344e-24, 2.3861022899e-24, 1.78056181222e-24, 1.61804995764e-24, 3.85723321483e-24, 3.771154685e-24, 3.19460149293e-24, 4.04027103295e-24, 3.50442937447e-24, 3.80446670331e-24, 3.22335823394e-24, 3.43154730429e-24, 4.27959407665e-24, 5.78330732355e-24, 4.81164565291e-24, 4.52030906542e-24, 4.97652980945e-24, 5.12020662384e-24, 5.0060836944e-24, 3.97143305821e-24, 5.77889009691e-24, 4.14727212613e-24, 5.32615927353e-24, 6.72204233443e-24, 5.67493676783e-24, 4.70434203157e-24, 4.70574975386e-24, 6.71128621599e-24, 6.19437643037e-24], "median": [0.00105177564546, 0.00108230265323, 0.000487348297611, 0.000280554551864, 0.000114335809485, 7.71816703491e-05, 4.7669356718e-05, 5.13473096362e-05, 5.30023608007e-05, 2.23933839152e-05, 1.23206909848e-05, 8.15032217361e-06, 5.39906523045e-06, 2.80913127426e-06, 1.49971367591e-06, 3.04006721308e-06, 3.10280142912e-06, 1.88425497072e-06, 1.81487268947e-06, 2.11473934542e-06, 1.61519778885e-06, 1.18123261927e-06, 1.20188872188e-06, 1.29567456497e-06, 8.2495063225e-07, 2.35457292774e-07, 1.4111060409e-07, 1.36718981025e-07, 1.24346115626e-07, 7.88500145177e-08, 6.59965522232e-08, 4.88124634046e-08, 6.10941199852e-08, 1.24549259795e-07, 1.09400403403e-07, 6.94371422583e-08, 6.63889281327e-08, 5.29845252117e-08, 2.38634285665e-08, 8.8356308936e-09], "dvar2": [8.00548805273e-05, 1.36076459967e-05, 2.99516136693e-06, 2.0855504772e-05, 9.14807515073e-07, 5.62243656077e-07, 4.00975437742e-07, 2.82651114958e-07, 3.66744529856e-07, 5.38778976988e-08, 3.99484818558e-08, 8.10946509944e-09, 8.88384743547e-09, 1.89122495442e-09, 2.55979926145e-09, 2.41287834157e-09, 6.43951869606e-09, 6.91582480172e-09, 8.73259686784e-09, 6.94673252255e-09, 6.24240881208e-09, 4.08845979294e-09, 6.38938513209e-10, 5.95449134444e-10, 1.75449335615e-10, 2.48045084472e-10, 5.50003209643e-10, 6.08560479787e-10, 2.63656407817e-09, 4.09818357028e-09, 3.66184305101e-09, 1.51267931514e-09, 3.51462581261e-10, 2.00823205287e-10, 5.60047043463e-11, 2.15077088084e-11, 1.20116234667e-11, 1.40166480853e-11, 1.11782466963e-11, 9.66496067206e-12], "var": [3.4413063986e-05, 1.50871710503e-05, 2.04625212064e-06, 5.05041907672e-06, 6.60036675981e-07, 3.73634293283e-07, 3.05964192648e-07, 3.37516297577e-07, 2.76792235354e-07, 6.32427230585e-08, 4.07602165353e-08, 8.15784062524e-09, 9.74113589791e-09, 1.99459093686e-09, 1.11432585381e-09, 1.14895482017e-09, 1.85637794026e-09, 1.82287107631e-09, 3.25125859568e-09, 3.09333336723e-09, 2.50421750003e-09, 1.37174072101e-09, 3.4168762264e-10, 6.72498723375e-10, 1.01042993417e-10, 1.22903770494e-10, 2.9723506989e-10, 3.62606916715e-10, 1.42709410955e-09, 2.39627517828e-09, 1.98479543911e-09, 8.50064962865e-10, 2.14995285464e-10, 1.01306657507e-10, 3.69003542999e-11, 1.59315338699e-11, 7.98489746545e-12, 8.64086753538e-12, 6.51270704033e-12, 5.6825958869e-12], "dmean2": [0.00362109625712, 0.00219933106564, 0.00104147708043, 0.0012590495171, 0.000428661180194, 0.000292200944386, 0.000274368590908, 0.000228168093599, 0.000251609133556, 9.45853680605e-05, 6.53458118904e-05, 3.70468296751e-05, 3.00957872241e-05, 1.78913742275e-05, 1.17668214443e-05, 1.72631880559e-05, 2.92607692245e-05, 2.77330564131e-05, 3.29971408064e-05, 3.13096024911e-05, 2.68554285867e-05, 1.98368943529e-05, 1.1046326108e-05, 8.71854717843e-06, 5.92382275499e-06, 4.94115784022e-06, 6.12676240053e-06, 6.93374749972e-06, 1.30796051963e-05, 1.59714618349e-05, 1.5272265955e-05, 9.80689037533e-06, 5.34503942617e-06, 4.71975135952e-06, 2.50588573181e-06, 1.68472934092e-06, 1.49417792272e-06, 1.65953406395e-06, 1.49412926476e-06, 1.38349798817e-06], "max": [0.0504245683551, 0.0278508625925, 0.013890392147, 0.026764197275, 0.0104075791314, 0.0115868458524, 0.00722449272871, 0.0102540915832, 0.0115646189079, 0.00441206153482, 0.00417367555201, 0.00158896960784, 0.00249747443013, 0.000915663666092, 0.00198302138597, 0.00087080191588, 0.000585077563301, 0.000671167275868, 0.00117481139023, 0.00100674515124, 0.000787135737482, 0.000870295858476, 0.000338548357831, 0.000776751956437, 0.00021235809254, 0.000205626696697, 0.000258916057646, 0.000255363847828, 0.000486397795612, 0.00059984222753, 0.000582438660786, 0.000376031326596, 0.000155962814461, 0.000106006569695, 7.43589698686e-05, 4.08866690123e-05, 3.02555727103e-05, 3.90295026591e-05, 3.35187942255e-05, 2.75299116765e-05], "dmean": [0.00233767507598, 0.00155674514826, 0.000671465240885, 0.000722126569599, 0.000281394663034, 0.000197086978005, 0.000182281248271, 0.000157658898388, 0.00016048613179, 6.31084330962e-05, 4.41793854407e-05, 2.53314701695e-05, 2.11186015804e-05, 1.18847647173e-05, 7.56181316319e-06, 1.09710481411e-05, 1.74850665644e-05, 1.60276558745e-05, 2.03008930839e-05, 1.9776631234e-05, 1.69247632584e-05, 1.21817156469e-05, 6.98909025232e-06, 5.71116197534e-06, 3.77732430934e-06, 3.26612666868e-06, 4.23192386734e-06, 4.76487139167e-06, 8.82041422301e-06, 1.10375131044e-05, 1.03363991002e-05, 6.68750317345e-06, 3.62249579666e-06, 3.04273930851e-06, 1.69986401488e-06, 1.16402725325e-06, 1.00068007214e-06, 1.11421331894e-06, 1.00537272374e-06, 9.31394879444e-07]}, "spectral_decrease": {"dvar": 3.32380029842e-17, "mean": -7.52025908213e-09, "min": -4.72613308489e-08, "median": -5.58843504805e-09, "dvar2": 7.57784526673e-17, "var": 5.54577649945e-17, "dmean2": 5.36918420835e-09, "max": 3.46299461329e-10, "dmean": 3.76011843883e-09}, "spectral_rolloff": {"dvar": 9108146, "mean": 1729.30334473, "min": 64.599609375, "median": 538.330078125, "dvar2": 20504422, "var": 12840397, "dmean2": 2260.30175781, "max": 19659.8144531, "dmean": 1269.1595459}, "melbands_crest": {"dvar": 14.3990068436, "mean": 15.6330957413, "min": 1.39712119102, "median": 15.1253471375, "dvar2": 34.6627922058, "var": 33.0304222107, "dmean2": 6.18763446808, "max": 34.225479126, "dmean": 3.81934332848}, "barkbands_skewness": {"dvar": 1.79791033268, "mean": 2.29686522484, "min": -4.00001144409, "median": 1.88281643391, "dvar2": 3.81438827515, "var": 4.4289059639, "dmean2": 1.70630478859, "max": 16.5080089569, "dmean": 1.15807962418}, "spectral_centroid": {"dvar": 319249.46875, "mean": 1025.45922852, "min": 124.088233948, "median": 652.432678223, "dvar2": 632367.875, "var": 2022878.375, "dmean2": 533.858398438, "max": 11765.796875, "dmean": 369.669586182}, "spectral_energyband_middle_low": {"dvar": 0.000187299607205, "mean": 0.0108986636624, "min": 1.65005808353e-22, "median": 0.00712727243081, "dvar2": 0.000507817894686, "var": 0.000188616642845, "dmean2": 0.0091377524659, "max": 0.135418325663, "dmean": 0.00591490976512}, "erbbands_crest": {"dvar": 7.5267868042, "mean": 10.8403644562, "min": 2.35739469528, "median": 9.93279075623, "dvar2": 17.0521793365, "var": 21.9734535217, "dmean2": 4.64829969406, "max": 30.758014679, "dmean": 2.96131110191}, "dynamic_complexity": 3.99206566811, "spectral_energyband_low": {"dvar": 0.000373391783796, "mean": 0.0172137450427, "min": 1.03338088568e-23, "median": 0.00727563956752, "dvar2": 0.000784023548476, "var": 0.000570945325308, "dmean2": 0.0142627898604, "max": 0.175490006804, "dmean": 0.0101171536371}, "silence_rate_60dB": {"dvar": 0.0465335026383, "mean": 0.123558029532, "min": 0, "median": 0, "dvar2": 0.104701966047, "var": 0.108289055526, "dmean2": 0.0978729352355, "max": 1, "dmean": 0.0489296652377}, "erbbands_kurtosis": {"dvar": 12.8513345718, "mean": 2.5372364521, "min": -1.89014554024, "median": 0.774795055389, "dvar2": 29.2299938202, "var": 28.8449115753, "dmean2": 3.83677172661, "max": 91.3458786011, "dmean": 2.45237803459}, "spectral_complexity": {"dvar": 40.6521873474, "mean": 10.7028493881, "min": 0, "median": 8, "dvar2": 67.0475158691, "var": 93.0248413086, "dmean2": 5.65383005142, "max": 58, "dmean": 3.97247695923}, "barkbands_crest": {"dvar": 10.9417772293, "mean": 11.7695817947, "min": 2.77316093445, "median": 11.1215867996, "dvar2": 26.1921405792, "var": 20.8638095856, "dmean2": 5.36594104767, "max": 25.9742450714, "dmean": 3.31839799881}, "spectral_energy": {"dvar": 0.000489210302476, "mean": 0.0302559416741, "min": 1.01267772284e-20, "median": 0.0224603433162, "dvar2": 0.0010814643465, "var": 0.000870555522852, "dmean2": 0.0203313175589, "max": 0.182096585631, "dmean": 0.0145939998329}, "spectral_spread": {"dvar": 7177514778620.0, "mean": 5483080, "min": 1106621.375, "median": 3694824.25, "dvar2": 14127401533400.0, "var": 30494475419600.0, "dmean2": 2433924.5, "max": 43573716, "dmean": 1757797.25}, "spectral_contrast_valleys": {"dvar": [0.26424190402, 0.264437168837, 0.251986533403, 0.31483310461, 0.364885270596, 0.522196054459], "mean": [-7.67473220825, -7.46716785431, -8.61002826691, -8.83914756775, -8.98526763916, -11.2852706909], "min": [-28.2601795197, -28.1917114258, -28.0933837891, -27.728351593, -27.5151062012, -27.4136428833], "median": [-7.10706806183, -7.18763065338, -8.32359409332, -8.66163730621, -8.80818748474, -11.2167205811], "dvar2": [0.458059072495, 0.522178113461, 0.489109426737, 0.586389958858, 0.633352637291, 0.788167893887], "var": [7.26883459091, 6.96123981476, 6.31741714478, 6.26124715805, 6.29581260681, 5.88208150864], "dmean2": [0.725926399231, 0.702332139015, 0.681961894035, 0.692415893078, 0.642818927765, 0.739827632904], "max": [-5.2545337677, -4.39924526215, -5.37140130997, -5.95823049545, -5.59681129456, -7.58226537704], "dmean": [0.521812498569, 0.455450594425, 0.451863646507, 0.486491858959, 0.486880838871, 0.632153570652]}, "spectral_rms": {"dvar": 2.11932297134e-06, "mean": 0.00474373018369, "min": 3.14321203614e-12, "median": 0.00468108197674, "dvar2": 4.04923503083e-06, "var": 7.01506678524e-06, "dmean2": 0.00158398831263, "max": 0.013328736648, "dmean": 0.00123745051678}, "barkbands_spread": {"dvar": 315.442626953, "mean": 17.752702713, "min": 0.436544924974, "median": 9.96041870117, "dvar2": 684.741088867, "var": 445.768890381, "dmean2": 16.6703548431, "max": 141.889694214, "dmean": 11.0408239365}, "pitch_salience": {"dvar": 0.00811353605241, "mean": 0.530925869942, "min": 0.0595411397517, "median": 0.5345454216, "dvar2": 0.0192212313414, "var": 0.017595205456, "dmean2": 0.143327847123, "max": 0.886837899685, "dmean": 0.0900988802314}, "erbbands_skewness": {"dvar": 0.440872550011, "mean": 0.798090398312, "min": -3.59585404396, "median": 0.74571454525, "dvar2": 0.853058516979, "var": 1.5141531229, "dmean2": 0.944603860378, "max": 8.21657466888, "dmean": 0.661035835743}, "spectral_energyband_middle_high": {"dvar": 6.1865735006e-06, "mean": 0.0021039377898, "min": 1.13751864413e-21, "median": 0.000675234186929, "dvar2": 1.41793898365e-05, "var": 1.00198649307e-05, "dmean2": 0.00204382510856, "max": 0.0330332256854, "dmean": 0.00137554155663}, "erbbands": {"dvar": [0.523444771767, 13.5563077927, 21.6588535309, 27.7028236389, 632.557189941, 1321.61181641, 260.488891602, 482.864776611, 938.70300293, 725.337341309, 2540.34619141, 698.595703125, 742.485900879, 203.043289185, 204.691589355, 68.2560577393, 247.761795044, 524.382507324, 689.170166016, 1599.88220215, 2073.41064453, 1039.5012207, 276.012084961, 114.204612732, 315.188690186, 629.861633301, 3589.78564453, 4985.37451172, 1682.97460938, 352.558624268, 74.704536438, 17.7929420471, 12.4484138489, 6.47382640839, 6.38639497757, 4.74374055862, 2.91261053085, 0.253928214312, 0.00183858931996, 1.68168207892e-06], "mean": [0.333629995584, 2.35296320915, 5.62804746628, 6.67545461655, 8.22936248779, 11.3299713135, 12.3938989639, 13.4069404602, 19.8068599701, 21.3425426483, 32.2022590637, 17.5218334198, 14.8607292175, 10.265917778, 10.0733032227, 4.76879930496, 5.19103908539, 10.2114095688, 9.52286052704, 14.877790451, 15.5225067139, 11.398191452, 8.85758590698, 6.00447463989, 4.89145231247, 6.81174898148, 14.2341976166, 16.472826004, 9.82436847687, 5.37105083466, 2.92130875587, 1.78944635391, 1.55946922302, 1.05486798286, 0.955048322678, 0.782575070858, 0.592170596123, 0.174160405993, 0.0145769156516, 0.000474799482618], "min": [7.78203962371e-23, 4.35321063944e-22, 1.51199084011e-21, 3.38940527558e-21, 1.26660189528e-20, 1.88300283214e-20, 5.59792605464e-20, 9.42699939388e-20, 1.16618636944e-19, 1.6114291296e-19, 1.83141988146e-19, 3.3330511245e-19, 4.89366771229e-19, 6.02523166171e-19, 7.7501756915e-19, 1.06961897829e-18, 1.24933854542e-18, 2.38870590995e-18, 3.08016975863e-18, 3.0393994738e-18, 3.85695335838e-18, 3.53682164003e-18, 4.78936747488e-18, 7.50535959509e-18, 8.38558647315e-18, 8.26923607537e-18, 9.42615734986e-18, 9.29180998349e-18, 1.05228689748e-17, 1.04439501541e-17, 1.22081344947e-17, 9.41221935654e-18, 8.44541810122e-18, 8.59221370862e-18, 6.4281078077e-18, 4.312503642e-18, 2.47569429111e-18, 9.06822699303e-19, 2.59790572882e-19, 2.48693967583e-20], "median": [0.100690349936, 0.790185570717, 1.76491236687, 2.07268571854, 3.82611989975, 3.51966166496, 2.77678489685, 3.30671072006, 3.62023639679, 4.84548187256, 7.00460910797, 4.80969572067, 2.83350324631, 2.14452409744, 1.82359015942, 0.885607898235, 1.11570239067, 1.87788403034, 1.35316896439, 1.66319930553, 1.66343677044, 1.2629557848, 1.47969079018, 1.13230955601, 0.31960824132, 0.222628623247, 0.190816417336, 0.127813830972, 0.0981566756964, 0.195663720369, 0.184238269925, 0.113641142845, 0.0688180923462, 0.0173930581659, 0.00514530576766, 0.00141430809163, 0.000532836071216, 0.000118505406135, 3.54489820893e-05, 3.73519978893e-05], "dvar2": [1.27254068851, 30.9495372772, 37.0685997009, 56.6041145325, 1763.00915527, 3656.72241211, 584.920959473, 1165.39904785, 2190.6340332, 1549.96411133, 6261.36083984, 1540.06018066, 1593.0748291, 455.958099365, 426.917877197, 167.798522949, 625.51751709, 1450.45983887, 1911.31616211, 3895.21655273, 4998.83056641, 2628.0144043, 566.458618164, 254.796081543, 680.268371582, 1223.38842773, 7205.98486328, 10043.0566406, 3357.47485352, 710.53717041, 141.278503418, 34.4286994934, 25.7553062439, 13.1005296707, 13.6413507462, 10.3529167175, 6.4630150795, 0.563911557198, 0.00410025147721, 3.72428348783e-06], "var": [0.496126711369, 16.0506153107, 62.0414276123, 68.9878234863, 436.092956543, 944.737609863, 508.777801514, 779.924926758, 1640.55505371, 1753.27868652, 4532.45507813, 1523.68322754, 1568.25683594, 457.768890381, 559.848632813, 112.605201721, 233.540786743, 460.069519043, 590.866943359, 1571.99694824, 2067.16235352, 1001.00280762, 579.712036133, 171.536575317, 360.205535889, 810.176513672, 4321.09033203, 5921.51513672, 2003.35168457, 422.935333252, 99.4371871948, 25.2739753723, 16.4212741852, 8.00169849396, 7.07316732407, 4.92184591293, 2.89441227913, 0.250294864178, 0.00178790150676, 1.66280494796e-06], "dmean2": [0.448239684105, 2.40741968155, 4.03320884705, 5.36205291748, 12.7349901199, 17.8240680695, 11.1386785507, 12.8875484467, 19.654094696, 17.2137184143, 32.0112037659, 16.2876300812, 12.7651481628, 8.53549861908, 8.34547710419, 4.63624191284, 6.57644891739, 14.2620220184, 16.3484134674, 23.4185695648, 24.3550834656, 17.605381012, 10.1191473007, 7.34227705002, 7.45540428162, 10.1305894852, 21.8843708038, 26.0431785583, 15.1970186234, 8.71854686737, 4.1332192421, 2.47391414642, 2.31075382233, 1.64840900898, 1.63539767265, 1.42328751087, 1.11816036701, 0.332615286112, 0.0282301213592, 0.00086753902724], "max": [6.47483921051, 37.0494041443, 42.6437072754, 50.6067657471, 248.2890625, 392.117614746, 396.055053711, 500.746185303, 561.937255859, 676.530761719, 1337.24450684, 524.566467285, 820.866577148, 423.397460938, 449.20602417, 317.605895996, 736.888366699, 315.473358154, 567.637817383, 578.488037109, 694.152648926, 595.605102539, 601.793457031, 235.049133301, 349.712463379, 334.182037354, 820.689697266, 838.167175293, 557.275146484, 221.340423584, 108.74697876, 51.2104415894, 49.119808197, 30.4008274078, 31.6964740753, 22.2176113129, 16.4127368927, 5.66481876373, 0.517485737801, 0.0151052558795], "dmean": [0.282222360373, 1.62381899357, 2.80152416229, 3.62070512772, 7.3751168251, 10.308971405, 7.53115653992, 8.60150718689, 13.0722036362, 11.9848585129, 20.3855323792, 10.770772934, 8.63943862915, 5.84002351761, 5.83098554611, 3.06290745735, 4.19714069366, 8.65803718567, 9.66002845764, 14.6482410431, 15.4055938721, 10.9892110825, 6.59188985825, 4.7704744339, 5.09014034271, 7.11319494247, 15.1358137131, 17.8428897858, 10.4134511948, 5.7672290802, 2.8271420002, 1.69362103939, 1.56171584129, 1.11455130577, 1.0819517374, 0.924226462841, 0.717284560204, 0.212709888816, 0.0179165285081, 0.000552844721824]}, "dissonance": {"dvar": 0.00072279147571, "mean": 0.434731245041, "min": 0.199900016189, "median": 0.445049077272, "dvar2": 0.00174577743746, "var": 0.0022182057146, "dmean2": 0.0459242686629, "max": 0.499999016523, "dmean": 0.0290747396648}, "erbbands_flatness_db": {"dvar": 0.000846247188747, "mean": 0.177975475788, "min": 0.0229402463883, "median": 0.184769481421, "dvar2": 0.00135665002745, "var": 0.00369298132136, "dmean2": 0.0394361391664, "max": 0.368305981159, "dmean": 0.0315683223307}, "melbands_kurtosis": {"dvar": 4696.78808594, "mean": 35.964805603, "min": -1.8001190424, "median": 12.0797128677, "dvar2": 11298.9355469, "var": 5552.93798828, "dmean2": 43.3578987122, "max": 1447.87719727, "dmean": 27.2381267548}, "melbands_spread": {"dvar": 413.919647217, "mean": 17.0690345764, "min": 0.415377140045, "median": 9.14609336853, "dvar2": 982.45324707, "var": 677.686035156, "dmean2": 16.8909797668, "max": 242.86579895, "dmean": 10.6828737259}, "melbands_skewness": {"dvar": 4.61199712753, "mean": 3.42700028419, "min": -1.41200351715, "median": 2.74275279045, "dvar2": 10.5546693802, "var": 8.32040119171, "dmean2": 2.30751085281, "max": 28.9043979645, "dmean": 1.51165378094}, "spectral_entropy": {"dvar": 0.149852454662, "mean": 7.07635641098, "min": 4.65904188156, "median": 6.98041057587, "dvar2": 0.243991434574, "var": 0.663469076157, "dmean2": 0.458539634943, "max": 9.82021903992, "dmean": 0.370321840048}, "zerocrossingrate": {"dvar": 0.00184410798829, "mean": 0.0603919401765, "min": 0.001953125, "median": 0.03125, "dvar2": 0.00251769041643, "var": 0.00690315896645, "dmean2": 0.0321613289416, "max": 0.52392578125, "dmean": 0.0267471428961}, "average_loudness": 0.972900271416, "spectral_contrast_coeffs": {"dvar": [0.00307219312526, 0.00166599475779, 0.00112516968511, 0.000816966465209, 0.000674143375363, 0.00070839835098], "mean": [-0.64517980814, -0.719121873379, -0.764456808567, -0.793166697025, -0.794707298279, -0.800299227238], "min": [-0.977020084858, -0.984202206135, -0.975908756256, -0.975761413574, -0.96825748682, -0.963427066803], "median": [-0.650160193443, -0.722158193588, -0.770002305508, -0.797486841679, -0.799471795559, -0.805303931236], "dvar2": [0.00721056945622, 0.00405190652236, 0.00242005614564, 0.0018913669046, 0.00135522254277, 0.00125641108025], "var": [0.00941513199359, 0.00811013393104, 0.00706008914858, 0.00385467195883, 0.00368938874453, 0.0032616215758], "dmean2": [0.0885144323111, 0.07494969666, 0.0612347275019, 0.0512775368989, 0.0409501232207, 0.0375628098845], "max": [-0.2965939641, -0.387221038342, -0.42961242795, -0.546933472157, -0.545980870724, -0.597287237644], "dmean": [0.0564172230661, 0.0481861755252, 0.0400609001517, 0.0325072184205, 0.0274658259004, 0.0264963340014]}, "barkbands_flatness_db": {"dvar": 0.0018695195904, "mean": 0.202062770724, "min": 0.0231738407165, "median": 0.196033164859, "dvar2": 0.00339320255443, "var": 0.00715250056237, "dmean2": 0.0546478740871, "max": 0.493996649981, "dmean": 0.0426183380187}, "silence_rate_30dB": {"dvar": 0.0312074534595, "mean": 0.979986131191, "min": 0, "median": 1, "dvar2": 0.0848086103797, "var": 0.0196142494678, "dmean2": 0.0645071566105, "max": 1, "dmean": 0.032249096781}, "spectral_energyband_high": {"dvar": 1.75782515726e-05, "mean": 0.0014472870389, "min": 7.21937470021e-21, "median": 3.45019398083e-05, "dvar2": 3.25929613609e-05, "var": 2.32145448535e-05, "dmean2": 0.00216273148544, "max": 0.0436596050858, "dmean": 0.00150976376608}, "melbands_flatness_db": {"dvar": 0.0032365762163, "mean": 0.296997219324, "min": 0.0027085528709, "median": 0.293205738068, "dvar2": 0.00590760214254, "var": 0.0130827389657, "dmean2": 0.0682816803455, "max": 0.652079224586, "dmean": 0.0537961497903}, "barkbands": {"dvar": [6.53923109439e-07, 0.000349793757778, 1.56686892296e-05, 4.89393551106e-06, 0.000103781028884, 5.61110982744e-06, 3.11211033477e-06, 5.78897925152e-06, 1.64608309206e-06, 4.76992738641e-07, 2.48596961683e-07, 5.46500125154e-08, 1.35305057825e-07, 3.6359770661e-07, 4.33291745594e-07, 6.62402385387e-07, 3.05802700495e-07, 8.33862685568e-08, 6.23478371153e-08, 3.28836165409e-07, 3.02858643408e-06, 1.0782669051e-06, 1.23519853901e-07, 3.95673289688e-08, 8.51184864814e-08, 5.89741205204e-07, 7.55314886192e-08], "mean": [0.000383251026506, 0.0108242975548, 0.00468144193292, 0.00222928472795, 0.00328535377048, 0.00156429619528, 0.0012254252797, 0.00163124501705, 0.000830963021144, 0.000403132202337, 0.000260301108938, 0.00014161238505, 0.000117961237265, 0.000219145091251, 0.000235393308685, 0.000287340459181, 0.00018416090461, 0.000159454051754, 8.77577767824e-05, 0.000150206920807, 0.000411832792452, 0.000256447208812, 0.000114538837806, 9.00804152479e-05, 0.000114385751658, 0.000273621844826, 9.28515582928e-05], "min": [4.85475108353e-25, 8.16918715467e-25, 8.48443766608e-25, 7.91186269954e-25, 5.96108738373e-24, 7.85800361567e-24, 5.89768189961e-24, 5.37705500141e-24, 1.36868345243e-23, 1.50504926173e-23, 1.83287887024e-23, 2.24912195796e-23, 3.29252997573e-23, 2.9144178998e-23, 4.1956106825e-23, 5.77670913316e-23, 5.38401417455e-23, 8.79970553242e-23, 1.37002420043e-22, 1.58940427247e-22, 2.3163770833e-22, 2.84320868807e-22, 4.36348324925e-22, 4.8571991043e-22, 8.77835529601e-22, 1.41659142959e-21, 1.92395384624e-21], "median": [9.18590958463e-05, 0.00385401118547, 0.00116618652828, 0.000683159625623, 0.00112903490663, 0.000398244330427, 0.000195271655684, 0.000246787065407, 0.000182358329766, 6.54873583699e-05, 3.4101325582e-05, 2.0308090825e-05, 2.18874774873e-05, 3.32720665028e-05, 2.34424223891e-05, 2.92382756015e-05, 1.94656349777e-05, 2.74533558695e-05, 9.83825066214e-06, 4.70661734653e-06, 3.79310085918e-06, 3.01518525703e-06, 7.06819673724e-06, 4.95396216138e-06, 1.02599437923e-06, 2.76720641068e-07, 9.64829425243e-08], "dvar2": [1.72862974068e-06, 0.000802370486781, 2.57479241554e-05, 1.1554782759e-05, 0.000284868816379, 1.34700576382e-05, 7.01363705957e-06, 1.3386153114e-05, 3.416402933e-06, 1.08018673473e-06, 5.82618838507e-07, 1.24251187117e-07, 3.34850568606e-07, 1.02746309949e-06, 1.09076984245e-06, 1.59271417033e-06, 7.87750991549e-07, 1.73873189624e-07, 1.38404274708e-07, 6.5440644903e-07, 5.99324039285e-06, 2.11049882637e-06, 2.51205591439e-07, 7.94138230731e-08, 1.78436323495e-07, 1.28931060317e-06, 1.69502413883e-07], "var": [5.8058714103e-07, 0.000385733466828, 4.75407032354e-05, 1.01121431726e-05, 7.50606704969e-05, 8.72077180247e-06, 5.86060923524e-06, 1.28974406834e-05, 4.05704076911e-06, 9.35047125949e-07, 5.64551839943e-07, 1.17328369242e-07, 1.34836056986e-07, 2.70039549832e-07, 4.13762649032e-07, 6.87115232267e-07, 2.75778745618e-07, 1.7577984579e-07, 7.16524795052e-08, 4.07809380931e-07, 3.68602195522e-06, 1.31253398195e-06, 1.51285163952e-07, 5.51736221155e-08, 9.82049570553e-08, 6.0115951328e-07, 7.29273494926e-08], "dmean2": [0.000643797568046, 0.0118958698586, 0.00356496754102, 0.00201129470952, 0.00497303251177, 0.00149416166823, 0.00120217271615, 0.00151550536975, 0.000768894038629, 0.000379472097848, 0.000224100484047, 0.000141622978845, 0.000158772760187, 0.000352816976374, 0.000398542149924, 0.000449220679002, 0.000296666403301, 0.000178039103048, 0.000131399807287, 0.000229210068937, 0.000633016403299, 0.00039174669655, 0.00017702866171, 0.000128730913275, 0.000188862977666, 0.000508633849677, 0.000180015267688], "max": [0.00842868629843, 0.167919054627, 0.0356013178825, 0.032075215131, 0.103479258716, 0.0660915970802, 0.0306925438344, 0.0576640143991, 0.0385154299438, 0.0145671349019, 0.0215341709554, 0.00750900944695, 0.0175535045564, 0.00662391074002, 0.0146519476548, 0.0124853514135, 0.0118687013164, 0.00974418781698, 0.00500400271267, 0.0071963951923, 0.0201850105077, 0.0129986330867, 0.00389226595871, 0.00267228274606, 0.00341161899269, 0.00790679268539, 0.00320707005449], "dmean": [0.00038338493323, 0.00786795560271, 0.00244716648012, 0.00129555026069, 0.00291021517478, 0.00099790096283, 0.000805033370852, 0.001000886783, 0.000510885787662, 0.000250277138548, 0.000153850967763, 9.34809213504e-05, 0.000100489844044, 0.000208958954317, 0.000242302805418, 0.000282699038507, 0.00018318198272, 0.000116111674288, 8.71602169354e-05, 0.000158271825057, 0.000440322066424, 0.000268729054369, 0.000117742943985, 8.76856065588e-05, 0.000126615937916, 0.000328402966261, 0.000114355170808]}, "erbbands_spread": {"dvar": 592.014160156, "mean": 38.8455734253, "min": 2.00908899307, "median": 29.4579372406, "dvar2": 1418.02185059, "var": 975.24005127, "dmean2": 26.9549388885, "max": 209.208404541, "dmean": 17.3520069122}, "barkbands_kurtosis": {"dvar": 391.87677002, "mean": 14.8167972565, "min": -1.96541523933, "median": 4.961373806, "dvar2": 865.579040527, "var": 712.581848145, "dmean2": 16.0660896301, "max": 297.909881592, "dmean": 10.5074615479}, "spectral_flux": {"dvar": 0.00192548183259, "mean": 0.0852919593453, "min": 6.21730028572e-11, "median": 0.0677714198828, "dvar2": 0.00425203423947, "var": 0.00442657805979, "dmean2": 0.0577216297388, "max": 0.357546538115, "dmean": 0.0396338365972}, "silence_rate_20dB": {"dvar": 0, "mean": 1, "min": 1, "median": 1, "dvar2": 0, "var": 0, "dmean2": 0, "max": 1, "dmean": 0}, "gfcc": {"cov": [[28826.953125, -526.100646973, -1621.6920166, 159.804000854, -982.811523438, 239.655776978, -845.751464844, 233.137023926, -348.45425415, 210.37260437, -546.514587402, 220.121246338, -293.595184326], [-526.100646973, 3713.04980469, -882.990905762, 87.2895355225, 193.679656982, -40.8257789612, 294.88494873, -33.4479980469, 369.025909424, -482.012695313, 428.259796143, -233.939163208, 37.0867996216], [-1621.6920166, -882.990905762, 1837.41687012, 348.133544922, 452.080444336, 244.290405273, 195.027679443, 131.760421753, -113.716171265, 245.818023682, -164.681182861, -31.525604248, -112.087593079], [159.804000854, 87.2895355225, 348.133544922, 1028.87011719, 105.644714355, 124.427459717, 160.239089966, -56.7104721069, 33.1621627808, -33.6350784302, -23.8810501099, -120.279449463, -9.07741928101], [-982.811523438, 193.679656982, 452.080444336, 105.644714355, 725.559814453, 74.3037109375, 128.971420288, 65.7526321411, 19.10197258, 82.4303131104, -18.1120872498, 2.93027186394, -1.19976603985], [239.655776978, -40.8257789612, 244.290405273, 124.427459717, 74.3037109375, 401.507354736, 146.77633667, 61.6298866272, 35.8790740967, -4.1784863472, 0.830705285072, -40.6213417053, -5.39077615738], [-845.751464844, 294.88494873, 195.027679443, 160.239089966, 128.971420288, 146.77633667, 344.407348633, 24.3475284576, 20.392414093, 7.43401002884, -0.0213379506022, -59.1991386414, 10.4658994675], [233.137023926, -33.4479980469, 131.760421753, -56.7104721069, 65.7526321411, 61.6298866272, 24.3475284576, 175.546600342, 48.9356918335, -6.51195859909, -6.42428970337, 21.5231266022, -19.3109931946], [-348.45425415, 369.025909424, -113.716171265, 33.1621627808, 19.10197258, 35.8790740967, 20.392414093, 48.9356918335, 172.976852417, -67.9621963501, 82.3119354248, -25.6325626373, 9.66807937622], [210.37260437, -482.012695313, 245.818023682, -33.6350784302, 82.4303131104, -4.1784863472, 7.43401002884, -6.51195859909, -67.9621963501, 275.264068604, -68.5149230957, 41.9121055603, -3.2596681118], [-546.514587402, 428.259796143, -164.681182861, -23.8810501099, -18.1120872498, 0.830705285072, -0.0213379506022, -6.42428970337, 82.3119354248, -68.5149230957, 193.521682739, 12.6271152496, 3.6258866787], [220.121246338, -233.939163208, -31.525604248, -120.279449463, 2.93027186394, -40.6213417053, -59.1991386414, 21.5231266022, -25.6325626373, 41.9121055603, 12.6271152496, 125.846939087, 21.6521492004], [-293.595184326, 37.0867996216, -112.087593079, -9.07741928101, -1.19976603985, -5.39077615738, 10.4658994675, -19.3109931946, 9.66807937622, -3.2596681118, 3.6258866787, 21.6521492004, 100.787063599]], "mean": [-86.0496444702, 108.304039001, -78.9779205322, 21.4221115112, -42.3520278931, 3.77732300758, -35.6378364563, 9.23466396332, -7.55220985413, -3.907558918, -13.3184490204, -1.74297583103, -12.1889982224], "icov": [[6.8620815e-05, -9.16749268072e-05, 0.000114108617709, -0.000107728155854, 8.54944373714e-05, -0.000200639376999, 0.000238530250499, -0.000208797180676, 0.000199403686565, -0.000189813770703, 0.000342167244526, -0.000265034701442, 0.000295699894195], [-9.16749268072e-05, 0.000839000334963, 9.24557098188e-05, 0.000235314335441, -0.000498090637848, 0.000603142660111, -0.000910625676624, 0.000332653871737, -0.000697325333022, 0.000895675097127, -0.00152060727123, 0.00147592951544, -0.000433645502198], [0.000114108617709, 9.24557098188e-05, 0.00127496512141, -0.00043843415915, -0.000393917463953, -0.000559553853236, 7.25639038137e-05, -0.00099910760764, 0.000828179472592, -0.000707129307557, 0.000451079831691, 3.86346582673e-05, 0.00131638441235], [-0.000107728155854, 0.000235314335441, -0.00043843415915, 0.0014605880715, -0.000213523206185, 0.000237564367126, -0.000734036322683, 0.00111286528409, -0.00084007618716, 0.000658567703795, -0.000479792623082, 0.00121888553258, -0.000599541235715], [8.54944373714e-05, -0.000498090637848, -0.000393917463953, -0.000213523206185, 0.00207618158311, -0.000285234884359, 0.000154438079335, -0.000539054803085, 3.65489868273e-05, -0.000837427971419, 0.000923071987927, -0.00116908771452, 5.25100331288e-05], [-0.000200639376999, 0.000603142660111, -0.000559553853236, 0.000237564367126, -0.000285234884359, 0.00403864076361, -0.00200966955163, -0.000231680678553, -0.00109240028542, 0.00095366674941, -0.0016926600365, 0.00180337869097, -0.00122128101066], [0.000238530250499, -0.000910625676624, 7.25639038137e-05, -0.000734036322683, 0.000154438079335, -0.00200966955163, 0.0054002488032, -0.00129099807236, 0.00144980510231, -0.00144329899922, 0.00151788606308, -4.36410191469e-05, -0.000100247933005], [-0.000208797180676, 0.000332653871737, -0.00099910760764, 0.00111286528409, -0.000539054803085, -0.000231680678553, -0.00129099807236, 0.00936128105968, -0.00454796478152, 0.0016253569629, 0.000856336264405, -0.00221670791507, 0.00110159569886], [0.000199403686565, -0.000697325333022, 0.000828179472592, -0.000