{"metadata": {"audio_properties": {"downmix": "mix", "bit_rate": 173983, "lossless": false, "md5_encoded": "4e50c7eeb68b2a519c2a5bed8f13b543", "analysis_sample_rate": 44100, "sample_rate": 44100, "replay_gain": -9.88494110107, "equal_loudness": 0, "codec": "mp3", "length": 528.561645508}, "tags": {"musicbrainz_albumid": ["9ca8d277-74e2-4cb6-a43d-858b7f74026c"], "musicbrainz_recordingid": ["fcef77b5-c650-4da8-83e3-7ba93c96e092"], "tracknumber": ["6/9"], "artist": ["Ulf Wakenius"], "barcode": ["663993031927"], "album": ["Forever You"], "musicbrainz album type": ["album"], "originaldate": ["2003"], "albumartist": ["Ulf Wakenius"], "asin": ["B0001J3W3C"], "contentgroup": ["Jazz"], "media": ["CD"], "musicbrainz_albumartistid": ["2cd95baa-4043-4522-9c0a-dadbbf1cfbf6"], "file_name": "06. You Will Always Be Around_8-49.mp3", "musicbrainz album release country": ["DK"], "catalognumber": ["STUCD 03192"], "musicbrainz_artistid": ["2cd95baa-4043-4522-9c0a-dadbbf1cfbf6"], "albumartistsort": ["Wakenius, Ulf"], "script": ["Latn"], "label": ["Stunt Records"], "musicbrainz album status": ["official"], "date": ["2003"], "title": ["You Will Always Be Around"], "discnumber": ["1/1"], "artistsort": ["Wakenius, Ulf"], "musicbrainz_releasegroupid": ["6daf17da-a199-4b09-a72c-d3568564c8d1"], "genre": ["Jazz"]}, "version": {"essentia_build_sha": "2d9f1f26377add8aeb1075a9c2973f962c4f09fd", "essentia_git_sha": "v2.1_beta2-1-ge3940c0", "extractor": "music 1.0", "essentia": "2.1-beta2"}}, "tonal": {"chords_scale": "major", "hpcp": {"dmean": [0.086280323565, 0.0620814189315, 0.0471443645656, 0.0440436340868, 0.0497797615826, 0.0652931407094, 0.0625300109386, 0.058141566813, 0.0370166599751, 0.0400330945849, 0.0467661321163, 0.0604053661227, 0.0675339698792, 0.0542866438627, 0.0519156083465, 0.0519984737039, 0.0444194711745, 0.0388884879649, 0.0420174598694, 0.0486724600196, 0.0602635554969, 0.0629548877478, 0.0562708489597, 0.0480006486177, 0.0334760583937, 0.0349979437888, 0.0574535094202, 0.064295552671, 0.0519727282226, 0.0353197529912, 0.0348259471357, 0.0378325879574, 0.0530765876174, 0.0633129477501, 0.0797709673643, 0.0772380903363], "dvar2": [0.0771953687072, 0.0571023449302, 0.0486701242626, 0.0470905080438, 0.0485166572034, 0.0614085197449, 0.0572965405881, 0.0596370100975, 0.0375722944736, 0.0438641682267, 0.0481688156724, 0.0524042882025, 0.0625401735306, 0.035825163126, 0.0417924299836, 0.0449703522027, 0.0366397164762, 0.0364300124347, 0.0416731871665, 0.0392091721296, 0.0447088778019, 0.0521021150053, 0.0406452603638, 0.0553430840373, 0.0272916760296, 0.0290570408106, 0.0428017266095, 0.0557751990855, 0.0422713272274, 0.0349137336016, 0.0362706631422, 0.0382812507451, 0.0502294413745, 0.0634034574032, 0.0727364644408, 0.0686091333628], "mean": [0.169701516628, 0.0757384002209, 0.0540063753724, 0.0698145404458, 0.0540688410401, 0.122020073235, 0.165218070149, 0.0809062570333, 0.0408630147576, 0.0535971932113, 0.070198699832, 0.142238080502, 0.169827818871, 0.0928084328771, 0.112994864583, 0.140194803476, 0.0677302852273, 0.0751697421074, 0.0957145988941, 0.0668228939176, 0.142948821187, 0.19175902009, 0.117444239557, 0.0806426182389, 0.0536882095039, 0.0397413410246, 0.127210572362, 0.165641903877, 0.0792039856315, 0.0442957617342, 0.0465603135526, 0.0338511243463, 0.0855254977942, 0.128928273916, 0.117348656058, 0.166083052754], "var": [0.0921140983701, 0.0277202930301, 0.0224547050893, 0.0412345528603, 0.0191975273192, 0.0562798976898, 0.0973933637142, 0.0308143068105, 0.019113689661, 0.030978968367, 0.0368157662451, 0.0706439316273, 0.0982089191675, 0.0294187124819, 0.0574913099408, 0.0844494849443, 0.0227734278888, 0.041058268398, 0.0605029053986, 0.0228461027145, 0.061860371381, 0.111237496138, 0.0399867706001, 0.0461823642254, 0.0221112985164, 0.0145960887894, 0.0557653605938, 0.0904199257493, 0.0246510282159, 0.021835019812, 0.024674711749, 0.0114779127762, 0.0370054133236, 0.0763955190778, 0.0460060536861, 0.0865727514029], "dmean2": [0.147201284766, 0.109999753535, 0.0845733806491, 0.0778787657619, 0.0899519100785, 0.112217441201, 0.103952161968, 0.102991528809, 0.0661931335926, 0.0696167871356, 0.0820804461837, 0.102463647723, 0.112880706787, 0.0908421203494, 0.0866083800793, 0.0861945822835, 0.0766827985644, 0.0669093057513, 0.0720863193274, 0.0843625292182, 0.100503951311, 0.103043161333, 0.095185905695, 0.0842672809958, 0.058054279536, 0.0613389164209, 0.0952206924558, 0.106422498822, 0.0905165448785, 0.0624123923481, 0.0620251893997, 0.0689429193735, 0.092891998589, 0.110622741282, 0.140197530389, 0.131766602397], "dvar": [0.0326975248754, 0.0211598929018, 0.0176844894886, 0.018826758489, 0.0169539134949, 0.0229535214603, 0.0255926847458, 0.021191155538, 0.014152681455, 0.0177368409932, 0.0177765693516, 0.0218939762563, 0.0280457474291, 0.0142538910732, 0.0174286365509, 0.0204988326877, 0.013552592136, 0.0141796339303, 0.0175995323807, 0.0142090413719, 0.0184920970351, 0.024924794212, 0.0156634319574, 0.0203228779137, 0.0107890889049, 0.0107449796051, 0.0179782211781, 0.0248736571521, 0.0156295169145, 0.0129265552387, 0.0138987200335, 0.0133393108845, 0.0188796296716, 0.0266683623195, 0.0270940009505, 0.027711847797], "min": [0, 0, 0, 0, 0, 0, 0, 0, 0, 0, 0, 0, 0, 0, 0, 0, 0, 0, 0, 0, 0, 0, 0, 0, 0, 0, 0, 0, 0, 0, 0, 0, 0, 0, 0, 0], "median": [0.0111924549565, 0.00632170028985, 0.00113945058547, 0.000828699092381, 0.0037783535663, 0.00853727106005, 0.0105152269825, 0.00586165999994, 0.000525680778082, 0.000538945023436, 0.00142329954542, 0.0073888679035, 0.00952497683465, 0.0115082683042, 0.00416176626459, 0.00319425412454, 0.00433735456318, 0.00112374813762, 0.00105093186721, 0.00479104556143, 0.0133338076994, 0.0141376545653, 0.0109412493184, 0.00155810150318, 0.00105903076474, 0.00191173097119, 0.0118658263236, 0.0149865224957, 0.00874525960535, 0.000840360764414, 0.000607970927376, 0.00153935863636, 0.0024872275535, 0.00470360927284, 0.0110039645806, 0.0122715234756], "max": [1, 1, 1, 1, 1, 1, 1, 1, 1, 1, 1, 1, 1, 1, 1, 1, 1, 1, 1, 1, 1, 1, 1, 1, 1, 1, 1, 1, 1, 1, 1, 1, 1, 1, 1, 1]}, "tuning_equal_tempered_deviation": 0.0970015600324, "chords_key": "A", "chords_strength": {"dmean": 0.00883490219712, "dvar2": 0.000337430537911, "mean": 0.439494013786, "var": 0.0181403495371, "dmean2": 0.00655084708706, "dvar": 0.000202953073313, "min": -1, "median": 0.439910650253, "max": 0.732761502266}, "tuning_diatonic_strength": 0.385837346315, "thpcp": [1, 0.612457454205, 0.420541465282, 0.279977500439, 0.207246273756, 0.663387656212, 0.863802433014, 0.413039177656, 0.230997011065, 0.242806375027, 0.176529496908, 0.44600507617, 0.672345280647, 0.61195898056, 0.866102933884, 0.884972810745, 0.394966572523, 0.281636685133, 0.364074349403, 0.281962424517, 0.636319875717, 0.861592173576, 0.421916306019, 0.213095664978, 0.27950283885, 0.366077691317, 0.741754293442, 0.88563144207, 0.483984708786, 0.589254498482, 0.731098890305, 0.35320520401, 0.392001062632, 0.499139994383, 0.348473280668, 0.745460748672], "chords_histogram": [19.6784687042, 8.02073287964, 4.62971115112, 2.33681797981, 1.87999653816, 2.24896764755, 5.25344800949, 1.9766317606, 4.11139440536, 3.43494677544, 7.53755617142, 1.00149345398, 0.184485629201, 0.298691034317, 0.896073102951, 1.75700604916, 1.08055877686, 3.20653605461, 1.21233415604, 2.25775289536, 1.68672585487, 11.7719402313, 6.72933340073, 6.8083987236], "tuning_nontempered_energy_ratio": 0.666913926601, "tuning_frequency": 443.316436768, "key_strength": 0.787578642368, "chords_changes_rate": 0.0592989549041, "key_scale": "major", "hpcp_entropy": {"dmean": 0.42143252492, "dvar2": 0.568607807159, "mean": 1.40906906128, "var": 0.657004892826, "dmean2": 0.706737041473, "dvar": 0.237842366099, "min": 0, "median": 1.51727390289, "max": 4.02986526489}, "key_key": "A", "chords_number_rate": 0.00184485642239}, "lowlevel": {"melbands_skewness": {"dmean": 0.694796562195, "dvar2": 1.92065727711, "mean": 2.29915213585, "var": 5.47276735306, "dmean2": 1.08123743534, "dvar": 0.851127386093, "min": -5.76147508621, "median": 1.88900399208, "max": 21.2301959991}, "melbands_kurtosis": {"dmean": 11.0558490753, "dvar2": 1299.03405762, "mean": 28.5335407257, "var": 1867.2878418, "dmean2": 17.604593277, "dvar": 545.507141113, "min": -1.91546034813, "median": 13.262755394, "max": 723.979492188}, "barkbands_kurtosis": {"dmean": 14.9757823944, "dvar2": 9763.20410156, "mean": 32.8838768005, "var": 10472.515625, "dmean2": 23.1126499176, "dvar": 4967.6484375, "min": -1.89013648033, "median": 13.9440917969, "max": 4227.24072266}, "hfc": {"dmean": 1.65498840809, "dvar2": 67.108757019, "mean": 4.96842479706, "var": 135.649581909, "dmean2": 2.2028465271, "dvar": 39.3189125061, "min": 1.05917598849e-16, "median": 1.26415741444, "max": 515.049072266}, "silence_rate_20dB": {"dmean": 0.00114215433132, "dvar2": 0.00280581205152, "mean": 0.998550415039, "var": 0.00144760427065, "dmean2": 0.00228440901265, "dvar": 0.00114101881627, "min": 0, "median": 1, "max": 1}, "erbbands_flatness_db": {"dmean": 0.0204927511513, "dvar2": 0.00117708672769, "mean": 0.24796871841, "var": 0.00948840938509, "dmean2": 0.0293772164732, "dvar": 0.000701532000676, "min": 0.0272747110575, "median": 0.235054001212, "max": 0.581082999706}, "spectral_flux": {"dmean": 0.0169952474535, "dvar2": 0.00311454385519, "mean": 0.032347958535, "var": 0.00187670660671, "dmean2": 0.0268316995353, "dvar": 0.00127928762231, "min": 6.4856980897e-11, "median": 0.0177513603121, "max": 0.651035904884}, "spectral_energyband_low": {"dmean": 0.0018442152068, "dvar2": 8.33724261611e-05, "mean": 0.00533578591421, "var": 0.000169742954313, "dmean2": 0.00262419343926, "dvar": 4.18597846874e-05, "min": 1.71103599021e-23, "median": 0.000866672722623, "max": 0.189668789506}, "spectral_rolloff": {"dmean": 64.7313766479, "dvar2": 251829.734375, "mean": 506.26361084, "var": 2120209, "dmean2": 114.792221069, "dvar": 98485.53125, "min": 21.533203125, "median": 344.53125, "max": 19810.546875}, "spectral_entropy": {"dmean": 0.223047018051, "dvar2": 0.148506596684, "mean": 6.08015203476, "var": 1.02593255043, "dmean2": 0.327844232321, "dvar": 0.0858169496059, "min": 2.98619413376, "median": 6.15343523026, "max": 9.82210445404}, "spectral_energy": {"dmean": 0.00557583943009, "dvar2": 0.000567109033, "mean": 0.0171116460115, "var": 0.0011763270013, "dmean2": 0.0077251936309, "dvar": 0.000306904461468, "min": 9.99640823246e-21, "median": 0.00495821796358, "max": 0.532811760902}, "spectral_centroid": {"dmean": 52.9408454895, "dvar2": 40535.9648438, "mean": 471.797058105, "var": 654099.5625, "dmean2": 84.3500900269, "dvar": 19009.0761719, "min": 109.678131104, "median": 361.090393066, "max": 11739.6806641}, "barkbands_flatness_db": {"dmean": 0.0225034803152, "dvar2": 0.00149364431854, "mean": 0.296748191118, "var": 0.00858816038817, "dmean2": 0.0332936309278, "dvar": 0.000798865046818, "min": 0.0219437852502, "median": 0.29245904088, "max": 0.620522320271}, "spectral_rms": {"dmean": 0.000509699282702, "dvar2": 1.98644556804e-06, "mean": 0.00306554837152, "var": 7.2966990956e-06, "dmean2": 0.000715169240721, "dvar": 1.081287337e-06, "min": 3.12291425358e-12, "median": 0.00219938298687, "max": 0.0227994807065}, "melbands": {"dmean": [0.000374261464458, 0.000359313795343, 0.00018079621077, 0.000603209540714, 0.000243298622081, 0.000157512462465, 0.000180085524335, 5.13744234922e-05, 5.6448217947e-05, 5.36473380635e-05, 8.68140250532e-06, 8.36555864225e-06, 3.35733170687e-06, 3.18632464769e-06, 4.74667558592e-06, 2.80766289507e-06, 8.45003398808e-07, 4.73405776802e-07, 3.66449739886e-07, 8.73376507116e-07, 2.42041824094e-06, 1.39095561735e-07, 9.54108756446e-08, 8.08475704162e-08, 1.02461662266e-07, 4.89850151553e-08, 4.40690648418e-08, 6.4776003228e-08, 4.48168364642e-08, 3.09337160331e-08, 2.73388636174e-08, 2.03696917112e-08, 2.53644731885e-08, 1.97006517766e-08, 1.5205115389e-08, 1.61170419233e-08, 1.23239711769e-08, 1.14570584131e-08, 7.85495135602e-09, 5.94414872879e-09], "dvar2": [3.80006940759e-06, 4.16745297116e-06, 7.07022877577e-07, 2.41505495069e-05, 2.25108351515e-06, 8.43456973598e-07, 2.03905619856e-06, 1.29541163574e-07, 3.9795921225e-07, 6.97366715485e-07, 1.15275513579e-08, 1.51878012389e-08, 3.29037486146e-09, 6.75382239024e-09, 1.04146007374e-08, 2.82631562598e-09, 1.44051118256e-10, 3.54617862852e-11, 3.30135328797e-11, 6.30712870819e-10, 2.3308908581e-08, 1.39233017477e-11, 1.87755735438e-12, 2.50381312905e-12, 8.230168283e-12, 3.03058088607e-13, 1.99060711491e-12, 3.31591221495e-12, 2.75655800269e-12, 4.15475379795e-13, 3.08715265808e-13, 2.97030297222e-14, 6.72706925971e-14, 2.01156840208e-14, 1.40453385481e-14, 5.99364037134e-14, 8.7267141484e-14, 1.47135602991e-14, 4.93088583541e-15, 1.89364485633e-15], "mean": [0.00107450864743, 0.000909986789338, 0.000347473309375, 0.00104042305611, 0.000667775631882, 0.000499262707308, 0.000600326922722, 0.000154116030899, 0.000145008874824, 0.00012570056424, 1.69750965142e-05, 1.78705868166e-05, 6.95414428264e-06, 6.322716672e-06, 9.29118959903e-06, 5.42626321476e-06, 1.54146289333e-06, 8.52978644161e-07, 6.04198135079e-07, 9.61294631452e-07, 2.98661529996e-06, 2.33379907399e-07, 1.46268845924e-07, 1.04919202215e-07, 1.23971730659e-07, 8.76719923326e-08, 6.47559801337e-08, 8.19925105588e-08, 6.08803105706e-08, 4.86622369067e-08, 4.54277646611e-08, 3.73680180132e-08, 3.94326100661e-08, 3.22516555684e-08, 2.60876760194e-08, 2.58134829068e-08, 1.85297803768e-08, 1.83934822928e-08, 1.42234526379e-08, 1.13026148441e-08], "var": [1.01224968603e-05, 5.10759173267e-06, 8.44946498546e-07, 3.70376401406e-05, 5.86832857152e-06, 2.80326253232e-06, 8.48828494782e-06, 3.6441107909e-07, 7.25544452962e-07, 1.04158777958e-06, 1.377196579e-08, 2.43322588744e-08, 5.51810996896e-09, 1.1227580643e-08, 1.49641294911e-08, 6.48949649573e-09, 1.21520821184e-10, 3.86381204809e-11, 2.52623460345e-11, 5.8735344366e-10, 3.16988959526e-08, 4.96886603044e-12, 9.56576940055e-13, 6.66808405367e-13, 1.90557942689e-12, 3.16784088111e-13, 4.17447408021e-13, 7.61046499258e-13, 1.48034709491e-12, 2.06157248391e-13, 6.79473296204e-14, 1.48491702739e-14, 2.9740763346e-14, 8.60606480827e-15, 7.57455486137e-15, 1.56546613373e-14, 1.72813898066e-14, 7.26362600709e-15, 4.17491612977e-15, 2.20627391749e-15], "dmean2": [0.000510539219249, 0.00054469978204, 0.00029588417965, 0.00089010130614, 0.000370015070075, 0.000220910704229, 0.000233657978242, 6.83443868184e-05, 7.40027462598e-05, 6.6035965574e-05, 1.22229412227e-05, 1.10286500785e-05, 4.40722760686e-06, 4.06600202041e-06, 6.26002065474e-06, 3.62372497875e-06, 1.27557120777e-06, 6.73350825764e-07, 5.16016712027e-07, 1.32173249767e-06, 2.75599268207e-06, 2.10736104123e-07, 1.51735164877e-07, 1.36669257245e-07, 1.77912227173e-07, 7.68810650698e-08, 7.47184216721e-08, 1.0887944768e-07, 7.75242767759e-08, 5.29041521702e-08, 4.4710798619e-08, 3.27645466314e-08, 4.16053751451e-08, 3.27995657301e-08, 2.49006504305e-08, 2.68459832142e-08, 2.08275032776e-08, 1.85946920084e-08, 1.23178081068e-08, 9.24762133536e-09], "dvar": [2.18896911974e-06, 1.81808775324e-06, 3.02079882886e-07, 1.35222608151e-05, 1.16526791771e-06, 5.34636171778e-07, 1.41811688081e-06, 7.55806652819e-08, 2.26388038982e-07, 3.84037463164e-07, 5.70179947701e-09, 8.39512281914e-09, 1.96890415083e-09, 3.80375775322e-09, 5.72535530097e-09, 2.01223504526e-09, 6.58511439822e-11, 1.75966845262e-11, 1.55859596063e-11, 3.47483958274e-10, 1.5626619998e-08, 5.08337816285e-12, 7.62219009697e-13, 8.9684688712e-13, 2.91394274161e-12, 1.41413776847e-13, 6.7980554996e-13, 1.15578987353e-12, 1.36355813793e-12, 1.97850755419e-13, 1.05531299574e-13, 1.14507987036e-14, 2.62928920173e-14, 7.4875340845e-15, 5.35041532496e-15, 2.08187010383e-14, 2.94914984903e-14, 5.73192616418e-15, 2.15292693544e-15, 9.15922242734e-16], "min": [1.10972573968e-24, 1.05902712842e-24, 1.40931154427e-24, 1.04924604206e-24, 1.79315321556e-24, 1.8631776371e-24, 1.49423034996e-24, 1.54949025358e-24, 1.81621497247e-24, 1.74237542238e-24, 1.66507691443e-24, 1.72601937758e-24, 2.66217441888e-24, 1.58754076213e-24, 2.53109216327e-24, 2.75489732689e-24, 2.90334576368e-24, 2.80276244839e-24, 3.34620202068e-24, 4.26341414505e-24, 3.78503272048e-24, 4.01204992849e-24, 4.63676899529e-24, 4.03782714186e-24, 3.96656381427e-24, 4.41662552678e-24, 3.58863080977e-24, 4.27675457182e-24, 4.59058197815e-24, 5.03974872796e-24, 4.81707538252e-24, 4.7554779676e-24, 4.41872586894e-24, 5.03675066209e-24, 5.30554554921e-24, 6.70238549839e-24, 5.75393211559e-24, 6.47057004392e-24, 6.06358565887e-24, 5.54911227016e-24], "median": [7.50724866521e-05, 0.000122502620798, 9.00286977412e-05, 7.53993954277e-05, 7.97150787548e-05, 5.74616860831e-05, 2.69162574114e-05, 9.84004418569e-06, 6.2959297793e-06, 2.77024105344e-06, 8.39899996663e-07, 6.06501657785e-07, 3.11926982022e-07, 1.5858330471e-07, 1.6508123224e-07, 1.24101958932e-07, 6.11936030737e-08, 3.79804454553e-08, 2.8972710453e-08, 2.86624430856e-08, 2.41684574576e-08, 1.93808720184e-08, 1.63356652649e-08, 1.6961871907e-08, 1.58343507195e-08, 1.36963169695e-08, 1.6803848979e-08, 1.62729847375e-08, 1.53327093244e-08, 1.54462078683e-08, 1.39808875588e-08, 1.52273784693e-08, 1.54034012212e-08, 1.45598191281e-08, 1.00119601498e-08, 8.86366091635e-09, 5.86644599565e-09, 4.6574966106e-09, 4.10319511701e-09, 3.22984017309e-09], "max": [0.0434534810483, 0.0348051711917, 0.0267982669175, 0.150555700064, 0.0752795040607, 0.0267883967608, 0.0552155040205, 0.0124703515321, 0.0431818515062, 0.0506328158081, 0.00578952813521, 0.00717110652477, 0.00397334201261, 0.00723378406838, 0.00745562463999, 0.00611423701048, 0.000549988937564, 0.000326215813402, 0.00037797371624, 0.00266185123473, 0.020985327661, 0.000221952199354, 5.26657677256e-05, 4.68261750939e-05, 9.05309643713e-05, 2.69740994554e-05, 8.6586085672e-05, 9.39232704695e-05, 0.000133285939228, 4.56715570181e-05, 2.91799315164e-05, 8.44547867018e-06, 1.24439584397e-05, 3.57214389624e-06, 2.83807389678e-06, 1.12296347652e-05, 1.63354907272e-05, 2.9575080589e-06, 2.59380431089e-06, 1.61778973506e-06]}, "barkbands_crest": {"dmean": 2.09349250793, "dvar2": 13.6236543655, "mean": 15.5790710449, "var": 32.5014228821, "dmean2": 3.394292593, "dvar": 5.76878643036, "min": 3.18893003464, "median": 14.80971241, "max": 26.9514827728}, "mfcc": {"icov": [[0.000286597991362, -0.000272130389931, 0.000463602249511, -0.000374954513973, 0.000685545383021, -0.000815987354144, 0.000313483673381, 2.57297342614e-05, -8.43534962769e-06, -0.00014253865811, 0.000136398302857, -0.000461147195892, 0.000237457017647], [-0.000272130389931, 0.00103244488128, -0.000852767610922, 0.0013853397686, -0.0010234847432, 0.000965652056038, -0.00011585480388, -0.000287195813144, 0.000747628568206, -0.000271202006843, -5.91978459852e-05, 0.000844607478939, -0.000297568767564], [0.000463602249511, -0.000852767610922, 0.00328180915676, -0.00334265665151, 0.00283717247657, -0.00181693769991, 0.000290368770948, 0.00107912928797, -0.00145175401121, 0.00137432897463, -0.000504798721522, -0.000317411322612, 0.000605694483966], [-0.000374954513973, 0.0013853397686, -0.00334265665151, 0.00771924341097, -0.00558653613552, 0.00150442891754, 0.000784811913036, -0.00311061413959, 0.00349257118069, -0.00205862196162, -3.23878266499e-05, 0.000756323337555, -0.001081190072], [0.000685545383021, -0.0010234847432, 0.00283717247657, -0.00558653613552, 0.0122983092442, -0.00628061965108, 0.000424456375185, 0.00195981422439, -0.00325900223106, 0.00156592705753, 0.00130325066857, -0.000974507245701, 0.0010822690092], [-0.000815987354144, 0.000965652056038, -0.00181693769991, 0.00150442891754, -0.00628061965108, 0.0127702569589, -0.00749139813706, 0.000974715920165, 0.000336690165568, 0.000142446471727, -0.00214297347702, 0.000292631186312, -0.0011751918355], [0.000313483673381, -0.00011585480388, 0.000290368770948, 0.000784811913036, 0.000424456375185, -0.00749139813706, 0.0179246272892, -0.0124750118703, 0.00509729003534, -0.00323802116327, 0.0029053799808, -0.00203813961707, 0.00346574024297], [2.57297342614e-05, -0.000287195813144, 0.00107912928797, -0.00311061413959, 0.00195981422439, 0.000974715920165, -0.0124750118703, 0.026516566053, -0.0178762823343, 0.00885605532676, -0.00647961813956, 0.00312612135895, -0.00203721551225], [-8.43534962769e-06, 0.000747628568206, -0.00145175401121, 0.00349257118069, -0.00325900223106, 0.000336690165568, 0.00509729003534, -0.0178762823343, 0.0307825710624, -0.0212319884449, 0.0131102688611, -0.00578555697575, 0.000953425827902], [-0.00014253865811, -0.000271202006843, 0.00137432897463, -0.00205862196162, 0.00156592705753, 0.000142446471727, -0.00323802116327, 0.00885605532676, -0.0212319884449, 0.0349426604807, -0.0237629655749, 0.0105800172314, -0.00323314731941], [0.000136398302857, -5.91978459852e-05, -0.000504798721522, -3.23878266499e-05, 0.00130325066857, -0.00214297347702, 0.0029053799808, -0.00647961813956, 0.0131102688611, -0.0237629655749, 0.0319802202284, -0.0211043320596, 0.00888683833182], [-0.000461147195892, 0.000844607478939, -0.000317411322612, 0.000756323337555, -0.000974507245701, 0.000292631186312, -0.00203813961707, 0.00312612135895, -0.00578555697575, 0.0105800172314, -0.0211043320596, 0.0293007567525, -0.0159322824329], [0.000237457017647, -0.000297568767564, 0.000605694483966, -0.001081190072, 0.0010822690092, -0.0011751918355, 0.00346574024297, -0.00203721551225, 0.000953425827902, -0.00323314731941, 0.00888683833182, -0.0159322824329, 0.0172086600214]], "mean": [-861.426147461, 168.141067505, 65.9374237061, 29.95652771, -1.74854338169, 1.20844340324, -8.22879123688, -4.08240556717, -4.50491762161, -0.476833194494, 0.228685900569, 1.47680735588, 1.23793327808], "cov": [[6525.05371094, 1137.73388672, -728.657531738, -351.849731445, -174.458526611, 217.732391357, 8.97005176544, -22.4154109955, -19.2558879852, 113.560768127, 169.078384399, 167.333389282, 44.5674209595], [1137.73388672, 1843.05004883, 16.0557632446, -348.716247559, -143.370864868, -162.094314575, -101.402084351, -105.269485474, -86.9120330811, -61.4335784912, -92.1093139648, -129.58215332, -79.5279922485], [-728.657531738, 16.0557632446, 688.059509277, 268.563568115, 19.7529373169, 31.7739295959, 6.24581718445, 4.89179849625, -10.1989355087, -17.5500125885, 3.3983104229, -10.2022542953, -10.6960430145], [-351.849731445, -348.716247559, 268.563568115, 390.761566162, 145.393554688, 98.1841506958, 47.5438194275, 50.3464584351, 15.7599802017, 18.2104740143, 34.5465545654, 33.2490158081, 23.3602600098], [-174.458526611, -143.370864868, 19.7529373169, 145.393554688, 196.275527954, 113.873443604, 59.2161903381, 38.8736610413, 25.8427295685, 8.34363555908, 4.8329167366, 11.2409505844, 4.52362823486], [217.732391357, -162.094314575, 31.7739295959, 98.1841506958, 113.873443604, 226.609741211, 120.304573059, 67.1058502197, 33.3488693237, 35.4313049316, 53.1300315857, 47.627910614, 12.7394790649], [8.97005176544, -101.402084351, 6.24581718445, 47.5438194275, 59.2161903381, 120.304573059, 159.068603516, 91.5270080566, 39.1319694519, 26.0666904449, 25.4111042023, 12.7603359222, -14.3982973099], [-22.4154109955, -105.269485474, 4.89179849625, 50.3464584351, 38.8736610413, 67.1058502197, 91.5270080566, 121.400398254, 70.9982833862, 32.8014602661, 25.7400913239, 19.9961624146, 7.00613641739], [-19.2558879852, -86.9120330811, -10.1989355087, 15.7599802017, 25.8427295685, 33.3488693237, 39.1319694519, 70.9982833862, 103.298805237, 57.6007957458, 21.6216983795, 19.9997215271, 13.7375020981], [113.560768127, -61.4335784912, -17.5500125885, 18.2104740143, 8.34363555908, 35.4313049316, 26.0666904449, 32.8014602661, 57.6007957458, 104.060325623, 82.8759307861, 40.4089164734, 10.6335878372], [169.078384399, -92.1093139648, 3.3983104229, 34.5465545654, 4.8329167366, 53.1300315857, 25.4111042023, 25.7400913239, 21.6216983795, 82.8759307861, 146.785018921, 99.5631027222, 30.127904892], [167.333389282, -129.58215332, -10.2022542953, 33.2490158081, 11.2409505844, 47.627910614, 12.7603359222, 19.9961624146, 19.9997215271, 40.4089164734, 99.5631027222, 150.933410645, 95.0477752686], [44.5674209595, -79.5279922485, -10.6960430145, 23.3602600098, 4.52362823486, 12.7394790649, -14.3982973099, 7.00613641739, 13.7375020981, 10.6335878372, 30.127904892, 95.0477752686, 135.955108643]]}, "spectral_decrease": {"dmean": 1.43927814111e-09, "dvar2": 3.78499617244e-17, "mean": -4.41441017074e-09, "var": 7.83561327445e-17, "dmean2": 1.99664240697e-09, "dvar": 2.0457255192e-17, "min": -1.3833349044e-07, "median": -1.28163490931e-09, "max": 1.91833588225e-28}, "zerocrossingrate": {"dmean": 0.00347624765709, "dvar2": 5.8326524595e-05, "mean": 0.0232480000705, "var": 0.00158997508697, "dmean2": 0.00452941283584, "dvar": 3.78668410121e-05, "min": 0.00244140625, "median": 0.01708984375, "max": 0.5302734375}, "spectral_contrast_coeffs": {"dmean": [0.0423914715648, 0.0387207716703, 0.0298588462174, 0.0236300453544, 0.0149482814595, 0.0115147447214], "dvar2": [0.00372736086138, 0.00346358190291, 0.00186965358444, 0.00122293503955, 0.000529887445737, 0.000305193098029], "mean": [-0.656531333923, -0.671429336071, -0.752912759781, -0.822805941105, -0.861262738705, -0.827304601669], "var": [0.0143533265218, 0.0147175081074, 0.00884841941297, 0.00423198239878, 0.00136668118648, 0.000499704212416], "dmean2": [0.0693861618638, 0.0617854371667, 0.047069337219, 0.0378267765045, 0.0242596417665, 0.019140355289], "dvar": [0.00157252617646, 0.00173921068199, 0.000944156490732, 0.000572429737076, 0.000235827435972, 0.000116840397823], "min": [-0.982896327972, -0.97719335556, -0.987904369831, -0.970057785511, -0.973199188709, -0.964725911617], "median": [-0.679990828037, -0.694732248783, -0.770550847054, -0.836115539074, -0.870133280754, -0.826849758625], "max": [-0.154120564461, -0.20941478014, -0.247777789831, -0.439551144838, -0.428775221109, -0.58054035902]}, "spectral_skewness": {"dmean": 0.501375079155, "dvar2": 0.923332929611, "mean": 3.58949112892, "var": 4.53590202332, "dmean2": 0.796032071114, "dvar": 0.407238781452, "min": -0.104464732111, "median": 2.98075675964, "max": 13.7787075043}, "spectral_energyband_middle_high": {"dmean": 0.000180297822226, "dvar2": 5.50220556761e-06, "mean": 0.000373397459043, "var": 8.21185312816e-06, "dmean2": 0.000232543170569, "dvar": 3.33422735821e-06, "min": 1.15801024646e-21, "median": 2.15570216824e-05, "max": 0.223893150687}, "gfcc": {"icov": [[0.000147975049913, -0.000240890440182, 0.000159688672284, -8.34745515021e-05, 0.000253777368926, -0.000459885573946, 0.000400918012019, -0.000146514415974, 6.82924073772e-05, -0.000143689889228, -3.7383128074e-05, 0.000196916225832, -6.17097903159e-05], [-0.000240890440182, 0.00190900696907, -0.00056188297458, 0.000828885182273, -0.000205303353141, 0.000453735468909, -0.000420616386691, 0.00089860445587, -0.00120505667292, 0.00260521192104, -0.00239625363611, 0.00195908313617, -0.000905319873709], [0.000159688672284, -0.00056188297458, 0.00212303781882, -0.00166389672086, 0.000513711245731, 0.00078085414134, -0.00207984959707, 0.00193877203856, -0.000224335017265, -0.00135291088372, 0.00131620990578, -0.00109811814036, 0.000441814918304], [-8.34745515021e-05, 0.000828885182273, -0.00166389672086, 0.00358295510523, -0.00105741643347, -0.00171838118695, 0.00311308167875, -0.00289990124293, 0.00116592866834, 0.00106827332638, -0.0016815981362, 0.000476542656543, -0.000259713793639], [0.000253777368926, -0.000205303353141, 0.000513711245731, -0.00105741643347, 0.00485766492784, -0.00222685886547, -0.000814815284684, 0.00199956214055, -0.00178783200681, 0.00229429057799, -0.000541687710211, 0.001058820053, -1.69277391251e-05], [-0.000459885573946, 0.000453735468909, 0.00078085414134, -0.00171838118695, -0.00222685886547, 0.00887061469257, -0.00707699777558, 0.00192446971778, 0.00177001731936, -0.00557148875669, 0.00375745166093, -0.00279326690361, 0.00231165927835], [0.000400918012019, -0.000420616386691, -0.00207984959707, 0.00311308167875, -0.000814815284684, -0.00707699777558, 0.0180905144662, -0.0118497069925, 0.00121770030819, 0.00694153923541, -0.00828502327204, 0.00748266885057, -0.00414793659002], [-0.000146514415974, 0.00089860445587, 0.00193877203856, -0.00289990124293, 0.00199956214055, 0.00192446971778, -0.0118497069925, 0.0213006120175, -0.00969508010894, -0.00382628664374, 0.00929117295891, -0.00835168361664, 0.00563455605879], [6.82924073772e-05, -0.00120505667292, -0.000224335017265, 0.00116592866834, -0.00178783200681, 0.00177001731936, 0.00121770030819, -0.00969508010894, 0.0173445064574, -0.00875618681312, -0.00366726052016, 0.00567859923467, -0.00494182761759], [-0.000143689889228, 0.00260521192104, -0.00135291088372, 0.00106827332638, 0.00229429057799, -0.00557148875669, 0.00694153923541, -0.00382628664374, -0.00875618681312, 0.0260939989239, -0.0152137773111, 0.00073132745456, 0.00313568417914], [-3.7383128074e-05, -0.00239625363611, 0.00131620990578, -0.0016815981362, -0.000541687710211, 0.00375745166093, -0.00828502327204, 0.00929117295891, -0.00366726052016, -0.0152137773111, 0.0274196155369, -0.0143749853596, 0.00321816699579], [0.000196916225832, 0.00195908313617, -0.00109811814036, 0.000476542656543, 0.001058820053, -0.00279326690361, 0.00748266885057, -0.00835168361664, 0.00567859923467, 0.00073132745456, -0.0143749853596, 0.0291755963117, -0.0142872100696], [-6.17097903159e-05, -0.000905319873709, 0.000441814918304, -0.000259713793639, -1.69277391251e-05, 0.00231165927835, -0.00414793659002, 0.00563455605879, -0.00494182761759, 0.00313568417914, 0.00321816699579, -0.0142872100696, 0.0186949148774]], "mean": [-200.113464355, 138.166595459, -45.2812309265, 20.29088974, -67.3896560669, -3.78959107399, -32.0546646118, -1.17583823204, -14.9569511414, 3.02171945572, -10.1234169006, 0.417637765408, -7.5468916893], "cov": [[12429.7900391, 1215.40551758, -1027.76074219, -259.648162842, -397.687042236, 420.820648193, -171.075790405, 6.16888523102, 97.0864715576, 179.258850098, 100.046882629, -112.477035522, -79.2271728516], [1215.40551758, 1741.63867188, -59.7378158569, -681.633483887, -22.0434913635, -329.713745117, 31.595041275, -237.497283936, 28.2516822815, -238.579879761, 30.9126358032, -142.227218628, 133.104568481], [-1027.76074219, -59.7378158569, 882.59161377, 367.487304688, 31.2620563507, 4.19069957733, 40.6786079407, -16.7876987457, -20.4098186493, 17.1030979156, 17.9329967499, 39.7589759827, 10.5912036896], [-259.648162842, -681.633483887, 367.487304688, 830.307617188, 111.570716858, 261.495422363, -15.0265083313, 118.835823059, -29.4344749451, 119.281806946, 5.94563293457, 76.8107910156, -72.5098953247], [-397.687042236, -22.0434913635, 31.2620563507, 111.570716858, 332.32434082, 116.696922302, 64.1138763428, -6.19062376022, -12.4721364975, -40.6134147644, -24.1969070435, -32.1329879761, -16.4833545685], [420.820648193, -329.713745117, 4.19069957733, 261.495422363, 116.696922302, 366.605926514, 100.353164673, 108.072517395, 10.0923948288, 95.1262741089, 3.2734439373, 14.5860214233, -69.2804412842], [-171.075790405, 31.595041275, 40.6786079407, -15.0265083313, 64.1138763428, 100.353164673, 168.361099243, 78.6350326538, 38.9450721741, -0.802344918251, 6.8079123497, -18.718421936, -3.94840669632], [6.16888523102, -237.497283936, -16.7876987457, 118.835823059, -6.19062376022, 108.072517395, 78.6350326538, 176.634475708, 84.8724822998, 85.6270599365, 12.4670267105, 25.5480060577, -33.1400718689], [97.0864715576, 28.2516822815, -20.4098186493, -29.4344749451, -12.4721364975, 10.0923948288, 38.9450721741, 84.8724822998, 161.279067993, 91.9972076416, 62.7939414978, 16.1515407562, 12.2996397018], [179.258850098, -238.579879761, 17.1030979156, 119.281806946, -40.6134147644, 95.1262741089, -0.802344918251, 85.6270599365, 91.9972076416, 178.923980713, 87.4375915527, 57.6554374695, -24.1755619049], [100.046882629, 30.9126358032, 17.9329967499, 5.94563293457, -24.1969070435, 3.2734439373, 6.8079123497, 12.4670267105, 62.7939414978, 87.4375915527, 119.756996155, 57.0544891357, 23.7331066132], [-112.477035522, -142.227218628, 39.7589759827, 76.8107910156, -32.1329879761, 14.5860214233, -18.718421936, 25.5480060577, 16.1515407562, 57.6554374695, 57.0544891357, 104.476028442, 43.804069519], [-79.2271728516, 133.104568481, 10.5912036896, -72.5098953247, -16.4833545685, -69.2804412842, -3.94840669632, -33.1400718689, 12.2996397018, -24.1755619049, 23.7331066132, 43.804069519, 112.778160095]]}, "erbbands_spread": {"dmean": 4.45961666107, "dvar2": 140.759674072, "mean": 17.7613239288, "var": 422.716400146, "dmean2": 6.83700466156, "dvar": 65.8909072876, "min": 0.205119967461, "median": 10.4435110092, "max": 160.056838989}, "erbbands_kurtosis": {"dmean": 5.50849676132, "dvar2": 243.936676025, "mean": 18.0895805359, "var": 874.389343262, "dmean2": 8.19766902924, "dvar": 127.496780396, "min": -1.88866043091, "median": 8.21424102783, "max": 323.212799072}, "dynamic_complexity": 7.78108644485, "erbbands_crest": {"dmean": 2.32735991478, "dvar2": 16.8637046814, "mean": 16.2294998169, "var": 51.6406478882, "dmean2": 3.66117739677, "dvar": 7.68561124802, "min": 2.17360687256, "median": 14.9411325455, "max": 34.7450218201}, "erbbands": {"dmean": [0.035512574017, 0.349193453789, 0.614135682583, 0.807071506977, 4.20720386505, 10.2475948334, 6.09693002701, 6.92593479156, 12.2744646072, 5.14349603653, 6.17502212524, 9.63092803955, 2.02239394188, 1.92866492271, 0.847914934158, 1.44108009338, 1.93003773689, 0.529386341572, 0.287354260683, 0.374867528677, 1.86867594719, 0.24262394011, 0.0934896245599, 0.114936709404, 0.0623727403581, 0.0868755802512, 0.0656508430839, 0.0442135930061, 0.0359991043806, 0.0376027785242, 0.0265873465687, 0.0213007051498, 0.0137881422415, 0.00725900894031, 0.00415297877043, 0.00249120825902, 0.00122248253319, 0.000406844279496, 9.44945277297e-05, 8.63830791786e-06], "dvar2": [0.0284249670804, 4.0240316391, 14.3673906326, 14.5472097397, 886.431640625, 7450.78027344, 1436.50634766, 1776.31298828, 10078.6923828, 1154.3215332, 5390.97753906, 20595.6035156, 537.039916992, 892.237243652, 121.657295227, 1887.35900879, 1631.97521973, 49.6874771118, 15.0721235275, 46.6638908386, 12331.2548828, 89.6629867554, 2.42218112946, 9.60998630524, 1.39332902431, 4.93613862991, 6.37069797516, 0.703484356403, 0.0932700634003, 0.092455022037, 0.0540917403996, 0.248185038567, 0.0190250780433, 0.00319089135155, 0.0010766411433, 0.000892947835382, 0.000220192072447, 3.13763375743e-05, 2.50653147305e-06, 3.29744120897e-09], "mean": [0.105313017964, 0.932418346405, 1.3367472887, 1.59266877174, 6.87134599686, 19.5403995514, 17.2238254547, 22.486158371, 40.9615631104, 16.0802288055, 16.2801609039, 22.9557209015, 4.35964202881, 4.21390724182, 1.78386437893, 2.93211340904, 3.8341755867, 1.00665020943, 0.527326822281, 0.535584747791, 2.26589560509, 0.376063674688, 0.138312399387, 0.147553697228, 0.106301896274, 0.118051871657, 0.0977057144046, 0.0774951055646, 0.0666667371988, 0.0633983463049, 0.0472301319242, 0.0337113700807, 0.0242627840489, 0.0143198743463, 0.0077627026476, 0.00393672846258, 0.00164734409191, 0.000491785176564, 9.326091822e-05, 2.14916944969e-05], "var": [0.102861568332, 7.1300702095, 14.294924736, 13.7809915543, 1302.89538574, 13019.4707031, 3185.08789063, 5926.95458984, 39859.7617188, 4064.05932617, 9843.63964844, 32710.0136719, 636.351806641, 1462.4296875, 219.026885986, 2687.45019531, 3616.32373047, 46.0948371887, 12.2660388947, 45.7665901184, 16603.2363281, 136.728393555, 0.968531489372, 2.246270895, 0.473163604736, 1.16119062901, 3.44205474854, 0.166160658002, 0.0451231859624, 0.0427248589694, 0.0263643134385, 0.0503189042211, 0.0111545873806, 0.00367246102542, 0.0011444054544, 0.000485079392092, 0.000134168032673, 1.62459018611e-05, 8.97723623439e-07, 2.33745378608e-09], "dmean2": [0.0472748093307, 0.498439371586, 0.975472033024, 1.33226799965, 6.3711566925, 15.3205957413, 9.31344890594, 9.673787117, 16.0728187561, 6.7527794838, 8.28794670105, 11.8128128052, 2.7451145649, 2.53505444527, 1.0983453989, 1.89912164211, 2.40198040009, 0.781343281269, 0.408827900887, 0.548540711403, 2.20922064781, 0.296101659536, 0.150072336197, 0.198310852051, 0.101561628282, 0.145416200161, 0.113328412175, 0.0728001669049, 0.0578560978174, 0.0617745667696, 0.0432393476367, 0.0355354174972, 0.021772550419, 0.0110586443916, 0.00615679519251, 0.00369503349066, 0.0017947787419, 0.000599544611759, 0.000147474100231, 1.24128810057e-05], "dvar": [0.0187700260431, 1.96570265293, 6.07960414886, 5.77443218231, 505.370758057, 4003.26416016, 709.800537109, 1136.10778809, 6860.95947266, 738.742248535, 3030.95239258, 11608.1142578, 263.67755127, 501.737304688, 76.5772094727, 986.118530273, 1137.64697266, 23.4125232697, 6.89271497726, 25.8168125153, 8225.14257813, 63.7823104858, 0.934598386288, 3.40036487579, 0.497333407402, 1.72669565678, 3.17587161064, 0.244825452566, 0.0358739867806, 0.0352888442576, 0.0202143061906, 0.0840830951929, 0.00763872917742, 0.00153955747373, 0.000524203584064, 0.000369567831513, 0.000102117468487, 1.40123320307e-05, 1.01068485492e-06, 1.40130185233e-09], "min": [1.01421549421e-22, 4.30864567809e-22, 2.09933552315e-21, 4.7452734491e-21, 1.21913497593e-20, 1.49305777448e-20, 4.72224390074e-20, 7.99169562826e-20, 8.77516943896e-20, 1.68719422082e-19, 2.59906455716e-19, 2.67970717056e-19, 3.89483523191e-19, 4.51286374357e-19, 1.04322922841e-18, 1.00394910946e-18, 1.27396836515e-18, 2.07467237386e-18, 1.68935406694e-18, 3.27861845259e-18, 3.57663177496e-18, 5.06643741131e-18, 5.62624347139e-18, 5.39731834173e-18, 6.59497660704e-18, 6.44367906915e-18, 9.15285025803e-18, 9.82876848787e-18, 8.38794393789e-18, 9.18336412365e-18, 1.01237311681e-17, 1.13282128463e-17, 9.92743376415e-18, 7.70312028158e-18, 5.32943286963e-18, 3.79473490066e-18, 2.32814077947e-18, 1.02556468303e-18, 2.46172931102e-19, 2.66528466266e-20], "median": [0.00703328568488, 0.0734113231301, 0.206118047237, 0.4307474792, 0.884242594242, 1.22188663483, 2.37878346443, 2.70600318909, 2.08327245712, 1.23074889183, 1.01633870602, 0.612603545189, 0.275823295116, 0.182501450181, 0.109461091459, 0.0775332525373, 0.0738895088434, 0.0445703715086, 0.02815220505, 0.0237381905317, 0.0236590150744, 0.0212009716779, 0.0189266428351, 0.0202890876681, 0.0209790319204, 0.0257603377104, 0.0262688044459, 0.0252756662667, 0.0276759974658, 0.0271754655987, 0.0180113073438, 0.0112528046593, 0.00673335092142, 0.00411590980366, 0.00198139785789, 0.000770983926486, 0.00026548653841, 5.76508427912e-05, 7.49372520659e-06, 6.43844941806e-06], "max": [4.51737880707, 40.7288627625, 73.0247879028, 103.468170166, 993.930847168, 2979.8671875, 1112.3984375, 1304.7635498, 4166.94628906, 1281.13562012, 5515.07910156, 9281.92675781, 1472.31628418, 1945.99584961, 845.774047852, 3564.44580078, 4565.12304688, 322.091430664, 229.379440308, 686.704345703, 15188.3310547, 1339.89953613, 60.1469497681, 100.078887939, 66.0378189087, 102.719360352, 201.021194458, 43.9690055847, 9.41503238678, 9.0232629776, 7.42842054367, 27.6148033142, 3.77946567535, 2.21001839638, 1.12472522259, 1.07355642319, 0.565538227558, 0.191459625959, 0.0576172322035, 0.0016995499609]}, "silence_rate_30dB": {"dmean": 0.0140572832897, "dvar2": 0.0304028298706, "mean": 0.973951220512, "var": 0.0253663174808, "dmean2": 0.0281158015132, "dvar": 0.0138561492786, "min": 0, "median": 1, "max": 1}, "silence_rate_60dB": {"dmean": 0.0467404685915, "dvar2": 0.0968916416168, "mean": 0.396661549807, "var": 0.239296615124, "dmean2": 0.0934850424528, "dvar": 0.0445643290877, "min": 0, "median": 0, "max": 1}, "spectral_energyband_middle_low": {"dmean": 0.00414299266413, "dvar2": 0.000478545407532, "mean": 0.0116506209597, "var": 0.000914391712286, "dmean2": 0.00578695442528, "dvar": 0.000263807916781, "min": 1.37422460076e-22, "median": 0.00251392577775, "max": 0.531404852867}, "spectral_spread": {"dmean": 538345, "dvar2": 1010457706500.0, "mean": 4081402.75, "var": 10940894412800.0, "dmean2": 851214.8