{"tonal": {"hpcp": {"dvar": [0.0460013598204, 0.0700741112232, 0.0652180984616, 0.04629438743, 0.0367713607848, 0.0367660187185, 0.0419220887125, 0.0457790605724, 0.0406552180648, 0.0501527450979, 0.0443903431296, 0.0402175337076, 0.0553113855422, 0.0453024320304, 0.0418774671853, 0.0521238595247, 0.0407711341977, 0.0348706804216, 0.0523716434836, 0.0377455614507, 0.0278008859605, 0.0268575977534, 0.0242245383561, 0.0307983420789, 0.0379204526544, 0.0233911909163, 0.0177641306072, 0.0233184993267, 0.0151244271547, 0.0172499772161, 0.0173043254763, 0.0182228423655, 0.0257737841457, 0.0398146249354, 0.0394759364426, 0.0377141050994], "var": [0.0713488161564, 0.0775640755892, 0.0680362805724, 0.0744565501809, 0.0484097413719, 0.0278787352145, 0.0301459599286, 0.0349489040673, 0.042066257447, 0.0573452971876, 0.0453345477581, 0.0439972802997, 0.0696281641722, 0.0573426522315, 0.0562122501433, 0.0815230533481, 0.0492992661893, 0.0566335879266, 0.130235373974, 0.0708989277482, 0.0417034067214, 0.0367258265615, 0.0316156335175, 0.0485307872295, 0.0875765755773, 0.0432256013155, 0.0226174592972, 0.0281902272254, 0.0172598659992, 0.0189446974546, 0.0218619219959, 0.0194092001766, 0.0276248008013, 0.0540678575635, 0.0463876277208, 0.0424755364656], "median": [0.082777172327, 0.0729745551944, 0.0991656705737, 0.128726452589, 0.103709235787, 0.0596738085151, 0.0574769116938, 0.066763818264, 0.0943445712328, 0.11230430007, 0.113701179624, 0.122137881815, 0.131829813123, 0.123882226646, 0.136039212346, 0.130005672574, 0.116139054298, 0.197532519698, 0.261042833328, 0.216997027397, 0.102473258972, 0.095292955637, 0.0884077474475, 0.103922173381, 0.110506922007, 0.0809322744608, 0.0566787347198, 0.0530759394169, 0.0558708235621, 0.0756060928106, 0.083955809474, 0.0773337334394, 0.0918167456985, 0.104667156935, 0.0892824977636, 0.0821140259504], "max": [1, 1, 1, 1, 1, 1, 1, 1, 1, 1, 1, 1, 1, 1, 1, 1, 1, 1, 1, 1, 1, 1, 1, 1, 1, 1, 1, 1, 1, 1, 1, 1, 1, 1, 1, 1], "dmean": [0.165926113725, 0.206248864532, 0.210126280785, 0.177438989282, 0.147046491504, 0.116613909602, 0.12092166394, 0.132081285119, 0.148795410991, 0.174424007535, 0.157817155123, 0.160559222102, 0.188103660941, 0.165037423372, 0.171782448888, 0.189954817295, 0.154595270753, 0.161476686597, 0.19813349843, 0.171714603901, 0.130905672908, 0.122515968978, 0.115037858486, 0.13537402451, 0.148927405477, 0.110401749611, 0.087358109653, 0.0906879678369, 0.0768110826612, 0.0866525247693, 0.0942563489079, 0.0937662869692, 0.123188115656, 0.154666289687, 0.148039922118, 0.145702347159], "dmean2": [0.290117412806, 0.363206744194, 0.374003767967, 0.311407953501, 0.25845772028, 0.211747720838, 0.221887350082, 0.242259114981, 0.264099627733, 0.30815961957, 0.280891299248, 0.281110465527, 0.330626189709, 0.284447938204, 0.293272763491, 0.325615048409, 0.26925906539, 0.276704549789, 0.346940606833, 0.293994635344, 0.223034292459, 0.210489541292, 0.198581501842, 0.233683153987, 0.254747718573, 0.188330233097, 0.151162460446, 0.156171992421, 0.133752509952, 0.15099658072, 0.163458243012, 0.163875758648, 0.215117514133, 0.265529900789, 0.256361871958, 0.256558895111], "mean": [0.203807115555, 0.209557563066, 0.217413008213, 0.244681119919, 0.190148517489, 0.11637942493, 0.113547213376, 0.128583416343, 0.166348218918, 0.204085156322, 0.187704667449, 0.196304351091, 0.239349812269, 0.215976700187, 0.226560488343, 0.253874033689, 0.199426725507, 0.276991575956, 0.412692636251, 0.31213375926, 0.174905985594, 0.159506306052, 0.148965194821, 0.193615138531, 0.247153431177, 0.170420348644, 0.109783239663, 0.111442103982, 0.0982681512833, 0.115266814828, 0.129207387567, 0.118908777833, 0.151908829808, 0.199341699481, 0.176055952907, 0.166179209948], "dvar2": [0.123422570527, 0.178620114923, 0.179430127144, 0.12464017421, 0.101017177105, 0.103058874607, 0.117491692305, 0.129329025745, 0.110877692699, 0.138086125255, 0.123109489679, 0.110807940364, 0.150691658258, 0.118965446949, 0.109790511429, 0.135010913014, 0.105165436864, 0.0900483801961, 0.129539012909, 0.0979415029287, 0.0690342113376, 0.0685216188431, 0.061396624893, 0.0812925621867, 0.0979149863124, 0.0639933496714, 0.0463104322553, 0.0611171871424, 0.0406614020467, 0.0467673949897, 0.0453919507563, 0.0522634834051, 0.0715986713767, 0.100907213986, 0.103907339275, 0.104930005968], "min": [0, 0, 0, 0, 0, 0, 0, 0, 0, 0, 0, 0, 0, 0, 0, 0, 0, 0, 0, 0, 0, 0, 0, 0, 0, 0, 0, 0, 0, 0, 0, 0, 0, 0, 0, 0]}, "key_key": "D#", "thpcp": [1, 0.756334722042, 0.423816591501, 0.386501461267, 0.360959172249, 0.469150930643, 0.598880171776, 0.412947386503, 0.266016960144, 0.270036578178, 0.238114625216, 0.279304265976, 0.313083827496, 0.288129150867, 0.36809194088, 0.483027040958, 0.426603078842, 0.402670651674, 0.493847221136, 0.507781207561, 0.526815831661, 0.592889487743, 0.460750937462, 0.282000243664, 0.275137484074, 0.311571866274, 0.403080165386, 0.494520962238, 0.454829216003, 0.475667208433, 0.579971134663, 0.523335456848, 0.548981189728, 0.615164935589, 0.483233064413, 0.671181261539], "chords_key": "G#", "tuning_equal_tempered_deviation": 0.0772039368749, "tuning_frequency": 441.527557373, "tuning_diatonic_strength": 0.45484316349, "chords_histogram": [11.890504837, 0.0855432003736, 14.7562017441, 7.22840023041, 0, 0.0427716001868, 0.641573965549, 0, 0, 0, 4.57656097412, 0.12831479311, 0.812660396099, 5.77416610718, 1.02651834488, 2.22412323952, 1.19760477543, 3.0367834568, 0.384944409132, 10.8212146759, 10.3079557419, 0.470487594604, 22.412317276, 2.18135166168], "key_strength": 0.583009064198, "key_scale": "major", "chords_strength": {"dvar": 9.81364428299e-05, "var": 0.0077506522648, "median": 0.454760760069, "max": 0.724689900875, "dmean": 0.0117921438068, "dmean2": 0.0128102777526, "mean": 0.45643222332, "dvar2": 0.000133377980092, "min": 0.172849863768}, "chords_number_rate": 0.00556030776352, "tuning_nontempered_energy_ratio": 0.741467356682, "hpcp_entropy": {"dvar": 0.334138780832, "var": 0.732975780964, "median": 2.09294056892, "max": 4.5489730835, "dmean": 0.722954809666, "dmean2": 1.22262299061, "mean": 2.11006951332, "dvar2": 0.882209658623, "min": 0}, "chords_changes_rate": 0.083404622972, "chords_scale": "major"}, "rhythm": {"bpm_histogram_first_peak_spread": {"dvar": 0, "var": 0, "median": 0.535135149956, "max": 0.535135149956, "dmean": 0, "dmean2": 0, "mean": 0.535135149956, "dvar2": 0, "min": 0.535135149956}, "bpm_histogram_first_peak_weight": {"dvar": 0, "var": 0, "median": 0.423645317554, "max": 0.423645317554, "dmean": 0, "dmean2": 0, "mean": 0.423645317554, "dvar2": 0, "min": 0.423645317554}, "bpm_histogram_first_peak_bpm": {"dvar": 0, "var": 0, "median": 115, "max": 115, "dmean": 0, "dmean2": 0, "mean": 115, "dvar2": 0, "min": 115}, "bpm": 113.797096252, "bpm_histogram_second_peak_weight": {"dvar": 0, "var": 0, "median": 0.0492610819638, "max": 0.0492610819638, "dmean": 0, "dmean2": 0, "mean": 0.0492610819638, "dvar2": 0, "min": 0.0492610819638}, "beats_loudness": {"dvar": 5.37662890565e-05, "var": 7.72955099819e-05, "median": 0.0267078951001, "max": 0.0592535622418, "dmean": 0.00804645568132, "dmean2": 0.0134826013818, "mean": 0.0276552606374, "dvar2": 0.000159960633027, "min": 4.50322135137e-09}, "beats_loudness_band_ratio": {"dvar": [0.00426520081237, 0.0110777476802, 0.0156487710774, 0.00388540746644, 0.00483222864568, 0.00138303975109], "var": [0.00604613078758, 0.0167475957423, 0.0166935585439, 0.00472270790488, 0.0120349936187, 0.00192025571596], "median": [0.104944579303, 0.28559243679, 0.115090847015, 0.115586876869, 0.239845424891, 0.083060503006], "max": [0.467451691628, 0.656772017479, 0.649400651455, 0.4616959095, 0.546261012554, 0.383987188339], "dmean": [0.0689012855291, 0.131455570459, 0.121676541865, 0.0644338950515, 0.0868955552578, 0.0330289416015], "dmean2": [0.118540756404, 0.232366293669, 0.219435304403, 0.108631372452, 0.152626484632, 0.055720448494], "mean": [0.127030566335, 0.28276181221, 0.161237716675, 0.129962548614, 0.243864014745, 0.0874157622457], "dvar2": [0.0135057801381, 0.0307187493891, 0.0445815362036, 0.0108994124457, 0.012667234987, 0.00366454292089], "min": [0.0178525596857, 0.00940240826458, 0.0131729161367, 0.0240953043103, 0.0482466556132, 0.0273470226675]}, "bpm_histogram_second_peak_bpm": {"dvar": 0, "var": 0, "median": 110, "max": 110, "dmean": 0, "dmean2": 0, "mean": 110, "dvar2": 0, "min": 110}, "onset_rate": 4.11955547333, "beats_count": 204, "beats_position": [0.510838985443, 1.06811785698, 1.63700675964, 2.20589566231, 2.76317453384, 3.32045340538, 3.88934230804, 4.45823097229, 5.01551008224, 5.54956912994, 6.08362817764, 6.6176867485, 7.1517457962, 7.67419481277, 8.19664382935, 8.73070240021, 9.26476192474, 9.81043052673, 10.3560991287, 10.8901586533, 11.4242172241, 11.9466667175, 12.4691152573, 13.0031747818, 13.5372333527, 14.0712919235, 14.6053514481, 15.1394100189, 15.6734695435, 16.2075271606, 16.7299766541, 17.2524261475, 17.786485672, 18.3205432892, 18.8546028137, 19.3770523071, 19.9111099243, 20.45677948, 20.9908390045, 21.5248966217, 22.0589561462, 22.5930156708, 23.1154651642, 23.6495227814, 24.1719722748, 24.7060317993, 25.2400894165, 25.7509288788, 26.2617683411, 26.7726078033, 27.2950553894, 27.8175048828, 28.3515644073, 28.8856239319, 29.4080715179, 29.9305210114, 30.4645805359, 30.9986381531, 31.5094776154, 32.0319252014, 32.5543746948, 33.0652160645, 33.5760536194, 34.0868911743, 34.6209526062, 35.1434020996, 35.6658477783, 36.1999092102, 36.7339668274, 37.2680282593, 37.790473938, 38.3129234314, 38.823764801, 39.3578224182, 39.8802719116, 40.402721405, 40.9367790222, 41.4592285156, 41.981678009, 42.5157356262, 43.0265769958, 43.5374145508, 44.071472168, 44.6055335999, 45.139591217, 45.6736488342, 46.2077102661, 46.7301597595, 47.2526054382, 47.7866668701, 48.3207244873, 48.8547821045, 49.3772315979, 49.8996810913, 50.4221305847, 50.9445800781, 51.4554176331, 51.9778671265, 52.5003166199, 53.0343742371, 53.5684356689, 54.1024932861, 54.6481628418, 55.1706123352, 55.7162818909, 56.2619476318, 56.7960090637, 57.3300666809, 57.8525161743, 58.3749656677, 58.9090232849, 59.4430847168, 59.9655303955, 60.4879798889, 61.0104293823, 61.5328788757, 62.0553283691, 62.5777778625, 63.1118354797, 63.6342849731, 64.1683425903, 64.6907958984, 65.2248535156, 65.7589111328, 66.2813568115, 66.8038101196, 67.3262557983, 67.8487091064, 68.3595428467, 68.8703842163, 69.3812255859, 69.9152832031, 70.4377288818, 70.9601821899, 71.4942398071, 72.0166854858, 72.5391387939, 73.0615844727, 73.5840377808, 74.1064834595, 74.6289291382, 75.1629943848, 75.697052002, 76.2194976807, 76.7419509888, 77.276008606, 77.8100662231, 78.3325119019, 78.85496521, 79.3890228271, 79.9114761353, 80.433921814, 80.9679794312, 81.5020370483, 82.012878418, 82.5469360352, 83.0577774048, 83.591835022, 84.1258926392, 84.6483459473, 85.170791626, 85.7048492432, 86.2389068604, 86.7613601685, 87.2838058472, 87.8178634644, 88.3519287109, 88.8743743896, 89.3968200684, 89.9192733765, 90.4417190552, 90.9757843018, 91.5098419189, 92.0438995361, 92.5779571533, 93.100402832, 93.6228561401, 94.1453018188, 94.667755127, 95.1902008057, 95.7126541138, 96.2350997925, 96.7691574097, 97.2916107178, 97.8140563965, 98.3365097046, 98.8473434448, 99.3697967529, 99.8922424316, 100.426300049, 100.960357666, 101.471199036, 101.993652344, 102.516098022, 103.038543701, 103.560997009, 104.083442688, 104.605895996, 105.139953613, 105.67401123, 106.219680786, 106.765350342, 107.311019897, 107.856689453], "danceability": 1.34582030773, "bpm_histogram_second_peak_spread": {"dvar": 0, "var": 0, "median": 0.285714328289, "max": 0.285714328289, "dmean": 0, "dmean2": 0, "mean": 0.285714328289, "dvar2": 0, "min": 0.285714328289}}, "lowlevel": {"spectral_flux": {"dvar": 0.000564124609809, "var": 0.00126548751723, "median": 0.0836945623159, "max": 0.242537528276, "dmean": 0.0238620024174, "dmean2": 0.0368441864848, "mean": 0.0907007828355, "dvar2": 0.00120839453302, "min": 1.04194076977e-10}, "spectral_rolloff": {"dvar": 663313.5625, "var": 1241585.25, "median": 2648.58398438, "max": 18733.8867188, "dmean": 417.301361084, "dmean2": 683.406738281, "mean": 2663.19677734, "dvar2": 1336085, "min": 64.599609375}, "barkbands_flatness_db": {"dvar": 0.000173384541995, "var": 0.000626440451015, "median": 0.0843860208988, "max": 0.256496727467, "dmean": 0.0141389202327, "dmean2": 0.0221960265189, "mean": 0.0873768255115, "dvar2": 0.000410301494412, "min": 0.0265548061579}, "spectral_centroid": {"dvar": 72276.4296875, "var": 235759.484375, "median": 2278.29370117, "max": 10836.4082031, "dmean": 211.672363281, "dmean2": 327.954742432, "mean": 2155.40722656, "dvar2": 133891.5, "min": 415.207733154}, "melbands_skewness": {"dvar": 0.331126302481, "var": 0.863708496094, "median": 0.951305270195, "max": 12.9819698334, "dmean": 0.557586073875, "dmean2": 0.865525126457, "mean": 1.147377491, "dvar2": 0.788042604923, "min": -1.57673227787}, "melbands": {"dvar": [2.58009799836e-06, 1.57641898113e-06, 5.73215466204e-08, 9.70845803749e-07, 2.39043998818e-07, 6.51265494866e-08, 7.47391837308e-09, 1.48372535591e-07, 2.71326513257e-07, 1.06380696252e-07, 6.64171917464e-09, 5.74208147697e-09, 8.01833355268e-09, 8.16414935656e-09, 1.3308859792e-08, 1.16625784585e-08, 6.42431574605e-09, 2.35776020929e-09, 2.12277484479e-09, 2.43602493732e-09, 4.20491552688e-09, 6.40403285956e-09, 1.64658575663e-09, 6.4801675137e-10, 8.25354562473e-10, 5.68720182059e-10, 1.61724703074e-10, 7.9672421438e-11, 4.99755202499e-11, 2.81956472059e-11, 2.58836112266e-11, 1.84090815508e-11, 1.76559288023e-11, 3.20028933909e-11, 1.90474771372e-11, 1.92807610155e-11, 1.81637066499e-11, 7.16614875079e-12, 6.50334387037e-12, 2.07778022218e-12], "var": [2.18447189582e-06, 1.27815087581e-06, 7.67303305338e-08, 8.98943767424e-07, 2.92195522889e-07, 7.33373397566e-08, 3.19476427535e-08, 4.06184767598e-07, 8.11068503026e-07, 3.23625158671e-07, 1.50912669028e-08, 1.93622984312e-08, 1.25727961375e-08, 2.45594495851e-08, 4.73974672843e-08, 2.31447714327e-08, 1.42565053096e-08, 4.485238847e-09, 3.66375552119e-09, 5.03266761598e-09, 9.99843674521e-09, 1.37630697949e-08, 3.44855366485e-09, 1.71933844939e-09, 1.64013636006e-09, 1.47843914888e-09, 2.78977868584e-10, 1.12103895611e-10, 5.99156696479e-11, 3.99384310346e-11, 2.72303481846e-11, 2.02263934768e-11, 1.74597628022e-11, 3.32114925838e-11, 2.67146530591e-11, 2.53139020162e-11, 2.41936540246e-11, 1.08421631048e-11, 7.82105630259e-12, 3.01667198166e-12], "median": [0.000165569595993, 0.000408912630519, 0.000327524991008, 0.000198241847102, 0.000118895870401, 6.0796723119e-05, 3.95104434574e-05, 3.97808398702e-05, 0.000119531978271, 0.000125647202367, 4.53841348644e-05, 4.23879391747e-05, 4.70009908895e-05, 5.16905420227e-05, 6.11739524174e-05, 3.95119132008e-05, 4.20415890403e-05, 5.16097788932e-05, 4.27345148637e-05, 6.1891914811e-05, 0.000103003927507, 0.000107588319224, 6.67968270136e-05, 3.62999417121e-05, 3.63233957614e-05, 2.18602071982e-05, 1.6049540136e-05, 1.00446086435e-05, 6.09916332905e-06, 6.13106931269e-06, 4.17059391111e-06, 2.97322549159e-06, 2.19282446778e-06, 1.59924434229e-06, 1.48962385538e-06, 1.02974513538e-06, 8.09243601907e-07, 6.53772531223e-07, 5.52120241082e-07, 3.64066806924e-07], "max": [0.00944772548974, 0.0147817209363, 0.00221502734348, 0.00765635818243, 0.00550010241568, 0.00420580804348, 0.00310373445973, 0.0079129030928, 0.00724607519805, 0.00599465705454, 0.00167346862145, 0.00180016714148, 0.00264682713896, 0.00309278955683, 0.00292625022121, 0.00217736209743, 0.00185664917808, 0.00076110905502, 0.000955196155701, 0.000711839529686, 0.00161098700482, 0.00152091099881, 0.000637941993773, 0.000406416103942, 0.000881281215698, 0.000747381709516, 0.000229821700486, 0.000139121329994, 0.000109429536678, 6.29664864391e-05, 6.52999806334e-05, 6.39589488856e-05, 5.26943258592e-05, 0.000126698127133, 0.000100909324829, 9.62472404353e-05, 9.04186817934e-05, 6.49100329611e-05, 8.27453259262e-05, 3.29189897457e-05], "dmean": [0.000811716134194, 0.000678125245031, 0.000212650222238, 0.000475291133625, 0.000237201864365, 9.93095018202e-05, 4.09737767768e-05, 0.000134997462737, 0.000252930389252, 0.000164693759871, 4.33731220255e-05, 4.46100057161e-05, 4.04244528909e-05, 4.36686641478e-05, 6.72381429467e-05, 4.83514668304e-05, 4.31929547631e-05, 3.71671085304e-05, 3.02160606225e-05, 3.91485591535e-05, 5.69564290345e-05, 6.20843638899e-05, 3.69082263205e-05, 2.13559105759e-05, 2.09640493267e-05, 1.344940938e-05, 9.94190031633e-06, 7.14981570127e-06, 4.96277971251e-06, 4.17520959672e-06, 3.26748227053e-06, 2.63306924353e-06, 2.3108939331e-06, 2.39363112087e-06, 1.71885551481e-06, 1.48065714711e-06, 1.23343227187e-06, 8.45792271775e-07, 6.81476876707e-07, 4.50731874935e-07], "dmean2": [0.00135711452458, 0.00115226581693, 0.000362050486729, 0.000771502032876, 0.000388399639633, 0.000161786461831, 6.53002425679e-05, 0.000213137551327, 0.000369417539332, 0.000250537297688, 6.74716429785e-05, 6.75284391036e-05, 6.63578684907e-05, 6.69899091008e-05, 0.000100892284536, 7.51162951929e-05, 6.88131403876e-05, 6.03494081588e-05, 4.91112405143e-05, 6.49995345157e-05, 9.29480374907e-05, 0.000102717676782, 6.14220844e-05, 3.42836574418e-05, 3.38722275046e-05, 2.16789012484e-05, 1.64044031408e-05, 1.22081473819e-05, 8.54585414345e-06, 7.04704370946e-06, 5.61589331483e-06, 4.535476819e-06, 4.02535306421e-06, 4.12103145209e-06, 2.82144469566e-06, 2.41506791099e-06, 1.98879820346e-06, 1.33439652927e-06, 1.08157553314e-06, 7.14748296105e-07], "mean": [0.00073393661296, 0.000771969964262, 0.000384155806387, 0.000512058089953, 0.000306768692099, 0.000136664515594, 7.30229585315e-05, 0.000209104196983, 0.000500371970702, 0.000325751316268, 7.68624740886e-05, 8.82577442098e-05, 7.15183705324e-05, 8.57378545334e-05, 0.000140162926982, 7.98983892309e-05, 7.61181509006e-05, 6.99195588822e-05, 5.84510962653e-05, 8.04704177426e-05, 0.000124044890981, 0.000134250818519, 7.81399357948e-05, 4.59208786197e-05, 4.43455610366e-05, 2.76964856312e-05, 1.95028169401e-05, 1.25022397697e-05, 8.11297923065e-06, 7.66798348195e-06, 5.51255470782e-06, 4.31167063653e-06, 3.4639617752e-06, 3.17779404213e-06, 2.64820391749e-06, 2.23400184041e-06, 1.89952561414e-06, 1.42637884437e-06, 1.11406245651e-06, 7.4771060099e-07], "dvar2": [6.54386940369e-06, 4.16226930611e-06, 1.57341929707e-07, 2.40419899455e-06, 6.06751314081e-07, 1.64838183991e-07, 1.45000784713e-08, 3.43251571167e-07, 5.7047560631e-07, 2.29716263789e-07, 1.40878491095e-08, 1.11281783788e-08, 1.97783851519e-08, 1.66648685962e-08, 2.55324064113e-08, 2.75530851468e-08, 1.4242668378e-08, 5.79575232251e-09, 5.1823585423e-09, 6.33852437204e-09, 1.00551069693e-08, 1.6514396961e-08, 4.19966283971e-09, 1.52248824659e-09, 2.12916129172e-09, 1.42318878904e-09, 4.04844102686e-10, 2.08696906978e-10, 1.3449324987e-10, 7.58514848154e-11, 7.15642475835e-11, 5.02483679665e-11, 4.81784716289e-11, 8.22978768467e-11, 4.33675734213e-11, 4.49201995045e-11, 4.24488465212e-11, 1.67890805425e-11, 1.6126558422e-11, 4.68091451017e-12], "min": [5.16484944576e-24, 8.7370889092e-24, 6.89491015776e-24, 3.67109872323e-24, 1.7896333182e-24, 2.95921289299e-24, 1.26967841116e-23, 1.1850734735e-23, 8.64751217569e-24, 1.29977582127e-23, 1.12821963697e-23, 1.02792046938e-23, 9.07265850537e-24, 4.31618696746e-24, 4.34271517641e-24, 1.08344799407e-23, 1.08518285697e-23, 6.37781143995e-24, 9.57188912924e-24, 9.69807531964e-24, 1.11650663025e-23, 9.15657989505e-24, 7.96497078784e-24, 1.40495732789e-23, 9.04544517072e-24, 7.58999364515e-24, 6.24517788938e-24, 6.6691720877e-24, 9.03631726119e-24, 9.3546376248e-24, 1.56296711384e-23, 1.0881216005e-23, 1.04042509802e-23, 8.13266762793e-24, 9.42710080984e-24, 1.15805987844e-23, 1.29764763232e-23, 1.43524485349e-23, 1.47928680006e-23, 1.23922838022e-23]}, "spectral_decrease": {"dvar": 4.93275509816e-18, "var": 9.41626426974e-18, "median": -4.61881821678e-09, "max": 6.09237724881e-29, "dmean": 1.90763538299e-09, "dmean2": 2.96674573796e-09, "mean": -5.57111690114e-09, "dvar2": 1.16078288447e-17, "min": -1.99757863584e-08}, "barkbands_kurtosis": {"dvar": 1.85238087177, "var": 2.69799995422, "median": -0.804101586342, "max": 44.5842323303, "dmean": 0.682415425777, "dmean2": 1.11855626106, "mean": -0.427146673203, "dvar2": 4.8094496727, "min": -1.79616260529}, "silence_rate_30dB": {"dvar": 0, "var": 0, "median": 1, "max": 1, "dmean": 0, "dmean2": 0, "mean": 1, "dvar2": 0, "min": 1}, "gfcc": {"mean": [26.4864597321, 67.5503311157, -147.16394043, 40.3853607178, -47.4920654297, 14.0226049423, -39.6131515503, 15.4718122482, -23.3469696045, -3.1880402565, -22.0801467896, -1.7215821743, -14.8548908234], "cov": [[11305.7978516, 487.872406006, -404.808624268, -106.983230591, -436.080413818, 109.174385071, -289.080688477, 79.2326965332, -177.598876953, -19.5896968842, -117.353118896, 134.812362671, -1.17467951775], [487.872406006, 626.725952148, -123.366989136, 17.0433521271, 28.8856163025, -26.4009227753, 73.5900268555, -25.0243549347, 44.4351997375, 0.766185045242, 67.0718002319, -27.5763454437, 18.3382492065], [-404.808624268, -123.366989136, 340.919342041, 30.6726112366, 0.02761573717, 32.8873519897, -12.4986915588, -22.2538738251, 16.6595783234, 27.296880722, 24.6978645325, 26.931558609, 1.39644408226], [-106.983230591, 17.0433521271, 30.6726112366, 194.044662476, 77.1771011353, 49.6644172668, 12.8761281967, 18.0767745972, 14.9539060593, -3.2760682106, 20.1779327393, 10.6072254181, 34.9983139038], [-436.080413818, 28.8856163025, 0.02761573717, 77.1771011353, 191.05355835, 55.7615203857, 74.4825363159, 48.6619606018, 13.9679031372, 17.6648006439, 20.0520305634, 13.9199466705, 18.0035018921], [109.174385071, -26.4009227753, 32.8873519897, 49.6644172668, 55.7615203857, 125.089889526, 48.6066856384, 41.3015975952, 7.35522794724, 15.3666343689, 20.3505420685, 7.49491357803, 9.85310649872], [-289.080688477, 73.5900268555, -12.4986915588, 12.8761281967, 74.4825363159, 48.6066856384, 144.108810425, 44.5178909302, 38.4187965393, 27.1551322937, 27.4336891174, -3.80648517609, -7.22927999496], [79.2326965332, -25.0243549347, -22.2538738251, 18.0767745972, 48.6619606018, 41.3015975952, 44.5178909302, 102.732154846, 31.4844894409, 25.1167469025, 2.578758955, -0.685334742069, 1.05027329922], [-177.598876953, 44.4351997375, 16.6595783234, 14.9539060593, 13.9679031372, 7.35522794724, 38.4187965393, 31.4844894409, 87.9144439697, 34.9517288208, 28.9516162872, -16.2150001526, -5.03750419617], [-19.5896968842, 0.766185045242, 27.296880722, -3.2760682106, 17.6648006439, 15.3666343689, 27.1551322937, 25.1167469025, 34.9517288208, 62.6721038818, 26.7205734253, 5.79409313202, -5.36081314087], [-117.353118896, 67.0718002319, 24.6978645325, 20.1779327393, 20.0520305634, 20.3505420685, 27.4336891174, 2.578758955, 28.9516162872, 26.7205734253, 70.4821777344, 15.0064716339, 9.27629089355], [134.812362671, -27.5763454437, 26.931558609, 10.6072254181, 13.9199466705, 7.49491357803, -3.80648517609, -0.685334742069, -16.2150001526, 5.79409313202, 15.0064716339, 61.9527931213, 26.566450119], [-1.17467951775, 18.3382492065, 1.39644408226, 34.9983139038, 18.0035018921, 9.85310649872, -7.22927999496, 1.05027329922, -5.03750419617, -5.36081314087, 9.27629089355, 26.566450119, 56.7822608948]], "icov": [[0.000167366437381, -0.000339025544235, 0.000168564962223, -7.40994437365e-05, 0.000518914312124, -0.000568628369365, 0.000473293126561, -0.000392591755372, 0.000193311891053, -0.00030925575993, 0.000569826108404, -0.00084958988009, 0.000448498176411], [-0.000339025544235, 0.00310380361043, 0.000523905735463, 7.66858574934e-05, -0.00117891340051, 0.00201534456573, -0.00221704738215, 0.00193094508722, -0.000850953743793, 0.00120404246263, -0.00369203975424, 0.00331919733435, -0.00227506714873], [0.000168564962223, 0.000523905735463, 0.00405414868146, -0.000600151834078, 0.000567960378248, -0.00170498527586, 0.000850028591231, 0.00176236126572, -0.00126564025413, -0.00151067529805, -9.91913766484e-05, -0.00229346705601, 0.00113022897858], [-7.40994437365e-05, 7.66858574934e-05, -0.000600151834078, 0.00766864093021, -0.00303305173293, -0.00183665927034, 0.00132320239209, 0.000279075989965, -0.00197824579664, 0.00245849927887, -0.00121891731396, 0.00122845044825, -0.00361352483742], [0.000518914312124, -0.00117891340051, 0.000567960378248, -0.00303305173293, 0.010202488862, -0.00228203833103, -0.00218277447857, -0.00330254761502, 0.00234722346067, -0.00200932240114, 0.00184272229671, -0.0034334899392, 0.000515217601787], [-0.000568628369365, 0.00201534456573, -0.00170498527586, -0.00183665927034, -0.00228203833103, 0.0144374314696, -0.00496328668669, -0.00255346810445, 0.00293753668666, 0.000657827127725, -0.00534443045035, 0.00488829798996, -0.0029462876264], [0.000473293126561, -0.00221704738215, 0.000850028591231, 0.00132320239209, -0.00218277447857, -0.00496328668669, 0.0135427061468, -0.00277373823337, -0.00259412429295, -0.00126835273113, 0.000792615464889, -0.00331174139865, 0.00428823707625], [-0.000392591755372, 0.00193094508722, 0.00176236126572, 0.000279075989965, -0.00330254761502, -0.00255346810445, -0.00277373823337, 0.0171455442905, -0.00594496401027, -0.00300109107047, 0.00256999279372, 0.000765123637393, -0.0016157310456], [0.000193311891053, -0.000850953743793, -0.00126564025413, -0.00197824579664, 0.00234722346067, 0.00293753668666, -0.00259412429295, -0.00594496401027, 0.0215785931796, -0.00786445569247, -0.00539907347411, 0.00721605913714, -0.00126723537687], [-0.00030925575993, 0.00120404246263, -0.00151067529805, 0.00245849927887, -0.00200932240114, 0.000657827127725, -0.00126835273113, -0.00300109107047, -0.00786445569247, 0.0268822703511, -0.00770422304049, -0.00213321577758, 0.0026404550299], [0.000569826108404, -0.00369203975424, -9.91913766484e-05, -0.00121891731396, 0.00184272229671, -0.00534443045035, 0.000792615464889, 0.00256999279372, -0.00539907347411, -0.00770422304049, 0.0267484635115, -0.0101480595767, 0.0015261938097], [-0.00084958988009, 0.00331919733435, -0.00229346705601, 0.00122845044825, -0.0034334899392, 0.00488829798996, -0.00331174139865, 0.000765123637393, 0.00721605913714, -0.00213321577758, -0.0101480595767, 0.0309467744082, -0.0143679883331], [0.000448498176411, -0.00227506714873, 0.00113022897858, -0.00361352483742, 0.000515217601787, -0.0029462876264, 0.00428823707625, -0.0016157310456, -0.00126723537687, 0.0026404550299, 0.0015261938097, -0.0143679883331, 0.0280881561339]]}, "silence_rate_20dB": {"dvar": 0, "var": 0, "median": 1, "max": 1, "dmean": 0, "dmean2": 0, "mean": 1, "dvar2": 0, "min": 1}, "barkbands_skewness": {"dvar": 0.162458091974, "var": 0.531893670559, "median": 0.0886378437281, "max": 6.55855941772, "dmean": 0.423184722662, "dmean2": 0.652109444141, "mean": 0.166354030371, "dvar2": 0.37782689929, "min": -2.28824615479}, "erbbands_skewness": {"dvar": 0.0739943087101, "var": 0.376999944448, "median": -0.569978117943, "max": 2.08355593681, "dmean": 0.299720257521, "dmean2": 0.464538574219, "mean": -0.489555060863, "dvar2": 0.164229050279, "min": -2.93006515503}, "spectral_contrast_valleys": {"dvar": [0.198992118239, 0.143340706825, 0.111476108432, 0.0956200063229, 0.107453241944, 0.134508922696], "var": [1.35700201988, 1.31032216549, 1.24391722679, 1.11790800095, 1.06316304207, 1.1447776556], "median": [-7.3355679512, -6.8126115799, -6.84268569946, -6.77832794189, -6.53743934631, -9.62829399109], "max": [-5.70468711853, -5.15183115005, -5.33038759232, -5.71752595901, -5.52057123184, -7.45983695984], "dmean": [0.452936828136, 0.367841005325, 0.290338158607, 0.244389757514, 0.244134351611, 0.255945622921], "dmean2": [0.720182657242, 0.601104915142, 0.463012427092, 0.384808123112, 0.376302212477, 0.369632929564], "mean": [-7.44237232208, -6.91917800903, -6.98710393906, -6.92569112778, -6.69387483597, -9.74293708801], "dvar2": [0.388318985701, 0.274426400661, 0.176633864641, 0.146270364523, 0.172022640705, 0.226832196116], "min": [-26.9447689056, -27.042886734, -27.3094940186, -27.2917232513, -27.120803833, -27.4117927551]}, "spectral_strongpeak": {"dvar": 2.08559060097, "var": 3.20361375809, "median": 1.05173945427, "max": 14.9471826553, "dmean": 1.10380280018, "dmean2": 1.88212001324, "mean": 1.67822086811, "dvar2": 4.9600610733, "min": 0}, "erbbands_crest": {"dvar": 4.66491031647, "var": 11.4888572693, "median": 7.75962543488, "max": 27.6060752869, "dmean": 2.31231975555, "dmean2": 3.76362633705, "mean": 8.50943756104, "dvar2": 11.5262546539, "min": 2.52221560478}, "barkbands_crest": {"dvar": 6.435962677, "var": 12.1337747574, "median": 6.77705526352, "max": 25.217420578, "dmean": 2.70978546143, "dmean2": 4.48743486404, "mean": 7.71174669266, "dvar2": 17.1333065033, "min": 2.22772812843}, "spectral_energyband_middle_low": {"dvar": 2.99477651424e-05, "var": 6.53447932564e-05, "median": 0.00517793931067, "max": 0.0524347908795, "dmean": 0.00385258998722, "dmean2": 0.0060002268292, "mean": 0.00857317075133, "dvar2": 7.18044975656e-05, "min": 2.60644186924e-22}, "spectral_contrast_coeffs": {"dvar": [0.00237466022372, 0.00164829450659, 0.000836663180962, 0.00053818320157, 0.000351392402081, 0.000346628279658], "var": [0.00648126145825, 0.00760297803208, 0.00297231832519, 0.00184703152627, 0.00131534622051, 0.00104990275577], "median": [-0.670042514801, -0.746668219566, -0.797059893608, -0.780250012875, -0.765736103058, -0.739041805267], "max": [-0.383462548256, -0.421644032001, -0.553160011768, -0.578479111195, -0.582034766674, -0.598263978958], "dmean": [0.0574352368712, 0.0485244728625, 0.0356490500271, 0.0301350541413, 0.0233054924756, 0.0196789391339], "dmean2": [0.0915046334267, 0.0785067826509, 0.0573788098991, 0.0493133477867, 0.0389783792198, 0.0319922044873], "mean": [-0.661976575851, -0.731701612473, -0.790509521961, -0.7785384655, -0.76745569706, -0.741399109364], "dvar2": [0.00569616351277, 0.0039465171285, 0.00211526686326, 0.00144432566594, 0.000940252328292, 0.000847582647111], "min": [-0.958688259125, -0.984053134918, -0.966315686703, -0.979516029358, -0.959994256496, -0.955545723438]}, "hfc": {"dvar": 83.4083862305, "var": 216.389877319, "median": 31.950170517, "max": 148.828613281, "dmean": 7.97488546371, "dmean2": 12.4274587631, "mean": 32.5753364563, "dvar2": 201.865646362, "min": 1.22226946933e-16}, "spectral_energyband_high": {"dvar": 8.57832390011e-07, "var": 1.20239110402e-06, "median": 0.000793494284153, "max": 0.017066212371, "dmean": 0.000533482991159, "dmean2": 0.00087625492597, "mean": 0.00109071086626, "dvar2": 2.10553685065e-06, "min": 8.13421464727e-21}, "erbbands_spread": {"dvar": 39.0866928101, "var": 128.914657593, "median": 24.7623252869, "max": 97.0735397339, "dmean": 5.85523414612, "dmean2": 9.04876041412, "mean": 27.2440166473, "dvar2": 92.7398300171, "min": 5.34759664536}, "dissonance": {"dvar": 9.69750981312e-05, "var": 0.000217871041968, "median": 0.488253623247, "max": 0.500000059605, "dmean": 0.00905502680689, "dmean2": 0.0152618773282, "mean": 0.483992129564, "dvar2": 0.000250222074101, "min": 0.372222363949}, "spectral_kurtosis": {"dvar": 1.44315838814, "var": 3.09288668633, "median": 4.59762477875, "max": 15.5791110992, "dmean": 1.3388094902, "dmean2": 2.28431820869, "mean": 4.697909832, "dvar2": 4.30077266693, "min": -1.20692896843}, "spectral_skewness": {"dvar": 0.0288891848177, "var": 0.0571800097823, "median": 1.43222975731, "max": 2.31709861755, "dmean": 0.193268060684, "dmean2": 0.324765831232, "mean": 1.41857993603, "dvar2": 0.0783687755466, "min": -0.0129368128255}, "pitch_salience": {"dvar": 0.00385598838329, "var": 0.00875146128237, "median": 0.616595804691, "max": 0.939742445946, "dmean": 0.0693560391665, "dmean2": 0.111690819263, "mean": 0.603515684605, "dvar2": 0.00981604494154, "min": 0.115665741265}, "spectral_complexity": {"dvar": 18.7077484131, "var": 95.1670913696, "median": 35, "max": 57, "dmean": 4.93901157379, "dmean2": 7.54751729965, "mean": 34.001499176, "dvar2": 42.4454536438, "min": 0}, "spectral_spread": {"dvar": 490931224576, "var": 1186879111170.0, "median": 3511416, "max": 40954568, "dmean": 399989.28125, "dmean2": 594340.25, "mean": 3705859.5, "dvar2": 718788100096, "min": 1591161.5}, "dynamic_complexity": 1.91645610332, "melbands_crest": {"dvar": 12.1382036209, "var": 22.8448162079, "median": 9.95994472504, "max": 30.0947265625, "dmean": 3.84753680229, "dmean2": 6.16362142563, "mean": 11.079331398, "dvar2": 28.4247512817, "min": 1.6766295433}, "zerocrossingrate": {"dvar": 0.00016825486091, "var": 0.000946003827266, "median": 0.08935546875, "max": 0.51318359375, "dmean": 0.00947838183492, "dmean2": 0.0114510944113, "mean": 0.0898394659162, "dvar2": 0.000190322854905, "min": 0.0205078125}, "spectral_energyband_low": {"dvar": 4.53036627732e-05, "var": 4.0643633838e-05, "median": 0.00215217703953, "max": 0.0603270977736, "dmean": 0.0037109979894, "dmean2": 0.00611597113311, "mean": 0.00439379550517, "dvar2": 0.000114002505143, "min": 5.09148120061e-23}, "melbands_kurtosis": {"dvar": 21.9397602081, "var": 33.2451477051, "median": 0.189671158791, "max": 194.23034668, "dmean": 2.07047915459, "dmean2": 3.4172270298, "mean": 1.67739856243, "dvar2": 61.2665290833, "min": -1.74529051781}, "spectral_energyband_middle_high": {"dvar": 4.96678012496e-06, "var": 2.57260435319e-05, "median": 0.0104115400463, "max": 0.0364173389971, "dmean": 0.00229959515855, "dmean2": 0.00347462296486, "mean": 0.0103732654825, "dvar2": 1.11340332296e-05, "min": 1.29747863307e-21}, "barkbands_spread": {"dvar": 42.3590087891, "var": 120.873458862, "median": 31.3054676056, "max": 89.2389831543, "dmean": 6.23202610016, "dmean2": 9.64635181427, "mean": 32.0428161621, "dvar2": 91.7638320923, "min": 4.62392282486}, "mfcc": {"mean": [-601.372009277, 92.5920715332, -31.2356262207, 24.8996829987, 10.3625526428, 2.06429028511, -1.30612456799, 10.2571868896, 3.30048799515, 0.565092861652, -1.13585615158, 1.2390999794, -4.94324207306], "cov": [[5839.28613281, 480.125183105, -232.094848633, 79.8661956787, -26.1504116058, -10.6531620026, -52.4489593506, 63.9634666443, 13.1046152115, -8.98757457733, -23.4231967926, -2.36292171478, -45.7486915588], [480.125183105, 560.743713379, -119.923110962, 63.7868156433, -33.7003555298, 18.9565315247, 16.7288990021, 2.93634748459, -7.54517793655, 4.9649772644, 52.8614234924, 29.7148914337, 3.99836874008], [-232.094848633, -119.923110962, 317.148162842, -19.8158988953, 10.3689632416, 22.030752182, -31.2681064606, -29.5075130463, -40.9636688232, 7.73605918884, 0.922085344791, -0.351187944412, 3.2178375721], [79.8661956787, 63.7868156433, -19.8158988953, 134.2265625, 48.8074150085, 27.4933643341, 17.2197647095, 22.1195716858, 18.0682029724, 3.76268768311, -4.08358478546, 3.77355360985, 16.0074100494], [-26.1504116058, -33.7003555298, 10.3689632416, 48.8074150085, 124.79309082, 27.7512111664, 29.9458255768, 22.7794418335, 21.2014484406, 11.7691221237, -11.6998205185, 1.36104476452, 15.8693189621], [-10.6531620026, 18.9565315247, 22.030752182, 27.4933643341, 27.7512111664, 88.1764221191, 47.7373809814, 22.2902011871, 9.19082164764, 9.44470405579, 8.12430000305, 16.6968955994, 7.40157651901], [-52.4489593506, 16.7288990021, -31.2681064606, 17.2197647095, 29.9458255768, 47.7373809814, 108.57774353, 49.3483314514, 32.2476043701, 14.0945911407, 12.7080135345, 26.9149208069, 14.8646593094], [63.9634666443, 2.93634748459, -29.5075130463, 22.1195716858, 22.7794418335, 22.2902011871, 49.3483314514, 71.668838501, 34.5348892212, 12.8977050781, 3.79282450676, 16.4496669769, 13.5032119751], [13.1046152115, -7.54517793655, -40.9636688232, 18.0682029724, 21.2014484406, 9.19082164764, 32.2476043701, 34.5348892212, 72.2685165405, 29.611782074, 12.0910043716, 15.5302181244, 5.51205778122], [-8.98757457733, 4.9649772644, 7.73605918884, 3.76268768311, 11.7691221237, 9.44470405579, 14.0945911407, 12.8977050781, 29.611782074, 70.8450012207, 38.0885658264, 20.2886562347, 1.45797491074], [-23.4231967926, 52.8614234924, 0.922085344791, -4.08358478546, -11.6998205185, 8.12430000305, 12.7080135345, 3.79282450676, 12.0910043716, 38.0885658264, 76.0451507568, 40.5327453613, 5.12659835815], [-2.36292171478, 29.7148914337, -0.351187944412, 3.77355360985, 1.36104476452, 16.6968955994, 26.9149208069, 16.4496669769, 15.5302181244, 20.2886562347, 40.5327453613, 72.6122207642, 25.5446224213], [-45.7486915588, 3.99836874008, 3.2178375721, 16.0074100494, 15.8693189621, 7.40157651901, 14.8646593094, 13.5032119751, 5.51205778122, 1.45797491074, 5.12659835815, 25.5446224213, 54.4146995544]], "icov": [[0.000197923887754, -0.000172398271388, 8.22459842311e-05, -1.22369119708e-05, -1.37590268423e-05, -3.55660122295e-05, 0.000302182568703, -0.000354800897185, 4.11208820879e-05, -6.72972746543e-05, 0.000241127214395, -0.000153964516358, 0.000239351851633], [-0.000172398271388, 0.00257463450544, 0.000927054672502, -0.00144048815127, 0.000850499258377, -0.000519234512467, -0.000355260097422, 0.000544813985471, 0.00113132724073, 0.000295040168567, -0.00201670173556, -3.23216263496e-05, -9.80839249678e-05], [8.22459842311e-05, 0.000927054672502, 0.00432831048965, 0.000198399269721, -0.000436275353422, -0.00212940713391, 0.00150888448115, 0.000517040316481, 0.00272988877259, -0.00146688870154, -0.000211107020732, -0.000443998345872, -0.000445811543614], [-1.22369119708e-05, -0.00144048815127, 0.000198399269721, 0.0104299839586, -0.00352811277844, -0.00238315062597, 0.00175356247928, -0.00153058685828, -0.00170228071511, 0.000446830963483, 0.000754988286644, 0.000903217995074, -0.0020652031526], [-1.37590268423e-05, 0.000850499258377, -0.000436275353422, -0.00352811277844, 0.0112678566948, -0.00141776551027, -0.00175951363053, -4.46970625489e-05, -0.0011388969142, -0.0021324721165, 0.00231963163242, 0.00088364322437, -0.00207276782021], [-3.55660122295e-05, -0.000519234512467, -0.00212940713391, -0.00238315062597, -0.00141776551027, 0.0173517130315, -0.00739294011146, -0.000515996245667, 0.00145361525938, -0.000378909695428, 0.000173097927473, -0.0016691298224, 0.00166626193095], [0.000302182568703, -0.000355260097422, 0.00150888448115, 0.00175356247928, -0.00175951363053, -0.00739294011146, 0.0183737128973, -0.00845348928124, -0.00206051091664, 0.000777219305746, -0.000405232480261, -0.00253115058877, -0.000313320022542], [-0.000354800897185, 0.000544813985471, 0.000517040316481, -0.00153058685828, -4.46970625489e-05, -0.000515996245667, -0.00845348928124, 0.0250157993287, -0.00696778669953, -0.000527975847945, 0.00167079048697, -0.000893387536053, -0.00275196880102], [4.11208820879e-05, 0.00113132724073, 0.00272988877259, -0.00170228071511, -0.0011388969142, 0.00145361525938, -0.00206051091664, -0.00696778669953, 0.0240257009864, -0.00860245712101, 0.00098121445626, -0.00211004540324, 0.00141201610677], [-6.72972746543e-05, 0.000295040168567, -0.00146688870154, 0.000446830963483, -0.0021324721165, -0.000378909695428, 0.000777219305746, -0.000527975847945, -0.00860245712101, 0.0243032407016, -0.0120752798393, 0.00114083720837, 0.00129151530564], [0.000241127214395, -0.00201670173556, -0.000211107020732, 0.000754988286644, 0.00231963163242, 0.000173097927473, -0.000405232480261, 0.00167079048697, 0.00098121445626, -0.0120752798393, 0.027425063774, -0.0126128923148, 0.00269872532226], [-0.000153964516358, -3.23216263496e-05, -0.000443998345872, 0.000903217995074, 0.00088364322437, -0.0016691298224, -0.00253115058877, -0.000893387536053, -0.00211004540324, 0.00114083720837, -0.0126128923148, 0.0260500349104, -0.0103415790945], [0.000239351851633, -9.80839249678e-05, -0.000445811543614, -0.0020652031526, -0.00207276782021, 0.00166626193095, -0.000313320022542, -0.00275196880102, 0.00141201610677, 0.00129151530564, 0.00269872532226, -0.0103415790945, 0.0247889626771]]}, "silence_rate_60dB": {"dvar": 0.00128210627008, "var": 0.0207319576293, "median": 0, "max": 1, "dmean": 0.0012839717092, "dmean2": 0.00256849313155, "mean": 0.0211810003966, "dvar2": 0.00256197410636, "min": 0}, "melbands_flatness_db": {"dvar": 0.000428218743764