{"tonal": {"chords_number_rate": 0.0099667776376, "thpcp": [1, 0.926725685596, 0.717630267143, 0.758128285408, 0.570836484432, 0.318413972855, 0.278123021126, 0.316111296415, 0.255299717188, 0.160201281309, 0.10432279855, 0.0825236588717, 0.0688954591751, 0.0865468010306, 0.147304028273, 0.13669218123, 0.0637754499912, 0.0318170785904, 0.0434140115976, 0.160142078996, 0.330303609371, 0.368813365698, 0.225383684039, 0.0970542058349, 0.0908216312528, 0.1264500916, 0.154769167304, 0.21829110384, 0.362212330103, 0.527791678905, 0.42742523551, 0.156261608005, 0.0652922019362, 0.115344807506, 0.304949402809, 0.623449921608], "hpcp": {"dvar": [0.0121766123921, 0.0092117767781, 0.0051181409508, 0.00419528130442, 0.0146916657686, 0.0323261655867, 0.0222100075334, 0.0140501689166, 0.0147265279666, 0.0180201549083, 0.0231539849192, 0.0279577672482, 0.0398029498756, 0.0441272854805, 0.0471060872078, 0.0398237593472, 0.0266365315765, 0.0184926148504, 0.0187577214092, 0.0544257797301, 0.0839109569788, 0.0687079802155, 0.0945892706513, 0.0714563950896, 0.0466624759138, 0.0317195057869, 0.029363155365, 0.0390681959689, 0.0410056784749, 0.036415245384, 0.0231260042638, 0.0194752383977, 0.0170056801289, 0.0153954615816, 0.00921930279583, 0.0131860533729], "mean": [0.0492401011288, 0.0229735877365, 0.0114613454789, 0.0156388636678, 0.0576873719692, 0.118984006345, 0.132856234908, 0.0811891034245, 0.0349614657462, 0.0327163301408, 0.0455506332219, 0.0557519085705, 0.078634172678, 0.130478367209, 0.190124377608, 0.153969764709, 0.0562895201147, 0.0235199611634, 0.041550219059, 0.109850756824, 0.224582985044, 0.36022618413, 0.333830863237, 0.258509218693, 0.273097664118, 0.205630242825, 0.11470105499, 0.100187197328, 0.113871566951, 0.0919656381011, 0.0577086955309, 0.0375798046589, 0.0297271814197, 0.0248179491609, 0.031176423654, 0.0530627705157], "min": [0, 0, 0, 0, 0, 0, 0, 0, 0, 0, 0, 0, 0, 0, 0, 0, 0, 0, 0, 0, 0, 0, 0, 0, 0, 0, 0, 0, 0, 0, 0, 0, 0, 0, 0, 0], "median": [0.00455367844552, 0.00232498627156, 0.000528587843291, 0.000591424177401, 0.00278222560883, 0.0419914796948, 0.0961215496063, 0.0411039069295, 0.00665846001357, 0.00142344227061, 0.000775041582529, 0.001248590881, 0.00370916211978, 0.0081221871078, 0.0138768013567, 0.0104859033599, 0.00367858074605, 0.000662213074975, 0.000805261486676, 0.00311968382448, 0.0499313548207, 0.157949119806, 0.108379304409, 0.0569568425417, 0.0268309116364, 0.017511356622, 0.00503067206591, 0.0177269168198, 0.0109612252563, 0.00965620391071, 0.00388368405402, 0.00179603463039, 0.000817931257188, 0.00108184758574, 0.00176801835187, 0.00308197527193], "dvar2": [0.0328679382801, 0.0260722544044, 0.0141068659723, 0.0118100252002, 0.0355643108487, 0.0735149905086, 0.0583784133196, 0.040245808661, 0.0420781634748, 0.0521552599967, 0.0656944513321, 0.0790710821748, 0.101231120527, 0.111218549311, 0.114403761923, 0.0950899496675, 0.0803242176771, 0.054577767849, 0.0537542775273, 0.157113194466, 0.267469644547, 0.160366296768, 0.293770998716, 0.205617800355, 0.120267756283, 0.0871106311679, 0.081231765449, 0.110970534384, 0.119203142822, 0.102367579937, 0.0599275864661, 0.0509707294405, 0.0449548177421, 0.0437404327095, 0.0247313566506, 0.0363385155797], "var": [0.0140154128894, 0.00648362981156, 0.0032691671513, 0.00289109884761, 0.019631003961, 0.0448118001223, 0.0261393785477, 0.0121453255415, 0.0100422305986, 0.0112644340843, 0.0177827198058, 0.0218794420362, 0.0426941178739, 0.0572373829782, 0.113974258304, 0.0938076153398, 0.020012140274, 0.0100261345506, 0.0148905487731, 0.0621051974595, 0.0901727676392, 0.151390075684, 0.146575435996, 0.104366883636, 0.150354638696, 0.0894087702036, 0.0662025660276, 0.0322988145053, 0.0413173101842, 0.038653049618, 0.0223624408245, 0.0162497293204, 0.0142215229571, 0.00990711990744, 0.00801243167371, 0.0143452528864], "dmean2": [0.0785616636276, 0.0534291900694, 0.0343947783113, 0.0397075116634, 0.0986536592245, 0.167105123401, 0.153415843844, 0.121709950268, 0.088296033442, 0.0927305743098, 0.0983674749732, 0.123426988721, 0.158523499966, 0.196999400854, 0.193335160613, 0.162208944559, 0.128769472241, 0.0805912613869, 0.0949560627341, 0.236327722669, 0.462294638157, 0.348565429449, 0.50274503231, 0.421651870012, 0.221259653568, 0.16426178813, 0.150653496385, 0.200642630458, 0.246653020382, 0.210001945496, 0.127199903131, 0.090006031096, 0.0747762471437, 0.0721941068769, 0.0661138221622, 0.0878329947591], "max": [0.970329165459, 1, 1, 0.903454065323, 1, 1, 1, 1, 1, 1, 1, 1, 1, 1, 1, 1, 1, 1, 1, 1, 1, 1, 1, 1, 1, 1, 1, 1, 1, 1, 1, 1, 1, 1, 1, 1], "dmean": [0.0441238470376, 0.0288284290582, 0.0184016674757, 0.0215233806521, 0.0582878813148, 0.0989819988608, 0.089065246284, 0.0673572719097, 0.0479533188045, 0.0489769876003, 0.0531455427408, 0.0672744512558, 0.0869028270245, 0.114708945155, 0.111039757729, 0.0931482240558, 0.0701867714524, 0.0416544526815, 0.0513018518686, 0.125255003572, 0.253692537546, 0.203503385186, 0.270779579878, 0.226802766323, 0.122286193073, 0.0897236168385, 0.0815259367228, 0.108900494874, 0.132170394063, 0.113158658147, 0.069529376924, 0.0494579225779, 0.0415614694357, 0.0382697768509, 0.0365826934576, 0.0489656813443]}, "key_strength": 0.41760674119, "chords_strength": {"dvar": 0.00161472649779, "mean": 0.415902972221, "min": -1, "median": 0.408636033535, "dvar2": 0.00138525676448, "var": 0.00680089415982, "dmean2": 0.0109284585342, "max": 0.622066915035, "dmean": 0.0097572049126}, "tuning_equal_tempered_deviation": 0.170603141189, "chords_key": "A", "tuning_frequency": 434.193115234, "chords_scale": "major", "chords_changes_rate": 0.0946843847632, "key_scale": "major", "tuning_diatonic_strength": 0.329870343208, "hpcp_entropy": {"dvar": 0.27888533473, "mean": 2.25268936157, "min": 0, "median": 2.23548650742, "dvar2": 0.746044993401, "var": 0.622602403164, "dmean2": 1.02604079247, "max": 4.54622936249, "dmean": 0.608327507973}, "chords_histogram": [0.249169439077, 0, 0, 4.90033245087, 0.0830564796925, 15.1162786484, 5.56478404999, 7.05980062485, 2.99003314972, 0, 0, 0, 1.24584722519, 2.65780735016, 1.82724249363, 0, 0, 1.24584722519, 0, 16.5282382965, 0.0830564796925, 0, 24.0863780975, 16.3621253967], "tuning_nontempered_energy_ratio": 0.799478590488, "key_key": "E"}, "metadata": {"version": {"extractor": "music 1.0", "essentia_build_sha": "2d9f1f26377add8aeb1075a9c2973f962c4f09fd", "essentia": "2.1-beta2", "essentia_git_sha": "v2.1_beta2-1-ge3940c0"}, "audio_properties": {"sample_rate": 44100, "length": 55.8236732483, "lossless": false, "analysis_sample_rate": 44100, "downmix": "mix", "bit_rate": 157160, "equal_loudness": 0, "md5_encoded": "c24bb3920a2b1ff811437a5fd781dd5c", "codec": "mp3", "replay_gain": -5.70285224915}, "tags": {"catalognumber": ["DIF 001 CD"], "musicbrainz_recordingid": ["e08b830e-6408-4ba3-9700-8a69b6b70894"], "title": ["Off"], "artist": ["Motorbass"], "discnumber": ["1/1"], "artistsort": ["Motorbass"], "originaldate": ["1996-10-01"], "musicbrainz_artistid": ["3aa5daa4-a28e-4085-96b6-cc03816daba8"], "isrc": ["FR28Y9600010"], "tracknumber": ["10/10"], "musicbrainz_albumartistid": ["3aa5daa4-a28e-4085-96b6-cc03816daba8"], "barcode": ["5413356590128"], "musicbrainz album status": ["official"], "date": ["1996-10-01"], "albumartistsort": ["Motorbass"], "musicbrainz_releasegroupid": ["179b25db-565b-34bc-bb65-d85b8dfd615b"], "media": ["CD"], "musicbrainz album release country": ["FR"], "label": ["Different Recordings"], "musicbrainz album type": ["album"], "asin": ["B00000B307"], "script": ["Latn"], "musicbrainz_albumid": ["af5e8c09-2d26-41ba-8df8-45507052b4f4"], "file_name": "10 Motorbass - Pansoul - Off.mp3", "album": ["Pansoul"], "albumartist": ["Motorbass"]}}, "lowlevel": {"melbands": {"dvar": [7.44135650166e-06, 3.81855097658e-05, 1.88340909517e-05, 3.58693296221e-06, 7.34133664082e-07, 1.07930236481e-06, 7.94815591121e-08, 1.60392925608e-08, 2.47832643296e-09, 1.82063253362e-08, 5.23083620863e-08, 1.12644427119e-08, 1.4919665503e-08, 1.18655121284e-08, 1.45488654457e-09, 3.26507465509e-09, 2.50374654343e-09, 3.25404286849e-10, 1.80136433547e-10, 7.15660126646e-12, 1.78271633566e-11, 3.18534851274e-11, 7.17072928813e-12, 7.85457983377e-12, 1.57864901706e-11, 2.0771587575e-12, 1.15066528354e-12, 3.32406584896e-12, 1.01861628941e-12, 1.3560854913e-12, 1.07572078415e-12, 8.19968442103e-13, 2.44901050394e-13, 1.28553607646e-13, 5.79733540362e-14, 1.72727737874e-14, 9.63438567613e-15, 9.85089746184e-15, 3.97897708028e-15, 3.28322019399e-15], "mean": [0.00367709971033, 0.00442870520055, 0.00329471006989, 0.00156417803373, 0.000804530398455, 0.000522712769452, 9.67263622442e-05, 3.36983030138e-05, 1.47904938785e-05, 2.90136049443e-05, 4.3005853513e-05, 2.44805014518e-05, 1.67866019183e-05, 8.37319748825e-06, 7.25210838937e-06, 6.7022492658e-06, 5.87690146858e-06, 3.55868701263e-06, 1.86710838079e-06, 6.60233467897e-07, 6.58452677271e-07, 7.0200223945e-07, 5.13550560299e-07, 4.00725355121e-07, 5.26916039689e-07, 4.97805103805e-07, 5.17072976436e-07, 5.50137258415e-07, 6.07630397553e-07, 6.30485715192e-07, 8.21863238798e-07, 5.77558182613e-07, 3.76991351914e-07, 2.18859497636e-07, 1.44184241435e-07, 7.70061419075e-08, 4.2405154943e-08, 3.24239692873e-08, 2.14178186297e-08, 1.69730789423e-08], "min": [8.90299641555e-25, 8.85854804784e-25, 1.45479233368e-24, 1.88051206663e-24, 1.0714507016e-24, 2.47718456445e-24, 2.47046366675e-24, 1.93858938698e-24, 3.09808179738e-24, 2.80527358987e-24, 3.54327406873e-24, 1.49335895448e-24, 1.8972201406e-24, 3.36358851503e-24, 3.67526430324e-24, 2.56037704665e-24, 2.08577071594e-24, 4.26544940619e-24, 2.07569834269e-24, 4.17497416011e-24, 5.29756622116e-24, 3.69230961525e-24, 4.1114030152e-24, 3.60940506728e-24, 5.08736476663e-24, 4.55096498906e-24, 4.8009909031e-24, 5.97107554608e-24, 5.91495045926e-24, 6.83277079539e-24, 5.54347152026e-24, 4.45074494422e-24, 4.42093744048e-24, 6.15950088975e-24, 5.63753687232e-24, 5.02313768388e-24, 5.66390809795e-24, 5.36134444205e-24, 6.99320380427e-24, 5.47056499539e-24], "median": [0.00207298714668, 0.00265180319548, 0.00130329607055, 0.00084243924357, 0.000253641745076, 3.6598979932e-05, 2.18592867895e-05, 8.5210576799e-06, 4.32032902609e-06, 3.36460698236e-06, 1.46157162817e-06, 6.27468921266e-07, 3.8487038978e-07, 3.85958969673e-07, 4.67693496375e-07, 4.24771485541e-07, 2.90014099846e-07, 4.50202094271e-07, 4.18677871039e-07, 1.04628966824e-07, 8.12385678728e-08, 8.40451548356e-08, 1.06449022041e-07, 6.5934997906e-08, 1.25839264342e-07, 1.70515448872e-07, 2.36962307554e-07, 2.06858729257e-07, 2.28875094876e-07, 2.08736210539e-07, 3.65263872482e-07, 2.51670599027e-07, 1.81707278557e-07, 9.19222529205e-08, 5.96463607394e-08, 3.00498186334e-08, 1.62817475058e-08, 1.01234745031e-08, 7.30313631792e-09, 4.86575402192e-09], "dvar2": [1.90579903574e-05, 9.93544381345e-05, 5.28524906258e-05, 8.79240997165e-06, 1.39046494496e-06, 1.81266534582e-06, 1.9810613594e-07, 4.61021656406e-08, 6.96906976572e-09, 4.10630320857e-08, 1.10314545054e-07, 1.77108923083e-08, 3.31944818299e-08, 3.398278281e-08, 3.81410680816e-09, 9.30490529072e-09, 7.2526620265e-09, 8.7460960696e-10, 5.00614771859e-10, 2.00457220267e-11, 5.19717012482e-11, 9.30969676349e-11, 2.0775985099e-11, 2.31562286707e-11, 4.68852665025e-11, 6.04047801361e-12, 3.30299156082e-12, 9.77947410552e-12, 2.80441468659e-12, 3.8023425554e-12, 3.03113155235e-12, 2.33961092687e-12, 6.91036637634e-13, 3.64979097292e-13, 1.60341724165e-13, 4.75512268721e-14, 2.7661953064e-14, 2.84212537267e-14, 1.14516897823e-14, 9.47337911242e-15], "var": [2.26393676712e-05, 4.47649581474e-05, 2.79260766547e-05, 5.46031742488e-06, 2.3969466838e-06, 4.18078889197e-06, 1.09489612043e-07, 1.05875201939e-08, 1.85238513417e-09, 3.38144587886e-08, 1.06365824593e-07, 3.26982600996e-08, 2.54633576446e-08, 6.8669807618e-09, 1.11304199191e-09, 2.05749683957e-09, 1.74882508475e-09, 2.99947400251e-10, 1.23422341791e-10, 4.90477537057e-12, 9.95237139229e-12, 1.72614127852e-11, 4.07608408831e-12, 4.2176340545e-12, 8.29492030618e-12, 1.39908603366e-12, 8.78957009173e-13, 2.09944952048e-12, 1.44994584915e-12, 1.8936044139e-12, 1.78226118759e-12, 9.9241209868e-13, 3.91047464592e-13, 1.58957008255e-13, 9.00292820437e-14, 2.40381360514e-14, 7.13200132226e-15, 6.23895881586e-15, 2.51843033427e-15, 1.97377671424e-15], "dmean2": [0.00211142306216, 0.00385465286672, 0.00352331483737, 0.00149247783702, 0.000610417686403, 0.000338350917445, 0.000113024289021, 5.47789859411e-05, 2.40848366957e-05, 3.20190993079e-05, 4.16281363869e-05, 2.21299542318e-05, 2.4516677513e-05, 2.23475180974e-05, 1.54213685164e-05, 1.69320246641e-05, 1.37841198011e-05, 6.83354937792e-06, 4.15917975261e-06, 1.66265624557e-06, 1.78601362677e-06, 2.02748128686e-06, 1.31723152208e-06, 1.11285021376e-06, 1.27200382849e-06, 9.16693579711e-07, 7.79516824423e-07, 8.65744709699e-07, 7.08867219146e-07, 7.87140095326e-07, 8.53242681842e-07, 7.08529228177e-07, 4.29416502357e-07, 3.12338556796e-07, 1.82987264452e-07, 1.07199916499e-07, 8.11896683217e-08, 7.46367092574e-08, 4.78762061107e-08, 4.15174632451e-08], "max": [0.0591781511903, 0.106024086475, 0.0669166222215, 0.0341666042805, 0.0132008837536, 0.0437165796757, 0.00596553646028, 0.00213404325768, 0.000906081055291, 0.00565987918526, 0.0100592840463, 0.00503180129454, 0.00487178983167, 0.00231819692999, 0.000769219535869, 0.00108764856122, 0.00145940319635, 0.000378913769964, 0.000322470354149, 3.40303959092e-05, 8.66107802722e-05, 0.000107021267468, 4.31599946751e-05, 6.58727294649e-05, 0.000118037445645, 2.26308929996e-05, 2.06304885069e-05, 4.96708853461e-05, 1.62101187016e-05, 1.96503624466e-05, 1.38050372698e-05, 1.11377521534e-05, 6.44514830128e-06, 5.3032526921e-06, 5.30348734173e-06, 2.24917607738e-06, 9.84481403066e-07, 1.08069446014e-06, 7.08105062586e-07, 9.81882863016e-07], "dmean": [0.00129170063883, 0.00232485774904, 0.00202053273097, 0.000922167149838, 0.000407784915296, 0.000237169879256, 6.85719787725e-05, 3.11250587401e-05, 1.39444737215e-05, 2.05066135095e-05, 2.85558980977e-05, 1.59244827955e-05, 1.5122228433e-05, 1.2091312783e-05, 8.50887863635e-06, 9.1624833658e-06, 7.45522129364e-06, 3.86931969842e-06, 2.30028445003e-06, 9.01601481473e-07, 9.52264429088e-07, 1.07497805857e-06, 7.01090755229e-07, 5.85729083014e-07, 6.73936597195e-07, 4.94692869779e-07, 4.29833335147e-07, 4.71771954835e-07, 4.01057775434e-07, 4.36034298446e-07, 4.98173733376e-07, 3.98326676532e-07, 2.4052130243e-07, 1.7038323108e-07, 1.01030494193e-07, 5.887831378e-08, 4.33613962514e-08, 3.96337576092e-08, 2.53534775396e-08, 2.19581117733e-08]}, "spectral_decrease": {"dvar": 5.58111729482e-17, "mean": -1.04396713496e-08, "min": -1.25509842519e-07, "median": -7.47706874193e-09, "dvar2": 1.35007046216e-16, "var": 1.14952800036e-16, "dmean2": 6.48413145399e-09, "max": 6.1056739423e-19, "dmean": 4.04653688335e-09}, "spectral_rolloff": {"dvar": 545964.75, "mean": 735.325500488, "min": 43.06640625, "median": 215.33203125, "dvar2": 1102820.625, "var": 8507801, "dmean2": 200.300689697, "max": 19466.015625, "dmean": 116.233924866}, "melbands_crest": {"dvar": 7.13562488556, "mean": 17.243013382, "min": 1.64259779453, "median": 16.8899154663, "dvar2": 19.7289657593, "var": 26.4156188965, "dmean2": 5.01808404922, "max": 36.2211227417, "dmean": 2.97089338303}, "barkbands_skewness": {"dvar": 1.60299396515, "mean": 3.90838122368, "min": -2.18585157394, "median": 3.69899177551, "dvar2": 4.06509447098, "var": 6.18049478531, "dmean2": 2.0144097805, "max": 14.3239421844, "dmean": 1.24864697456}, "spectral_centroid": {"dvar": 97457.59375, "mean": 654.495727539, "min": 142.331344604, "median": 314.535522461, "dvar2": 205225.53125, "var": 2676509.75, "dmean2": 239.759384155, "max": 11674.0214844, "dmean": 144.272506714}, "spectral_energyband_middle_low": {"dvar": 0.000229388708249, "mean": 0.0170033629984, "min": 1.98315163464e-22, "median": 0.0097686406225, "dvar2": 0.000591872027144, "var": 0.0004421636404, "dmean2": 0.0142486942932, "max": 0.24827863276, "dmean": 0.00870813336223}, "erbbands_crest": {"dvar": 9.27199268341, "mean": 13.0756387711, "min": 2.80497431755, "median": 12.5089693069, "dvar2": 23.5667247772, "var": 30.7851066589, "dmean2": 5.46248912811, "max": 30.118019104, "dmean": 3.37244582176}, "dynamic_complexity": 4.23509597778, "spectral_energyband_low": {"dvar": 0.000568045419641, "mean": 0.0267792977393, "min": 1.74465392877e-23, "median": 0.0165503341705, "dvar2": 0.00139676243998, "var": 0.00115113600623, "dmean2": 0.0174528639764, "max": 0.387089401484, "dmean": 0.0106894476339}, "silence_rate_60dB": {"dvar": 0.0123189771548, "mean": 0.0714879482985, "min": 0, "median": 0, "dvar2": 0.0301584117115, "var": 0.0663781389594, "dmean2": 0.0249584019184, "max": 1, "dmean": 0.0124740125611}, "erbbands_kurtosis": {"dvar": 76.5286712646, "mean": 9.88070392609, "min": -1.86817109585, "median": 4.76217651367, "dvar2": 185.619247437, "var": 168.534591675, "dmean2": 10.7691469193, "max": 86.9677505493, "dmean": 6.67072153091}, "spectral_complexity": {"dvar": 4.01628398895, "mean": 5.37240219116, "min": 0, "median": 5, "dvar2": 9.76061248779, "var": 9.54378795624, "dmean2": 2.59234619141, "max": 26, "dmean": 1.53014552593}, "barkbands_crest": {"dvar": 5.35082006454, "mean": 13.9239025116, "min": 4.82992839813, "median": 13.5013561249, "dvar2": 14.265745163, "var": 17.179517746, "dmean2": 4.31005764008, "max": 25.1771640778, "dmean": 2.54139566422}, "spectral_energy": {"dvar": 0.000817550055217, "mean": 0.0400341935456, "min": 9.83657496613e-21, "median": 0.0286931097507, "dvar2": 0.00197681295685, "var": 0.00168242957443, "dmean2": 0.0248786266893, "max": 0.480863749981, "dmean": 0.0155310649425}, "spectral_spread": {"dvar": 1194912776190.0, "mean": 5157319, "min": 706317.125, "median": 4565130, "dvar2": 2631340916740.0, "var": 32060106342400.0, "dmean2": 1174811.25, "max": 42483388, "dmean": 702653.1875}, "spectral_contrast_valleys": {"dvar": [0.176737040281, 0.258949548006, 0.403847157955, 0.532715022564, 0.412621319294, 0.309083193541], "mean": [-7.20615720749, -8.09224128723, -9.28585720062, -9.65679264069, -9.53180408478, -11.9170875549], "min": [-28.3629608154, -27.9491558075, -27.6884536743, -27.6016349792, -27.5299415588, -27.4530067444], "median": [-6.47801971436, -7.60575199127, -8.98148727417, -9.38584518433, -9.15516090393, -11.5690670013], "dvar2": [0.317963778973, 0.529507577419, 0.924542784691, 1.28019654751, 0.968460679054, 0.74858880043], "var": [11.1843166351, 9.68447208405, 8.73163890839, 8.36299228668, 8.400639534, 6.23943185806], "dmean2": [0.636267006397, 0.743833422661, 0.920722544193, 1.05431377888, 0.839568853378, 0.746587693691], "max": [-4.80893182755, -4.63064193726, -4.70272493362, -6.11250686646, -6.21536636353, -9.23240470886], "dmean": [0.390090197325, 0.464327335358, 0.572071194649, 0.63374119997, 0.506313085556, 0.433769315481]}, "spectral_rms": {"dvar": 1.98361703951e-06, "mean": 0.00553380325437, "min": 3.09784749936e-12, "median": 0.00529086682945, "dvar2": 4.25359530709e-06, "var": 8.43473753775e-06, "dmean2": 0.0016857261071, "max": 0.0216595325619, "dmean": 0.00110017531551}, "barkbands_spread": {"dvar": 28.2226772308, "mean": 4.90724611282, "min": 0.367345094681, "median": 2.46499204636, "dvar2": 67.1029663086, "var": 55.5441741943, "dmean2": 3.97071766853, "max": 139.272033691, "dmean": 2.37435102463}, "pitch_salience": {"dvar": 0.00600998708978, "mean": 0.524981617928, "min": 0.13853687048, "median": 0.537146747112, "dvar2": 0.0175503194332, "var": 0.0157207325101, "dmean2": 0.148988068104, "max": 0.946285843849, "dmean": 0.0859411656857}, "erbbands_skewness": {"dvar": 0.874645531178, "mean": 2.3618683815, "min": -2.25954794884, "median": 2.21824741364, "dvar2": 2.19280529022, "var": 2.85420966148, "dmean2": 1.49341201782, "max": 8.75979137421, "dmean": 0.934912502766}, "spectral_energyband_middle_high": {"dvar": 6.41939914203e-06, "mean": 0.000552159850486, "min": 1.05252825957e-21, "median": 6.04423985351e-05, "dvar2": 1.67565667653e-05, "var": 7.19177842257e-06, "dmean2": 0.000883690721821, "max": 0.0544713586569, "dmean": 0.000517594511621}, "erbbands": {"dvar": [0.0556464679539, 12.6100177765, 209.978378296, 787.129089355, 678.141906738, 800.43371582, 720.982299805, 2719.62988281, 379.037994385, 169.06918335, 38.5257720947, 168.082000732, 2174.71020508, 736.81451416, 1220.56213379, 550.408813477, 333.657043457, 853.756896973, 117.18271637, 24.4468288422, 10.0140590668, 21.8188610077, 7.44296216965, 19.2605247498, 2.7284617424, 5.98838233948, 2.79457521439, 3.21718764305, 1.89142310619, 0.465727835894, 0.127314537764, 0.0286360960454, 0.0152572263032, 0.00447280053049, 0.00077121873619, 6.45796608296e-05, 1.94334988919e-05, 5.70455483739e-07, 4.09226004194e-08, 1.04967157188e-09], "mean": [0.351760029793, 3.42086100578, 7.41771888733, 19.2864456177, 19.952085495, 24.5184421539, 20.3126621246, 24.3882713318, 7.07762908936, 3.54624152184, 2.00610280037, 3.54412460327, 8.44511222839, 5.94832086563, 4.16556119919, 2.74500632286, 2.98172307014, 3.40030193329, 2.08763933182, 0.92607909441, 0.556367993355, 0.644429028034, 0.503799557686, 0.637564361095, 0.661421000957, 0.838397979736, 0.974071681499, 1.32867074013, 0.95921754837, 0.467964619398, 0.230204343796, 0.0855573415756, 0.042948063463, 0.0213863793761, 0.00581798003986, 0.00291404966265, 0.0016801932361, 0.000582970969845, 9.02369429241e-05, 4.71477214887e-05], "min": [5.37405180795e-23, 4.13910470208e-22, 1.74553001876e-21, 7.3627386713e-21, 1.19418271733e-20, 1.9276331036e-20, 3.4659740083e-20, 9.98739099443e-20, 1.39001123269e-19, 1.83049563637e-19, 3.99158537828e-19, 4.4113733353e-19, 7.64702730309e-19, 3.96906435213e-19, 8.51992308617e-19, 1.2005299262e-18, 1.75081937672e-18, 1.44126946975e-18, 2.6199093018e-18, 2.19421858394e-18, 4.25608289319e-18, 4.13071457237e-18, 5.6224797996e-18, 7.57221398656e-18, 7.00242881958e-18, 9.39034870115e-18, 1.0268884822e-17, 1.05038380304e-17, 9.37384396638e-18, 1.11624805931e-17, 1.09695448512e-17, 9.6278157114e-18, 8.489722722e-18, 7.85348848205e-18, 6.86585426941e-18, 4.81012805389e-18, 2.70203572213e-18, 9.40682096907e-19, 2.51458305024e-19, 2.849215542e-20], "median": [0.147334128618, 2.10865306854, 3.88799762726, 5.75737380981, 11.0337934494, 11.2585859299, 4.96965408325, 1.76020729542, 1.54101490974, 0.957522571087, 0.638602495193, 0.542093038559, 0.317992091179, 0.160431995988, 0.132914811373, 0.167920038104, 0.226182132959, 0.170061200857, 0.307211667299, 0.198330312967, 0.0749423354864, 0.0941012501717, 0.0970550999045, 0.160861998796, 0.254238247871, 0.343492329121, 0.357724636793, 0.559137225151, 0.437485665083, 0.204062744975, 0.0952730327845, 0.0346828177571, 0.0142971035093, 0.00679120142013, 0.00147725082934, 0.00101138884202, 0.000699873955455, 0.000374248134904, 3.65247760783e-05, 3.51454946212e-05], "dvar2": [0.132331773639, 33.2589530945, 572.243164063, 2194.90258789, 1866.99621582, 1839.99853516, 1318.37670898, 4503.26367188, 926.234008789, 484.877441406, 108.425323486, 388.556243896, 4595.61816406, 1163.80383301, 3332.13842773, 1546.32177734, 913.866577148, 2473.32104492, 317.69418335, 66.3249435425, 29.0736560822, 63.730506897, 21.6805591583, 57.1466293335, 7.87748384476, 17.5695819855, 7.66828870773, 9.06310558319, 5.36881160736, 1.30786013603, 0.347373902798, 0.0814124494791, 0.0439276508987, 0.012878802605, 0.00225515919738, 0.000185327022336, 5.60386069992e-05, 1.61861521519e-06, 1.17733264915e-07, 2.55880872047e-09], "var": [0.274835944176, 19.9081401825, 193.237335205, 1193.00671387, 819.037536621, 1439.84265137, 2410.67749023, 10705.0488281, 569.999267578, 116.546005249, 28.8975906372, 297.235809326, 4396.83886719, 2135.86108398, 1093.34765625, 341.787109375, 226.877227783, 588.329711914, 96.8510513306, 19.1821346283, 5.69455003738, 11.8905563354, 4.16841411591, 10.1936407089, 1.92376279831, 3.94688129425, 3.96395730972, 5.21096277237, 2.55930781364, 0.645353019238, 0.214037716389, 0.0260259397328, 0.00984167680144, 0.00275198323652, 0.000428270723205, 4.0837443521e-05, 1.24688767755e-05, 5.69860731048e-07, 3.1883796936e-08, 2.06202521724e-09], "dmean2": [0.190154448152, 2.51397299767, 8.18285560608, 20.1509532928, 24.487859726, 20.0776805878, 15.8421669006, 15.4712085724, 7.87788152695, 5.44618082047, 3.18244361877, 4.00355052948, 8.20873641968, 5.40965986252, 7.68003463745, 6.37515354156, 7.03053283691, 7.90519380569, 4.04333543777, 2.00647044182, 1.48056149483, 1.79249727726, 1.33735609055, 1.50082445145, 1.12739562988, 1.24791264534, 1.12030303478, 1.36892223358, 1.08822119236, 0.603754043579, 0.288991332054, 0.14343445003, 0.0955327823758, 0.0502108819783, 0.0144641008228, 0.00627176044509, 0.00315663241781, 0.00062911916757, 0.000124820755445, 2.97726928693e-05], "max": [4.3969244957, 65.7227249146, 225.868392944, 372.531341553, 422.181610107, 450.281951904, 465.437835693, 2268.64550781, 420.749420166, 232.021591187, 101.437362671, 521.78918457, 2071.30249023, 1361.54650879, 736.923095703, 525.098754883, 328.868011475, 824.733886719, 244.914428711, 110.191268921, 61.8704795837, 87.5022125244, 40.8115653992, 128.258560181, 22.0100250244, 65.0047912598, 29.2217769623, 21.6992588043, 16.5179576874, 9.31227493286, 7.02635288239, 1.64476525784, 1.18710958958, 0.926421642303, 0.665018320084, 0.0750612691045, 0.0502508170903, 0.0115377623588, 0.00351790175773, 0.000523625290953], "dmean": [0.116377100348, 1.51031160355, 4.83304643631, 11.6044692993, 14.3513298035, 12.8214159012, 10.7596673965, 10.9216537476, 4.80800771713, 3.09079790115, 1.83493387699, 2.51152706146, 5.61889362335, 3.88594555855, 4.38259649277, 3.51272130013, 3.84394049644, 4.28191184998, 2.30648517609, 1.11298274994, 0.790679633617, 0.954508543015, 0.708336889744, 0.794340848923, 0.610776603222, 0.680752635002, 0.626886546612, 0.785094618797, 0.613660275936, 0.330554455519, 0.159452527761, 0.0770165622234, 0.0506853424013, 0.0265589188784, 0.00766706187278, 0.00333381351084, 0.00167952675838, 0.000345259526512, 6.86277562636e-05, 1.84157852345e-05]}, "dissonance": {"dvar": 0.00077045999933, "mean": 0.438055098057, "min": 0.222311317921, "median": 0.451356053352, "dvar2": 0.00205039302818, "var": 0.00231436057948, "dmean2": 0.0484831295907, "max": 0.500000059605, "dmean": 0.0288807507604}, "erbbands_flatness_db": {"dvar": 0.000851928838529, "mean": 0.201129078865, "min": 0.0490392409265, "median": 0.192974984646, "dvar2": 0.00208449107595, "var": 0.00443137902766, "dmean2": 0.0487018637359, "max": 0.434970855713, "dmean": 0.0305008068681}, "melbands_kurtosis": {"dvar": 2342.02661133, "mean": 82.4347381592, "min": -1.43140399456, "median": 58.4287261963, "dvar2": 5768.29199219, "var": 6920.88134766, "dmean2": 58.824886322, "max": 614.987792969, "dmean": 36.0909194946}, "melbands_spread": {"dvar": 29.5248241425, "mean": 6.32056951523, "min": 0.358527213335, "median": 1.76254272461, "dvar2": 65.1369171143, "var": 421.647125244, "dmean2": 3.36140775681, "max": 170.193862915, "dmean": 2.00496196747}, "melbands_skewness": {"dvar": 2.68224167824, "mean": 4.90211868286, "min": -0.775383651257, "median": 4.25983285904, "dvar2": 6.59124755859, "var": 10.4036951065, "dmean2": 2.58358597755, "max": 17.5225715637, "dmean": 1.58163940907}, "spectral_entropy": {"dvar": 0.183788463473, "mean": 6.55060338974, "min": 4.67332696915, "median": 6.51162624359, "dvar2": 0.473880052567, "var": 0.825555920601, "dmean2": 0.683368325233, "max": 9.82028675079, "dmean": 0.426709651947}, "zerocrossingrate": {"dvar": 0.000206749202334, "mean": 0.0283456798643, "min": 0.00341796875, "median": 0.01220703125, "dvar2": 0.000413094181567, "var": 0.00582205178216, "dmean2": 0.00656498596072, "max": 0.52587890625, "dmean": 0.00483834929764}, "average_loudness": 0.721194624901, "spectral_contrast_coeffs": {"dvar": [0.00209029368125, 0.00142617023084, 0.0011271960102, 0.00076820718823, 0.000532608653884, 0.000432291533798], "mean": [-0.638769388199, -0.742699861526, -0.816174566746, -0.841637372971, -0.837914288044, -0.74950748682], "min": [-0.981396257877, -0.972670674324, -0.973862946033, -0.971645593643, -0.968285679817, -0.965332388878], "median": [-0.636693954468, -0.762020230293, -0.825567245483, -0.845918238163, -0.834508538246, -0.744513452053], "dvar2": [0.00540499063209, 0.00383362546563, 0.00286189909093, 0.002071906114, 0.00145732820965, 0.00107267627027], "var": [0.00977080781013, 0.00935078505427, 0.00530251581222, 0.00272008101456, 0.00152177992277, 0.00315737887286], "dmean2": [0.0860797092319, 0.0736085474491, 0.063224285841, 0.0521578751504, 0.0396854132414, 0.0341139212251], "max": [-0.3147534132, -0.404458791018, -0.416080713272, -0.602667629719, -0.695530593395, -0.603376448154], "dmean": [0.0517710074782, 0.0442421063781, 0.0380575023592, 0.0310155358166, 0.023707209155, 0.0205618161708]}, "barkbands_flatness_db": {"dvar": 0.00165449001361, "mean": 0.293867319822, "min": 0.0578854456544, "median": 0.308826863766, "dvar2": 0.00413450039923, "var": 0.00612805923447, "dmean2": 0.0644032433629, "max": 0.454549908638, "dmean": 0.040576249361}, "silence_rate_30dB": {"dvar": 0.037556540221, "mean": 0.93890273571, "min": 0, "median": 1, "dvar2": 0.0854002833366, "var": 0.0573653914034, "dmean2": 0.0782029926777, "max": 1, "dmean": 0.039085239172}, "spectral_energyband_high": {"dvar": 1.33367290545e-08, "mean": 7.81564813224e-05, "min": 7.02061628527e-21, "median": 3.32328745571e-05, "dvar2": 3.7873107317e-08, "var": 1.81266006649e-08, "dmean2": 8.86956622708e-05, "max": 0.00140895950608, "dmean": 4.96025058965e-05}, "melbands_flatness_db": {"dvar": 0.00211322237737, "mean": 0.398126602173, "min": 0.00381024833769, "median": 0.418466866016, "dvar2": 0.00528454128653, "var": 0.0100639741868, "dmean2": 0.0715345814824, "max": 0.57955545187, "dmean": 0.0449737012386}, "barkbands": {"dvar": [5.38306665021e-07, 0.000162810247275, 0.000214709085412, 8.99613587535e-05, 5.58364590688e-05, 2.33054197452e-05, 1.48650758547e-06, 1.18856064546e-07, 1.69014560925e-06, 4.31583060845e-07, 1.055656071e-06, 5.42064128695e-07, 2.479019372e-07, 2.20543498131e-07, 2.97719608966e-08, 1.78765968695e-09, 7.5549060341e-09, 2.5476496468e-09, 3.54312024164e-09, 2.1139936468e-09, 1.85806947606e-09, 1.14648113225e-09, 1.75354744614e-10, 5.69675764894e-11, 1.94101106715e-11, 4.41453644473e-12, 8.6588022993e-13], "mean": [0.00103629252408, 0.0147232236341, 0.00664780475199, 0.0069724842906, 0.00650082156062, 0.00280839414336, 0.000319479237078, 0.000101769284811, 0.000246809417149, 0.000179005466634, 0.000142332311952, 6.46700282232e-05, 7.19451563782e-05, 6.37170305708e-05, 2.64841164608e-05, 8.81258256413e-06, 1.13158630484e-05, 8.89620150701e-06, 1.3374131413e-05, 1.87210443983e-05, 3.03109773085e-05, 2.29059733101e-05, 9.00939267012e-06, 3.01953286908e-06, 1.31109845825e-06, 8.0751300402e-07, 4.79551260923e-07], "min": [7.03458527799e-25, 1.0075104684e-24, 1.81390084901e-24, 1.77040384756e-24, 7.79201461209e-24, 1.14974930769e-23, 1.48231886583e-23, 9.11036842322e-24, 1.57349540926e-23, 1.28753419886e-23, 1.03512939588e-23, 3.06408122183e-23, 2.8233603166e-23, 3.8034016622e-23, 3.69720173615e-23, 4.94459971768e-23, 5.56073984324e-23, 7.52874080467e-23, 1.68020014318e-22, 1.71926705956e-22, 2.79224398218e-22, 2.49766489238e-22, 3.42270187007e-22, 4.92584944059e-22, 8.60834504242e-22, 1.34124509048e-21, 1.96521190267e-21], "median": [5.99547784077e-05, 0.00869896262884, 0.00245700916275, 0.00232997490093, 0.00356118869968, 0.000216071377508, 7.91958591435e-05, 2.64781119768e-05, 2.37885979004e-05, 4.72364581583e-06, 2.66369579549e-06, 3.41470695275e-06, 4.59963666799e-06, 3.95161214328e-06, 5.7394754549e-06, 1.08702226953e-06, 1.4419732679e-06, 1.71342958311e-06, 4.16000784753e-06, 7.81179733167e-06, 1.2114911442e-05, 1.0044010196e-05, 3.75195099878e-06, 1.11192662189e-06, 3.86440149214e-07, 3.27001430378e-07, 1.91093334934e-07], "dvar2": [1.29586965159e-06, 0.000424965110142, 0.000577999453526, 0.000265533250058, 0.000132248780574, 4.0218263166e-05, 3.92211450162e-06, 3.36913871024e-07, 3.79810012419e-06, 8.2604748286e-07, 1.84181203622e-06, 1.54120857587e-06, 6.82974018673e-07, 6.38694018562e-07, 8.23067765054e-08, 5.15425213621e-09, 2.20488125535e-08, 7.46429051901e-09, 1.044266007e-08, 6.17881834586e-09, 5.17673148792e-09, 3.25425530967e-09, 4.74764449976e-10, 1.63533922515e-10, 5.60533286453e-11, 1.27131551814e-11, 2.47903130315e-12], "var": [4.29171632277e-06, 0.000343667052221, 0.000215348016354, 0.000134602421895, 8.79062135937e-05, 8.75500336406e-05, 1.60864590271e-06, 8.3072897894e-08, 3.16806494993e-06, 9.91440970211e-07, 2.61604373009e-06, 3.20295470146e-07, 1.63236649087e-07, 1.58460409239e-07, 2.02894874235e-08, 1.05464637024e-09, 4.11621492447e-09, 1.40806954985e-09, 2.00592298327e-09, 1.55004031832e-09, 3.0357727443e-09, 1.50272438937e-09, 2.98452235148e-10, 3.96841760841e-11, 1.16618026e-11, 2.85866621173e-12, 7.85457799062e-13], "dmean2": [0.00049683341058, 0.00947268027812, 0.00824064854532, 0.00816379394382, 0.00588432140648, 0.0018817569362, 0.000452279840829, 0.000175103865331, 0.000271429598797, 0.000180076545803, 0.000170255021658, 0.000168802405824, 0.000171902676811, 0.000134739937494, 5.85184970987e-05, 2.36015766859e-05, 3.23351523548e-05, 2.33478185692e-05, 2.7288473575e-05, 2.62959183601e-05, 3.13448326779e-05, 2.72250435955e-05, 1.14358645078e-05, 6.14632244833e-06, 3.11817029797e-06, 1.55536463353e-06, 6.14960072198e-07], "max": [0.0140685327351, 0.256579041481, 0.202420428395, 0.120890408754, 0.130898803473, 0.178539320827, 0.0250091962516, 0.00537844467908, 0.0541253164411, 0.0195445120335, 0.0522323697805, 0.0156039791182, 0.00977394543588, 0.0143769234419, 0.00397567357868, 0.000729047111236, 0.00169265968725, 0.00102811248507, 0.00155986112077, 0.00118105963338, 0.000716601498425, 0.000397490279283, 0.000269605545327, 6.98051662766e-05, 6.95422058925e-05, 2.26562769967e-05, 1.65560741152e-05], "dmean": [0.000305828172714, 0.00573047250509, 0.00483574531972, 0.00460825348273, 0.00370304402895, 0.00131751282606, 0.000265900511295, 9.90957560134e-05, 0.000176360670594, 0.000123996753246, 0.000113612411951, 9.16591161513e-05, 9.3839254987e-05, 7.38666785765e-05, 3.23740023305e-05, 1.26262430058e-05, 1.7175121684e-05, 1.23768395497e-05, 1.45250542118e-05, 1.44731075125e-05, 1.77280253411e-05, 1.52046077346e-05, 6.32069168205e-06, 3.27104430653e-06, 1.65450364875e-06, 8.26303732993e-07, 3.38709810421e-07]}, "erbbands_spread": {"dvar": 288.120635986, "mean": 37.1980361938, "min": 1.51349210739, "median": 27.3398742676, "dvar2": 708.223999023, "var": 914.674438477, "dmean2": 23.8881092072, "max": 137.583633423, "dmean": 14.56752491}, "barkbands_kurtosis": {"dvar": 692.423217773, "mean": 40.4065475464, "min": -1.90100395679, "median": 31.0039367676, "dvar2": 1749.57336426, "var": 1540.1060791, "dmean2": 30.1636428833, "max": 343.510467529, "dmean": 18.3700332642}, "spectral_flux": {"dvar": 0.00177980470471, "mean": 0.0756285116076, "min": 6.35869690235e-11, "median": 0.0611382685602, "dvar2": 0.00391909386963, "var": 0.00368366134353, "dmean2": 0.0518494695425, "max": 0.546955823898, "dmean": 0.0315786004066}, "silence_rate_20dB": {"dvar": 0.000830922333989, "mean": 0.999584376812, "min": 0, "median": 1, "dvar2": 0.00249312235974, "var": 0.000415458198404, "dmean2": 0.00166389346123, "max": 1, "dmean": 0.000831600860693}, "gfcc": {"cov": [[29636.4667969, 3971, -1600.78588867, 1978.50646973, -965.996582031, 338.708251953, -219.29498291, -442.267578125, -396.3722229, 6.44130468369, -342.277038574, -345.709564209, -372.054901123], [3971, 1674.15209961, -169.957839966, -336.865814209, -125.650016785, -66.8012313843, 56.80626297, -135.307601929, -58.6385917664, -131.558685303, -54.7511367798, -75.1322402954, 65.8879699707], [-1600.78588867, -169.957839966, 817.60534668, 595.342224121, 32.3590164185, -31.5307884216, 152.636291504, 39.6817817688, 138.542724609, 32.2063674927, -24.8233680725, -152.916351318, -69.1867828369], [1978.50646973, -336.865814209, 595.342224121, 1547.58874512, 62.1904220581, 110.219650269, 200.532150269, 57.7482261658, 158.728820801, 142.533569336, -59.9727706909, -253.67149353, -227.690414429], [-965.996582031, -125.650016785, 32.3590164185, 62.1904220581, 243.476486206, 73.4552001953, 54.033782959, 45.8028182983, 46.4763565063, 9.62545394897, 31.5325527191, -15.4335451126, -1.60334384441], [338.708251953, -66.8012313843, -31.5307884216, 110.219650269, 73.4552001953, 195.755813599, 78.2158813477, 44.1517524719, 7.27383232117, 29.3175907135, 24.4779491425, -23.3824501038, -51.0331497192], [-219.29498291, 56.80626297, 152.636291504, 200.532150269, 54.033782959, 78.2158813477, 223.993133545, 35.2855262756, 76.2863006592, 20.0442199707, 17.769651413, -60.6338691711, -35.7768211365], [-442.267578125, -135.307601929, 39.6817817688, 57.7482261658, 45.8028182983, 44.1517524719, 35.2855262756, 82.2661132813, 30.8590927124, 19.8904304504, 7.5273065567, -12.9335031509, -16.4715423584], [-396.3722229, -58.6385917664, 138.542724609, 158.728820801, 46.4763565063, 7.27383232117, 76.2863006592, 30.8590927124, 94.0669631958, 45.5693054199, 22.072883606, -24.6382427216, -15.5417518616], [6.44130468369, -131.558685303, 32.2063674927, 142.533569336, 9.62545394897, 29.3175907135, 20.0442199707, 19.8904304504, 45.5693054199, 79.3394393921, 37.7848167419, 9.83819484711, -20.8891563416], [-342.277038574, -54.7511367798, -24.8233680725, -59.9727706909, 31.5325527191, 24.4779491425, 17.769651413, 7.5273065567, 22.072883606, 37.7848167419, 79.5620269775, 51.7532043457, 17.8369579315], [-345.709564209, -75.1322402954, -152.916351318, -253.67149353, -15.4335451126, -23.3824501038, -60.6338691711, -12.9335031509, -24.6382427216, 9.83819484711, 51.7532043457, 123.091362, 68.7014770508], [-372.054901123, 65.8879699707, -69.1867828369, -227.690414429, -1.60334384441, -51.0331497192, -35.7768211365, -16.4715423584, -15.5417518616, -20.8891563416, 17.8369579315, 68.7014770508, 93.4617385864]], "mean": [-138.878311157, 126.549255371, -46.1342849731, 58.2584991455, -46.322845459, 1.36786770821, -18.7374763489, -20.7240276337, -16.3993415833, 1.34831762314, -15.5564489365, -4.45308256149, -10.1259078979], "icov": [[0.000373000075342, -0.00104265729897, 0.00109850766603, -0.00132930278778, 0.0011366213439, -0.000985070248134, 0.000929587171413, 5.09465353389e-05, -5.40305227332e-05, 0.000237965781707, 0.000242296038778, -0.000805835938081, 0.000231402402278], [-0.00104265729897, 0.00398855609819, -0.00259321369231, 0.00387767958455, -0.00248404615559, 0.00253802607767, -0.0029951131437, 0.00134533888195, -0.000508430297486, 0.000413178291637, -0.00164913653862, 0.0049748965539, -0.00233595608734], [0.00109850766603, -0.00259321369231, 0.00589521881193, -0.00458482513204, 0.00413204589859, -0.00220964779146, 0.00250021019019, 0.000287887291051, -0.00297709368169, 0.00293635274284, -0.00120986765251, 0.00102672807407, -0.00109478086233], [-0.00132930278778, 0.00387767958455, -0.00458482513204, 0.0065914853476, -0.00441276654601, 0.003460500855, -0.00380840175785, 0.000727026432287, 0.000468859623652, -0.00443889154121, 0.000828440359328, 0.00452021043748, 0.000727898906916], [0.0011366213439, -0.00248404615559, 0.00413204589859, -0.00441276654601, 0.0101343952119, -0.00567564275116, 0.00389369088225, -0.000694758316968, -0.00492480676621, 0.00567095214501, -0.00352613371797, 0.00140683364589, -0.00288544874638], [-0.000985070248134, 0.00253802607767, -0.00220964779146, 0.003460500855, -0.00567564275116, 0.0129299350083, -0.00637772493064, -0.00369337387383, 0.00697270780802, -0.0045389928855, -0.00242292857729, 0.00179183203727, 0.00424486398697], [0.000929587171413, -0.0029951131437, 0.00250021019019, -0.00380840175785, 0.00389369088225, -0.00637772493064, 0.0116966729984, -0.000332183233695, -0.00795540306717, 0.00559427356347, -0.00301334145479, 0.000563187990338, -0.000523360678926], [5.09465353389e-05, 0.00134533888195, 0.000287887291051, 0.000727026432287, -0.000694758316968, 