{"metadata": {"audio_properties": {"downmix": "mix", "bit_rate": 192000, "lossless": false, "md5_encoded": "cb3d68197f7a955f4a32077f223859a0", "analysis_sample_rate": 44100, "sample_rate": 44100, "replay_gain": 3.54543876648, "equal_loudness": 0, "codec": "mp3", "length": 305.110198975}, "tags": {"album": ["Masters of the Universe: Pulp on Fire 1985-86"], "musicbrainz_albumid": ["7ca8860d-c3c1-460b-aff1-472019699ec2"], "musicbrainz_recordingid": ["9821029f-f7d0-4d4c-90d9-1e41d30eb15c"], "musicbrainz_artistid": ["76b2e842-5e85-4c97-ab62-d5bc315595b5"], "artist": ["Pulp"], "tracknumber": ["09/13"], "title": ["Goodnight"], "date": ["1994-06-13"], "file_name": "09 - Pulp - Goodnight.mp3"}, "version": {"essentia_build_sha": "ca57ba49d9b1854bd80e60cf9ccf267278fb7d6b", "essentia_git_sha": "v2.1_beta1-28-g21ef5f4-dirty", "extractor": "music 1.0", "essentia": "2.1-beta1"}}, "tonal": {"chords_scale": "minor", "hpcp": {"dmean": [0.127837136388, 0.123030535877, 0.121146649122, 0.119781255722, 0.113909296691, 0.106144845486, 0.121084406972, 0.12713111937, 0.119497515261, 0.107681557536, 0.0969127714634, 0.0954756289721, 0.0994582548738, 0.103352956474, 0.104133978486, 0.0971894562244, 0.0935838669538, 0.101369597018, 0.111603923142, 0.119672998786, 0.113821730018, 0.1050972417, 0.108876094222, 0.174278125167, 0.242162570357, 0.189709529281, 0.151851564646, 0.145669966936, 0.121126867831, 0.113986499608, 0.126562088728, 0.130320802331, 0.132268443704, 0.134142741561, 0.129338830709, 0.134202063084], "dvar2": [0.136541202664, 0.159564912319, 0.173841640353, 0.188375324011, 0.156116500497, 0.136940270662, 0.156947389245, 0.160926133394, 0.132599368691, 0.10434487462, 0.0950112342834, 0.0977126136422, 0.0925897061825, 0.0958548784256, 0.100949920714, 0.10171302408, 0.0983288064599, 0.114907734096, 0.11524219811, 0.110767401755, 0.096989966929, 0.0971477031708, 0.107955239713, 0.134160518646, 0.249454379082, 0.157587274909, 0.154312714934, 0.148814097047, 0.114675663412, 0.106201760471, 0.123434714973, 0.11629434675, 0.119239032269, 0.129891231656, 0.119117647409, 0.143453657627], "mean": [0.115308359265, 0.0992957726121, 0.0869870632887, 0.0859080925584, 0.0975201353431, 0.106268107891, 0.112936645746, 0.118273288012, 0.11476778239, 0.107061803341, 0.0929598510265, 0.0827468782663, 0.0899256318808, 0.103344455361, 0.10101787746, 0.087684713304, 0.0831302702427, 0.0881834849715, 0.107041709125, 0.154364973307, 0.159142643213, 0.121455550194, 0.107368186116, 0.25479221344, 0.414187610149, 0.285177767277, 0.143437072635, 0.135962888598, 0.12138556689, 0.104271061718, 0.121615193784, 0.14706812799, 0.14827772975, 0.14012427628, 0.127329945564, 0.122355990112], "var": [0.0462510958314, 0.0447576753795, 0.0409150160849, 0.0415936522186, 0.046137381345, 0.0502342693508, 0.0481808520854, 0.0500152409077, 0.0430522970855, 0.0397272631526, 0.0358891636133, 0.0316784158349, 0.0324695706367, 0.0387756228447, 0.03838025406, 0.03316180408, 0.0311631597579, 0.0378634482622, 0.0415099263191, 0.0621440857649, 0.0626512616873, 0.0458754077554, 0.0393554791808, 0.0707347020507, 0.169578358531, 0.0784350559115, 0.0572860948741, 0.0535345338285, 0.0469391271472, 0.0370569489896, 0.0425843149424, 0.0495449565351, 0.0500251948833, 0.0565457381308, 0.0475822277367, 0.0475721172988], "dmean2": [0.231343120337, 0.227699890733, 0.228234604001, 0.225986808538, 0.210849300027, 0.193789735436, 0.222981616855, 0.232716083527, 0.216307908297, 0.193749576807, 0.173685416579, 0.173183083534, 0.179982841015, 0.183794647455, 0.186594054103, 0.175653994083, 0.169808983803, 0.184365794063, 0.200991228223, 0.210855767131, 0.200573861599, 0.187722340226, 0.194880530238, 0.310296595097, 0.437270343304, 0.341044902802, 0.273815155029, 0.266212761402, 0.220015093684, 0.208933830261, 0.231475770473, 0.232845395803, 0.237004563212, 0.243436858058, 0.231616318226, 0.242332950234], "dvar": [0.0485727749765, 0.0563595108688, 0.0590737350285, 0.060179181397, 0.0518794879317, 0.0472549423575, 0.0513706915081, 0.0535775646567, 0.0452460162342, 0.037349678576, 0.0346598736942, 0.0349717848003, 0.0333147384226, 0.0342903062701, 0.0359581485391, 0.0354766063392, 0.0342852286994, 0.0411370620131, 0.041370626539, 0.0407054200768, 0.0353758260608, 0.0349374674261, 0.0387861803174, 0.0516272746027, 0.0949866846204, 0.05506792292, 0.055725261569, 0.052897721529, 0.0406461656094, 0.0368188582361, 0.0431011617184, 0.041490893811, 0.0423896946013, 0.0474635399878, 0.0440366193652, 0.0505202561617], "min": [0, 0, 0, 0, 0, 0, 0, 0, 0, 0, 0, 0, 0, 0, 0, 0, 0, 0, 0, 0, 0, 0, 0, 0, 0, 0, 0, 0, 0, 0, 0, 0, 0, 0, 0, 0], "median": [0.0240010917187, 0.0164694227278, 0.0101512577385, 0.0077907005325, 0.0108544351533, 0.0159145370126, 0.0214063581079, 0.0249190498143, 0.026688337326, 0.0239310003817, 0.017416195944, 0.0130813233554, 0.0170343592763, 0.0211628563702, 0.0208727177233, 0.017204368487, 0.0139198508114, 0.0122524295002, 0.020968940109, 0.0314150825143, 0.0367288589478, 0.0315444506705, 0.0237729344517, 0.1454410851, 0.239188730717, 0.196897566319, 0.0348516888916, 0.0337513536215, 0.0293306801468, 0.0234997738153, 0.0357857197523, 0.0542029775679, 0.0517639629543, 0.0347141809762, 0.0290257371962, 0.0261866431683], "max": [1, 1, 1, 1, 1, 1, 1, 1, 1, 1, 1, 1, 1, 1, 1, 1, 1, 1, 1, 1, 1, 1, 1, 1, 1, 1, 1, 1, 1, 1, 1, 1, 1, 1, 1, 1]}, "tuning_equal_tempered_deviation": 0.204372212291, "chords_key": "F", "chords_strength": {"dmean": 0.0101198228076, "dvar2": 0.000104288708826, "mean": 0.421638399363, "var": 0.0116328354925, "dmean2": 0.0115648824722, "dvar": 7.26599319023e-05, "min": 0.179405912757, "median": 0.399729371071, "max": 0.771813988686}, "tuning_diatonic_strength": 0.417028337717, "thpcp": [1, 0.688523173332, 0.346309423447, 0.328264027834, 0.293069034815, 0.251748383045, 0.293623447418, 0.355076104403, 0.35799652338, 0.338311135769, 0.307420939207, 0.295412003994, 0.278396457434, 0.23973621428, 0.210018500686, 0.207413479686, 0.235449180007, 0.256569981575, 0.272670269012, 0.285554856062, 0.277091294527, 0.258486241102, 0.224438995123, 0.199781149626, 0.217113286257, 0.249511212111, 0.243894010782, 0.211702883244, 0.200706794858, 0.212907105684, 0.258437752724, 0.372693359852, 0.384228408337, 0.293238013983, 0.259225964546, 0.61516135931], "chords_histogram": [14.777050972, 1.29356265068, 4.97641134262, 4.82422780991, 0.121747069061, 3.45457315445, 4.58073329926, 5.20468711853, 2.9675848484, 10.8963632584, 11.7485923767, 0.973976552486, 3.25673413277, 1.76533257961, 0.791355967522, 0.532643437386, 2.51103329659, 4.27636575699, 1.76533257961, 3.36326289177, 1.18703389168, 0.563080191612, 3.25673413277, 10.9115810394], "tuning_nontempered_energy_ratio": 0.834108293056, "tuning_frequency": 434.193115234, "key_strength": 0.442158430815, "chords_changes_rate": 0.0872013419867, "key_scale": "minor", "hpcp_entropy": {"dmean": 0.64870673418, "dvar2": 0.761239767075, "mean": 2.42543983459, "var": 0.627391517162, "dmean2": 1.09924852848, "dvar": 0.275600880384, "min": 0.0437335595489, "median": 2.42961359024, "max": 4.53186893463}, "key_key": "F", "chords_number_rate": 0.00289149302989}, "lowlevel": {"melbands_skewness": {"dmean": 1.20798146725, "dvar2": 3.85194993019, "mean": 4.64966440201, "var": 8.72421550751, "dmean2": 1.9793895483, "dvar": 1.4575316906, "min": -1.83757722378, "median": 4.13856315613, "max": 20.8406124115}, "melbands_kurtosis": {"dmean": 21.4983654022, "dvar2": 2888.06567383, "mean": 48.0286407471, "var": 3864.00170898, "dmean2": 35.7192306519, "dvar": 1071.15808105, "min": -1.87583196163, "median": 26.5898933411, "max": 643.551147461}, "barkbands_kurtosis": {"dmean": 14.0364942551, "dvar2": 1438.16137695, "mean": 31.8805274963, "var": 2057.60351562, "dmean2": 23.0647354126, "dvar": 540.140930176, "min": -1.74851667881, "median": 15.4822616577, "max": 484.507537842}, "hfc": {"dmean": 59.9935646057, "dvar2": 41401.7695312, "mean": 175.032531738, "var": 106269.640625, "dmean2": 84.1620941162, "dvar": 23126.4394531, "min": 1.13550351703e-16, "median": 53.1909446716, "max": 4813.83154297}, "silence_rate_20dB": {"dmean": 0.00228310492821, "dvar2": 0.00515500409529, "mean": 0.9977170825, "var": 0.00227785017341, "dmean2": 0.0045665577054, "dvar": 0.00227801711299, "min": 0, "median": 1, "max": 1}, "erbbands_flatness_db": {"dmean": 0.0203089024872, "dvar2": 0.000774858286604, "mean": 0.132202506065, "var": 0.00184012053069, "dmean2": 0.0316626317799, "dvar": 0.000321410392644, "min": 0.0423022508621, "median": 0.12554897368, "max": 0.326745629311}, "spectral_flux": {"dmean": 0.016425518319, "dvar2": 0.00127622380387, "mean": 0.0696092545986, "var": 0.00387189537287, "dmean2": 0.0267005506903, "dvar": 0.000514950486831, "min": 1.0247309945e-10, "median": 0.0520356781781, "max": 0.617984235287}, "spectral_energyband_low": {"dmean": 0.00829276721925, "dvar2": 0.00101186800748, "mean": 0.016846626997, "var": 0.000958868244197, "dmean2": 0.0136595638469, "dvar": 0.000379117147531, "min": 6.43560236435e-23, "median": 0.00546242902055, "max": 0.484905093908}, "spectral_rolloff": {"dmean": 4361.64794922, "dvar2": 160789808, "mean": 15605.1376953, "var": 87695064, "dmean2": 8503.70410156, "dvar": 64143120, "min": 21.533203125, "median": 21705.46875, "max": 22028.4667969}, "spectral_entropy": {"dmean": 0.186303451657, "dvar2": 0.0898621305823, "mean": 7.38979625702, "var": 0.153547778726, "dmean2": 0.29740896821, "dvar": 0.0346831195056, "min": 5.51383972168, "median": 7.44239187241, "max": 9.81245994568}, "spectral_energy": {"dmean": 0.0102382460609, "dvar2": 0.0012718969956, "mean": 0.0342771075666, "var": 0.0028164263349, "dmean2": 0.0160945467651, "dvar": 0.000521413923707, "min": 1.05007363745e-20, "median": 0.0126453787088, "max": 0.613522648811}, "spectral_centroid": {"dmean": 200.987411499, "dvar2": 123227.273438, "mean": 1064.79455566, "var": 571319.75, "dmean2": 314.545684814, "dvar": 67070.25, "min": 129.339584351, "median": 842.319519043, "max": 10785.3681641}, "barkbands_flatness_db": {"dmean": 0.029425477609, "dvar2": 0.00175650406163, "mean": 0.189423471689, "var": 0.00485539808869, "dmean2": 0.0475365184247, "dvar": 0.000672206340823, "min": 0.0319802314043, "median": 0.182710364461, "max": 0.457322657108}, "spectral_rms": {"dmean": 0.000691183086019, "dvar2": 2.11649171433e-06, "mean": 0.00449278019369, "var": 1.32560107886e-05, "dmean2": 0.00108787149657, "dvar": 8.51255151701e-07, "min": 3.20072202249e-12, "median": 0.00351240020245, "max": 0.0244654584676}, "melbands": {"dmean": [0.0021321515087, 0.00115522788838, 0.000378557073418, 0.000228359975154, 0.000228193966905, 0.000132887769723, 3.59467849194e-05, 3.25742621499e-05, 2.6579529731e-05, 2.40488752752e-05, 3.2797743188e-05, 2.24027171498e-05, 1.45050025822e-05, 1.10127293738e-05, 2.88054179691e-05, 2.23461593123e-05, 4.13562702306e-05, 2.1729598302e-05, 1.36115804708e-05, 8.61755052028e-06, 5.03862793266e-06, 3.72630279344e-06, 3.82765165341e-06, 5.54809639652e-06, 3.16576279147e-06, 1.98073416868e-06, 2.9120990348e-06, 2.71455382972e-06, 1.45527985751e-06, 8.6804499233e-07, 6.0628792653e-07, 1.95857680296e-07, 1.32915388917e-07, 1.00079866172e-07, 7.51038982116e-08, 5.02523036516e-08, 3.08041911978e-08, 2.02078904721e-08, 1.50771324314e-08, 1.33032331817e-08], "dvar2": [6.37742923573e-05, 3.54920084646e-05, 2.26536667469e-06, 8.43636087211e-07, 1.12833402e-06, 4.13551617839e-07, 4.24535606669e-08, 4.04930382558e-08, 4.64108289577e-08, 1.70157807844e-08, 4.01112316695e-08, 1.9345556268e-08, 5.65862556812e-09, 2.72685984903e-09, 5.63434170431e-08, 3.3711639702e-08, 5.2223629865e-08, 1.45783110028e-08, 1.50451402448e-08, 5.54737322744e-09, 1.69826730456e-09, 5.775708245e-10, 4.39525416063e-10, 1.09067044285e-09, 7.19824200246e-10, 3.85301651695e-10, 9.16051512423e-10, 4.85026907526e-10, 1.26884058815e-10, 3.68507620252e-11, 2.78076051768e-11, 1.60976364617e-12, 1.02621459507e-12, 1.32686266488e-12, 2.5429132541e-13, 1.15100420514e-13, 5.0874082914e-14, 9.85892225199e-15, 3.84801604575e-15, 2.94527416507e-15], "mean": [0.0038293430116, 0.0018606261583, 0.000632638111711, 0.000415843300289, 0.000522479182109, 0.000370857131202, 6.46808039164e-05, 5.77505416004e-05, 4.07263287343e-05, 3.65838095604e-05, 5.28295240656e-05, 3.7271038309e-05, 2.56712482951e-05, 2.10121288546e-05, 4.7898352932e-05, 4.06981744163e-05, 7.78423782322e-05, 4.29931969848e-05, 2.36766245507e-05, 1.38620216603e-05, 8.02954491519e-06, 6.52547259961e-06, 7.65342974773e-06, 1.12523830467e-05, 5.98319729761e-06, 3.74268302039e-06, 5.37146479473e-06, 5.38915537618e-06, 2.96198686556e-06, 1.69900079072e-06, 1.13568637516e-06, 3.36716169613e-07, 1.87967287957e-07, 1.33649294298e-07, 1.03340113355e-07, 6.66185755449e-08, 3.82295048951e-08, 2.35591208764e-08, 1.65514943973e-08, 1.45324783318e-08], "var": [5.41348781553e-05, 2.09730878851e-05, 1.65664232554e-06, 9.64856781138e-07, 1.81766904461e-06, 1.60294939633e-06, 5.53923484858e-08, 6.31095105064e-08, 3.59215164281e-08, 1.23334293889e-08, 3.72074531185e-08, 1.53120272017e-08, 4.75133488109e-09, 2.96069302408e-09, 4.50560513343e-08, 2.59811852032e-08, 5.7044776014e-08, 1.47074805668e-08, 1.16574430109e-08, 4.49131132285e-09, 1.49941770111e-09, 5.75795910951e-10, 5.52007328736e-10, 1.20688137262e-09, 7.00817237576e-10, 3.66464775192e-10, 9.02636909661e-10, 6.3890287505e-10, 1.82120624137e-10, 5.26018638369e-11, 2.48756796412e-11, 2.01562464636e-12, 7.30398814347e-13, 6.224585734e-13, 2.12146055931e-13, 9.40966664938e-14, 3.76709500725e-14, 7.2928596552e-15, 1.9099576521e-15, 1.45708714581e-15], "dmean2": [0.00351744797081, 0.00193090119865, 0.000638738216367, 0.000367230939446, 0.000357610057108, 0.00019235345826, 5.71463933738e-05, 5.09231540491e-05, 4.35990114056e-05, 3.96956966142e-05, 5.29687058588e-05, 3.58960605809e-05, 2.38824322878e-05, 1.79922099051e-05, 4.62664902443e-05, 3.60312333214e-05, 6.4716230554e-05, 3.57594217348e-05, 2.27178352361e-05, 1.38598416015e-05, 7.95982668933e-06, 5.92617652728e-06, 6.06252160651e-06, 8.70208441484e-06, 5.11364214617e-06, 3.08072594635e-06, 4.50543666375e-06, 4.13426232626e-06, 2.27859322877e-06, 1.31183196572e-06, 9.39007748002e-07, 2.96880273254e-07, 2.02515707315e-07, 1.50648688191e-07, 1.13090464993e-07, 7.91129011191e-08, 4.86953943835e-08, 3.23878843744e-08, 2.45946019106e-08, 2.17165876393e-08], "dvar": [2.34585168073e-05, 1.36512817335e-05, 8.26336815862e-07, 3.51181796532e-07, 4.63304985487e-07, 2.0660124278e-07, 1.72142691213e-08, 1.89111322157e-08, 1.66232307919e-08, 6.76003120148e-09, 1.57217119323e-08, 7.46926875905e-09, 2.13899387091e-09, 1.10501707784e-09, 2.26591687635e-08, 1.266600691e-08, 2.14865938375e-08, 5.32391819519e-09, 5.30376187413e-09, 2.22408247375e-09, 7.05082214836e-10, 2.40332281853e-10, 1.82735909737e-10, 4.18296536298e-10, 2.74767292252e-10, 1.57438131976e-10, 4.11202932815e-10, 2.1416333984e-10, 5.71572997266e-11, 1.69233429353e-11, 1.1525398691e-11, 7.37563113883e-13, 4.50044732384e-13, 5.44108269725e-13, 1.16942737503e-13, 5.39428222956e-14, 2.37547018866e-14, 4.37378548974e-15, 1.5665060149e-15, 1.19594540587e-15], "min": [1.57359906558e-23, 1.01898859178e-24, 7.40370256466e-24, 1.57250333778e-23, 1.69891277582e-23, 4.74450530684e-24, 1.12408379702e-23, 1.92048739579e-23, 1.39195611132e-23, 1.099045273e-23, 2.08417098491e-23, 2.02348927973e-23, 8.90220222983e-24, 2.99514077406e-23, 9.50934665895e-24, 1.45795552786e-23, 9.93136673286e-24, 3.68502369593e-24, 4.11744687303e-24, 5.39361713612e-24, 9.53005899088e-24, 7.79041637989e-24, 9.71695670541e-24, 1.11107682176e-23, 1.00747548242e-23, 8.19894772118e-24, 1.426970807e-23, 8.12980642943e-24, 1.20295474141e-23, 8.47712374219e-24, 6.21884807894e-24, 6.44492259817e-24, 7.27320682713e-24, 1.02572932933e-23, 1.34655180197e-23, 1.04185822163e-23, 1.0002570107e-23, 8.73228237971e-24, 8.33127361601e-24, 5.51301202298e-24], "median": [0.00116293632891, 0.000450277002528, 0.00015435073874, 6.91153909429e-05, 2.95001700579e-05, 1.71577376022e-05, 7.51691413825e-06, 4.32046044807e-06, 4.33113518739e-06, 6.49655203233e-06, 4.1671546569e-06, 2.15302657125e-06, 2.05298306355e-06, 1.73642627033e-06, 1.74287640675e-06, 1.1022328863e-06, 1.80497954716e-06, 1.97179087991e-06, 9.45547469655e-07, 8.92426442078e-07, 8.53889275731e-07, 7.12100245437e-07, 8.20645766453e-07, 9.07265985006e-07, 6.81395079027e-07, 3.52583441554e-07, 3.47171408066e-07, 2.99494928413e-07, 2.12977283809e-07, 1.66959480907e-07, 9.3283631486e-08, 3.49421611645e-08, 1.9259102757e-08, 1.39700704338e-08, 1.21562839794e-08, 8.60295124028e-09, 4.90218354798e-09, 3.47622841623e-09, 2.75306200059e-09, 2.46145837046e-09], "max": [0.109135523438, 0.115035645664, 0.0210622679442, 0.0165536664426, 0.0246946234256, 0.0190227534622, 0.00588287133723, 0.00620446586981, 0.00514847878367, 0.00270823691972, 0.0038782292977, 0.00328837055713, 0.00123392243404, 0.00133608665783, 0.00787572935224, 0.00456626527011, 0.00474066101015, 0.00223808223382, 0.00268310145475, 0.00140604004264, 0.00127469713334, 0.000678805459756, 0.000483662064653, 0.000714058347512, 0.000831561628729, 0.000554575468414, 0.00107065506745, 0.000497169676237, 0.000286011752905, 0.000167454883922, 0.000176483939867, 3.86198844353e-05, 2.89998224616e-05, 5.35101935384e-05, 2.06777222047e-05, 1.27772345877e-05, 8.8139786385e-06, 3.03306023852e-06, 8.14175450614e-07, 7.10331505616e-07]}, "barkbands_crest": {"dmean": 2.97110724449, "dvar2": 17.9954185486, "mean": 12.736579895, "var": 21.7123966217, "dmean2": 4.94283246994, "dvar": 6.43728494644, "min": 2.7443614006, "median": 12.6818876266, "max": 25.1719608307}, "mfcc": {"icov": [[0.00018279759388, -0.000226867763558, 0.000326018052874, -0.000102545782283, 1.57957856572e-05, -0.000388165994082, 0.000174478336703, -9.25118147279e-05, 0.000439686264144, 4.85300224682e-05, 0.000139545838465, -0.000236208099523, -6.99454858477e-06], [-0.000226867763558, 0.00157517485786, -0.000615402881522, -2.46085510298e-05, -2.88572232421e-06, 1.72350883076e-05, -0.00105629453901, 0.000781823939178, -1.25805881908e-05, 0.000423528137617, -0.00129197456408, 0.00016176434292, 0.000652474875096], [0.000326018052874, -0.000615402881522, 0.00192480208352, 0.000521290232427, -0.000973638612777, -0.000170735671418, 0.00111846008804, -0.0012879507849, 0.000702134799212, -0.000249145232374, 0.000643311243039, -0.000611622992437, -0.000926110544242], [-0.000102545782283, -2.46085510298e-05, 0.000521290232427, 0.00328355119564, -0.00102107215207, -5.73294018977e-05, 0.000592924363445, -0.000605923647527, -0.00136814871803, -0.000654999166727, 0.00210494967178, -0.00211751181632, -0.000496046443004], [1.57957856572e-05, -2.88572232421e-06, -0.000973638612777, -0.00102107215207, 0.00721261650324, -0.00060368666891, -0.00191654858645, 0.00117450987455, -0.000617018027697, 0.000852030061651, -0.00146564166062, -0.000567244074773, 0.000596293015406], [-0.000388165994082, 1.72350883076e-05, -0.000170735671418, -5.73294018977e-05, -0.00060368666891, 0.00716287503019, -0.00255371257663, -0.000945211271755, 0.000400642340537, -0.00137649360113, -0.000210051846807, 0.000994881847873, -0.00116812088527], [0.000174478336703, -0.00105629453901, 0.00111846008804, 0.000592924363445, -0.00191654858645, -0.00255371257663, 0.00982521101832, -0.00130023155361, -0.00135523837525, -0.00118060747627, 0.00156495848205, -0.00132177735213, 0.00244142790325], [-9.25118147279e-05, 0.000781823939178, -0.0012879507849, -0.000605923647527, 0.00117450987455, -0.000945211271755, -0.00130023155361, 0.0102367755026, -0.00410131691024, 0.0019145119004, -0.00298215192743, 0.000900089507923, -0.000861537584569], [0.000439686264144, -1.25805881908e-05, 0.000702134799212, -0.00136814871803, -0.000617018027697, 0.000400642340537, -0.00135523837525, -0.00410131691024, 0.0144651187584, -0.00678370846435, 0.00666354782879, -0.00417494447902, -0.00020463988767], [4.85300224682e-05, 0.000423528137617, -0.000249145232374, -0.000654999166727, 0.000852030061651, -0.00137649360113, -0.00118060747627, 0.0019145119004, -0.00678370846435, 0.0192917417735, -0.0104984901845, 0.00780624337494, -0.00489643262699], [0.000139545838465, -0.00129197456408, 0.000643311243039, 0.00210494967178, -0.00146564166062, -0.000210051846807, 0.00156495848205, -0.00298215192743, 0.00666354782879, -0.0104984901845, 0.0226475782692, -0.0105312429368, 0.00480227358639], [-0.000236208099523, 0.00016176434292, -0.000611622992437, -0.00211751181632, -0.000567244074773, 0.000994881847873, -0.00132177735213, 0.000900089507923, -0.00417494447902, 0.00780624337494, -0.0105312429368, 0.0243921093643, -0.00882123596966], [-6.99454858477e-06, 0.000652474875096, -0.000926110544242, -0.000496046443004, 0.000596293015406, -0.00116812088527, 0.00244142790325, -0.000861537584569, -0.00020463988767, -0.00489643262699, 0.00480227358639, -0.00882123596966, 0.0208138432354]], "mean": [-779.957946777, 154.71572876, -2.95318508148, 48.4105262756, 11.6510705948, 14.4304885864, 12.1361494064, 3.94356942177, 4.30814218521, 6.06034803391, 1.19607758522, 0.990197122097, -4.96790027618], "cov": [[14003.8066406, 1650.40209961, -2223.58789062, 390.807800293, -86.6218795776, 702.523681641, 232.435806274, -302.857147217, -482.143981934, -166.279891968, 104.443618774, 45.4566497803, -183.236968994], [1650.40209961, 1081.58532715, -14.4081411362, -70.8480224609, 52.1071624756, 108.820808411, 105.716392517, -80.8397521973, -120.31438446, -26.8440952301, 86.4233856201, 7.37120485306, -71.1266326904], [-2223.58789062, -14.4081411362, 1102.28869629, -156.678619385, 86.0063095093, -95.092590332, -80.6966629028, 99.2258911133, 33.8989028931, 16.1040382385, 12.7465457916, 18.1770553589, 59.6731529236], [390.807800293, -70.8480224609, -156.678619385, 467.715057373, 41.5669822693, 30.2954788208, 13.9657173157, 37.7385978699, 94.0004119873, 10.0617284775, -48.428440094, 46.9246559143, 41.313331604], [-86.6218795776, 52.1071624756, 86.0063095093, 41.5669822693, 172.186126709, 23.4992179871, 37.4947052002, 2.63333892822, 14.089304924, 1.93791472912, 10.4352846146, 15.9258117676, 0.188096180558], [702.523681641, 108.820808411, -95.092590332, 30.2954788208, 23.4992179871, 206.097259521, 67.2512283325, 10.0217647552, -7.53553009033, 15.6770486832, 11.6887378693, -0.434004962444, -2.53146529198], [232.435806274, 105.716392517, -80.6966629028, 13.9657173157, 37.4947052002, 67.2512283325, 151.753890991, 10.773645401, 18.9517536163, 11.4007005692, 3.78728318214, 1.17755424976, -18.6544818878], [-302.857147217, -80.8397521973, 99.2258911133, 37.7385978699, 2.63333892822, 10.0217647552, 10.773645401, 139.239181519, 58.7574806213, 13.1554250717, -1.69130194187, 11.4045305252, 21.6297302246], [-482.143981934, -120.31438446, 33.8989028931, 94.0004119873, 14.089304924, -7.53553009033, 18.9517536163, 58.7574806213, 147.339294434, 37.9674453735, -31.5268001556, 15.2486448288, 30.8578205109], [-166.279891968, -26.8440952301, 16.1040382385, 10.0617284775, 1.93791472912, 15.6770486832, 11.4007005692, 13.1554250717, 37.9674453735, 85.2693786621, 21.3828983307, -7.00189781189, 14.3052768707], [104.443618774, 86.4233856201, 12.7465457916, -48.428440094, 10.4352846146, 11.6887378693, 3.78728318214, -1.69130194187, -31.5268001556, 21.3828983307, 81.6633529663, 15.6635951996, -10.9012985229], [45.4566497803, 7.37120485306, 18.1770553589, 46.9246559143, 15.9258117676, -0.434004962444, 1.17755424976, 11.4045305252, 15.2486448288, -7.00189781189, 15.6635951996, 66.4668579102, 24.6231021881], [-183.236968994, -71.1266326904, 59.6731529236, 41.313331604, 0.188096180558, -2.53146529198, -18.6544818878, 21.6297302246, 30.8578205109, 14.3052768707, -10.9012985229, 24.6231021881, 73.4083480835]]}, "spectral_decrease": {"dmean": 2.54718979242e-09, "dvar2": 7.83811069816e-17, "mean": -4.87545781525e-09, "var": 7.54809852842e-17, "dmean2": 4.09943634594e-09, "dvar": 2.97628220162e-17, "min": -1.22233302591e-07, "median": -1.5788271801e-09, "max": 2.57061572029e-08}, "zerocrossingrate": {"dmean": 0.0520182661712, "dvar2": 0.00354658835568, "mean": 0.322486311197, "var": 0.0186547785997, "dmean2": 0.0688245072961, "dvar": 0.00206544599496, "min": 0.03369140625, "median": 0.30517578125, "max": 0.8857421875}, "spectral_contrast_coeffs": {"dmean": [0.0480289496481, 0.0429518781602, 0.0354339443147, 0.0293518863618, 0.0182799268514, 0.0346081331372], "dvar2": [0.00392507901415, 0.00338753825054, 0.00212366203777, 0.00150805956218, 0.000602241547313, 0.00265407562256], "mean": [-0.734935104847, -0.780659139156, -0.821709632874, -0.819704592228, -0.835682451725, -0.771950125694], "var": [0.00589423486963, 0.00722515676171, 0.00252390024252, 0.00487479008734, 0.0021087937057, 0.00488036172464], "dmean2": [0.0811557769775, 0.0716203972697, 0.0589297749102, 0.0479428581893, 0.0302235335112, 0.054803237319], "dvar": [0.00139112665784, 0.00122344889678, 0.000767188845202, 0.000585236295592, 0.000234729843214, 0.0010945169488], "min": [-0.941764712334, -0.959303796291, -0.957818448544, -0.978054583073, -0.969146609306, -0.963316142559], "median": [-0.742571532726, -0.798462152481, -0.824865102768, -0.832466244698, -0.837493181229, -0.786456346512], "max": [-0.379503667355, -0.413397938013, -0.568298518658, -0.543268382549, -0.652063250542, -0.436039179564]}, "spectral_skewness": {"dmean": 0.26433968544, "dvar2": 0.173505336046, "mean": 2.75026965141, "var": 0.398680090904, "dmean2": 0.417537003756, "dvar": 0.0690995901823, "min": 0.0263861659914, "median": 2.64543938637, "max": 6.17549419403}, "spectral_energyband_middle_high": {"dmean": 0.00096630648477, "dvar2": 1.86158849829e-05, "mean": 0.00299064069986, "var": 4.58555987279e-05, "dmean2": 0.001482337364, "dvar": 7.82832103141e-06, "min": 1.61988338398e-21, "median": 0.0002737409377, "max": 0.0860194116831}, "gfcc": {"icov": [[0.000189310710994, -0.000467354839202, 0.000703564321157, -0.000531531055458, 0.000155433182954, -0.000340883649187, 0.000235535379034, 5.12366059411e-05, 0.000491250131745, -0.000449567509349, -0.000158833601745, -2.27365544561e-05, -0.000234558872762], [-0.000467354839202, 0.00351910456084, -0.00375301833265, 0.00305365258828, -0.00194353540428, 0.00160464132205, -0.00107482227031, 0.000645111256745, -0.00138112611603, 0.00182718923315, -0.00156583241187, 0.00115619320422, 0.000470728409709], [0.000703564321157, -0.00375301833265, 0.00730251800269, -0.00580657320097, 0.0041597248055, -0.00391458906233, 0.00217040558346, -0.00109602580778, 0.0018130086828, -0.00115134334192, -0.000758532609325, 0.00149918079842, -0.00186957535334], [-0.000531531055458, 0.00305365258828, -0.00580657320097, 0.0100008025765, -0.00678653549403, 0.00425824476406, -0.00159518048167, -0.00190020969603, -0.000152343622176, -0.00274554057978, 0.00682180095464, -0.00705843465403, 0.00443258974701], [0.000155433182954, -0.00194353540428, 0.0041597248055, -0.00678653549403, 0.0105250161141, -0.00315578887239, -0.00173334416468, 0.00205290992744, -0.00141554477159, 0.00403494853526, -0.00791721884161, 0.00940000731498, -0.00706630572677], [-0.000340883649187, 0.00160464132205, -0.00391458906233, 0.00425824476406, -0.00315578887239, 0.00692448252812, -0.00125613890123, -0.00215581641532, 0.00231788842939, -0.00346718379296, 0.00311481254175, -0.00356383481994, 0.00332856550813], [0.000235535379034, -0.00107482227031, 0.00217040558346, -0.00159518048167, -0.00173334416468, -0.00125613890123, 0.00776077434421, 0.000238024120335, -0.00268275616691, 0.0012394055957, 0.00151558895595, -6.791530177e-05, -0.000660484307446], [5.12366059411e-05, 0.000645111256745, -0.00109602580778, -0.00190020969603, 0.00205290992744, -0.00215581641532, 0.000238024120335, 0.00946690142155, -0.00377896055579, 0.00299828848802, -0.00272196880542, 0.00378585536964, -0.00346918124706], [0.000491250131745, -0.00138112611603, 0.0018130086828, -0.000152343622176, -0.00141554477159, 0.00231788842939, -0.00268275616691, -0.00377896055579, 0.0180050563067, -0.0114849908277, 0.00631016446277, -0.00860680639744, 0.00522995786741], [-0.000449567509349, 0.00182718923315, -0.00115134334192, -0.00274554057978, 0.00403494853526, -0.00346718379296, 0.0012394055957, 0.00299828848802, -0.0114849908277, 0.0278231874108, -0.0175723731518, 0.0126063283533, -0.00870053377002], [-0.000158833601745, -0.00156583241187, -0.000758532609325, 0.00682180095464, -0.00791721884161, 0.00311481254175, 0.00151558895595, -0.00272196880542, 0.00631016446277, -0.0175723731518, 0.0293445140123, -0.0179188102484, 0.00697484379634], [-2.27365544561e-05, 0.00115619320422, 0.00149918079842, -0.00705843465403, 0.00940000731498, -0.00356383481994, -6.791530177e-05, 0.00378585536964, -0.00860680639744, 0.0126063283533, -0.0179188102484, 0.0293565113097, -0.0115711931139], [-0.000234558872762, 0.000470728409709, -0.00186957535334, 0.00443258974701, -0.00706630572677, 0.00332856550813, -0.000660484307446, -0.00346918124706, 0.00522995786741, -0.00870053377002, 0.00697484379634, -0.0115711931139, 0.0195282045752]], "mean": [-108.423522949, 93.4660186768, -70.8855133057, 14.4243144989, -0.478819906712, -20.6986503601, 4.15390348434, -15.1310482025, -3.3525865078, -8.0524969101, -2.20585250854, -7.04480886459, -0.660041749477], "cov": [[14329.2480469, 1371.0859375, -1360.72619629, -292.919952393, 1026.58032227, -77.309135437, 84.3436660767, -531.291381836, -278.888519287, 318.382263184, 545.527893066, -58.67628479, 355.323059082], [1371.0859375, 899.776611328, 215.313858032, -147.334365845, 124.219245911, 49.6730651855, -13.3442106247, -55.1654472351, -55.3345909119, 33.9910125732, 106.769340515, -60.9817085266, 30.7613353729], [-1360.72619629, 215.313858032, 812.993103027, 143.481033325, -238.43347168, 232.195465088, -150.713577271, 179.372741699, -23.9428195953, 3.46983218193, -50.1989898682, 7.63521909714, -44.9435272217], [-292.919952393, -147.334365845, 143.481033325, 367.066925049, 85.0411376953, -33.0505638123, 66.2666397095, 68.7056350708, 48.1968841553, -10.9784250259, -61.6364097595, 28.7964782715, 2.58216977119], [1026.58032227, 124.219245911, -238.43347168, 85.0411376953, 392.804718018, -54.0919418335, 145.194549561, -71.4088134766, 5.1027765274, 22.5144882202, 54.0593070984, -39.1083908081, 76.9711456299], [-77.309135437, 49.6730651855, 232.195465088, -33.0505638123, -54.0919418335, 298.587005615, -46.1659049988, 73.4769287109, -33.4817581177, 26.3342971802, 3.81833982468, -1.79019129276, -13.0943727493], [84.3436660767, -13.3442106247, -150.713577271, 66.2666397095, 145.194549561, -46.1659049988, 229.24130249, -23.2836990356, 46.9908027649, -14.1069564819, -17.107542038, -7.61070156097, 18.6198177338], [-531.291381836, -55.1654472351, 179.372741699, 68.7056350708, -71.4088134766, 73.4769287109, -23.2836990356, 177.719589233, 25.4850120544, -0.36593824625, -26.519575119, 7.82406282425, -3.93360710144], [-278.888519287, -55.3345909119, -23.9428195953, 48.1968841553, 5.1027765274, -33.4817581177, 46.9908027649, 25.4850120544, 106.679328918, 21.1516227722, -7.26014661789, 21.5453300476, -5.365046978], [318.382263184, 33.9910125732, 3.46983218193, -10.9784250259, 22.5144882202, 26.3342971802, -14.1069564819, -0.36593824625, 21.1516227722, 87.9940338135, 54.6144561768, 3.78521728516, 25.2212543488], [545.527893066, 106.769340515, -50.1989898682, -61.6364097595, 54.0593070984, 3.81833982468, -17.107542038, -26.519575119, -7.26014661789, 54.6144561768, 110.11618042, 22.884759903, 27.291431427], [-58.67628479, -60.9817085266, 7.63521909714, 28.7964782715, -39.1083908081, -1.79019129276, -7.61070156097, 7.82406282425, 21.5453300476, 3.78521728516, 22.884759903, 79.6708145142, 17.196598053], [355.323059082, 30.7613353729, -44.9435272217, 2.58216977119, 76.9711456299, -13.0943727493, 18.6198177338, -3.93360710144, -5.365046978, 25.2212543488, 27.291431427, 17.196598053, 92.9763259888]]}, "erbbands_spread": {"dmean": 7.29948711395, "dvar2": 123.395339966, "mean": 40.4598693848, "var": 337.399505615, "dmean2": 11.5884580612, "dvar": 53.8408584595, "min": 3.08634209633, "median": 38.7825469971, "max": 129.102890015}, "erbbands_kurtosis": {"dmean": 1.08283042908, "dvar2": 6.22246026993, "mean": 0.911026000977, "var": 7.3772726059, "dmean2": 1.76247429848, "dvar": 2.46339797974, "min": -1.84170782566, "median": -0.0206353664398, "max": 34.070186615}, "dynamic_complexity": 8.33636856079, "erbbands_crest": {"dmean": 2.51470470428, "dvar2": 14.4496431351, "mean": 9.00664329529, "var": 17.6138954163, "dmean2": 4.15889167786, "dvar": 5.40054035187, "min": 2.51947116852, "median": 8.01153755188, "max": 30.5777511597}, "erbbands": {"dmean": [0.284641981125, 1.25925910473, 1.83120834827, 2.13547945023, 3.21708345413, 3.39430999756, 7.64235448837, 5.36867141724, 2.42653131485, 3.01447057724, 3.03110671043, 3.88286089897, 6.2549905777, 5.08805513382, 3.97537899017, 5.56503629684, 11.8438205719, 19.2744960785, 12.0800142288, 7.35117197037, 4.4237279892, 3.373711586, 4.69550085068, 3.83834314346, 3.06460499763, 3.80291390419, 1.79986226559, 1.140797019, 0.32850292325, 0.189767003059, 0.119446463883, 0.0574853532016, 0.0274474266917, 0.0162985250354, 0.0104646710679, 0.00657143164426, 0.00574530800804, 0.00612509157509, 0.0130585925654, 0.00747187808156], "dvar2": [1.15483546257, 34.3802223206, 94.3560409546, 82.2845153809, 160.525817871, 224.920791626, 1456.31787109, 644.62677002, 210.888275146, 308.842651367, 563.93145752, 468.260894775, 1425.45776367, 977.795715332, 367.128234863, 910.409240723, 10856.9208984, 11560.6523438, 4476.39990234, 3438.92871094, 1294.58605957, 412.184387207, 727.978515625, 918.513305664, 935.66784668, 940.836730957, 168.423126221, 82.1842880249, 4.1652636528, 3.68354606628, 0.634673237801, 0.132484927773, 0.0156660303473, 0.00443334784359, 0.00175893574487, 0.000643113045953, 0.00110817095265, 0.00126860768069, 0.00814112275839, 0.00147075322457], "mean": [0.463176995516, 1.96001827717, 2.68980646133, 3.26632976532, 5.49488401413, 6.01218557358, 17.032075882, 14.7037658691, 4.58231592178, 5.57212924957, 4.77334260941, 6.06659126282, 10.2796697617, 8.71507644653, 7.64507484436, 10.8179292679, 21.7114238739, 38.1057701111, 25.1982555389, 13.810708046, 7.74166917801, 6.65660238266, 10.7367372513, 8.04430675507, 6.15545988083, 8.00516796112, 4.12561988831, 2.30515408516, 0.603349864483, 0.27139467001, 0.167803138494, 0.075643658638, 0.032290443778, 0.0180059764534, 0.0117036178708, 0.00799944810569, 0.00876197498292, 0.0161354765296, 0.0498626232147, 0.0282367747277], "var": [0.888374745846, 19.7618312836, 52.5303268433, 50.9456863403, 156.328567505, 245.359527588, 2129.36279297, 2784.04931641, 264.726409912, 576.991699219, 455.790222168, 355.800689697, 1332.82958984, 735.471435547, 355.330749512, 993.947875977, 9030.43164062, 13462.1816406, 4860.08105469, 3776.89941406, 1212.19360352, 507.003509521, 963.425476074, 1015.47027588, 1030.14782715, 1406.2590332, 325.069549561, 92.5442428589, 5.73015928268, 2.02038097382, 0.555594265461, 0.119822993875, 0.0111565375701, 0.00220755604096, 0.000898337631952, 0.000424509780714, 0.00129408820067, 0.00372849032283, 0.0440067648888, 0.00484021240845], "dmean2": [0.470455139875, 2.07887458801, 3.05731940269, 3.62747859955, 5.35513544083, 5.40554141998, 12.0395975113, 7.6692647934, 3.88711214066, 4.67580223083, 4.95444297791, 6.39408874512, 10.1057596207, 8.15349674225, 6.47881746292, 8.99171829224, 18.8791275024, 30.1962356567, 19.8161716461, 12.0079193115, 6.87566709518, 5.32378435135, 7.30408573151, 6.06430578232, 4.55600595474, 5.71964263916, 2.71403646469, 1.74022245407, 0.487084835768, 0.2823317945, 0.17979696393, 0.0902669206262, 0.0440418943763, 0.0265953224152, 0.0170244462788, 0.0105533469468, 0.00870588514954, 0.008614692837, 0.0185889452696, 0.0116535527632], "dvar": [0.417039573193, 12.8165855408, 36.4336700439, 29.3783359528, 61.9574432373, 93.4250488281, 588.750854492, 339.123413086, 83.2100067139, 150.214187622, 210.283218384, 184.514160156, 559.260864258, 374.290527344, 140.564712524, 376.257995605, 4313.66455078, 4840.70751953, 1631.24719238, 1310.29541016, 543.5859375, 176.598464966, 288.183319092, 356.940368652, 418.102355957, 438.571472168, 83.5806884766, 35.3486671448, 1.95351684093, 1.55272841454, 0.299105614424, 0.0650307312608, 0.00693362159654, 0.00180133199319, 0.000716292008292, 0.000275473197689, 0.000567067938391, 0.000682351994328, 0.00454407371581, 0.000609158654697], "min": [1.90208970166e-21, 1.60989935841e-21, 1.23743362068e-21, 1.56489711821e-20, 1.47904158675e-19, 3.63282267096e-19, 4.01708373765e-19, 2.03455372641e-19, 7.3008449789e-19, 1.66665188824e-18, 1.57245028533e-18, 1.78078068569e-18, 4.15379663378e-18, 4.87507662123e-18, 4.2572599712e-18, 8.44506489509e-18, 6.03749947398e-18, 5.75534237677e-18, 2.48513717819e-18, 3.32015284551e-18, 7.45368314068e-18, 7.54770131629e-18, 1.29145434291e-17, 1.24306833026e-17, 1.5055962661e-17, 1.49451535461e-17, 1.80942367555e-17, 1.05847329856e-17, 1.12183458902e-17, 1.77709365219e-17, 2.24227025018e-17, 1.60772412043e-17, 1.31087869436e-17, 7.63520130866e-18, 1.0488470669e-17, 7.1295333925e-18, 3.47039448735e-18, 1.75325335567e-18, 3.13694650529e-19, 2.95611086472e-20], "median": [0.130174323916, 0.507025301456, 0.56183797121, 0.768643021584, 1.08748066425, 0.793096661568, 0.772072017193, 0.741982758045, 0.548711419106, 0.422598361969, 0.501359045506, 1.05746006966, 0.878606438637, 0.597557723522, 0.659671187401, 0.699838399887, 0.659548163414, 1.01450133324, 1.16936564445, 0.780649721622, 0.807040154934, 0.792360603809, 1.04340624809, 0.911414921284, 0.527231276035, 0.496415704489, 0.348737090826, 0.210017994046, 0.0665235817432, 0.0304632745683, 0.020697761327, 0.010453665629, 0.0051103993319, 0.00309298164211, 0.00209861458279, 0.00148677360266, 0.00152791873552, 0.0023134087678, 0.00551943015307, 0.00403215549886], "max": [12.0350503922, 100.628829956, 187.979812622, 120.177627563, 190.612411499, 308.564697266, 902.749816895, 800.905212402, 430.916046143, 688.684448242, 507.060150146, 494.343109131, 733.135192871, 827.467407227, 283.309051514, 729.679321289, 3266.80151367, 2273.390625, 1132.73254395, 1339.63220215, 1123.33422852, 572.7421875, 650.804382324, 957.287780762, 1026.0682373, 791.317382812, 385.694702148, 280.190765381, 64.1342163086, 88.4061355591, 33.5527839661, 12.6226682663, 3.45650959015, 0.869225800037, 0.546879410744, 0.427792608738, 1.59937381744, 1.51175713539, 4.50048828125, 0.900314927101]}, "silence_rate_30dB": {"dmean": 0.028310501948, "dvar2": 0.0671260282397, "mean": 0.902747154236, "var": 0.0877815112472, "dmean2": 0.0566253140569, "dvar": 0.0275076385587, "min": 0, "median": 1, "max": 1}, "silence_rate_60dB": {"dmean": 0.0205479450524, "dvar2": 0.0514450371265, "mean": 0.235978990793, "var": 0.180279001594, "dmean2": 0.0410990193486, "dvar": 0.0201294571161, "min": 0, "median": 0, "max": 1}, "spectral_energyband_middle_low": {"dmean": 0.00233082473278, "dvar2": 7.03103578417e-05, "mean": 0.00650682440028, "var": 0.000147300917888, "dmean2": 0.00364025565796, "dvar": 2.90636799036e-05, "min": 4.28765768661e-22, "median": 0.00121638644487, "max": 0.15333288908}, "spectral_spread": {"dmean": 473005.9375, "dvar2": 524127567872, "mean": 4417550, "var": 1030117064700.0, "dmean2": 746797.375, "dvar": 259578413056, "min": 1694584.75, "median": 4340573, "max": 39821004}, "barkbands": {"dmean": [0.00199522217736, 0.00674109021202, 0.00128394202329, 0.00093833176652, 0.00100661988836, 0.000911892042495, 0.000172735715751, 0.000140664385981, 0.000171378997038, 0.000221316091483, 0.000113409107144, 0.000115125461889, 0.000269390526228, 0.0004010325938, 0.000193369254703, 0.00010708503396, 6.14694436081e-05, 9.58237142186e-05, 5.76676575292e-05, 8.13310034573e-05, 3.29999384121e-05, 8.11062636785e-06, 4.53962138636e-06, 2.04856155506e-06, 1.46013962876e-06, 2.83516328636e-06, 0.000385633349651], "dvar2": [7.67873643781e-05, 0.000703741214238, 4.00948738388e-05, 1.58875609486e-05, 1.51044550876e-05, 2.16760035983e-05, 8.88088550255e-07, 1.12116219952e-06, 9.83483118944e-07, 1.90933064914e-06, 4.11827869584e-07, 