{"tonal": {"hpcp": {"dvar": [0.0422971695662, 0.044699318707, 0.0386866144836, 0.030433613807, 0.0274674482644, 0.0266401190311, 0.0326951518655, 0.0335582755506, 0.0234052315354, 0.021064741537, 0.0196598246694, 0.010094480589, 0.00691440841183, 0.00798774138093, 0.013091606088, 0.0214750766754, 0.029324522242, 0.0210647154599, 0.0113256266341, 0.00982621498406, 0.0145622463897, 0.0245633367449, 0.0322465822101, 0.0310070496053, 0.0781347900629, 0.0256250537932, 0.0125086633489, 0.0250494517386, 0.0326362513006, 0.0322759635746, 0.0431778803468, 0.051122713834, 0.0366295836866, 0.0282838456333, 0.0232046321034, 0.0299688912928], "var": [0.0686632245779, 0.0836034342647, 0.0399265810847, 0.0250794328749, 0.0216993670911, 0.0255730804056, 0.0580225512385, 0.0816710144281, 0.0353517383337, 0.0493892990053, 0.0634676590562, 0.0134431915358, 0.00521843880415, 0.00595830846578, 0.0133079197258, 0.056070137769, 0.0945197194815, 0.0346931219101, 0.00894417800009, 0.00724440300837, 0.0150615852326, 0.0603146702051, 0.113571740687, 0.0453350506723, 0.0577041395009, 0.0203925389796, 0.012660574168, 0.0588468946517, 0.0879497751594, 0.0421962179244, 0.105800002813, 0.165729910135, 0.0570099502802, 0.0225688777864, 0.0161563567817, 0.0252785943449], "median": [0.0242398213595, 0.0347995124757, 0.0167330652475, 0.00285162054934, 0.0019376691198, 0.00490347854793, 0.0276770796627, 0.0376868695021, 0.0268858838826, 0.0120058786124, 0.00622568046674, 0.00373922288418, 0.00257433089428, 0.00226446636952, 0.00588720943779, 0.0479961186647, 0.0654794722795, 0.0254521984607, 0.00201299437322, 0.00100133218803, 0.00422475673258, 0.0263571292162, 0.0363524667919, 0.0325151495636, 0.00535283470526, 0.00293598789722, 0.0050670877099, 0.0210905540735, 0.0277476646006, 0.0479045584798, 0.174662724137, 0.229594692588, 0.0942993238568, 0.00648329081014, 0.00304073933512, 0.00628802040592], "max": [1, 1, 1, 1, 1, 1, 1, 1, 1, 1, 1, 1, 1, 1, 1, 1, 1, 1, 1, 1, 1, 1, 1, 1, 1, 1, 1, 1, 1, 1, 1, 1, 1, 1, 1, 1], "dmean": [0.114965237677, 0.122201681137, 0.0992141291499, 0.0706346929073, 0.0626593008637, 0.0699262991548, 0.0951228961349, 0.0969223901629, 0.0824411660433, 0.0714092105627, 0.0619776025414, 0.0410020202398, 0.0242149513215, 0.0263455994427, 0.0446188822389, 0.0880101844668, 0.101093702018, 0.0765165314078, 0.0368994250894, 0.029333896935, 0.0456140935421, 0.0851119235158, 0.0956769883633, 0.110470414162, 0.132065668702, 0.0776161029935, 0.0459284707904, 0.0848192721605, 0.0944307297468, 0.111734546721, 0.155763059855, 0.147546499968, 0.123576916754, 0.0722391009331, 0.0572030246258, 0.0777430832386], "dmean2": [0.200604021549, 0.208046391606, 0.173665910959, 0.128252103925, 0.115146271884, 0.124310076237, 0.162185147405, 0.163053050637, 0.141927614808, 0.120716758072, 0.102323822677, 0.0704632997513, 0.0435809157789, 0.0476736277342, 0.0780611261725, 0.14303137362, 0.164878368378, 0.12892447412, 0.0663332417607, 0.0540422610939, 0.0798969715834, 0.140224024653, 0.157330006361, 0.195693075657, 0.248123109341, 0.143666908145, 0.0802602767944, 0.141379356384, 0.159653320909, 0.191067442298, 0.257576048374, 0.247385576367, 0.213193640113, 0.131468683481, 0.105373539031, 0.140100494027], "mean": [0.157408848405, 0.184292644262, 0.104194350541, 0.053235579282, 0.0458720326424, 0.0615763776004, 0.1383664608, 0.172961637378, 0.107472062111, 0.114853352308, 0.121547393501, 0.0520369186997, 0.0203691255301, 0.0221751742065, 0.0449431240559, 0.161277234554, 0.221362158656, 0.111413232982, 0.0285500250757, 0.0218235552311, 0.0435244292021, 0.160889327526, 0.227049097419, 0.148476973176, 0.0926018357277, 0.0551206991076, 0.0451822169125, 0.136870667338, 0.174431279302, 0.137737795711, 0.314708083868, 0.407946705818, 0.198963269591, 0.060358364135, 0.0424174815416, 0.0659158676863], "dvar2": [0.108713254333, 0.107661351562, 0.101770654321, 0.0814375281334, 0.075014449656, 0.0709019377828, 0.082112826407, 0.0798120945692, 0.0620686337352, 0.0519995614886, 0.0452676676214, 0.0268667079508, 0.0194280911237, 0.0232685282826, 0.0345729365945, 0.0532542429864, 0.0679894015193, 0.0545317493379, 0.0311729833484, 0.0275166202337, 0.0384561158717, 0.0600906163454, 0.0714540556073, 0.0795467048883, 0.20673276484, 0.0672637224197, 0.0333004966378, 0.0616863034666, 0.0759924352169, 0.0843226090074, 0.107697553933, 0.119987599552, 0.0967087447643, 0.0774983689189, 0.0652666017413, 0.0829723700881], "min": [0, 0, 0, 0, 0, 0, 0, 0, 0, 0, 0, 0, 0, 0, 0, 0, 0, 0, 0, 0, 0, 0, 0, 0, 0, 0, 0, 0, 0, 0, 0, 0, 0, 0, 0, 0]}, "key_key": "G", "thpcp": [1, 0.48771879077, 0.147956490517, 0.103978000581, 0.161579608917, 0.385856389999, 0.45175665617, 0.255411684513, 0.130496412516, 0.112446144223, 0.150942206383, 0.339177787304, 0.423980951309, 0.263446331024, 0.281540095806, 0.297949194908, 0.127558127046, 0.0499308481812, 0.0543580166996, 0.110169105232, 0.395338982344, 0.542625188828, 0.27310732007, 0.0699846968055, 0.0534960925579, 0.106691457331, 0.394388109446, 0.556565582752, 0.363961696625, 0.226994931698, 0.135117396712, 0.110755197704, 0.335511147976, 0.427583485842, 0.337636739016, 0.77144408226], "chords_key": "G", "tuning_equal_tempered_deviation": 0.258182644844, "tuning_frequency": 434.193115234, "tuning_diatonic_strength": 0.676704883575, "chords_histogram": [26.7341861725, 10.2617998123, 15.1538314819, 0, 1.01280331612, 0.0764379873872, 0.0382189936936, 0, 0.879036903381, 0.229313969612, 0, 0, 0, 0.133766487241, 0, 0.0764379873872, 0, 8.79036903381, 0.57328492403, 1.22300779819, 0.535065948963, 8.92413520813, 14.8480796814, 10.5102233887], "key_strength": 0.797998964787, "key_scale": "major", "chords_strength": {"dvar": 0.000429904932389, "var": 0.0142031870782, "median": 0.51396471262, "max": 0.734788179398, "dmean": 0.00996731035411, "dmean2": 0.00837841816247, "mean": 0.502547383308, "dvar2": 0.000719291740097, "min": -1}, "chords_number_rate": 0.00171985477209, "tuning_nontempered_energy_ratio": 0.977133929729, "hpcp_entropy": {"dvar": 0.214759916067, "var": 0.483690738678, "median": 1.64108633995, "max": 4.30985164642, "dmean": 0.504815995693, "dmean2": 0.851955831051, "mean": 1.63952064514, "dvar2": 0.557937383652, "min": 0}, "chords_changes_rate": 0.0525511167943, "chords_scale": "major"}, "rhythm": {"bpm_histogram_first_peak_spread": {"dvar": 0, "var": 0, "median": 0.488888859749, "max": 0.488888859749, "dmean": 0, "dmean2": 0, "mean": 0.488888859749, "dvar2": 0, "min": 0.488888859749}, "bpm_histogram_first_peak_weight": {"dvar": 0, "var": 0, "median": 0.460000008345, "max": 0.460000008345, "dmean": 0, "dmean2": 0, "mean": 0.460000008345, "dvar2": 0, "min": 0.460000008345}, "bpm_histogram_first_peak_bpm": {"dvar": 0, "var": 0, "median": 86, "max": 86, "dmean": 0, "dmean2": 0, "mean": 86, "dvar2": 0, "min": 86}, "bpm": 87.142906189, "bpm_histogram_second_peak_weight": {"dvar": 0, "var": 0, "median": 0.0742857158184, "max": 0.0742857158184, "dmean": 0, "dmean2": 0, "mean": 0.0742857158184, "dvar2": 0, "min": 0.0742857158184}, "beats_loudness": {"dvar": 0.000327570276568, "var": 0.000663340149913, "median": 0.0390437506139, "max": 0.17643918097, "dmean": 0.0208772197366, "dmean2": 0.0367417223752, "mean": 0.0425828956068, "dvar2": 0.000877071521245, "min": 1.21426713129e-09}, "beats_loudness_band_ratio": {"dvar": [0.0518782325089, 0.0248002670705, 0.0192059539258, 0.00901160482317, 0.00356669258326, 0.00215548742563], "var": [0.0784014463425, 0.0367303490639, 0.0249574128538, 0.0150841576979, 0.0038115743082, 0.00375137850642], "median": [0.458171695471, 0.19120401144, 0.190021336079, 0.0380692966282, 0.024007409811, 0.00224064826034], "max": [0.992545425892, 0.877984881401, 0.739979505539, 0.841508567333, 0.468687593937, 0.79360216856], "dmean": [0.327069997787, 0.179445996881, 0.161370635033, 0.0744001418352, 0.0498813912272, 0.0210599023849], "dmean2": [0.62221300602, 0.33748498559, 0.291188448668, 0.135608822107, 0.0955022796988, 0.0411643832922], "mean": [0.481274217367, 0.244601368904, 0.21407365799, 0.0831845626235, 0.045628041029, 0.0158620234579], "dvar2": [0.193216532469, 0.0765443742275, 0.0605991110206, 0.0250855945051, 0.0104243643582, 0.0048104096204], "min": [0.0133553305641, 7.40758478059e-05, 0.0005606909981, 0.000103607999336, 3.05710491375e-05, 1.73397493199e-05]}, "bpm_histogram_second_peak_bpm": {"dvar": 0, "var": 0, "median": 91, "max": 91, "dmean": 0, "dmean2": 0, "mean": 91, "dvar2": 0, "min": 91}, "onset_rate": 3.5640027523, "beats_count": 351, "beats_position": [0.638548731804, 1.27709746361, 1.92725622654, 2.57741498947, 3.22757363319, 3.90095233917, 4.59755086899, 5.28253936768, 5.9675283432, 6.66412687302, 7.36072540283, 8.04571437836, 8.73070240021, 9.41569137573, 10.1006803513, 10.7972784042, 11.4938774109, 12.1904764175, 12.8870744705, 13.572063446, 14.2570514679, 14.9536504745, 15.6502494812, 16.3468475342, 17.031835556, 17.7284355164, 18.4134235382, 19.1100215912, 19.7950115204, 20.4799995422, 21.1649875641, 21.8499774933, 22.5465755463, 23.219953537, 23.9165534973, 24.6131515503, 25.3097496033, 25.9831295013, 26.6797275543, 27.3647155762, 28.0497055054, 28.7346935272, 29.4196815491, 30.1162815094, 30.8012695312, 31.4862575531, 32.171245575, 32.8562355042, 33.5412254333, 34.2262115479, 34.9228096008, 35.6194114685, 36.304397583, 36.9893875122, 37.6743774414, 38.3709754944, 39.0559616089, 39.7525634766, 40.4491615295, 41.1457595825, 41.830745697, 42.5157356262, 43.2123336792, 43.8973236084, 44.5823135376, 45.2789115906, 45.9755096436, 46.6721076965, 47.3687057495, 48.0653038025, 48.7502937317, 49.4352836609, 50.1318817139, 50.8284797668, 51.5366897583, 52.2448959351, 52.9531059265, 53.661315918, 54.3579139709, 55.0661201477, 55.7627182007, 56.4709281921, 57.1675262451, 57.8641242981, 58.5607261658, 59.2457122803, 59.9539222717, 60.6621322632, 61.3703384399, 62.0785484314, 62.7867546082, 63.4833564758, 64.1799545288, 64.8765487671, 65.5731506348, 66.2697525024, 66.9663467407, 67.6745529175, 68.3711547852, 69.0793609619, 69.7759628296, 70.4725646973, 71.1691589355, 71.8657608032, 72.5507507324, 73.2357330322, 73.9323348999, 74.6289291382, 75.3255310059, 76.0221328735, 76.7187271118, 77.4153289795, 78.1003189087, 78.7853012085, 79.4819030762, 80.1785049438, 80.8634872437, 81.5484771729, 82.2450790405, 82.9300689697, 83.6150588989, 84.3116531372, 85.0082550049, 85.7048492432, 86.4014511108, 87.0980453491, 87.7830352783, 88.479637146, 89.1646270752, 89.8612213135, 90.5462112427, 91.2428131104, 91.9277954102, 92.6243972778, 93.309387207, 94.0059814453, 94.702583313, 95.3875732422, 96.0725631714, 96.7691574097, 97.4541473389, 98.1507492065, 98.8357315063, 99.5207214355, 100.217323303, 100.913917542, 101.587303162, 102.2838974, 102.980499268, 103.665489197, 104.350471497, 105.047073364, 105.743675232, 106.44026947, 107.136871338, 107.833465576, 108.530067444, 109.226661682, 109.92326355, 110.619865417, 111.328071594, 112.036277771, 112.744483948, 113.452697754, 114.149291992, 114.84589386, 115.542495728, 116.250701904, 116.947296143, 117.632286072, 118.328887939, 119.025482178, 119.710472107, 120.418685913, 121.138504028, 121.858322144, 122.56652832, 123.297958374, 124.006164551, 124.714370728, 125.422584534, 126.13079071, 126.827392578, 127.523986816, 128.220581055, 128.917190552, 129.602172852, 130.29876709, 130.983764648, 131.668746948, 132.353744507, 133.038726807, 133.723709106, 134.397094727, 135.082077026, 135.767074585, 136.463668823, 137.160263062, 137.856872559, 138.553466797, 139.238449097, 139.923446655, 140.620040894, 141.305038452, 141.990020752, 142.675003052, 143.36000061, 144.056594849, 144.729980469, 145.40335083, 146.07673645, 146.76171875, 147.446716309, 148.143310547, 148.839904785, 149.548110962, 150.233108521, 150.906478882, 151.59147644, 152.27645874, 152.973052979, 153.646438599, 154.31980896, 154.99319458, 155.654968262, 156.316726685, 156.978500366, 157.663482666, 158.348480225, 159.010253906, 159.706848145, 160.380218506, 161.053604126, 161.726974487, 162.400360107, 163.073745728, 163.73550415, 164.397277832, 165.070648193, 165.744033813, 166.417419434, 167.090789795, 167.764175415, 168.437545776, 169.110931396, 169.784301758, 170.457687378, 171.119445801, 171.781219482, 172.454605103, 173.116363525, 173.778137207, 174.451522827, 175.11328125, 175.775054932, 176.448425293, 177.121810913, 177.771972656, 178.445343018, 179.118728638, 179.792098999, 180.465484619, 181.138870239, 181.812240601, 182.485626221, 183.147384644, 183.809158325, 184.470932007, 185.13269043, 185.80607605, 186.467849731, 187.129608154, 187.802993774, 188.476364136, 189.149749756, 189.823120117, 190.496505737, 191.169876099, 191.843261719, 192.5050354, 193.166793823, 193.840179443, 194.513549805, 195.186935425, 195.860321045, 196.522079468, 197.183853149, 197.857223511, 198.530609131, 199.203994751, 199.877365112, 200.550750732, 201.235733032, 201.920715332, 202.594100952, 203.279083252, 203.952468872, 204.637451172, 205.310836792, 205.984207153, 206.657592773, 207.354187012, 208.03918457, 208.747390747, 209.455596924, 210.163803101, 210.872009277, 211.580215454, 212.276824951, 212.973419189, 213.670013428, 214.378234863, 215.08644104, 215.783035278, 216.479629517, 217.176239014, 217.872833252, 218.56942749, 219.254425049, 219.951019287, 220.636001587, 221.309387207, 221.994369507, 222.690963745, 223.375961304, 224.072555542, 224.76914978, 225.477371216, 226.185577393, 226.882171631, 227.590377808, 228.298583984, 228.995193481, 229.69178772, 230.37677002, 231.073379517, 231.769973755, 232.454956055, 233.151565552, 233.84815979, 234.556365967, 235.276184082, 235.996002197, 236.773880005, 237.551742554, 238.341217041, 239.119094849, 239.896957397, 240.674819946, 241.452697754, 242.230560303], "danceability": 1.12039995193, "bpm_histogram_second_peak_spread": {"dvar": 0, "var": 0, "median": 0.0370370149612, "max": 0.0370370149612, "dmean": 0, "dmean2": 0, "mean": 0.0370370149612, "dvar2": 0, "min": 0.0370370149612}}, "lowlevel": {"spectral_flux": {"dvar": 0.00140421558172, "var": 0.00308664748445, "median": 0.0531893260777, "max": 0.365430086851, "dmean": 0.0266607441008, "dmean2": 0.0426474399865, "mean": 0.0689162313938, "dvar2": 0.00320773525164, "min": 1.0352438351e-10}, "spectral_rolloff": {"dvar": 210089.953125, "var": 3484610.75, "median": 581.396484375, "max": 21619.3359375, "dmean": 149.994186401, "dmean2": 258.76574707, "mean": 925.103088379, "dvar2": 461683.0625, "min": 64.599609375}, "barkbands_flatness_db": {"dvar": 0.00094830035232, "var": 0.00564441923052, "median": 0.21913471818, "max": 0.561272740364, "dmean": 0.0271499380469, "dmean2": 0.0395029895008, "mean": 0.226342245936, "dvar2": 0.00205327034928, "min": 0.0480064414442}, "spectral_centroid": {"dvar": 36707.1523438, "var": 216880.234375, "median": 604.63470459, "max": 11161.2529297, "dmean": 100.900993347, "dmean2": 150.877868652, "mean": 706.401184082, "dvar2": 71583.7890625, "min": 117.361412048}, "melbands_skewness": {"dvar": 0.8387119174, "var": 2.65616798401, "median": 1.64154922962, "max": 21.4319534302, "dmean": 0.621119260788, "dmean2": 0.940300583839, "mean": 1.91057169437, "dvar2": 1.85360705853, "min": -2.1665763855}, "melbands": {"dvar": [3.5836132156e-05, 1.12220789106e-06, 2.71070575764e-07, 2.89182878532e-07, 1.31229981548e-07, 4.29864542184e-07, 2.42688514618e-07, 9.10906692297e-08, 2.22072813472e-07, 7.2136685958e-08, 3.88384044925e-08, 3.5141379584e-08, 8.90735378789e-08, 2.39556685599e-09, 1.66233915522e-09, 1.398081384e-08, 1.16107514714e-07, 1.45646597005e-08, 8.76886729895e-10, 6.20394124962e-10, 2.22880824907e-10, 1.2784202863e-10, 1.05022442132e-10, 5.32484403792e-11, 2.40390589379e-11, 2.01864115701e-11, 1.38643645176e-11, 3.92699631493e-12, 1.5673990968e-12, 2.12169886694e-12, 1.10211622814e-12, 1.06981535176e-12, 4.47796015763e-13, 1.79936848841e-13, 1.55297297374e-13, 1.20904805265e-13, 6.7292850979e-14, 5.32680961786e-14, 3.87406510409e-14, 3.34278469434e-14], "var": [3.14133721986e-05, 1.80924894266e-06, 3.56361113063e-07, 5.66128335322e-07, 6.4028745328e-07, 1.34490721848e-06, 9.32448529056e-07, 3.8184171558e-07, 7.63137904869e-07, 3.36242663934e-07, 1.94129782471e-07, 8.16325993469e-08, 2.18710766831e-07, 1.0400959205e-08, 8.43275582696e-09, 6.86963943508e-08, 8.16567705897e-07, 5.49257670457e-08, 2.27386709462e-09, 2.22381757453e-09, 5.76688363729e-10, 2.48128462221e-10, 2.61356908338e-10, 1.25552887531e-10, 2.24509404123e-11, 1.72754328204e-11, 1.19807054902e-11, 4.04826432793e-12, 1.7379771667e-12, 2.15760916078e-12, 1.89407495764e-12, 2.04859328286e-12, 9.85345811021e-13, 3.5763194706e-13, 3.19519150721e-13, 2.11927751823e-13, 1.4814480209e-13, 1.37856319784e-13, 8.96017743508e-14, 7.4611825507e-14], "median": [0.000339361315127, 0.000666042731609, 0.00039746859693, 0.000419926684117, 0.000330779759679, 0.000409367145039, 0.000329648231855, 0.000112239475129, 6.86801795382e-05, 4.25002217526e-05, 2.64730570052e-05, 1.31257265821e-05, 9.67093728832e-06, 6.94336722518e-06, 4.90233423989e-06, 1.04847986222e-05, 2.4823437343e-05, 1.01223440652e-05, 5.97007692704e-06, 3.75458034796e-06, 1.94668700715e-06, 1.46528566347e-06, 1.32854984258e-06, 1.07702533114e-06, 5.8374615719e-07, 3.29335932747e-07, 2.61725745077e-07, 1.71147178207e-07, 8.12964273678e-08, 9.99744997898e-08, 8.7539071103e-08, 5.07910762337e-08, 3.16399102473e-08, 3.91734999994e-08, 3.62850478552e-08, 2.57760746081e-08, 2.57043080154e-08, 2.35026735851e-08, 1.55755230935e-08, 1.47119010308e-08], "max": [0.0631475299597, 0.0148474406451, 0.0128701422364, 0.00882352236658, 0.0149565134197, 0.0269126743078, 0.0109568927437, 0.00714296568185, 0.00998235028237, 0.00702669424936, 0.00511692371219, 0.00638799695298, 0.0104504991323, 0.0025440340396, 0.00186198146548, 0.00680822087452, 0.010753040202, 0.00303152459674, 0.000733679451514, 0.000910996168386, 0.000607769412454, 0.000416967697674, 0.0002571058576, 0.000160019873874, 0.000116007387987, 0.000151366388309, 0.000128070780193, 3.77784053853e-05, 2.35179013544e-05, 2.28920707741e-05, 4.8832869652e-05, 6.02930340392e-05, 2.93661123578e-05, 1.60277850227e-05, 1.71339506778e-05, 1.27724870254e-05, 1.30911548695e-05, 1.24659818539e-05, 1.17196486826e-05, 9.63506863627e-06], "dmean": [0.00195277191233, 0.000514736108016, 0.000297401915304, 0.000304583430989, 0.000193867439521, 0.000281428248854, 0.000246513955062, 0.000138881994644, 0.000182932140888, 0.000105397142761, 7.39315073588e-05, 5.11811267643e-05, 6.15966855548e-05, 1.69004906638e-05, 1.25284377646e-05, 3.69479130313e-05, 9.85237420537e-05, 3.97496951337e-05, 1.18074603961e-05, 9.64178707363e-06, 5.327474355e-06, 4.1015032366e-06, 4.13691941503e-06, 3.18151796819e-06, 1.46114825839e-06, 1.21246000617e-06, 9.7014151379e-07, 6.0201858787e-07, 3.70218600665e-07, 4.28642550787e-07, 3.05544659795e-07, 2.68320292207e-07, 1.81685649636e-07, 1.31041943519e-07, 1.136526393e-07, 9.88862254303e-08, 7.54896518629e-08, 6.67892621209e-08, 5.0664645812e-08, 4.57882158855e-08], "dmean2": [0.00328429578803, 0.000821365159936, 0.000500995491166, 0.000490102043841, 0.000293420656817, 0.000454784079921, 0.000363559171092, 0.000211513281101, 0.000263435038505, 0.00014989261399, 0.000108657914097, 7.89453406469e-05, 9.73596761469e-05, 2.59162516159e-05, 1.85771677934e-05, 5.30751349288e-05, 0.000148439270561, 6.13585361862e-05, 1.86337438208e-05, 1.5107303625e-05, 8.09471930552e-06, 6.53896995573e-06, 6.6352495196e-06, 5.05387970406e-06, 2.39192377194e-06, 2.03018544198e-06, 1.62021410688e-06, 9.85230599326e-07, 5.98463827828e-07, 7.00986447555e-07, 4.67876446919e-07, 4.11062444527e-07, 2.76714047232e-07, 2.02493566803e-07, 1.71895209178e-07, 1.48567721681e-07, 1.14507024307e-07, 1.01129018049e-07, 7.71889645534e-08, 6.98481557038e-08], "mean": [0.00189775193576, 0.00109433790203, 0.000577554106712, 0.000669758184813, 0.000565984460991, 0.000756760535296, 0.000635572010651, 0.000333369156579, 0.000421533652116, 0.000267319323029, 0.00018904558965, 0.000101676399936, 0.000115570655908, 3.58010511263e-05, 2.89603995043e-05, 8.28817428555e-05, 0.000265693350229, 8.39159329189e-05, 2.46180115937e-05, 1.98893121706e-05, 1.04929013105e-05, 7.56622875997e-06, 7.6139886005e-06, 5.72159979129e-06, 2.09465952139e-06, 1.62020171501e-06, 1.32098921313e-06, 8.23763116387e-07, 4.58230857703e-07, 5.21963784195e-07, 4.35542858668e-07, 3.91526810972e-07, 2.66321137588e-07, 2.06370842193e-07, 1.79276653967e-07, 1.53673880732e-07, 1.4036706375e-07, 1.23938576735e-07, 8.6171880298e-08, 7.80567290803e-08], "dvar2": [9.35339485295e-05, 2.45118326347e-06, 7.48400168504e-07, 8.09125879186e-07, 3.1305555126e-07, 1.22808000924e-06, 5.58978001663e-07, 2.21697121106e-07, 4.97891392115e-07, 1.44604001662e-07, 9.28101968611e-08, 9.93627438106e-08, 2.37062877773e-07, 5.35644240074e-09, 2.91722268564e-09, 2.59005989989e-08, 2.8063735158e-07, 3.31987877189e-08, 2.19846585381e-09, 1.61576096946e-09, 5.24687293613e-10, 3.39275912919e-10, 2.63894989194e-10, 1.36801278638e-10, 6.53257725691e-11, 5.60570895258e-11, 3.86959353449e-11, 1.0386552729e-11, 4.01071190148e-12, 5.50091092469e-12, 2.42402669118e-12, 2.29380967345e-12, 8.93829660894e-13, 3.9262351508e-13, 3.12933001994e-13, 2.61317795744e-13, 1.53058365678e-13, 1.07050253265e-13, 7.56868390661e-14, 6.19369600096e-14], "min": [3.09569963466e-24, 9.95112138765e-24, 1.30034766654e-23, 6.58231455773e-24, 9.34182415712e-24, 1.40296592742e-23, 5.42585275372e-24, 4.81066154893e-24, 6.60559463191e-24, 4.54124109511e-24, 1.15040035459e-23, 6.46311530837e-24, 5.39189386947e-24, 5.43314025076e-24, 1.99031625871e-23, 1.46252776567e-23, 7.5678550527e-24, 3.44624969942e-24, 1.96794574116e-23, 1.48338272365e-23, 1.41385394341e-23, 1.14107357322e-23, 4.02228697646e-24, 8.75270914399e-24, 1.08173632368e-23, 1.24703841872e-23, 9.79663717886e-24, 7.71053948007e-24, 1.17564256249e-23, 1.63646370666e-23, 1.30317928276e-23, 1.30360581985e-23, 1.8240827556e-23, 1.02908624803e-23, 6.62119277858e-24, 5.36209583207e-24, 1.20016170049e-23, 1.01954442318e-23, 6.59021776071e-24, 1.10232322672e-23]}, "spectral_decrease": {"dvar": 2.50350348292e-17, "var": 4.06238722039e-17, "median": -5.72862424164e-09, "max": 4.66707848278e-16, "dmean": 2.60765586901e-09, "dmean2": 4.14723100306e-09, "mean": -7.26708249132e-09, "dvar2": 6.19080697804e-17, "min": -5.4106255476e-08}, "barkbands_kurtosis": {"dvar": 218.510818481, "var": 293.660186768, "median": 3.28320264816, "max": 339.132629395, "dmean": 4.96218109131, "dmean2": 7.84101772308, "mean": 7.62229919434, "dvar2": 520.852355957, "min": -1.96925592422}, "silence_rate_30dB": {"dvar": 0.00739783979952, "var": 0.00418731151149, "median": 1, "max": 1, "dmean": 0.00745412847027, "dmean2": 0.0149096818641, "mean": 0.995795488358, "dvar2": 0.0211890507489, "min": 0}, "gfcc": {"mean": [-78.8279190063, 151.617874146, -101.196617126, 5.57481813431, -43.7518081665, 1.26862049103, -42.8208084106, 2.21847105026, -15.0296344757, 5.49566411972, -10.9020690918, -5.97299671173, -9.50106334686], "cov": [[16588.6523438, -848.321655273, -2037.48205566, 139.85118103, -999.479431152, 858.985473633, -649.026000977, 582.080566406, -206.500900269, 326.249847412, -345.734313965, 20.8657875061, -260.244567871], [-848.321655273, 2110.46606445, -55.8097457886, -505.842071533, 451.564941406, -405.431488037, 71.8681945801, -234.838058472, 115.363426208, -117.84337616, 172.448486328, -145.105667114, 104.711250305], [-2037.48205566, -55.8097457886, 1296.13464355, 242.958267212, -40.5978393555, 44.7680130005, 177.282241821, 8.21471881866, -32.22889328, 45.8738975525, 6.43395805359, 132.352966309, -29.7888946533], [139.85118103, -505.842071533, 242.958267212, 577.617675781, -100.700798035, 64.5865020752, 44.4631462097, 67.9883117676, 6.4023938179, 21.6835441589, -19.1337432861, 61.8358612061, 19.1316394806], [-999.479431152, 451.564941406, -40.5978393555, -100.700798035, 462.985809326, -69.4033203125, 80.5847625732, -33.8700790405, 97.7918014526, -11.1494407654, 62.9609260559, -46.4792976379, 51.0299110413], [858.985473633, -405.431488037, 44.7680130005, 64.5865020752, -69.4033203125, 417.297027588, 74.957649231, 58.5084686279, -16.5298976898, 56.3566856384, -13.21484375, 21.7601280212, -18.5895709991], [-649.026000977, 71.8681945801, 177.282241821, 44.4631462097, 80.5847625732, 74.957649231, 269.020935059, 24.7723484039, 3.40095543861, -15.8849477768, 43.56407547, 16.0939331055, 15.9914989471], [582.080566406, -234.838058472, 8.21471881866, 67.9883117676, -33.8700790405, 58.5084686279, 24.7723484039, 222.102630615, 22.4317569733, -13.777888298, -44.8709373474, 31.3312644958, -15.7581577301], [-206.500900269, 115.363426208, -32.22889328, 6.4023938179, 97.7918014526, -16.5298976898, 3.40095543861, 22.4317569733, 157.00479126, 27.4809875488, 17.9068431854, -26.0306625366, 46.2017402649], [326.249847412, -117.84337616, 45.8738975525, 21.6835441589, -11.1494407654, 56.3566856384, -15.8849477768, -13.777888298, 27.4809875488, 145.396011353, 17.7208404541, -1.03728115559, -22.717748642], [-345.734313965, 172.448486328, 6.43395805359, -19.1337432861, 62.9609260559, -13.21484375, 43.56407547, -44.8709373474, 17.9068431854, 17.7208404541, 125.688087463, 10.1834316254, 19.4016246796], [20.8657875061, -145.105667114, 132.352966309, 61.8358612061, -46.4792976379, 21.7601280212, 16.0939331055, 31.3312644958, -26.0306625366, -1.03728115559, 10.1834316254, 119.650192261, 8.85695648193], [-260.244567871, 104.711250305, -29.7888946533, 19.1316394806, 51.0299110413, -18.5895709991, 15.9914989471, -15.7581577301, 46.2017402649, -22.717748642, 19.4016246796, 8.85695648193, 115.196258545]], "icov": [[0.000257108622463, -0.000499977613799, 0.000553532619961, -0.000415964634158, 0.000461466173874, -0.000694246729836, 0.000434492307249, -0.000761709467042, 0.000471287348773, -0.000933960371185, 0.000635759846773, -0.000586177571677, 0.000331357761752], [-0.000499977613799, 0.00216739089228, -0.00132645259146, 0.00161629170179, -0.00133651483338, 0.00208830600604, -0.00107053271495, 0.0019925867673, -0.00132525281515, 0.00258149020374, -0.00223675905727, 0.00207700859755, -0.00110320642125], [0.000553532619961, -0.00132645259146, 0.00230780406855, -0.00138122274075, 0.00108658394311, -0.00148841296323, 0.000209922640352, -0.0013828742085, 0.000995197333395, -0.00252865371294, 0.00196875375696, -0.00258761108853, 0.00131211522967], [-0.000415964634158, 0.00161629170179, -0.00138122274075, 0.00332978926599, -0.000582097854931, 0.0015368713066, -0.001052544103, 0.00111710373312, -0.00126292405184, 0.00172685517464, -0.00149274535943, 0.00116181152407, -0.00150512985419], [0.000461466173874, -0.00133651483338, 0.00108658394311, -0.000582097854931, 0.00407506013289, -0.00111131498124, -0.00012092293764, -0.00133822730277, -0.00062100373907, -0.001691411715, 0.000695531780366, -0.000684425875079, 0.000335233169608], [-0.000694246729836, 0.00208830600604, -0.00148841296323, 0.0015368713066, -0.00111131498124, 0.00531760696322, -0.00245329760946, 0.00176553695928, -0.00110317324288, 0.0014978061663, -0.00188820261974, 0.00200258917175, -0.00127239886206], [0.000434492307249, -0.00107053271495, 0.000209922640352, -0.001052544103, -0.00012092293764, -0.00245329760946, 0.0061084846966, -0.00226273969747, 0.00150304206181, -0.000531604338903, -0.000748654070776, -0.000516651489306, 0.000142078322824], [-0.000761709467042, 0.0019925867673, -0.0013828742085, 0.00111710373312, -0.00133822730277, 0.00176553695928, -0.00226273969747, 0.00863528251648, -0.00394516298547, 0.00423617102206, 1.00958664007e-06, -0.000171679173945, 0.00072865432594], [0.000471287348773, -0.00132525281515, 0.000995197333395, -0.00126292405184, -0.00062100373907, -0.00110317324288, 0.00150304206181, -0.00394516298547, 0.0110035687685, -0.00478507485241, 0.000683647522237, 0.0012045254698, -0.00347943673842], [-0.000933960371185, 0.00258149020374, -0.00252865371294, 0.00172685517464, -0.001691411715, 0.0014978061663, -0.000531604338903, 0.00423617102206, -0.00478507485241, 0.0129189994186, -0.00456543266773, 0.00259556667879, 0.00128334364854], [0.000635759846773, -0.00223675905727, 0.00196875375696, -0.00149274535943, 0.000695531780366, -0.00188820261974, -0.000748654070776, 1.00958664007e-06, 0.000683647522237, -0.00456543266773, 0.0129651101306, -0.00456268014386, 0.000710369902663], [-0.000586177571677, 0.00207700859755, -0.00258761108853, 0.00116181152407, -0.000684425875079, 0.00200258917175, -0.000516651489306, -0.000171679173945, 0.0012045254698, 0.00259556667879, -0.00456268014386, 0.0136684067547, -0.00365339801647], [0.000331357761752, -0.00110320642125, 0.00131211522967, -0.00150512985419, 0.000335233169608, -0.00127239886206, 0.000142078322824, 0.00072865432594, -0.00347943673842, 0.00128334364854, 0.000710369902663, -0.00365339801647, 0.0125574441627]]}, "silence_rate_20dB": {"dvar": 0, "var": 0, "median": 1, "max": 1, "dmean": 0, "dmean2": 0, "mean": 1, "dvar2": 0, "min": 1}, "barkbands_skewness": {"dvar": 0.634644806385, "var": 2.20651435852, "median": 1.33062410355, "max": 13.0680370331, "dmean": 0.566857099533, "dmean2": 0.867933154106, "mean": 1.47872471809, "dvar2": 1.41319155693, "min": -3.91961169243}, "erbbands_skewness": {"dvar": 0.169288992882, "var": 1.39312314987, "median": 0.729487538338, "max": 6.9735121727, "dmean": 0.384160548449, "dmean2": 0.576067745686, "mean": 0.690223813057, "dvar2": 0.367427617311, "min": -8.87788295746}, "spectral_contrast_valleys": {"dvar": [0.119471676648, 0.104305662215, 0.122426979244, 0.131519690156, 0.244653612375, 0.322370588779], "var": [1.82704079151, 1.8212429285, 1.77718639374, 2.06193685532, 1.94663214684, 2.25636148453], "median": [-7.19802427292, -6.82187318802, -7.97949028015, -8.53234004974, -8.98459529877, -11.508436203], "max": [-5.36060571671, -4.51781654358, -5.41855859756, -5.84211015701, -5.84684610367, -8.14903640747], "dmean": [0.356819659472, 0.32147371769, 0.330826759338, 0.336489140987, 0.398556828499, 0.446627557278], "dmean2": [0.566087305546, 0.507306098938, 0.512175142765, 0.49478700757, 0.540523767471, 0.573449015617], "mean": [-7.3647480011, -7.00438976288, -8.1463136673, -8.66844367981, -9.160820961, -11.7464647293], "dvar2": [0.251098096371, 0.227419033647, 0.258829563856, 0.258667320013, 0.455942064524, 0.562999784946], "min": [-27.6392879486, -27.0907764435, -27.5557136536, -27.4502925873, -27.237197876, -27.2307319641]}, "spectral_strongpeak": {"dvar": 1.19230604172, "var": 5.33177804947, "median": 0.802573740482, "max": 18.8345546722, "dmean": 0.587929546833, "dmean2": 0.979882895947, "mean": 1.59462547302, "dvar2": 2.86904430389, "min": 0}, "erbbands_crest": {"dvar": 5.61242389679, "var": 34.2561378479, "median": 11.5729055405, "max": 34.7551689148, "dmean": 2.36024713516, "dmean2": 3.60909676552, "mean": 12.9065160751, "dvar2": 13.3583116531, "min": 2.56255292892}, "barkbands_crest": {"dvar": 5.58912801743, "var": 18.5429573059, "median": 10.4200115204, "max": 25.0751934052, "dmean": 2.31772780418, "dmean2": 3.72318744659, "mean": 11.2102375031, "dvar2": 15.0585680008, "min": 3.03610610962}, "spectral_energyband_middle_low": {"dvar": 3.06979709421e-05, "var": 0.000137769267894, "median": 0.0124431382865, "max": 0.123491510749, "dmean": 0.0038034922909, "dmean2": 0.00592303089797, "mean": 0.0148913711309, "dvar2": 8.06619136711e-05, "min": 2.48937718282e-22}, "spectral_contrast_coeffs": {"dvar": [0.00145504169632, 0.00127669819631, 0.000995668466203, 0.000715640955605, 0.000528788135853, 0.00036189740058], "var": [0.00645353179425, 0.00637205364183, 0.0081455539912, 0.00674534775317, 0.00361067196354, 0.00133823766373], "median": [-0.637413024902, -0.653205633163, -0.733268678188, -0.727925419807, -0.774515748024, -0.798161149025], "max": [-0.325191944838, -0.383150875568, -0.373457670212, -0.422380715609, -0.540448844433, -0.630108296871], "dmean": [0.0437237992883, 0.0395919382572, 0.0355737395585, 0.0306032579392, 0.0251462515444, 0.018891621381], "dmean2": [0.0704224854708, 0.0632155463099, 0.0548481978476, 0.0470222979784, 0.0384660102427, 0.0295524634421], "mean": [-0.636336266994, -0.654055297375, -0.720960259438, -0.723289847374, -0.775330007076, -0.797646760941], "dvar2": [0.00378393311985, 0.0032099194359, 0.0022038326133, 0.00155422301032, 0.00111952773295, 0.000877806218341], "min": [-0.964667022228, -0.970821738243, -0.964344203472, -0.958773732185, -0.962854504585, -0.960443377495]}, "hfc": {"dvar": 39.8140525818, "var": 312.867889404, "median": 9.72685527802, "max": 156.463043213, "dmean": 3.69338035583, "dmean2": 5.5527639389, "mean": 15.6042356491, "dvar2": 97.1432037354, "min": 1.18431987866e-16}, "spectral_energyband_high": {"dvar": 1.83183228586e-08, "var": 3.95440054035e-08, "median": 2.04371335712e-05, "max": 0.00528974225745, "dmean": 4.81712741021e-05, "dmean2": 7.06272767275e-05, "mean": 8.39206550154e-05, "dvar2": 3.71908583929e-08, "min": 7.9637887839e-21}, "erbbands_spread": {"dvar": 71.8935089111, "var": 209.951217651, "median": 18.3673877716, "max": 155.864257812, "dmean": 5.22490596771, "dmean2": 7.72698831558, "mean": 21.3261241913, "dvar2": 150.216918945, "min": 0.74123775959}, "dissonance": {"dvar": 0.0007761499146, "var": 0.00286365975626, "median": 0.426341921091, "max": 0.499999880791, "dmean": 0.0291442461312, "dmean2": 0.0471884533763, "mean": 0.416287511587, "dvar2": 0.00195378856733, "min": 0.149942159653}, "spectral_kurtosis": {"dvar": 172.146911621, "var": 463.922729492, "median": 13.1643104553, "max": 180.423324585, "dmean": 8.96985244751, "dmean2": 14.0427865982, "mean": 20.8017845154, "dvar2": 376.797088623, "min": -1.16311895847}, "spectral_skewness": {"dvar": 0.632445752621, "var": 2.13827180862, "median": 2.79706692696, "max": 11.0917882919, "dmean": 0.65659558773, "dmean2": 1.00199210644, "mean": 3.1630859375, "dvar2": 1.41117036343, "min": -0.0421546660364}, "pitch_salience": {"dvar": 0.00471814209595, "var": 0.0149459717795, "median": 0.550734579563, "max": 0.862487316132, "dmean": 0.0651062056422, "dmean2": 0.104060873389, "mean": 0.537005722523, "dvar2": 0.0123081672937, "min": 0.0862040296197}, "spectral_complexity": {"dvar": 6.60926151276, "var": 47.6098594666, "median": 11, "max": 55, "dmean": 1.85607802868, "dmean2": 2.954028368, "mean": 12.4956521988, "dvar2": 14.9315252304, "min": 0}, "spectral_spread": {"dvar": 699930771456, "var": 2710903193600.0, "median": 2723415.75, "max": 39433240, "dmean": 588923.4375, "dmean2": 827072.75, "mean": 2957991.25, "dvar2": 1246980603900.0, "min": 475013.3125}, "dynamic_complexity": 3.80816698074, "melbands_crest": {"dvar": 13.4847755432, "var": 35.7104072571, "median": 12.5634412766, "max": 36.2581939697, "dmean": 3.0978281498, "dmean2": 5.00165987015, "mean": 13.9612321854, "dvar2": 35.3625183105, "min": 1.99096822739}, "zerocrossingrate": {"dvar": 7.565614942e-05, "var": 0.00397684844211, "median": 0.0283203125, "max": 0.79296875, "dmean": 0.00488267233595, "dmean2": 0.00596190337092, "mean": 0.0365438275039, "dvar2": 8.2918049884e-05, "min": 0.00244140625}, "spectral_energyband_low": {"dvar": 0.000357006443664, "var": 0.000358011631761, "median": 0.00336829992011, "max": 0.201915696263, "dmean": 0.00678917020559, "dmean2": 0.0110569121316, "mean": 0.00866827368736, "dvar2": 0.000885461282451, "min": 5.17154963585e-23}, "melbands_kurtosis": {"dvar": 555.770324707, "var": 684.074462891, "median": 5.31275081635, "max": 699.3984375, "dmean": 7.07014131546, "dmean2": 11.2071962357, "mean": 11.5435018539, "dvar2": 1345.79455566, "min": -1.87797093391}, "spectral_energyband_middle_high": {"dvar": 1.59069568326e-05, "var": 0.000106710998807, "median": 0.00144773325883, "max": 0.0994258671999, "dmean": 0.00168677535839, "dmean2": 0.00258977850899, "mean": 0.00572066195309, "dvar2": 3.96103896492e-05, "min": 1.59680017793e-21}, "barkbands_spread": {"dvar": 22.4901638031, "var": 141.588180542, "median": 8.47475910187, "max": 163.929397583, "dmean": 2.72309160233, "dmean2": 4.20535516739, "mean": 10.8177223206, "dvar2": 51.6669883728, "min": 0.233779609203}, "mfcc": {"mean": [-725.850158691, 186.582519531, 6.00266122818, 13.399471283, 13.8828964233, 0.0773271918297, -9.17548561096, -7.0434961319, -4.25430202484, 4.56460762024, 4.17776536942, -1.4348089695, -6.14940786362], "cov": [[10163.4667969, -919.296813965, -1702.21899414, -419.505249023, -283.235198975, -117.307266235, -170.897750854, 70.100227356, 115.880638123, 352.96395874, 138.127334595, -55.140953064, -205.309417725], [-919.296813965, 1979.91882324, -153.758285522, -237.513900757, 186.716186523, -78.0609970093, 36.5731277466, -87.6815338135, -82.7726364136, 33.3402671814, 35.3795166016, -13.555390358, -8.86088943481], [-1702.21899414, -153.758285522, 1082.59411621, 262.806091309, -73.3333816528, 152.643478394, 98.5980072021, 65.4316253662, 20.7272472382, -103.210998535, -7.30846834183, 74.0009155273, 95.3647384644], [-419.505249023, -237.513900757, 262.806091309, 452.788696289, 32.0427017212, -14.315867424, 15.902592659, 30.0642528534, 52.6059837341, -41.3321380615, -15.8726482391, 53.6402740479, 53.6136741638], [-283.235198975, 186.716186523, -73.3333816528, 32.0427017212, 269.2081604, 7.80298137665, -46.7518348694, -5.70028018951, 45.8894767761, 28.2483215332, 7.7413110733, 3.64981198311, 3.49084949493], [-117.307266235, -78.0609970093, 152.643478394, -14.315867424, 7.80298137665, 251.852859497, 89.8269805908, -11.3409423828, 13.3948402405, 13.9309720993, 28.591594696, 12.1865653992, 22.428604126], [-170.897750854, 36.5731277466, 98.5980072021, 15.902592659, -46.7518348694, 89.8269805908, 218.654815674, 83.2745361328, -2.62180924416, 5.86129999161, 25.7946090698, 22.8898792267, 19.5276069641], [70.100227356, -87.6815338135, 65.4316253662, 30.0642528534, -5.70028018951, -11.3409423828, 83.2745361328, 199.891326904, 59.3265838623, -5.08667707443, -5.69491958618, 20.1339855194, 19.0520706177], [115.880638123, -82.7726364136, 20.7272472382, 52.6059837341, 45.8894767761, 13.3948402405, -2.62180924416, 59.3265838623, 157.621276855, 48.4826087952, -5.64973640442, 2.9745926857, 4.68560838699], [352.96395874, 33.3402671814, -103.210998535, -41.3321380615, 28.2483215332, 13.9309720993, 5.86129999161, -5.08667707443, 48.4826087952, 142.780227661, 52.2883872986, -16.4173870087, -21.1869468689], [138.127334595, 35.3795166016, -7.30846834183, -15.8726482391, 7.7413110733, 28.591594696, 25.7946090698, -5.69491958618, -5.64973640442, 52.2883872986, 107.043769836, 31.9896869659, -15.7163085938], [-55.140953064, -13.555390358, 74.0009155273, 53.6402740479, 3.64981198311, 12.1865653992, 22.8898792267, 20.1339855194, 2.9745926857, -16.4173870087, 31.9896869659, 103.557647705, 38.4062156677], [-205.309417725, -8.86088943481, 95.3647384644, 53.6136741638, 3.49084949493, 22.428604126, 19.5276069641, 19.0520706177, 4.68560838699, -21.1869468689, -15.7163085938, 38.4062156677, 108.186935425]], "icov": [[0.000178531190613, 5.7696201111e-05, 0.000307931302814, -1.74165415956e-05, 0.000313761091093, -0.000163563818205, 0.000236427920754, -0.000221657493967, -5.24062343175e-05, -0.000249834440183, -0.000100717057649, -0.000150920910528, 9.31577742449e-05], [5.7696201111e-05, 0.00070860987762, -1.62222568179e-05, 0.000477006542496, -0.0006116493023, 0.000564366346225, -0.000598594197072, 0.000454054825241, 0.00015613900905, -0.000108795014967, -0.000127890336444, -3.67022876162e-05, -0.000157356422278], [0.000307931302814, -1.62222568179e-05, 0.00194597931113, -0.000806145195384, 0.00110522739124, -0.00127376359887, 0.000582842039876, -0.000770083104726, -0.000277960556559, 0.000457175163319, -0.000488227349706, -0.00032663680031, -0.000327386223944], [-1.74165415956e-05, 0.000477006542496, -0.000806145195384, 0.00336655485444, -0.00102331559174, 0.00136481912341, -0.000997904106043, 0.000927777844481, -0.00107837223914, 0.000589306699112, 0.000113332942419, -0.000847947201692, -0.000705322949216], [0.000313761091093, -0.0006116493023, 0.00110522739124, -0.00102331559174, 0.00561429327354, -0.00165763124824, 0.00233833049424, -0.00113469059579, -0.001181