{"tonal": {"chords_number_rate": 0.00121703848708, "thpcp": [1, 0.602936387062, 0.372122645378, 0.244707286358, 0.197790533304, 0.220683857799, 0.245553165674, 0.194921866059, 0.151260852814, 0.158843427896, 0.183018580079, 0.472884237766, 0.715510487556, 0.430301249027, 0.18345695734, 0.17391975224, 0.225181654096, 0.241856843233, 0.15512560308, 0.12049523741, 0.145205661654, 0.249364778399, 0.370372593403, 0.322106838226, 0.178455322981, 0.121571227908, 0.138543367386, 0.180756807327, 0.178528383374, 0.161502584815, 0.16930475831, 0.148292317986, 0.134100601077, 0.183342516422, 0.366441041231, 0.881483674049], "hpcp": {"dvar": [0.027292760089, 0.0208703652024, 0.0244051981717, 0.0330954454839, 0.0277005471289, 0.0262072123587, 0.0274890325963, 0.0238779298961, 0.0242531225085, 0.0415217317641, 0.0671905577183, 0.0765855237842, 0.0776943191886, 0.0694023892283, 0.0618418380618, 0.051609903574, 0.0418767668307, 0.0470148958266, 0.0483583509922, 0.0361032560468, 0.0271502248943, 0.0256752260029, 0.0252123996615, 0.035234708339, 0.0782637149096, 0.0330423638225, 0.030056592077, 0.0261727459729, 0.0247536543757, 0.0282886959612, 0.0206802822649, 0.0222420729697, 0.0232426654547, 0.0340891331434, 0.043639741838, 0.041831728071], "mean": [0.0702296793461, 0.0478433929384, 0.0545226447284, 0.0711354091763, 0.0702584311366, 0.0635580644011, 0.0666285455227, 0.0583592653275, 0.0527742318809, 0.0721529945731, 0.144209966063, 0.346900910139, 0.393542081118, 0.237280845642, 0.146445915103, 0.096302613616, 0.0778388977051, 0.086848385632, 0.0966355055571, 0.0767099559307, 0.0595275089145, 0.0625115707517, 0.0720255151391, 0.186099842191, 0.281583487988, 0.169341653585, 0.0721980333328, 0.0684447437525, 0.0886184573174, 0.0951808467507, 0.0610484518111, 0.0474199466407, 0.0571445375681, 0.0981355309486, 0.145757198334, 0.126762598753], "min": [0, 0, 0, 0, 0, 0, 0, 0, 0, 0, 0, 0, 0, 0, 0, 0, 0, 0, 0, 0, 0, 0, 0, 0, 0, 0, 0, 0, 0, 0, 0, 0, 0, 0, 0, 0], "median": [0.00825520791113, 0.00496058072895, 0.00796361640096, 0.0131845641881, 0.017112409696, 0.0141943451017, 0.0118497889489, 0.00979936867952, 0.00707165664062, 0.00774488039315, 0.0463796034455, 0.134104624391, 0.170573145151, 0.128506734967, 0.0209856256843, 0.0112239718437, 0.00653928238899, 0.00875369086862, 0.0115121603012, 0.0101095763966, 0.00855585932732, 0.0111331474036, 0.0130055500194, 0.0691405534744, 0.0551235675812, 0.0404089652002, 0.00533723458648, 0.00765684712678, 0.00911498814821, 0.00836688838899, 0.00814909674227, 0.00570056494325, 0.00690980954096, 0.0131334047765, 0.0213641580194, 0.0149161349982], "dvar2": [0.0725219249725, 0.0575705990195, 0.0674038827419, 0.0874047875404, 0.0750829055905, 0.0736687406898, 0.0748385488987, 0.0663353204727, 0.0687424838543, 0.116321764886, 0.185325056314, 0.199719294906, 0.193251669407, 0.183606550097, 0.165019065142, 0.148522675037, 0.117387488484, 0.129639074206, 0.131460756063, 0.100064411759, 0.0758045017719, 0.0708903521299, 0.0699343830347, 0.0815779045224, 0.147208586335, 0.0758723393083, 0.0792510136962, 0.06891015172, 0.0624164715409, 0.0705986469984, 0.0560345947742, 0.0597383715212, 0.0610567070544, 0.0884697586298, 0.110561572015, 0.107295319438], "var": [0.0261628068984, 0.0168940275908, 0.0194286908954, 0.0296364221722, 0.0243614800274, 0.0206407308578, 0.0232048910111, 0.0181773938239, 0.0170734077692, 0.0291582792997, 0.0535119660199, 0.144010722637, 0.169617712498, 0.0803996995091, 0.0695872604847, 0.0394699461758, 0.0325800515711, 0.0384858287871, 0.0418659187853, 0.029122537002, 0.0229487270117, 0.0234798155725, 0.0246065426618, 0.0536504164338, 0.146485358477, 0.0494902171195, 0.0370662398636, 0.0268529057503, 0.0393419526517, 0.048614192754, 0.0191926322877, 0.0182258188725, 0.0210209898651, 0.0415875352919, 0.0666488334537, 0.0612997412682], "dmean2": [0.133617967367, 0.10833517462, 0.12396197021, 0.146431341767, 0.136265128851, 0.134127765894, 0.139774233103, 0.12978219986, 0.130724877119, 0.191692382097, 0.327798306942, 0.39776301384, 0.354908049107, 0.373058140278, 0.278507143259, 0.22314786911, 0.184745281935, 0.194826260209, 0.205533355474, 0.166175067425, 0.126845180988, 0.126697570086, 0.138576462865, 0.209153831005, 0.29295194149, 0.200553849339, 0.127850562334, 0.126202851534, 0.129371315241, 0.131821453571, 0.111955232918, 0.105342753232, 0.115510210395, 0.162701010704, 0.204947799444, 0.187238484621], "max": [1, 1, 1, 1, 1, 1, 1, 1, 1, 1, 1, 1, 1, 1, 1, 1, 1, 1, 1, 1, 1, 1, 1, 1, 1, 1, 1, 1, 1, 1, 1, 1, 1, 1, 1, 1], "dmean": [0.0759638175368, 0.0602755472064, 0.0688993409276, 0.0819526314735, 0.0773772597313, 0.0752764046192, 0.0788098424673, 0.0718129873276, 0.0711597949266, 0.103197693825, 0.179111152887, 0.222384914756, 0.19986115396, 0.210522696376, 0.154036715627, 0.121385209262, 0.101673871279, 0.108100242913, 0.115091599524, 0.0922646969557, 0.0706392675638, 0.0706378296018, 0.0779025554657, 0.121722623706, 0.169855773449, 0.115714780986, 0.0714858695865, 0.0714048296213, 0.075665794313, 0.077670879662, 0.0633412897587, 0.0589176416397, 0.0656328499317, 0.0934212133288, 0.118814200163, 0.107705965638]}, "key_strength": 0.645611941814, "chords_strength": {"dvar": 7.10998065188e-05, "mean": 0.549561023712, "min": 0.257071822882, "median": 0.557730793953, "dvar2": 0.000103867023427, "var": 0.00640296749771, "dmean2": 0.0119430515915, "max": 0.746184527874, "dmean": 0.0104796783999}, "tuning_equal_tempered_deviation": 0.194764554501, "chords_key": "C#", "tuning_frequency": 434.193115234, "chords_scale": "major", "chords_changes_rate": 0.0671399608254, "key_scale": "minor", "tuning_diatonic_strength": 0.610041022301, "hpcp_entropy": {"dvar": 0.301590293646, "mean": 2.0050342083, "min": 0, "median": 2.01052379608, "dvar2": 0.833873331547, "var": 0.508443176746, "dmean2": 1.13595855236, "max": 4.30279064178, "dmean": 0.678491771221}, "chords_histogram": [2.43407702446, 0.588235318661, 0, 0, 0, 0, 0, 0, 0, 0, 0.223123729229, 0, 0, 0, 2.02839756012, 0.628803253174, 27.4847869873, 0.0608519278467, 0, 0, 0.101419880986, 3.06288027763, 9.81744384766, 53.5699806213], "tuning_nontempered_energy_ratio": 0.801501750946, "key_key": "F"}, "metadata": {"version": {"extractor": "music 1.0", "essentia_build_sha": "70f2e5ece6736b2c40cc944ad0e695b16b925413", "essentia": "2.1-beta2", "essentia_git_sha": "v2.1_beta2"}, "audio_properties": {"sample_rate": 44100, "length": 228.884902954, "lossless": false, "analysis_sample_rate": 44100, "downmix": "mix", "bit_rate": 232528, "equal_loudness": 0, "md5_encoded": "45d46556866b91fcd503fd4776c292c8", "codec": "mp3", "replay_gain": -11.2517795563}, "tags": {"albumartist": ["Various Artists"], "date": ["1997"], "musicbrainz_recordingid": ["4ee433d7-9f45-4670-ba39-e9526538e8f3"], "file_name": "200739.mp3", "title": ["Never Gonna Come Back"], "tracknumber": ["7"], "album": ["The Pick, The Sickle And The Shovel"], "artist": ["Gravediggaz"]}}, "lowlevel": {"melbands": {"dvar": [9.89256950561e-05, 2.51905548794e-05, 2.16974094656e-05, 6.37916741653e-07, 8.47382182201e-08, 1.94226203121e-07, 3.2161582908e-07, 1.44388749845e-07, 1.56628956915e-07, 1.48604172523e-07, 1.12850798928e-07, 8.16548038074e-08, 6.31826182484e-08, 3.38338814743e-08, 8.80019968008e-09, 1.34053284029e-08, 5.49579093345e-09, 1.37905171727e-08, 3.59547969175e-09, 7.61549323602e-10, 1.24973020821e-09, 5.58127821737e-10, 1.44065176455e-10, 4.72440531141e-10, 4.99526420228e-10, 7.71995301019e-10, 9.37354416308e-10, 1.1494024621e-09, 8.05983280117e-10, 1.52163681655e-09, 1.57495216868e-09, 2.18756457393e-09, 1.47512058124e-09, 3.49149709145e-10, 3.754232758e-10, 3.77073650082e-10, 1.29004487648e-10, 1.1609981726e-10, 7.46499528859e-11, 2.93800261897e-11], "mean": [0.0101179499179, 0.00551354978234, 0.00109523767605, 0.000290210562525, 0.000152096472448, 0.000193768617464, 0.000202812574571, 0.000141635653563, 0.000174163098563, 0.000167043865076, 0.000173047854332, 0.000130852815346, 7.4651936302e-05, 5.39432439837e-05, 3.55380834662e-05, 4.41205083916e-05, 3.2899199141e-05, 3.46771375916e-05, 2.19933099288e-05, 1.3578486687e-05, 1.90870250663e-05, 1.39507656058e-05, 6.28307770967e-06, 6.64197295919e-06, 8.36376693769e-06, 9.30197074922e-06, 8.29841155792e-06, 7.76799788582e-06, 8.49356911203e-06, 9.15233977139e-06, 9.88439569483e-06, 1.27580287881e-05, 1.08977383206e-05, 8.25121423986e-06, 8.46922102937e-06, 7.93590061221e-06, 4.93667812407e-06, 4.03119156545e-06, 3.78135746359e-06, 2.44022430707e-06], "min": [8.23134702742e-24, 1.20103930825e-23, 1.06111202863e-23, 6.00281457574e-24, 2.62180446205e-24, 5.0814956415e-24, 3.84457870262e-24, 2.87177807461e-23, 3.08892907817e-23, 2.85355854314e-23, 5.26327719862e-24, 6.526387475e-24, 6.7264276122e-24, 9.42211678664e-24, 1.47414421581e-23, 6.3775945032e-24, 9.39255974624e-24, 7.16031136527e-24, 1.10646024997e-23, 7.92587010821e-24, 8.99709351926e-24, 9.18947776138e-24, 7.73119028085e-24, 9.03496830904e-24, 9.56141621186e-24, 1.20857711086e-23, 1.16188837818e-23, 9.10796081974e-24, 1.16944953107e-23, 1.28344308732e-23, 9.53820082428e-24, 9.2508755945e-24, 7.63011432193e-24, 8.18888027831e-24, 7.32748755716e-24, 1.05919115232e-23, 6.91660146607e-24, 8.43905725921e-24, 1.10628599059e-23, 9.81118614053e-24], "median": [0.00371813215315, 0.00155538320541, 0.000205561344046, 5.47990748601e-05, 5.53857389605e-05, 5.49413198314e-05, 2.6335419534e-05, 3.06315778289e-05, 4.54445071227e-05, 3.37334786309e-05, 4.4744258048e-05, 3.18423262797e-05, 1.23853515106e-05, 8.86484758666e-06, 7.04508192939e-06, 7.55640576244e-06, 7.17545890438e-06, 8.51242748467e-06, 5.15839155923e-06, 4.86086628371e-06, 5.59649879506e-06, 3.6313003875e-06, 1.40578640639e-06, 1.45672208873e-06, 1.82533256066e-06, 1.50727623804e-06, 1.00858608221e-06, 5.64215724808e-07, 5.06692458657e-07, 4.36312262764e-07, 5.02338650676e-07, 6.3360795366e-07, 5.1939724699e-07, 5.12905046435e-07, 4.43105534487e-07, 3.75413975462e-07, 2.07874066405e-07, 1.7133476149e-07, 9.87138406572e-08, 5.00205636911e-08], "dvar2": [0.000298796774587, 5.68746472709e-05, 6.01312858635e-05, 1.68381177446e-06, 2.23871396088e-07, 4.1337372636e-07, 7.04082879111e-07, 3.29972579038e-07, 3.6870883946e-07, 3.39073778832e-07, 2.38102387584e-07, 1.83675012977e-07, 1.43091355653e-07, 7.49492912178e-08, 1.85590103285e-08, 2.98335862681e-08, 1.14421956354e-08, 3.5758759509e-08, 7.77198660984e-09, 1.61409630106e-09, 2.85446088988e-09, 1.21732102176e-09, 2.84744061663e-10, 1.22182852724e-09, 1.25116361716e-09, 1.85313275836e-09, 2.05007966159e-09, 2.68806554793e-09, 1.68071778717e-09, 3.23117577139e-09, 3.57643803461e-09, 5.21565679534e-09, 3.37588756949e-09, 6.22937645911e-10, 7.20798476461e-10, 8.33958013757e-10, 2.80624357085e-10, 2.81675349711e-10, 1.65857119705e-10, 6.04828132023e-11], "var": [0.000173870022991, 5.33292040927e-05, 1.40413285408e-05, 5.29036981334e-07, 7.97324872792e-08, 2.79095218048e-07, 4.48815200116e-07, 1.62825955385e-07, 1.87987851064e-07, 1.75152962356e-07, 1.76888761416e-07, 1.42316807228e-07, 9.24389240708e-08, 4.71678198721e-08, 1.22283427828e-08, 1.91241991132e-08, 8.56974047281e-09, 1.44006087055e-08, 4.95975527315e-09, 1.11408082759e-09, 1.75455250329e-09, 9.16650200189e-10, 2.38584207946e-10, 4.24761836815e-10, 5.03697028531e-10, 8.41787584083e-10, 1.00259689439e-09, 1.14779763472e-09, 1.10493592054e-09, 1.68609082252e-09, 1.67658797956e-09, 2.30886998409e-09, 1.59578206205e-09, 5.60067270339e-10, 5.42980882479e-10, 4.7448256435e-10, 1.74709080536e-10, 1.27280047613e-10, 9.92960713653e-11, 4.2241370124e-11], "dmean2": [0.00912257470191, 0.00391224259511, 0.0025174585171, 0.000500763359014, 0.000208717334317, 0.00023044005502, 0.00027712850715, 0.000203324190807, 0.000228566452279, 0.000223800831009, 0.000180440561962, 0.000136862683576, 9.1031237389e-05, 6.64177787257e-05, 4.28470521001e-05, 5.41301560588e-05, 3.639161514e-05, 4.17687188019e-05, 2.5258936148e-05, 1.50466885316e-05, 2.14302799577e-05, 1.4851612832e-05, 6.62139973429e-06, 9.76874252956e-06, 1.12105844892e-05, 1.25202750496e-05, 1.23791096485e-05, 1.21496450447e-05, 1.01907899079e-05, 1.35303189381e-05, 1.46028451127e-05, 1.84649361472e-05, 1.62129363162e-05, 9.51042602537e-06, 1.07585246951e-05, 1.0607234799e-05, 6.19211596131e-06, 5.66921698919e-06, 4.98218423672e-06, 3.08487597067e-06], "max": [0.0856796577573, 0.0584589354694, 0.0360384806991, 0.00784260686487, 0.00338172679767, 0.010156837292, 0.0127876708284, 0.00815200433135, 0.00721745984629, 0.00694233365357, 0.00855765212327, 0.0139676565304, 0.00784315727651, 0.00990212429315, 0.00293172919191, 0.00235819467343, 0.00200204434805, 0.00254802894779, 0.00197233678773, 0.000917494005989, 0.00107448047493, 0.000570907781366, 0.000302350672428, 0.000303166016238, 0.000329929403961, 0.000307114649331, 0.0003352194326, 0.000371548288967, 0.000371176516637, 0.000456795707578, 0.000513916718774, 0.000577620055992, 0.000580736901611, 0.000312979187584, 0.000247163901804, 0.00024188462703, 0.000130596890813, 0.000186385586858, 0.000136920134537, 0.000112036330393], "dmean": [0.00532912183553, 0.00243956805207, 0.00139717466664, 0.000298635539366, 0.000125836901134, 0.000149818122736, 0.000175789682544, 0.000128846964799, 0.000145621510455, 0.000145385027281, 0.00012136134319, 9.22010003706e-05, 5.92550895817e-05, 4.36351510871e-05, 2.85096102743e-05, 3.58861398126e-05, 2.4143320843e-05, 2.67946252279e-05, 1.67734724528e-05, 9.57984866545e-06, 1.37150918817e-05, 9.66793959378e-06, 4.57520627606e-06, 6.10988035987e-06, 7.03174418959e-06, 8.126135981e-06, 7.89792738942e-06, 8.02351314633e-06, 7.40546829547e-06, 9.24256801227e-06, 1.00643746919e-05, 1.25472379295e-05, 1.09561387944e-05, 6.80794482832e-06, 7.51006064093e-06, 7.23067432773e-06, 4.28652629125e-06, 3.7741460801e-06, 3.39019970852e-06, 2.1438127078e-06]}, "spectral_decrease": {"dvar": 8.30930189183e-17, "mean": -1.36626674418e-08, "min": -8.41769605131e-08, "median": -1.04863078221e-08, "dvar2": 2.3676225237e-16, "var": 1.86824842629e-16, "dmean2": 9.94390436659e-09, "max": 8.35565548967e-29, "dmean": 5.92837379187e-09}, "spectral_rolloff": {"dvar": 3777506.25, "mean": 1599.51586914, "min": 21.533203125, "median": 645.99609375, "dvar2": 7358734.5, "var": 6997846, "dmean2": 1329.83312988, "max": 18884.6191406, "dmean": 824.990478516}, "melbands_crest": {"dvar": 12.4836235046, "mean": 19.282207489, "min": 3.00071048737, "median": 20.1399650574, "dvar2": 27.6179180145, "var": 62.6899642944, "dmean2": 5.8975071907, "max": 38.5927696228, "dmean": 3.60236692429}, "barkbands_skewness": {"dvar": 3.68819141388, "mean": 3.08244752884, "min": -3.98183035851, "median": 2.03403043747, "dvar2": 7.97532701492, "var": 13.7934627533, "dmean2": 2.1915781498, "max": 29.858291626, "dmean": 1.46998465061}, "spectral_centroid": {"dvar": 291717.46875, "mean": 1316.20275879, "min": 91.3415222168, "median": 1048.41381836, "dvar2": 526726.9375, "var": 922370.5625, "dmean2": 557.880859375, "max": 11136.8925781, "dmean": 392.349731445}, "spectral_energyband_middle_low": {"dvar": 0.00013744152966, "mean": 0.00717515964061, "min": 4.57389731757e-22, "median": 0.00281503773294, "dvar2": 0.000363758561434, "var": 0.000129017644213, "dmean2": 0.00949428975582, "max": 0.0840222910047, "dmean": 0.00582316424698}, "erbbands_crest": {"dvar": 6.86373519897, "mean": 9.52526855469, "min": 2.33895421028, "median": 8.61618423462, "dvar2": 16.9790611267, "var": 16.6801929474, "dmean2": 4.83102798462, "max": 28.1395759583, "dmean": 2.95804524422}, "dynamic_complexity": 4.31953668594, "spectral_energyband_low": {"dvar": 0.00116518989671, "mean": 0.0420501604676, "min": 7.8960142473e-23, "median": 0.0248953830451, "dvar2": 0.00332055683248, "var": 0.00254061748274, "dmean2": 0.0326367728412, "max": 0.318096905947, "dmean": 0.0191652998328}, "silence_rate_60dB": {"dvar": 0.0479676164687, "mean": 0.14839233458, "min": 0, "median": 0, "dvar2": 0.104627870023, "var": 0.126377657056, "dmean2": 0.101044945419, "max": 1, "dmean": 0.05051734671}, "erbbands_kurtosis": {"dvar": 3.64336514473, "mean": 1.14335417747, "min": -1.86183106899, "median": 0.262689590454, "dvar2": 8.22705173492, "var": 8.45604801178, "dmean2": 2.25143647194, "max": 42.3189620972, "dmean": 1.47592329979}, "spectral_complexity": {"dvar": 25.5851211548, "mean": 12.6651792526, "min": 0, "median": 11, "dvar2": 40.5495033264, "var": 95.987121582, "dmean2": 4.95059347153, "max": 60, "dmean": 3.53641700745}, "barkbands_crest": {"dvar": 9.16410636902, "mean": 15.0503931046, "min": 2.4620153904, "median": 14.7918243408, "dvar2": 20.4140434265, "var": 48.0404777527, "dmean2": 4.97000837326, "max": 26.7315139771, "dmean": 3.16484642029}, "spectral_energy": {"dvar": 0.0012491773814, "mean": 0.0544269420207, "min": 1.08478864677e-20, "median": 0.0430483445525, "dvar2": 0.00351569498889, "var": 0.00279281730764, "dmean2": 0.03975392133, "max": 0.320003569126, "dmean": 0.0238788835704}, "spectral_spread": {"dvar": 2517141815300.0, "mean": 5560525.5, "min": 1435001.75, "median": 4467732.5, "dvar2": 3467288772610.0, "var": 8094210326530.0, "dmean2": 1611483.75, "max": 38505624, "dmean": 1235395.875}, "spectral_contrast_valleys": {"dvar": [0.234901741147, 0.215365886688, 0.14797565341, 0.124235779047, 0.236989766359, 0.404641062021], "mean": [-7.6689209938, -7.50571632385, -7.76972579956, -8.15891265869, -8.36670684814, -10.2626543045], "min": [-27.409948349, -27.4770183563, -27.7497501373, -27.6471443176, -27.1464595795, -27.3329982758], "median": [-7.4518327713, -7.3133020401, -7.66120624542, -8.04972743988, -8.19203853607, -10.4596176147], "dvar2": [0.452212244272, 0.428461462259, 0.308175742626, 0.25990524888, 0.401571184397, 0.63480681181], "var": [1.77768611908, 1.50924575329, 1.13251566887, 1.04581797123, 1.72171747684, 2.30021524429], "dmean2": [0.761380791664, 0.770578026772, 0.64592564106, 0.562064945698, 0.576118528843, 0.666013419628], "max": [-4.92937850952, -4.89399242401, -5.23722648621, -5.57152891159, -5.35566711426, -7.00391101837], "dmean": [0.477554470301, 0.497726261616, 0.418682396412, 0.371851295233, 0.427219897509, 0.556021273136]}, "spectral_rms": {"dvar": 3.21045308738e-06, "mean": 0.00621750066057, "min": 3.25319914236e-12, "median": 0.0064806160517, "dvar2": 7.95097821538e-06, "var": 1.44421619552e-05, "dmean2": 0.00229816231877, "max": 0.0176691431552, "dmean": 0.00146309135016}, "barkbands_spread": {"dvar": 166.15574646, "mean": 20.2747306824, "min": 0.132774323225, "median": 13.8526201248, "dvar2": 330.605529785, "var": 411.876495361, "dmean2": 13.6402807236, "max": 117.743637085, "dmean": 9.15606880188}, "pitch_salience": {"dvar": 0.00738882785663, "mean": 0.406963735819, "min": 0.0180529430509, "median": 0.396548271179, "dvar2": 0.0160676743835, "var": 0.0421951152384, "dmean2": 0.138863161206, "max": 0.907488107681, "dmean": 0.0888492316008}, "erbbands_skewness": {"dvar": 0.267189979553, "mean": 0.139705747366, "min": -4.12914323807, "median": 0.170173108578, "dvar2": 0.542921483517, "var": 0.926050662994, "dmean2": 0.797767460346, "max": 4.13895463943, "dmean": 0.549192011356}, "spectral_energyband_middle_high": {"dvar": 1.99919359147e-05, "mean": 0.00408503878862, "min": 1.40636819616e-21, "median": 0.00171042175498, "dvar2": 3.94015514757e-05, "var": 4.51504347438e-05, "dmean2": 0.00318714906462, "max": 0.0923326313496, "dmean": 0.00228990917094}, "erbbands": {"dvar": [1.59596014023, 47.3643989563, 99.7015075684, 979.149414062, 150.166473389, 175.378326416, 55.0589866638, 434.176452637, 1615.27832031, 1209.41467285, 2033.06616211, 3691.86816406, 4218.24072266, 4217.97705078, 5184.72509766, 2583.31396484, 2317.52294922, 1480.96313477, 3682.3371582, 653.410461426, 720.860961914, 314.917541504, 352.312347412, 803.810668945, 1426.08789062, 2466.49731445, 2464.30200195, 5096.61816406, 6567.58203125, 1560.74267578, 1000.70751953, 497.565826416, 225.512069702, 53.0553588867, 17.7776145935, 6.8126912117, 0.983425557613, 0.109343238175, 0.00224015046842, 4.30742147728e-06], "mean": [1.10550773144, 7.1586971283, 5.84988594055, 6.97095060349, 4.34511852264, 3.88205385208, 4.37853431702, 8.51153469086, 13.806429863, 12.4874067307, 20.2265491486, 26.7786598206, 33.6744728088, 30.0841369629, 21.8131923676, 16.5080795288, 19.3457050323, 18.6659469604, 20.0315589905, 12.6895456314, 15.7264995575, 12.1120786667, 7.08546113968, 10.3274841309, 11.8335676193, 12.2100038528, 14.1174640656, 16.9465866089, 22.0336837769, 15.6354532242, 14.2772684097, 9.64960098267, 5.94179058075, 3.36074876785, 1.91129612923, 0.937566041946, 0.326736390591, 0.102735795081, 0.0150399021804, 0.000716330076102], "min": [7.1236583317e-22, 6.73982077906e-21, 2.58369993578e-20, 7.11006714435e-20, 5.53749146361e-20, 8.57743579094e-20, 7.98516413259e-20, 2.30705584226e-19, 2.29483347323e-19, 2.08956203848e-18, 3.18925854461e-18, 5.09805845818e-18, 1.21479806798e-18, 1.58324344136e-18, 2.35818129098e-18, 5.27229247369e-18, 3.82297112446e-18, 4.66217232567e-18, 4.98768444033e-18, 6.97116304678e-18, 7.1580297646e-18, 8.44175038238e-18, 8.05188940634e-18, 1.23718285749e-17, 1.70889889725e-17, 1.50682132058e-17, 1.92649322416e-17, 1.93132131196e-17, 1.6283004036e-17, 1.43180927392e-17, 1.46088202547e-17, 1.37590046719e-17, 1.31595022142e-17, 1.21639944829e-17, 1.2654860002e-17, 5.86515184386e-18, 2.92003855218e-18, 1.14622644956e-18, 4.47457510397e-19, 4.30736015541e-20], "median": [0.329023003578, 1.66084337234, 1.90271139145, 1.1283428669, 0.802231967449, 0.811137199402, 1.66275715828, 2.39696407318, 1.84124815464, 2.5703523159, 5.14070606232, 5.94402933121, 9.08140850067, 7.27514648438, 4.17596530914, 3.00028586388, 4.09931564331, 4.10870456696, 5.30258798599, 4.2963476181, 4.98501157761, 3.58831048012, 1.70313131809, 2.35949635506, 1.90962553024, 1.10814750195, 0.885111451149, 0.850013077259, 1.0962253809, 0.949728190899, 0.777963161469, 0.444148004055, 0.236452490091, 0.0848845094442, 0.0345155000687, 0.0124345207587, 0.00423438567668, 0.000818533939309, 8.85597619344e-05, 7.64737196732e-05], "dvar2": [4.92750930786, 130.466217041, 245.926605225, 2727.15429688, 403.727752686, 477.794616699, 138.510787964, 926.747375488, 3503.41723633, 2759.18823242, 4771.84277344, 8507.79492188, 8912.1953125, 9394.22558594, 11854.2246094, 5147.31494141, 5350.71582031, 2984.46533203, 9186.45507812, 1317.12744141, 1615.31530762, 661.3125, 826.662597656, 2026.20690918, 3326.27197266, 5516.88427734, 4943.87353516, 11666.8408203, 15414.4501953, 2976.51391602, 1894.91467285, 1081.71142578, 535.131286621, 110.06578064, 38.1067695618, 16.8700466156, 2.50182652473, 0.28169965744, 0.00558486953378, 1.07730011223e-05], "var": [2.34314274788, 95.1116027832, 109.107528687, 622.251831055, 115.902702332, 127.587051392, 63.5804405212, 604.358032227, 2275.70727539, 1375.2713623, 2509.04785156, 4319.86621094, 6613.00585938, 7584.25488281, 7625.35986328, 4025.18481445, 3146.47021484, 2515.13623047, 4184.84130859, 1039.79699707, 1074.38952637, 574.07421875, 400.440246582, 796.362792969, 1544.32568359, 2607.32983398, 3252.90698242, 5281.421875, 6951.44677734, 2282.07324219, 1492.65246582, 665.789978027, 262.683135986, 76.4189376831, 21.9923095703, 6.1250538826, 0.819207906723, 0.0878106579185, 0.00188019068446, 3.63159620065e-06], "dmean2": [1.14357495308, 5.78367996216, 6.37820672989, 16.6090755463, 7.95407915115, 7.00905036926, 5.69944763184, 10.2436914444, 18.7089862823, 17.863319397, 26.0057640076, 35.2787513733, 34.4916572571, 30.5627002716, 25.0086193085, 19.1892414093, 23.2225189209, 19.0801792145, 22.6950149536, 12.8556747437, 16.6924800873, 11.7712316513, 8.59936714172, 13.7667760849, 16.0261478424, 18.2004337311, 17.5938949585, 25.5919151306, 31.8967895508, 18.7249603271, 17.5981178284, 12.1140470505, 8.0353012085, 4.21877813339, 2.73523902893, 1.76722717285, 0.652029693127, 0.214190244675, 0.0308367721736, 0.00139269849751], "max": [10.2389822006, 71.4236984253, 112.263084412, 246.356246948, 111.143318176, 139.884872437, 124.584976196, 511.232727051, 894.807983398, 732.774902344, 757.272460938, 1077.28295898, 1715.69567871, 3401.97460938, 2289.09887695, 2473.23535156, 1184.19995117, 1090.69335938, 1456.58630371, 747.491149902, 789.184875488, 400.036499023, 306.244140625, 376.506774902, 421.52947998, 523.096984863, 608.682067871, 891.42767334, 1063.50793457, 556.538146973, 367.205047607, 236.42288208, 249.757354736, 130.272094727, 59.5658226013, 22.009973526, 8.64788818359, 3.01771020889, 0.465565145016, 0.0188142713159], "dmean": [0.661080658436, 3.44438695908, 3.90737342834, 9.15609359741, 4.68065643311, 4.11002206802, 3.45451498032, 6.65628099442, 11.8403596878, 11.3164196014, 16.7110366821, 22.9442100525, 23.3024501801, 20.7527313232, 16.4335651398, 12.8415756226, 15.3764123917, 13.040430069, 14.7186450958, 8.50370693207, 10.7486429214, 7.74725103378, 5.73954677582, 8.68276596069, 10.4925146103, 12.1133213043, 12.7176094055, 17.5071640015, 21.8655834198, 13.4499816895, 12.4581842422, 8.45045566559, 5.45504426956, 2.93266201019, 1.86967909336, 1.11050665379, 0.40302580595, 0.131157577038, 0.0190058238804, 0.000855751393829]}, "dissonance": {"dvar": 0.000818218337372, "mean": 0.451090842485, "min": 0.191812872887, "median": 0.464004129171, "dvar2": 0.00198625726625, "var": 0.00185025378596, "dmean2": 0.0448274537921, "max": 0.5, "dmean": 0.0276148486882}, "erbbands_flatness_db": {"dvar": 0.000727992795873, "mean": 0.154633179307, "min": 0.0225629936904, "median": 0.15405318141, "dvar2": 0.001228811685, "var": 0.0032125627622, "dmean2": 0.0373066104949, "max": 0.374577313662, "dmean": 0.0271160826087}, "melbands_kurtosis": {"dvar": 4090.33764648, "mean": 57.7511672974, "min": -1.80503964424, "median": 14.1955070496, "dvar2": 9800.66503906, "var": 8589.2734375, "dmean2": 54.6541213989, "max": 984.481750488, "dmean": 35.0537796021}, "melbands_spread": {"dvar": 443.397644043, "mean": 22.6761550903, "min": 0.22082349658, "median": 12.0505475998, "dvar2": 839.704406738, "var": 1072.66113281, "dmean2": 15.9933929443, "max": 246.974822998, "dmean": 11.0191135406}, "melbands_skewness": {"dvar": 3.81219100952, "mean": 4.68480587006, "min": -2.21874666214, "median": 3.38871359825, "dvar2": 7.78099966049, "var": 17.4643497467, "dmean2": 2.46856045723, "max": 25.8690261841, "dmean": 1.67383503914}, "spectral_entropy": {"dvar": 0.0931788012385, "mean": 7.53696489334, "min": 5.547976017, "median": 7.51048803329, "dvar2": 0.158115893602, "var": 0.391247242689, "dmean2": 0.38148239255, "max": 9.77936458588, "dmean": 0.274647206068}, "zerocrossingrate": {"dvar": 0.000964521721471, "mean": 0.0585815161467, "min": 0.00146484375, "median": 0.04150390625, "dvar2": 0.00109102402348, "var": 0.00415904959664, "dmean2": 0.0214492045343, "max": 0.5185546875, "dmean": 0.0201596561819}, "average_loudness": 0.927670955658, "spectral_contrast_coeffs": {"dvar": [0.00284667499363, 0.00240859971382, 0.00146987370681, 0.000870687421411, 0.000675549032167, 0.000526482006535], "mean": [-0.662264049053, -0.722071230412, -0.741978108883, -0.777811765671, -0.791319727898, -0.787829935551], "min": [-0.988411307335, -0.959562718868, -0.948980748653, -0.955739617348, -0.962663590908, -0.954736053944], "median": [-0.663626551628, -0.73208039999, -0.751208484173, -0.781673908234, -0.794030308723, -0.797049164772], "dvar2": [0.00764694530517, 0.00546663627028, 0.00322827673517, 0.00185452529695, 0.0014622741146, 0.000980911077932], "var": [0.00805132649839, 0.00673148687929, 0.00566936424002, 0.00332748936489, 0.00259434944019, 0.0025875759311], "dmean2": [0.0963710770011, 0.0885673612356, 0.0710473582149, 0.0529656857252, 0.0437227897346, 0.0338554382324], "max": [-0.369950860739, -0.411435544491, -0.389901936054, -0.542014062405, -0.561080813408, -0.565147936344], "dmean": [0.0581777431071, 0.0560445524752, 0.0463584624231, 0.0345109179616, 0.0283923242241, 0.0232192724943]}, "barkbands_flatness_db": {"dvar": 0.00121698679868, "mean": 0.192570090294, "min": 0.0266051217914, "median": 0.173639371991, "dvar2": 0.00225793989375, "var": 0.00937902927399, "dmean2": 0.0514910817146, "max": 0.521853148937, "dmean": 0.0351550132036}, "silence_rate_30dB": {"dvar": 0.0897007137537, "mean": 0.827162981033, "min": 0, "median": 1, "dvar2": 0.215547740459, "var": 0.142970457673, "dmean2": 0.199249267578, "max": 1, "dmean": 0.0996145233512}, "spectral_energyband_high": {"dvar": 3.96781433665e-05, "mean": 0.00255038426258, "min": 8.05783211096e-21, "median": 0.000147131562699, "dvar2": 8.29456766951e-05, "var": 5.23277376487e-05, "dmean2": 0.00327941635624, "max": 0.0704623609781, "dmean": 0.00234710564837}, "melbands_flatness_db": {"dvar": 0.0017850821605, "mean": 0.271007746458, "min": 0.00854714307934, "median": 0.257229179144, "dvar2": 0.00310752633959, "var": 0.0162572003901, "dmean2": 0.059910312295, "max": 0.658450007439, "dmean": 0.042497843504}, "barkbands": {"dvar": [2.43394447352e-06, 0.00110259652138, 0.000196165361558, 7.9344426922e-05, 9.16408316698e-06, 3.54020789928e-06, 6.59497527522e-06, 3.77890160053e-06, 6.38067922409e-06, 5.49221067558e-06, 3.10431551043e-06, 1.80578308573e-06, 1.08982828806e-06, 1.14676447538e-06, 6.95308244758e-07, 2.32383428056e-07, 1.12831742172e-07, 2.65085020601e-07, 3.56388881073e-07, 1.07686014417e-06, 2.19934190682e-06, 3.7932441046e-06, 1.34860954404e-06, 8.24108155939e-07, 3.41629316836e-07, 3.21051999208e-07, 8.80770869571e-08], "mean": [0.00246805022471, 0.0344836451113, 0.00380094489083, 0.00193127861712, 0.00116931914818, 0.000907702255063, 0.000919630285352, 0.00078780867625, 0.00119554193225, 0.00116117356811, 0.000546043331269, 0.000426253594924, 0.000417377217673, 0.000414039415773, 0.000292458513286, 0.000252707948675, 0.000197946865228, 0.000151111569721, 0.000218713583308, 0.000261928362306, 0.000380666111596, 0.000571864889935, 0.000526630727109, 0.000380233948817, 0.000280735956039, 0.000191850820556, 9.12874093046e-05], "min": [2.20540233996e-23, 2.64320294519e-23, 2.78562783733e-23, 2.18817771987e-23, 2.13282208797e-23, 2.46963571779e-23, 2.58619496524e-23, 1.48950671396e-22, 2.09122040373e-22, 5.09316999403e-23, 3.75536508178e-23, 1.13948698462e-22, 8.55476548352e-23, 8.93567233586e-23, 1.25165517984e-22, 9.66501905004e-23, 1.77548343336e-22, 2.13684193382e-22, 2.56104942436e-22, 2.96801885261e-22, 5.47589425568e-22, 3.92671911259e-22, 5.22197545507e-22, 7.13551421691e-22, 1.43333083081e-21, 1.58178117506e-21, 2.83557978464e-21], "median": [4.70201048302e-05, 0.0135287931189, 0.00060926459264, 0.000289106043056, 0.000287751870928, 0.000285971618723, 9.73343267106e-05, 0.000156798661919, 0.000263040972641, 0.000284135487163, 7.57259913371e-05, 7.07464787411e-05, 8.03515067673e-05, 0.000102417696326, 7.00135351508e-05, 8.34767997731e-05, 5.44340728084e-05, 2.94925193884e-05, 4.23496530857e-05, 2.31234262174e-05, 2.01514849323e-05, 3.09858005494e-05, 2.95594873023e-05, 1.74463875737e-05, 5.88203010921e-06, 2.51296046372e-06, 3.50719403741e-07], "dvar2": [3.33652337758e-06, 0.00322266574949, 0.000535865023267, 0.000223455703235, 2.42589030677e-05, 7.6263640949e-06, 1.45704543684e-05, 8.80307197804e-06, 1.44810364873e-05, 1.17035688163e-05, 6.99187603459e-06, 3.95136748921e-06, 2.41368707066e-06, 2.79488949673e-06, 1.54686949827e-06, 5.27213842361e-07, 2.43341503392e-07, 6.87896374529e-07, 8.61240494032e-07, 2.33040896092e-06, 4.66441224489e-06, 8.73513090482e-06, 2.52250265476e-06, 1.88263595646e-06, 7.02655540863e-07, 8.10224207726e-07, 2.23739547778e-07], "var": [1.80985680345e-05, 0.00202386197634, 0.000138517876621, 4.93750303576e-05, 7.57155521569e-06, 5.10099835083e-06, 8.91028412298e-06, 4.39061159341e-06, 7.83333780419e-06, 9.14208430913e-06, 4.54068776889e-06, 2.69753491011e-06, 1.5764693444e-06, 1.35154925829e-06, 9.4173327625e-07, 3.2117955584e-07, 1.86872696872e-07, 2.38618781623e-07, 3.94803095105e-07, 1.17961042179e-06, 2.58875843429e-06, 4.24980407843e-06, 2.04536127058e-06, 1.03382365069e-06, 4.78324068354e-07, 2.73365969861e-07, 7.15805299478e-08], "dmean2": [0.00102731073275, 0.0299725439399, 0.00800071656704, 0.0047075948678, 0.00188043271191, 0.00108981120866, 0.00132037571166, 0.0011130401399, 0.00155744608492, 0.00121800170746, 0.000690008106176, 0.0005242798361, 0.000521459558513, 0.000476893183077, 0.000348407484125, 0.000287486065645, 0.000204186901101, 0.000222923481488, 0.00028120438219, 0.000386718311347, 0.000519143941347, 0.000791467900854, 0.000639079953544, 0.00048701275955, 0.000365413055988, 0.000376886950107, 0.000192404098925], "max": [0.01720572263, 0.303364396095, 0.137452840805, 0.0679505318403, 0.0319147892296, 0.0442457385361, 0.055015809834, 0.0314708277583, 0.0363180339336, 0.0711558312178, 0.0479797124863, 0.0653538480401, 0.021861936897, 0.0241922810674, 0.0282038878649, 0.0151613987982, 0.00994345825166, 0.00569342635572, 0.00638354569674, 0.0113849006593, 0.0184304956347, 0.025899425149, 0.0129913361743, 0.0123663162813, 0.00831148400903, 0.00448658224195, 0.00305477320217], "dmean": [0.000822567730211, 0.0175536777824, 0.00450816098601, 0.00258681317791, 0.00112862233073, 0.000700228847563, 0.000834769394714, 0.000702866993379, 0.00101833534427, 0.000821345194709, 0.000451752945082, 0.000341386970831, 0.000342839543009, 0.000307963462546, 0.000228514021728, 0.000182203570148, 0.000134882619022, 0.000140178817674, 0.000182831092388, 0.000257648411207, 0.000368820677977, 0.000549848133232, 0.000455386994872, 0.000336480239639, 0.00025491922861, 0.000234402512433, 0.000117702802527]}, "erbbands_spread": {"dvar": 352.612060547, "mean": 44.323425293, "min": 2.32771110535, "median": 36.4988174438, "dvar2": 685.904052734, "var": 1011.6618042, "dmean2": 22.7509555817, "max": 190.744888306, "dmean": 15.7607545853}, "barkbands_kurtosis": {"dvar": 3060.50219727, "mean": 28.6255226135, "min": -1.92790687084, "median": 4.62362146378, "dvar2": 7752.03417969, "var": 5042.67041016, "dmean2": 35.1054191589, "max": 1107.46313477, "dmean": 21.5729370117}, "spectral_flux": {"dvar": 0.00296875322238, "mean": 0.107235744596, "min": 1.04153186076e-10, "median": 0.086390838027, "dvar2": 0.00665169721469, "var": 0.00711859436706, "dmean2": 0.0708109810948, "max": 0.481530487537, "dmean": 0.0452751778066}, "silence_rate_20dB": {"dvar": 0, "mean": 1, "min": 1, "median": 1, "dvar2": 0, "var": 0, "dmean2": 0, "max": 1, "dmean": 0}, "gfcc": {"cov": [[13909.4228516, -2207.4621582, 489.856719971, 946.247131348, -772.607971191, -375.429412842, -362.682861328, 192.678527832, -280.220367432, -69.9308929443, -396.371643066, -182.019256592, -684.445983887], [-2207.4621582, 2952.53637695, -725.511962891, -217.575012207, 576.339660645, 66.7819747925, 238.737289429, 43.3157577515, 283.96270752, -175.120315552, 279.705566406, -88.1319274902, 164.040496826], [489.856719971, -725.511962891, 1685.30603027, 355.398956299, 298.262023926, 247.463790894, 188.944854736, 59.6225700378, 26.345621109, 120.949890137, -77.7208709717, 41.0690460205, -67.5796890259], [946.247131348, -217.575012207, 355.398956299, 702.261108398, 142.609390259, 15.2333021164, 59.9972801208, 78.6395339966, 59.2040901184, 24.3230838776, 22.9047489166, -29.8348636627, -14.2287464142], [-772.607971191, 576.339660645, 298.262023926, 142.609390259, 599.449035645, 239.392776489, 215.461303711, 70.6382598877, 146.847122192, 13.10222435, 90.7301177979, -12.4384737015, 98.0011062622], [-375.429412842, 66.7819747925, 247.463790894, 15.2333021164, 239.392776489, 355.416046143, 196.334014893, 51.2274055481, 65.9174499512, 52.3450775146, 51.4617195129, 41.2533912659, 78.3056182861], [-362.682861328, 238.737289429, 188.944854736, 59.9972801208, 215.461303711, 196.334014893, 349.253997803, 77.2891235352, 61.7300987244, 28.0482540131, 54.6292419434, 27.502035141, 46.9456138611], [192.678527832, 43.3157577515, 59.6225700378, 78.6395339966, 70.6382598877, 51.2274055481, 77.2891235352, 153.771728516, 77.8553848267, 18.8210945129, 29.2497463226, -0.426226586103, 8.8116607666], [-280.220367432, 283.96270752, 26.345621109, 59.2040901184, 146.847122192, 65.9174499512, 61.7300987244, 77.8553848267, 181.266998291, 39.7273902893, 66.7480621338, -11.0653018951, 38.8996925354], [-69.9308929443, -175.120315552, 120.949890137, 24.3230838776, 13.10222435, 52.3450775146, 28.0482540131, 18.8210945129, 39.7273902893, 121.665046692, 18.2542247772, 26.0147819519, 8.50210571289], [-396.371643066, 279.705566406, -77.7208709717, 22.9047489166, 90.7301177979, 51.4617195129, 54.6292419434, 29.2497463226, 66.7480621338, 18.2542247772, 140.089492798, 30.4271564484, 54.5942955017], [-182.019256592, -88.1319274902, 41.0690460205, -29.8348636627, -12.4384737015, 41.2533912659, 27.502035141, -0.426226586103, -11.0653018951, 26.0147819519, 30.4271564484, 111.677444458, 43.9211616516], [-684.445983887, 164.040496826, -67.5796890259, -14.2287464142, 98.0011062622, 78.3056182861, 46.9456138611, 8.8116607666, 38.8996925354, 8.50210571289, 54.5942955017, 43.9211616516, 154.852340698]], "mean": [-37.1700515747, 80.6409454346, -93.9374465942, 25.1446819305, -46.0372047424, 30.4493198395, -22.0315532684, 13.9471883774, -5.89383268356, 2.24437999725, -12.4326438904, 3.11027097702, -4.58995771408], "icov": [[0.000119895659736, 3.39737343893e-05, 2.67681443802e-05, -0.000165322810062, 7.81938724685e-05, -8.57248087414e-05, 7.20381867723e-05, -0.00021990048117, 6.44515675958e-05, 0.000108569867734, 0.000108045765955, -2.41321940848e-05, 0.000421576813096], [3.39737343893e-05, 0.000891332805622, 0.000287046859739, 0.000311279349262, -0.000713425921276, 0.000401983066695, -0.000482304370962, 0.000391409790609, -0.000964605191257, 0.00126820872538, -0.00101113133132, 0.000462011958007, 0.00013011469855], [2.67681443802e-05, 0.000287046859739, 0.0010925240349, -0.000345504988218, -0.000735698791686, -0.000332358526066, -0.000221884140046, 0.000120596778288, -0.000141553391586, -0.000324905093294, 0.000706508406438, -0.000626705819741, 0.000935420917813], [-0.000165322810062, 0.000311279349262, -0.000345504988218, 0.00217069382779, -0.000645217543934, 0.000810134981293, -0.000328566035023, -0.000235262268689, -0.000419761170633, 0.000262220448349, -0.00109875469934, 0.000849334639497, -0.000662611797452], [7.81938724685e-05, -0.000713425921276, -0.000735698791686, -0.000645217543934, 0.0041695619002, -0.00160216900986, -0.000402692821808, 9.16918816074e-06, -0.000857868290041, 0.00034148330451, -6.8098968768e-05, 0.0010951962322, -0.00107589387335], [-8.57248087414e-05, 0.000401983066695, -0.000332358526066, 0.000810134981293, -0.00160216900986, 0.00575357163325, -0.0021138379816, 7.04201811459e-05, -0.000333613075782, -0.000743489305023, -0.000648530665785, -0.000280979409581, -0.00170104647987], [7.20381867723e-05, -0.000482304370962, -0.000221884140046, -0.000328566035023, -0.000402692821808, -0.0021138379816, 0.00513891642913, -0.0019374282565, 0.0011271807598, -0.000540292530786, 3.02925436699e-05, -0.000788563920651, 0.000537888729014], [-0.00021990048117, 0.000391409790609, 0.000120596778288, -0.000235262268689, 9.16918816074e-06, 7.04201811459e-05, -0.0019374282565, 0.0099896332249, -0.004530956503, 0.000830467499327, -0.000560961896554, -0.000136790520628, -4.89087142341e-05], [6.44515675958e-05, -0.000964605191257, -0.000141553391586, -0.000419761170633, -0.000857868290041, -0.000333613075782, 0.0011271807598, -0.004530956503, 0.0115481903777, -0.00431668385863, -0.00178680976387, 0.00194920017384, -0.000752766500227], [0.000108569867734, 0.00126820872538, -0.000324905093294, 0.000262220448349, 0.00034148330451, -0.000743489305023, -0.000540292530786, 0.000830467499327, -0.00431668385863, 0.012585895136, -0.00194918981288, -0.00130564055871, 0.000745987228584], [0.000108045765955, -0.00101113133132, 0.000706508406438, -0.00109875469934, -6.8098968768e-05, -0.000648530665785, 3.02925436699e-05, -0.000560961896554, -0.00178680976387, -0.00194918981288, 0.0126182837412, -0.00385868386365, -0.000648501154501], [-2.41321940848e-05, 0.000462011958007, -0.000626705819741, 0.000849334639497, 0.0010951962322, -0.000280979409581, -0.000788563920651, -0.00013679052062