{"metadata": {"audio_properties": {"downmix": "mix", "bit_rate": 232806, "lossless": false, "md5_encoded": "b06163c197111e9e999b5f9e72a37aa5", "analysis_sample_rate": 44100, "sample_rate": 44100, "replay_gain": -14.1311912537, "equal_loudness": 0, "codec": "mp3", "length": 252.656326294}, "tags": {"musicbrainz_albumid": ["671f7e2d-86c1-411e-8e3e-e54ef573b393"], "musicbrainz_recordingid": ["c3f7f734-4ac7-4f9c-8980-4d24b38f39e6"], "tracknumber": ["1/3"], "artist": ["Silver Columns"], "conductor": [""], "composer": [""], "musicbrainz album type": ["single"], "originaldate": ["2010"], "albumartist": ["Silver Columns"], "musicip_puid": ["c45015a7-8bd2-11b8-464d-7cdaac6bd7c5"], "media": ["Digital Media"], "musicbrainz_albumartistid": ["dfa48d0a-0974-48c7-ad52-e370681d01d3"], "file_name": "01 Cavalier.mp3", "musicbrainz album release country": ["GB"], "album": ["Cavalier"], "catalognumber": ["MOSHI92D"], "musicbrainz_artistid": ["dfa48d0a-0974-48c7-ad52-e370681d01d3"], "albumartistsort": ["Silver Columns"], "script": ["Latn"], "label": ["もしもし"], "copyright": ["(c) 2010 Moshi Moshi Records"], "musicbrainz album status": ["official"], "date": ["2010"], "title": ["Cavalier"], "language": ["eng"], "discnumber": ["1/1"]}, "version": {"essentia_build_sha": "2d9f1f26377add8aeb1075a9c2973f962c4f09fd", "essentia_git_sha": "v2.1_beta2-1-ge3940c0", "extractor": "music 1.0", "essentia": "2.1-beta2"}}, "tonal": {"chords_scale": "major", "hpcp": {"dmean": [0.198445290327, 0.181299909949, 0.131301611662, 0.106114581227, 0.119721382856, 0.134785577655, 0.131426811218, 0.114616520703, 0.10327193141, 0.0953383296728, 0.0750444382429, 0.0544170700014, 0.0666798353195, 0.084069468081, 0.107262469828, 0.115193910897, 0.100128941238, 0.0696747079492, 0.048244420439, 0.0780109614134, 0.161968395114, 0.193794414401, 0.177005499601, 0.0872021615505, 0.0558991320431, 0.0597681812942, 0.0609437152743, 0.0550699196756, 0.0622073560953, 0.0823341906071, 0.0941509082913, 0.0854599773884, 0.0592757873237, 0.0608042478561, 0.106801450253, 0.171681880951], "dvar2": [0.195492938161, 0.176439806819, 0.150515899062, 0.138825282454, 0.141700774431, 0.144874200225, 0.124444074929, 0.0917673036456, 0.0825156122446, 0.0856568068266, 0.065091483295, 0.0438756197691, 0.0592483021319, 0.0869411975145, 0.0772605165839, 0.087053284049, 0.080845400691, 0.0749212577939, 0.0352111272514, 0.0524006634951, 0.138158276677, 0.153266042471, 0.13719061017, 0.0593759268522, 0.0451585389674, 0.0584574975073, 0.0559100694954, 0.0370421931148, 0.0372746288776, 0.0599161423743, 0.0920311063528, 0.0853719562292, 0.0467048212886, 0.0553007349372, 0.118610784411, 0.175369590521], "mean": [0.235406219959, 0.18125192821, 0.094546712935, 0.0704290941358, 0.094609349966, 0.127928808331, 0.131529197097, 0.103486277163, 0.114714704454, 0.129685223103, 0.0774123594165, 0.0465019010007, 0.0564465783536, 0.0770618990064, 0.11695279181, 0.139312505722, 0.102907024324, 0.0551045238972, 0.0378421358764, 0.0644556358457, 0.186271414161, 0.329369813204, 0.249339580536, 0.079937055707, 0.0401618629694, 0.0462640859187, 0.053723320365, 0.0513980686665, 0.0516557060182, 0.0737282335758, 0.0910437777638, 0.0702675133944, 0.0444687455893, 0.0442981310189, 0.0749774649739, 0.163527801633], "var": [0.121487632394, 0.0819056779146, 0.0426781028509, 0.0308121722192, 0.0454515740275, 0.060580290854, 0.0568256936967, 0.0337459109724, 0.0509922094643, 0.0773337557912, 0.0289031267166, 0.0136977927759, 0.0192415975034, 0.0355068482459, 0.0447130426764, 0.0709704235196, 0.0420784950256, 0.0208150595427, 0.00908773671836, 0.0178366210312, 0.0720335021615, 0.153154224157, 0.108052246273, 0.0190496593714, 0.0107274828479, 0.0171744097024, 0.0207367558032, 0.0168245248497, 0.0127988448367, 0.0229779500514, 0.0373617522418, 0.0248952098191, 0.0116546368226, 0.0126022975892, 0.0272223614156, 0.0704699680209], "dmean2": [0.346526056528, 0.320249557495, 0.236550569534, 0.19903293252, 0.217507168651, 0.240635797381, 0.232623919845, 0.200895696878, 0.182306975126, 0.166103154421, 0.131828650832, 0.096679136157, 0.117934823036, 0.147239848971, 0.174985095859, 0.186045333743, 0.167473718524, 0.123713165522, 0.0862325131893, 0.137721508741, 0.274922907352, 0.328621387482, 0.298786580563, 0.153862819076, 0.101325273514, 0.105899475515, 0.107082352042, 0.0967968180776, 0.109651505947, 0.143014892936, 0.165216296911, 0.152004867792, 0.107462503016, 0.112270049751, 0.198053926229, 0.306383013725], "dvar": [0.0824715346098, 0.0701088309288, 0.0550543777645, 0.0489686205983, 0.0535904988647, 0.0572490356863, 0.0505344830453, 0.0350881405175, 0.0329156927764, 0.0376990288496, 0.0251353569329, 0.0160295180976, 0.021500069648, 0.0339442640543, 0.0322111584246, 0.043265093118, 0.0339113771915, 0.0272177644074, 0.0125555545092, 0.0199773069471, 0.0547156780958, 0.0710672140121, 0.0588242337108, 0.0213727820665, 0.0158049203455, 0.0218872409314, 0.0212304312736, 0.0143941100687, 0.0141330882907, 0.0232094470412, 0.0351855941117, 0.0310674421489, 0.0165551304817, 0.019020402804, 0.0404572375119, 0.06640227139], "min": [0, 0, 0, 0, 0, 0, 0, 0, 0, 0, 0, 0, 0, 0, 0, 0, 0, 0, 0, 0, 0, 0, 0, 0, 0, 0, 0, 0, 0, 0, 0, 0, 0, 0, 0, 0], "median": [0.0347506590188, 0.029188754037, 0.0117716453969, 0.00831041485071, 0.0112679423764, 0.0246096886694, 0.0343009233475, 0.0273923017085, 0.0123220821843, 0.008435504511, 0.00931653939188, 0.00851086899638, 0.00812659412622, 0.0101963151246, 0.0184459611773, 0.0192297659814, 0.0145932231098, 0.00902943871915, 0.00719571346417, 0.0121936853975, 0.0548936277628, 0.100197009742, 0.0666383206844, 0.0224500186741, 0.00699675362557, 0.00710806809366, 0.00849933363497, 0.00889454968274, 0.00983325950801, 0.0135011877865, 0.0133532527834, 0.0114474277943, 0.00846873596311, 0.00846838578582, 0.0123051702976, 0.0251535475254], "max": [1, 1, 1, 1, 1, 1, 1, 1, 1, 1, 1, 1, 1, 1, 1, 1, 1, 1, 1, 1, 1, 1, 1, 1, 1, 1, 1, 1, 1, 1, 1, 1, 1, 1, 1, 1]}, "tuning_equal_tempered_deviation": 0.0868076905608, "chords_key": "A", "chords_strength": {"dmean": 0.0108634661883, "dvar2": 0.00152562209405, "mean": 0.357756316662, "var": 0.250624388456, "dmean2": 0.0118472408503, "dvar": 0.000801319023594, "min": -1, "median": 0.529826402664, "max": 0.777541399002}, "tuning_diatonic_strength": 0.653193473816, "thpcp": [1, 0.757020115852, 0.242696970701, 0.121935471892, 0.140462428331, 0.16310942173, 0.156049728394, 0.156831935048, 0.223846361041, 0.276418089867, 0.213339269161, 0.135011598468, 0.134493604302, 0.2276391536, 0.496486902237, 0.714717030525, 0.550299167633, 0.287053376436, 0.21382984519, 0.287243545055, 0.388404786587, 0.399335920811, 0.314194768667, 0.34828543663, 0.393737435341, 0.235031738877, 0.141184464097, 0.171377509832, 0.233967706561, 0.355080485344, 0.422966837883, 0.312436103821, 0.167302891612, 0.114892542362, 0.195693820715, 0.565538823605], "chords_histogram": [30.2278575897, 4.29988956451, 8.59977912903, 0.330760747194, 0.091877989471, 1.85593533516, 1.35979413986, 39.7831687927, 0.643145918846, 1.67217934132, 0.0735023915768, 0.0735023915768, 1.43329656124, 3.84049987793, 0, 0.569643497467, 0, 0.0551267899573, 0.0183755978942, 3.38110995293, 0, 0, 1.69055497646, 0], "tuning_nontempered_energy_ratio": 0.797668993473, "tuning_frequency": 438.984558105, "key_strength": 0.815431952477, "chords_changes_rate": 0.0643145889044, "key_scale": "minor", "hpcp_entropy": {"dmean": 0.675435185432, "dvar2": 1.11265611649, "mean": 1.57856893539, "var": 0.931492209435, "dmean2": 1.14284300804, "dvar": 0.410060167313, "min": 0, "median": 1.66690039635, "max": 4.46248006821}, "key_key": "A", "chords_number_rate": 0.00202131574042}, "lowlevel": {"melbands_skewness": {"dmean": 0.979004025459, "dvar2": 3.46611618996, "mean": 2.45230412483, "var": 3.74532818794, "dmean2": 1.49046504498, "dvar": 1.47042405605, "min": -11.054857254, "median": 2.28833031654, "max": 19.5315856934}, "melbands_kurtosis": {"dmean": 12.1682243347, "dvar2": 2945.83886719, "mean": 17.5801181793, "var": 1258.37341309, "dmean2": 19.5359954834, "dvar": 1133.11340332, "min": -1.95167517662, "median": 9.61471939087, "max": 1408.31262207}, "barkbands_kurtosis": {"dmean": 20.0645084381, "dvar2": 58159.7539063, "mean": 27.6189498901, "var": 33670.546875, "dmean2": 32.8171920776, "dvar": 23527.6074219, "min": -1.88967108727, "median": 6.98366165161, "max": 5089.68310547}, "hfc": {"dmean": 9.27184200287, "dvar2": 352.38494873, "mean": 22.0611438751, "var": 496.293426514, "dmean2": 12.7976121902, "dvar": 179.197799683, "min": 1.19472607547e-16, "median": 17.7872962952, "max": 316.899688721}, "silence_rate_20dB": {"dmean": 0, "dvar2": 0, "mean": 1, "var": 0, "dmean2": 0, "dvar": 0, "min": 1, "median": 1, "max": 1}, "erbbands_flatness_db": {"dmean": 0.030248682946, "dvar2": 0.00230849860236, "mean": 0.168169021606, "var": 0.00736921001226, "dmean2": 0.0422944836318, "dvar": 0.00125393620692, "min": 0.039036039263, "median": 0.139667659998, "max": 0.709589898586}, "spectral_flux": {"dmean": 0.031200747937, "dvar2": 0.00320511916652, "mean": 0.0884219333529, "var": 0.00324639980681, "dmean2": 0.0504168272018, "dvar": 0.00130065518897, "min": 1.04024039382e-10, "median": 0.0866942703724, "max": 0.323113799095}, "spectral_energyband_low": {"dmean": 0.00659489817917, "dvar2": 0.00028673990164, "mean": 0.0143706761301, "var": 0.000397713214625, "dmean2": 0.0101289488375, "dvar": 0.000135214271722, "min": 9.84477268244e-23, "median": 0.00286157522351, "max": 0.126808986068}, "spectral_rolloff": {"dmean": 546.025390625, "dvar2": 5116509.5, "mean": 3591.34350586, "var": 38804152, "dmean2": 905.520874023, "dvar": 2129659.5, "min": 64.599609375, "median": 753.662109375, "max": 19272.2167969}, "spectral_entropy": {"dmean": 0.296497523785, "dvar2": 0.258937418461, "mean": 7.56023263931, "var": 0.716654419899, "dmean2": 0.401491761208, "dvar": 0.134847298265, "min": 3.37936115265, "median": 7.62342834473, "max": 9.80165195465}, "spectral_energy": {"dmean": 0.0104070855305, "dvar2": 0.000349104171619, "mean": 0.0354707203805, "var": 0.000858952873386, "dmean2": 0.0153967086226, "dvar": 0.000170582803548, "min": 1.08210006744e-20, "median": 0.0295328628272, "max": 0.13018874824}, "spectral_centroid": {"dmean": 255.738052368, "dvar2": 178837.265625, "mean": 1470.10241699, "var": 1489777.25, "dmean2": 342.813201904, "dvar": 107773.398438, "min": 60.7702827454, "median": 970.238525391, "max": 10910.9853516}, "barkbands_flatness_db": {"dmean": 0.0344213917851, "dvar2": 0.00257284939289, "mean": 0.190674364567, "var": 0.0103467581794, "dmean2": 0.0478301048279, "dvar": 0.00147896527778, "min": 0.0205025542527, "median": 0.166412696242, "max": 0.773462891579}, "spectral_rms": {"dmean": 0.000853551726323, "dvar2": 1.8226088514e-06, "mean": 0.0050791236572, "var": 8.8058422989e-06, "dmean2": 0.00122012407519, "dvar": 9.6956591733e-07, "min": 3.24916504292e-12, "median": 0.00536773214117, "max": 0.0112700229511}, "melbands": {"dmean": [0.00170598865952, 0.000998731702566, 0.000576288963202, 0.000410228152759, 0.000559629232157, 0.000606777437497, 0.00021426207968, 0.000227868033107, 0.000235328887356, 0.000197647532332, 6.74065522617e-05, 5.91679818172e-05, 6.01251449552e-05, 5.17089647474e-05, 4.72482570331e-05, 3.8110621972e-05, 3.90907443943e-05, 1.52988232003e-05, 5.74141449761e-05, 2.1234713131e-05, 6.9726734182e-06, 1.43764191307e-05, 1.4602283045e-05, 6.42477925794e-06, 5.79315837967e-06, 4.67258178105e-06, 5.86106671108e-06, 3.59182627108e-06, 3.11621329274e-06, 2.6946916023e-06, 2.43442582359e-06, 1.95519146473e-06, 1.71957117345e-06, 1.18349259992e-06, 1.24744633467e-06, 1.08619371986e-06, 1.90601838312e-06, 1.47927846683e-06, 1.23938218621e-06, 7.31873342374e-07], "dvar2": [2.45829050982e-05, 7.89422574599e-06, 2.7274822969e-06, 1.68406711509e-06, 1.16510000225e-06, 1.9092644834e-06, 3.46651006566e-07, 4.13616589867e-07, 4.18223464749e-07, 2.80410517917e-07, 4.73389683009e-08, 4.30874109725e-08, 3.24035163146e-08, 4.0560387049e-08, 4.45234391577e-08, 1.38712561437e-08, 3.97334893876e-08, 1.92535876131e-09, 1.40724182529e-07, 1.09005684479e-08, 2.51584031385e-10, 6.42020392405e-09, 6.65660060406e-09, 2.74516576138e-10, 3.41851824626e-10, 2.85399814892e-10, 3.0188165856e-10, 1.11585352069e-10, 1.93172478014e-10, 1.78534326212e-10, 9.01069427406e-11, 5.7576297896e-11, 4.869350409e-11, 1.118808865e-11, 1.28440877725e-11, 3.31647417862e-11, 1.10803435871e-10, 6.20299575593e-11, 4.38568764638e-11, 1.4024469086e-11], "mean": [0.00275692273863, 0.00203964463435, 0.00128524634056, 0.000683079473674, 0.00113653519657, 0.0010360146407, 0.000335118907969, 0.000298723607557, 0.000371607282432, 0.000277638493571, 0.000100595891126, 9.22635008465e-05, 8.58013736433e-05, 6.70746667311e-05, 6.77955977153e-05, 4.67657155241e-05, 4.38266033598e-05, 2.04786683753e-05, 7.20151729183e-05, 2.64636128122e-05, 1.05753306343e-05, 1.79470298463e-05, 1.87241585081e-05, 9.7906740848e-06, 7.56345389163e-06, 6.71400675856e-06, 7.13324288881e-06, 5.43797614228e-06, 4.92479830427e-06, 4.16832199335e-06, 3.40087785844e-06, 2.88717023977e-06, 2.32673664868e-06, 1.71678527749e-06, 1.74492959104e-06, 1.5913929019e-06, 2.34689741774e-06, 1.83800852938e-06, 1.43944419051e-06, 9.37872414397e-07], "var": [2.21858463192e-05, 9.21636183193e-06, 4.98150257044e-06, 1.24772475374e-06, 2.39837368099e-06, 2.74836656899e-06, 3.14443440175e-07, 2.32430281244e-07, 3.89811305013e-07, 1.94387510533e-07, 3.71501265306e-08, 3.44501991378e-08, 2.52025262881e-08, 2.90779578194e-08, 3.30898402012e-08, 1.14332854295e-08, 1.90510949238e-08, 1.71703440355e-09, 1.30233004825e-07, 9.05126373851e-09, 2.62644905824e-10, 4.10984180022e-09, 4.27361301902e-09, 3.03554265058e-10, 2.26683824489e-10, 1.8470226737e-10, 1.8607229646e-10, 1.03979283517e-10, 1.95369651013e-10, 1.45846737465e-10, 7.87955256598e-11, 4.55626023022e-11, 3.27245522347e-11, 1.18396802778e-11, 1.24327518766e-11, 3.54600515617e-11, 1.09045321384e-10, 5.44790566825e-11, 2.49385512241e-11, 1.20853292651e-11], "dmean2": [0.00262815481983, 0.0015942506725, 0.000904732616618, 0.000648719549645, 0.000763848074712, 0.000835734361317, 0.000344866217347, 0.000377928517992, 0.000353708601324, 0.000310223957058, 0.000106649065856, 9.49018140091e-05, 9.40833342611e-05, 8.42510198709e-05, 7.02360484865e-05, 6.22353181825e-05, 6.20998689556e-05, 2.25216790568e-05, 8.29417185741e-05, 3.05565627059e-05, 1.00503493741e-05, 2.2656748115e-05, 2.19410085265e-05, 8.97347945283e-06, 8.36993876874e-06, 6.87401870891e-06, 8.34707680042e-06, 5.01666727359e-06, 4.33332252214e-06, 3.82775897378e-06, 3.5464274788e-06, 2.98509257846e-06, 2.576727411e-06, 1.56232169957e-06, 1.74454828539e-06, 1.45357182646e-06, 2.82150040221e-06, 2.17347133002e-06, 1.8858012254e-06, 1.06490529106e-06], "dvar": [1.09019420051e-05, 3.36809966939e-06, 1.19974777135e-06, 6.72014607517e-07, 6.55040309994e-07, 1.09361963041e-06, 1.43478018799e-07, 1.5961978761e-07, 1.96280709019e-07, 1.2268752414e-07, 2.00232417313e-08, 1.81025843204e-08, 1.46160665793e-08, 1.80483645806e-08, 2.04561878547e-08, 5.73650904556e-09, 1.75334449182e-08, 9.66505542266e-10, 7.92919294668e-08, 5.69531088956e-09, 1.27213670154e-10, 2.96283331203e-09, 3.08575298646e-09, 1.45257209039e-10, 1.53741852582e-10, 1.26087917884e-10, 1.34016367448e-10, 5.40834529938e-11, 9.59669843592e-11, 7.91235271747e-11, 4.06898958971e-11, 2.63681923518e-11, 2.15995225178e-11, 5.77514468539e-12, 6.39506286468e-12, 1.75061562468e-11, 5.6075782906e-11, 2.90173666345e-11, 1.80477265077e-11, 7.08144437186e-12], "min": [2.6408566362e-24, 1.68414088205e-23, 1.69610080223e-23, 4.47122140673e-24, 6.99442417209e-24, 7.15594186471e-24, 6.27020529046e-24, 3.84374645436e-24, 4.08162509375e-24, 6.24130655448e-24, 7.26785203931e-24, 7.33926919478e-24, 3.25291969195e-23, 9.79384145581e-24, 1.04665631031e-23, 1.06131910462e-23, 8.59370239563e-24, 7.52227940277e-24, 5.09417421397e-24, 5.75182704026e-24, 1.46324168479e-23, 1.5205890327e-23, 9.95411827023e-24, 7.50626552639e-24, 5.29633559815e-24, 1.13277546647e-23, 1.30639483759e-23, 8.59331822037e-24, 1.13608497463e-23, 1.36395107586e-23, 1.0424629624e-23, 1.38230834244e-23, 9.06716487803e-24, 7.95869697706e-24, 1.06187225388e-23, 1.09654868601e-23, 1.25943828663e-23, 9.93908652568e-24, 1.20469780847e-23, 1.29299713952e-23], "median": [0.000197489716811, 0.000341325503541, 0.00019865341892, 0.000177658861503, 0.000460596464109, 0.000331485964125, 9.78361495072e-05, 9.8864082247e-05, 0.000166317637195, 0.000104536287836, 3.77646647394e-05, 3.82034122595e-05, 3.37613746524e-05, 1.31602337206e-05, 1.5288907889e-05, 1.27787116071e-05, 7.62773015595e-06, 5.37596088179e-06, 4.12969166064e-06, 4.00618546337e-06, 3.12651832246e-06, 2.887216624e-06, 2.58806221609e-06, 1.90140599443e-06, 1.66898871612e-06, 1.94023641598e-06, 1.94635640582e-06, 1.6890680854e-06, 1.64776974998e-06, 1.38260315907e-06, 8.62579440764e-07, 1.02529497781e-06, 7.08874722477e-07, 4.79009486298e-07, 4.98066924592e-07, 3.27114435095e-07, 3.02031651245e-07, 2.98035104151e-07, 2.26567095751e-07, 1.84593218933e-07], "max": [0.0406742356718, 0.0185842756182, 0.0164988897741, 0.00951181631535, 0.00901872757822, 0.0114013208076, 0.0062641329132, 0.0079751778394, 0.00961056631058, 0.00630443030968, 0.00323744281195, 0.00424485187978, 0.00318864616565, 0.00252691307105, 0.00287708011456, 0.0019529024139, 0.0049051665701, 0.000906108587515, 0.00580238364637, 0.00147393415682, 0.000163916673046, 0.00222131819464, 0.00237769982778, 0.000280769658275, 0.000455694884295, 0.00041632229113, 0.000296416081255, 0.000237165717408, 0.000615377211943, 0.000583897228353, 0.000228301476454, 0.000166687517776, 0.000218132161535, 9.46281579672e-05, 6.64983163006e-05, 0.000175302746356, 0.000292207318125, 0.000190535138245, 0.000200590584427, 0.00016401038738]}, "barkbands_crest": {"dmean": 3.04747962952, "dvar2": 22.5443305969, "mean": 14.249458313, "var": 44.6040077209, "dmean2": 4.85258483887, "dvar": 10.1428527832, "min": 2.50481891632, "median": 12.3575935364, "max": 26.9731864929}, "mfcc": {"icov": [[4.7272300435e-05, -8.53676319821e-05, 4.30669388152e-05, -6.16026882199e-05, 3.64314801118e-05, -0.000104473125248, 4.53445900348e-05, -9.83739155345e-05, 6.12904259469e-05, -4.22129305662e-05, 5.33269994776e-05, -0.00013343860337, 5.28461423528e-05], [-8.53676319821e-05, 0.000532565813046, -0.000228326782235, -0.000243619666435, 0.000244652648689, 9.24277628656e-05, 9.68217937043e-05, 6.8335000833e-05, 6.76947311149e-05, -6.09287126281e-05, -0.000151500891661, 0.000376188749215, 6.43176681479e-05], [4.30669388152e-05, -0.000228326782235, 0.00130291131791, -0.00105197471566, -9.35737552936e-05, -4.30263753515e-05, -0.000530580757186, 0.000792812963482, -0.000382885307772, 0.000374099647161, -0.000484729418531, -0.000144207777339, 0.000516928441357], [-6.16026882199e-05, -0.000243619666435, -0.00105197471566, 0.0038654692471, -0.00199725385755, 0.00079040142009, -0.000775998225436, 0.000778883229941, -0.000495824089739, 0.000560984190088, 0.00114719732665, -0.00124354823492, -0.000104551065306], [3.64314801118e-05, 0.000244652648689, -9.35737552936e-05, -0.00199725385755, 0.00527882855386, -0.0044976756908, 0.00342953810468, -0.00304571166635, -1.59495903063e-05, 0.000804395298474, -0.00152826460544, 0.000360893754987, 0.0003108731471], [-0.000104473125248, 9.24277628656e-05, -4.30263753515e-05, 0.00079040142009, -0.0044976756908, 0.0111166732386, -0.00740667106584, 0.00346211600117, -0.000493132683914, -0.00161653908435, 0.000817093998194, 0.00133276951965, -0.00190732278861], [4.53445900348e-05, 9.68217937043e-05, -0.000530580757186, -0.000775998225436, 0.00342953810468, -0.00740667106584, 0.0139496410266, -0.00925076939166, 0.00416409317404, -0.000469849765068, -0.000206595359487, 7.97841348685e-05, -0.000630736525636], [-9.83739155345e-05, 6.8335000833e-05, 0.000792812963482, 0.000778883229941, -0.00304571166635, 0.00346211600117, -0.00925076939166, 0.0156567636877, -0.0096288388595, 0.00458320090547, -0.00340127479285, -0.000668437452987, 0.00130712089594], [6.12904259469e-05, 6.76947311149e-05, -0.000382885307772, -0.000495824089739, -1.59495903063e-05, -0.000493132683914, 0.00416409317404, -0.0096288388595, 0.0164080727845, -0.00992040336132, 0.00355593743734, 0.00195407913998, -0.00334304268472], [-4.22129305662e-05, -6.09287126281e-05, 0.000374099647161, 0.000560984190088, 0.000804395298474, -0.00161653908435, -0.000469849765068, 0.00458320090547, -0.00992040336132, 0.0180602688342, -0.00975443795323, 0.000569965341128, 0.00149114092346], [5.33269994776e-05, -0.000151500891661, -0.000484729418531, 0.00114719732665, -0.00152826460544, 0.000817093998194, -0.000206595359487, -0.00340127479285, 0.00355593743734, -0.00975443795323, 0.0178436134011, -0.00817402731627, -0.00061903212918], [-0.00013343860337, 0.000376188749215, -0.000144207777339, -0.00124354823492, 0.000360893754987, 0.00133276951965, 7.97841348685e-05, -0.000668437452987, 0.00195407913998, 0.000569965341128, -0.00817402731627, 0.016886934638, -0.0053034638986], [5.28461423528e-05, 6.43176681479e-05, 0.000516928441357, -0.000104551065306, 0.0003108731471, -0.00190732278861, -0.000630736525636, 0.00130712089594, -0.00334304268472, 0.00149114092346, -0.00061903212918, -0.0053034638986, 0.0156566724181]], "mean": [-718.068115234, 101.771148682, 6.92143917084, 8.16027355194, -8.27643203735, -0.811806321144, -0.339522719383, -0.30481466651, -0.130834415555, 1.67532801628, 0.512825548649, 1.96957314014, -0.726997435093], "cov": [[34807.59375, 6422.22021484, 1163.21838379, 1376.01879883, 181.478591919, 275.352844238, 143.422393799, 62.8391304016, -145.179641724, -27.2152729034, 20.0416736603, 216.422225952, -96.9183197021], [6422.22021484, 3674.06591797, 969.871887207, 597.143249512, -58.3535919189, -47.3278579712, -55.9765090942, -143.398101807, -109.328269958, -58.0923728943, -51.1549301147, -16.1128883362, -84.9862442017], [1163.21838379, 969.871887207, 1481.52502441, 609.857727051, 223.115386963, 79.6440658569, 35.5882568359, -58.6751289368, -35.1527404785, -45.6004524231, 4.43696260452, 28.531124115, -34.4711799622], [1376.01879883, 597.143249512, 609.857727051, 628.217712402, 266.129394531, 82.0112762451, 29.9298667908, 4.95816898346, -2.46146082878, -38.091960907, -7.4664645195, 33.8675918579, -3.26023387909], [181.478591919, -58.3535919189, 223.115386963, 266.129394531, 499.699554443, 194.583648682, 63.0145683289, 120.817871094, 78.3901901245, 24.5118675232, 57.5899162292, 29.0809459686, 26.8036308289], [275.352844238, -47.3278579712, 79.6440658569, 82.0112762451, 194.583648682, 232.333145142, 120.92855835, 70.1398620605, 35.8452186584, 25.8148117065, 27.8167915344, 7.3451256752, 29.4216842651], [143.422393799, -55.9765090942, 35.5882568359, 29.9298667908, 63.0145683289, 120.92855835, 195.13394165, 117.943847656, 27.4162120819, 11.6395759583, 31.9651222229, 16.5199928284, 21.8707389832], [62.8391304016, -143.398101807, -58.6751289368, 4.95816898346, 120.817871094, 70.1398620605, 117.943847656, 212.8334198, 109.850196838, 39.3790397644, 57.9953231812, 25.5414886475, 26.125459671], [-145.179641724, -109.328269958, -35.1527404785, -2.46146082878, 78.3901901245, 35.8452186584, 27.4162120819, 109.850196838, 166.449996948, 84.5959396362, 42.8638572693, 8.19184398651, 28.7804546356], [-27.2152729034, -58.0923728943, -45.6004524231, -38.091960907, 24.5118675232, 25.8148117065, 11.6395759583, 39.3790397644, 84.5959396362, 135.953170776, 79.8493423462, 27.0184688568, 18.8451862335], [20.0416736603, -51.1549301147, 4.43696260452, -7.4664645195, 57.5899162292, 27.8167915344, 31.9651222229, 57.9953231812, 42.8638572693, 79.8493423462, 138.411712646, 67.8405532837, 28.637260437], [216.422225952, -16.1128883362, 28.531124115, 33.8675918579, 29.0809459686, 7.3451256752, 16.5199928284, 25.5414886475, 8.19184398651, 27.0184688568, 67.8405532837, 105.775650024, 35.1584739685], [-96.9183197021, -84.9862442017, -34.4711799622, -3.26023387909, 26.8036308289, 29.4216842651, 21.8707389832, 26.125459671, 28.7804546356, 18.8451862335, 28.637260437, 35.1584739685, 84.807182312]]}, "spectral_decrease": {"dmean": 2.64410338069e-09, "dvar2": 2.34477248646e-17, "mean": -8.86789752741e-09, "var": 5.65035363557e-17, "dmean2": 3.92749610612e-09, "dvar": 1.14007102639e-17, "min": -3.40598660387e-08, "median": -7.16151848934e-09, "max": 8.02132101297e-16}, "zerocrossingrate": {"dmean": 0.0150160063058, "dvar2": 0.000462308089482, "mean": 0.152722597122, "var": 0.0627834573388, "dmean2": 0.0163519922644, "dvar": 0.000440093514044, "min": 0.00244140625, "median": 0.05126953125, "max": 0.822265625}, "spectral_contrast_coeffs": {"dmean": [0.0504774749279, 0.0582931190729, 0.0442993715405, 0.0323834866285, 0.0222817305475, 0.0185214467347], "dvar2": [0.00446612620726, 0.00647164462134, 0.00368636078201, 0.00206133979373, 0.00129671604373, 0.00092368881451], "mean": [-0.675990283489, -0.708469629288, -0.774151861668, -0.813294827938, -0.827995598316, -0.79676181078], "var": [0.0177145618945, 0.0179263316095, 0.00935672037303, 0.00582270696759, 0.00334720639512, 0.00286977924407], "dmean2": [0.0790907666087, 0.090001501143, 0.0703450739384, 0.0510194264352, 0.0346448011696, 0.0294490139931], "dvar": [0.00201700697653, 0.00291096279398, 0.00159027567133, 0.000956843316089, 0.00060551322531, 0.000373622315237], "min": [-0.964909315109, -0.969677448273, -0.967383444309, -0.967126846313, -0.962055265903, -0.960141837597], "median": [-0.670631289482, -0.704852163792, -0.77442407608, -0.820324361324, -0.826050460339, -0.785192489624], "max": [-0.271795809269, -0.269951313734, -0.39933219552, -0.428748786449, -0.407633572817, -0.589496195316]}, "spectral_skewness": {"dmean": 0.326527088881, "dvar2": 0.541913986206, "mean": 1.91598236561, "var": 0.704446196556, "dmean2": 0.491368204355, "dvar": 0.250255525112, "min": -0.145848616958, "median": 1.67086017132, "max": 12.2923793793}, "spectral_energyband_middle_high": {"dmean": 0.00209692632779, "dvar2": 1.99863297894e-05, "mean": 0.00449049472809, "var": 3.74115188606e-05, "dmean2": 0.00285463500768, "dvar": 1.10695418698e-05, "min": 1.57793294749e-21, "median": 0.00235751317814, "max": 0.060941580683}, "gfcc": {"icov": [[0.000124949365272, -0.000168578117155, 0.000127846753458, -0.000248426105827, 0.00027695344761, -0.000388843327528, 0.000641583988909, -0.000600551604293, 0.000694711518008, -0.000571924145333, 0.000372113747289, -0.000219185327296, 0.000113785048597], [-0.000168578117155, 0.000559962238185, -0.000218771092477, 8.06959869806e-05, -0.000110362438136, 0.000579918851145, -0.000519865367096, 0.000570920819882, -0.000508778961375, 0.000670038105454, -0.000546782102901, 0.000837454455905, -0.000339416466886], [0.000127846753458, -0.000218771092477, 0.000908542540856, -0.00105066841934, 0.000254996441072, -7.59099857532e-05, -3.03402430291e-05, 0.000210622369195, 0.00015461393923, -0.000412286375649, 0.000419422925916, -0.000637290184386, 0.000659183366224], [-0.000248426105827, 8.06959869806e-05, -0.00105066841934, 0.00375811057165, -0.00217261700891, 0.000704765901901, -0.000203976916964, -0.000647531589493, 0.000348922447301, -0.000176487767021, -0.000566556758713, 4.3427113269e-05, -0.000778447894845], [0.00027695344761, -0.000110362438136, 0.000254996441072, -0.00217261700891, 0.00469236401841, -0.00304037821479, 0.000990260043181, 0.00106863747351, -0.00279651721939, 0.00258976710029, -0.000484205229441, -0.000870394113008, 0.000937361910474], [-0.000388843327528, 0.000579918851145, -7.59099857532e-05, 0.000704765901901, -0.00304037821479, 0.00653296941891, -0.00362521968782, 0.000158441849635, 0.000457424757769, -0.00186976173427, 0.00153355533257, -0.00119856360834, 0.00123675249051], [0.000641583988909, -0.000519865367096, -3.03402430291e-05, -0.000203976916964, 0.000990260043181, -0.00362521968782, 0.0100742308423, -0.00652920082211, 0.00408497918397, -5.05907992192e-05, -0.00363239645958, 0.0037801025901, -0.00306337862276], [-0.000600551604293, 0.000570920819882, 0.000210622369195, -0.000647531589493, 0.00106863747351, 0.000158441849635, -0.00652920082211, 0.0139452144504, -0.0104614701122, 0.00321610760875, 0.00306425685994, -0.00616775173694, 0.00487504899502], [0.000694711518008, -0.000508778961375, 0.00015461393923, 0.000348922447301, -0.00279651721939, 0.000457424757769, 0.00408497918397, -0.0104614701122, 0.0178154539317, -0.00969748292118, 0.00116199743934, 0.00568987103179, -0.00378958065994], [-0.000571924145333, 0.000670038105454, -0.000412286375649, -0.000176487767021, 0.00258976710029, -0.00186976173427, -5.05907992192e-05, 0.00321610760875, -0.00969748292118, 0.0178461931646, -0.00835444871336, 0.00120656972285, 0.00011284500215], [0.000372113747289, -0.000546782102901, 0.000419422925916, -0.000566556758713, -0.000484205229441, 0.00153355533257, -0.00363239645958, 0.00306425685994, 0.00116199743934, -0.00835444871336, 0.0182948671281, -0.0108441822231, 0.00456183264032], [-0.000219185327296, 0.000837454455905, -0.000637290184386, 4.3427113269e-05, -0.000870394113008, -0.00119856360834, 0.0037801025901, -0.00616775173694, 0.00568987103179, 0.00120656972285, -0.0108441822231, 0.0216775555164, -0.0115623604506], [0.000113785048597, -0.000339416466886, 0.000659183366224, -0.000778447894845, 0.000937361910474, 0.00123675249051, -0.00306337862276, 0.00487504899502, -0.00378958065994, 0.00011284500215, 0.00456183264032, -0.0115623604506, 0.0148610733449]], "mean": [-128.441848755, 49.0547294617, -90.0280532837, 5.27636861801, -52.409954071, 4.09513139725, -21.9921321869, 5.93655395508, -17.0342216492, 4.78945684433, -10.9218187332, 2.65046215057, -7.95549869537], "cov": [[119372.757813, 17844.1445313, -6049.15966797, 1683.84924316, -6644.38183594, 765.346496582, -4845.31884766, 1388.30322266, -2742.75610352, 1513.19458008, -1645.75439453, 664.11920166, -937.725036621], [17844.1445313, 5578.73828125, -171.25352478, 361.74810791, -1120.3458252, -270.185516357, -751.658569336, -9.2762594223, -469.132171631, 132.215484619, -239.655090332, -40.4204940796, -119.929840088], [-6049.15966797, -171.25352478, 2362.45776367, 610.287780762, 580.655822754, -27.5638408661, 258.99520874, -106.90246582, 127.051742554, -64.1134185791, 131.31867981, 7.67575740814, 22.2545070648], [1683.84924316, 361.74810791, 610.287780762, 679.391357422, 261.434143066, 119.800102234, -34.9250030518, 65.0743103027, 3.36144256592, 28.1388549805, 13.9433803558, 62.6963806152, -5.97607803345], [-6644.38183594, -1120.3458252, 580.655822754, 261.434143066, 943.949462891, 219.530792236, 305.481384277, 0.092077434063, 240.908050537, -91.9374771118, 95.7780456543, -7.1473326683, 25.5231990814], [765.346496582, -270.185516357, -27.5638408661, 119.800102234, 219.530792236, 382.617828369, 94.0442428589, 118.569915771, 36.5282592773, 38.5253067017, -3.5875184536, 32.668762207, -34.1909332275], [-4845.31884766, -751.658569336, 258.99520874, -34.9250030518, 305.481384277, 94.0442428589, 402.073669434, 45.6282119751, 125.473587036, -51.3850250244, 91.1159133911, -14.9961080551, 40.1814727783], [1388.30322266, -9.2762594223, -106.90246582, 65.0743103027, 0.092077434063, 118.569915771, 45.6282119751, 235.160507202, 81.0743179321, 42.0576934814, -30.212348938, 18.583272934, -36.2140731812], [-2742.75610352, -469.132171631, 127.051742554, 3.36144256592, 240.908050537, 36.5282592773, 125.473587036, 81.0743179321, 231.541625977, 28.6910820007, 27.8957004547, -37.8626403809, 6.66359424591], [1513.19458008, 132.215484619, -64.1134185791, 28.1388549805, -91.9374771118, 38.5253067017, -51.3850250244, 42.0576934814, 28.6910820007, 135.06199646, 27.04337883, 19.0297412872, -13.2494401932], [-1645.75439453, -239.655090332, 131.31867981, 13.9433803558, 95.7780456543, -3.5875184536, 91.1159133911, -30.212348938, 27.8957004547, 27.04337883, 138.254776001, 51.8305435181, 29.7776222229], [664.11920166, -40.4204940796, 7.67575740814, 62.6963806152, -7.1473326683, 32.668762207, -14.9961080551, 18.583272934, -37.8626403809, 19.0297412872, 51.8305435181, 132.096755981, 62.5459785461], [-937.725036621, -119.929840088, 22.2545070648, -5.97607803345, 25.5231990814, -34.1909332275, 40.1814727783, -36.2140731812, 6.66359424591, -13.2494401932, 29.7776222229, 62.5459785461, 133.150192261]]}, "erbbands_spread": {"dmean": 9.93966579437, "dvar2": 327.35635376, "mean": 33.5894050598, "var": 396.104400635, "dmean2": 15.2014579773, "dvar": 143.310501099, "min": 0.18042242527, "median": 32.4291648865, "max": 171.751052856}, "erbbands_kurtosis": {"dmean": 4.76422977448, "dvar2": 458.434295654, "mean": 5.48212575912, "var": 398.201263428, "dmean2": 7.30346012115, "dvar": 216.808929443, "min": -1.82486319542, "median": 0.857140541077, "max": 362.588256836}, "dynamic_complexity": 2.7838332653, "erbbands_crest": {"dmean": 3.66633033752, "dvar2": 29.5686035156, "mean": 11.6466236115, "var": 45.4752006531, "dmean2": 5.77957439423, "dvar": 13.8676509857, "min": 2.55035495758, "median": 9.44452476501, "max": 33.917175293}, "erbbands": {"dmean": [0.207834616303, 1.14279675484, 1.74917554855, 3.39092683792, 4.03719806671, 8.13436222076, 17.8984832764, 26.9484329224, 13.925825119, 20.4136123657, 27.4341049194, 34.7653236389, 13.7436704636, 14.2761278152, 14.8559770584, 16.8897609711, 19.4580764771, 20.0252456665, 12.0121469498, 35.1011962891, 6.69578075409, 15.2047462463, 8.81604576111, 7.05952882767, 6.50792360306, 5.92053508759, 4.67345905304, 4.1110329628, 3.40960025787, 2.33401441574, 2.04705238342, 2.55931091309, 1.98626327515, 1.00823247433, 0.73697167635, 0.33876529336, 0.171376690269, 0.0568524822593, 0.00761698372662, 0.00038457728806], "dvar2": [0.396795928478, 10.4563293457, 30.5740242004, 101.622207642, 164.08354187, 718.398254395, 1257.27282715, 4003.87280273, 1456.48876953, 3933.20800781, 6571.11181641, 8845.94238281, 1805.37219238, 2265.92333984, 1478.50561523, 2716.29125977, 5269.50488281, 8061.44042969, 1464.9810791, 51397.875, 222.902313232, 8504.42675781, 803.75567627, 428.96182251, 420.152526855, 245.020858765, 317.674957275, 224.470840454, 158.933609009, 52.7891159058, 37.9059410095, 181.660598755, 104.413513184, 24.4385032654, 8.6777677536, 1.4010258913, 0.394639581442, 0.0549047589302, 0.000921328377444, 2.78862171399e-06], "mean": [0.335122525692, 1.79828333855, 3.51081418991, 7.27662134171, 7.29983997345, 13.5808200836, 34.8325119019, 44.9169502258, 23.1467494965, 26.137386322, 43.3624343872, 49.0295448303, 21.7695598602, 23.226764679, 23.4337406158, 25.8066730499, 25.3374118805, 23.5928707123, 18.0296192169, 43.742061615, 10.6832151413, 19.2158088684, 13.6103744507, 9.75274562836, 9.58289909363, 8.76340484619, 7.70484447479, 6.28696393967, 5.04525518417, 3.40018463135, 2.99681210518, 3.39087843895, 2.47995352745, 1.27333462238, 0.836344838142, 0.374522089958, 0.175928205252, 0.0543318279088, 0.0077446741052, 0.000391565234168], "var": [0.352012872696, 8.47815513611, 37.1862716675, 169.443649292, 155.167251587, 630.122375488, 2701.54614258, 5546.80664063, 1448.99267578, 1982.90808105, 6444.14990234, 5898.50292969, 1454.90844727, 1908.74731445, 1655.50817871, 4258.71582031, 3558.3996582, 4273.85058594, 1752.82580566, 45594.7578125, 281.632080078, 5484.8359375, 710.483581543, 332.417907715, 315.583312988, 245.018844604, 474.368438721, 239.52381897, 131.81237793, 52.8232879639, 47.4169578552, 204.693603516, 89.1585006714, 19.4735965729, 6.76835536957, 0.693053245544, 0.14206635952, 0.017330525443, 0.000332036957843, 8.72122996043e-07], "dmean2": [0.316840022802, 1.79937684536, 2.83506155014, 5.37060022354, 6.59912014008, 12.6554546356, 24.0033912659, 37.3200378418, 22.0986366272, 34.4873428345, 40.9685287476, 54.4976959229, 21.758846283, 22.7783260345, 22.763338089, 26.9298858643, 29.9964866638, 31.6146907806, 16.8764324188, 50.5553245544, 9.04788780212, 23.62915802, 12.3022232056, 9.93606758118, 8.99072647095, 7.92316055298, 6.29242086411, 5.72449541092, 5.08959531784, 3.0796854496, 2.74650835991, 3.66024160385, 2.9038233757, 1.47506403923, 1.10893166065, 0.517943322659, 0.266657650471, 0.0905253440142, 0.011527178809, 0.000602395040914], "dvar": [0.171848833561, 4.51552152634, 12.6517324448, 44.0016403198, 63.717792511, 302.242156982, 755.423828125, 2275.77954102, 616.603820801, 1486.66625977, 3164.36132813, 3868.18383789, 769.437805176, 954.41809082, 724.655273438, 1230.93359375, 2368.09082031, 3541.80761719, 815.780639648, 28338.4042969, 120.84551239, 3954.29931641, 396.537322998, 202.186813354, 197.881057739, 124.974884033, 181.762008667, 107.849472046, 74.2026519775, 26.7432880402, 21.0707492828, 97.5343170166, 48.351398468, 11.583946228, 4.21081352234, 0.582167744637, 0.152928605676, 0.0208289474249, 0.000361237296602, 1.0579691434e-06], "min": [2.16641752823e-22, 1.88755547591e-21, 4.3596302153e-20, 1.20508557172e-19, 3.05504069663e-20, 1.10801217868e-19, 2.13831177278e-19, 3.48798696461e-19, 4.0405092341e-19, 3.35984324604e-19, 5.36666561317e-19, 8.74811636778e-19, 1.40737233203e-18, 2.37347710128e-18, 8.83864156645e-18, 3.58436343214e-18, 5.3336452869e-18, 4.95847876085e-18, 4.38706073934e-18, 4.58833198034e-18, 1.07315244571e-17, 1.29083313027e-17, 1.03777244198e-17, 7.42409406299e-18, 1.8099858275e-17, 1.43533389051e-17, 1.92363514971e-17, 1.98799658425e-17, 2.23387387066e-17, 1.45915090188e-17, 1.81382708883e-17, 2.03058993378e-17, 1.5635439076e-17, 1.45799648862e-17, 8.73051747986e-18, 6.94151275773e-18, 3.4662705784e-18, 1.22805498147e-18, 3.17447232926e-19, 4.07394271124e-20], "median": [0.0216753967106, 0.181970477104, 0.46228325367, 0.844162940979, 1.60287964344, 3.5148100853, 12.6318817139, 13.7022247314, 8.74887084961, 9.46783447266, 17.253824234, 20.2413291931, 10.3339166641, 10.9462299347, 9.66612243652, 5.58802223206, 7.12631797791, 4.75229310989, 3.68543314934, 3.45390462875, 3.01806664467, 2.99702572823, 2.5280623436, 2.28242111206, 2.91707372665, 2.76994752884, 2.71702337265, 1.82737660408, 1.75900888443, 1.00332832336, 0.819775819778, 0.513098537922, 0.417249888182, 0.236144632101, 0.146121233702, 0.0551605671644, 0.0297548249364, 0.00803029164672, 0.000918717239983, 9.59002936725e-05], "max": [5.47726202011, 20.95038414, 42.9592514038, 91.1589813232, 129.963729858, 242.124725342, 317.964324951, 515.741455078, 452.503570557, 864.358093262, 1052.55297852, 1123.98608398, 633.892150879, 925.623962402, 702.048339844, 1485.43041992, 1102.59265137, 2155.27783203, 535.528076172, 3429.25, 137.917663574, 2643.00952148, 659.292419434, 494.736999512, 598.566894531, 293.429992676, 921.699462891, 412.933410645, 258.040527344, 243.692138672, 157.886138916, 417.005828857, 267.875030518, 154.170837402, 115.934173584, 19.9918327332, 3.57967853546, 1.24841892719, 0.141493245959, 0.00821895524859]}, "silence_rate_30dB": {"dmean": 0.00716845877469, "dvar2": 0.0201939884573, "mean": 0.995313346386, "var": 0.00466542970389, "dmean2": 0.0143382353708, "dvar": 0.00711754569784, "min": 0, "median": 1, "max": 1}, "silence_rate_60dB": {"dmean": 0.0202187299728, "dvar2": 0.0439533479512, "mean": 0.166605398059, "var": 0.138855218887, "dmean2": 0.0404411777854, "dvar": 0.0198119450361, "min": 0, "median": 0, "max": 1}, "spectral_energyband_middle_low": {"dmean": 0.00580330891535, "dvar2": 0.000101378755062, "mean": 0.0171483755112, "var": 0.000252909201663, "dmean2": 0.00853095203638, "dvar": 4.82584691781e-05, "min": 1.87088347497e-22, "median": 0.0141518879682, "max": 0.0817610546947}, "spectral_spread": {"dmean": 953489.5625, "dvar2": 3324935929860.0, "mean": 6739939, "var": 20229847515100.0, "dmean2": 1444534.625, "dvar": 1456845357060.0, "min": 366919.40625, "median": 5164070.5, "max": 42489908}, "barkbands": {"dmean": [0.000278639548924, 0.00558064505458, 0.00177727115806, 0.0012050945079, 0.00189847114962, 0.00331343733706, 0.00110183283687, 0.0011675482383, 0.00131970050279, 0.000465433608042, 0.000423232530011, 0.000441239884822, 0.000478001980809, 0.00034534180304, 0.000622139195912, 0.00012613736908, 0.00028167507844, 0.000132624947582, 0.000119143332995, 0.000134079076815, 0.000110428