{"tonal": {"chords_key": "A#", "hpcp_entropy": {"dmean": 0.672853469849, "dmean2": 1.1451843977, "max": 4.41733360291, "dvar": 0.327146619558, "mean": 2.20561766624, "dvar2": 0.912699341774, "min": 0, "var": 0.672615289688, "median": 2.22316551208}, "key_key": "A#", "chords_strength": {"dmean": 0.0112189091742, "dmean2": 0.0123929418623, "max": 0.773678719997, "dvar": 0.000495264306664, "mean": 0.503175795078, "dvar2": 0.000914943753742, "min": -1, "var": 0.0195450074971, "median": 0.51856637001}, "key_scale": "major", "chords_number_rate": 0.00235344469547, "thpcp": [1, 0.69513887167, 0.316665112972, 0.238221153617, 0.242407992482, 0.408025175333, 0.594033300877, 0.507905364037, 0.317429363728, 0.244669124484, 0.259938210249, 0.400413841009, 0.501672506332, 0.437969505787, 0.655688941479, 0.961463212967, 0.700016021729, 0.329304784536, 0.233083426952, 0.254363149405, 0.455077767372, 0.672883093357, 0.560032606125, 0.330594450235, 0.255194097757, 0.24209985137, 0.32865640521, 0.405513107777, 0.355541557074, 0.371540218592, 0.452829778194, 0.40145111084, 0.316758602858, 0.286009818316, 0.302880644798, 0.660340070724], "key_strength": 0.897346019745, "tuning_nontempered_energy_ratio": 0.742012500763, "tuning_frequency": 442.548919678, "chords_changes_rate": 0.0633290559053, "tuning_diatonic_strength": 0.731576144695, "chords_scale": "major", "chords_histogram": [27.5780906677, 2.63157892227, 25.4172019958, 0.0641848519444, 1.92554557323, 0.342319220304, 0, 0, 4.0008559227, 0, 0.513478815556, 0.0427899025381, 0, 0, 0, 2.2464697361, 0.299529314041, 9.30680370331, 0.470688909292, 3.85109114647, 0.320924252272, 7.57381248474, 9.05006408691, 4.36457014084], "tuning_equal_tempered_deviation": 0.0694149062037, "hpcp": {"dmean": [0.145456880331, 0.1410792768, 0.180253446102, 0.214312776923, 0.193131133914, 0.124463565648, 0.0975671634078, 0.111243501306, 0.158378064632, 0.181769534945, 0.16377709806, 0.134556502104, 0.113480679691, 0.10525239259, 0.116840943694, 0.12529553473, 0.120813079178, 0.131568685174, 0.131871297956, 0.132300943136, 0.118742831051, 0.105757154524, 0.117694027722, 0.181926354766, 0.204819306731, 0.160979434848, 0.115616194904, 0.0959875956178, 0.0992248803377, 0.12630854547, 0.148411139846, 0.137709140778, 0.106123402715, 0.0915246531367, 0.100970558822, 0.123889036477], "dmean2": [0.248734802008, 0.243209391832, 0.306317776442, 0.363323926926, 0.331545889378, 0.219121977687, 0.175737947226, 0.20187830925, 0.278118312359, 0.314966976643, 0.286754667759, 0.240933671594, 0.205605119467, 0.190981820226, 0.205253645778, 0.216548144817, 0.210300028324, 0.231046959758, 0.224203795195, 0.22869952023, 0.208785444498, 0.187438309193, 0.210560917854, 0.313706696033, 0.346474200487, 0.274302393198, 0.202058210969, 0.169648692012, 0.174069881439, 0.217061027884, 0.249379560351, 0.234326824546, 0.184703692794, 0.16142450273, 0.179305076599, 0.212780267], "max": [1, 1, 1, 1, 1, 1, 1, 1, 1, 1, 1, 1, 1, 1, 1, 1, 1, 1, 1, 1, 1, 1, 1, 1, 1, 1, 1, 1, 1, 1, 1, 1, 1, 1, 1, 1], "dvar": [0.0371672622859, 0.035689022392, 0.0404976569116, 0.0625445023179, 0.049314238131, 0.0345007032156, 0.0293302461505, 0.0369324013591, 0.0460317879915, 0.0536276325583, 0.0490194894373, 0.0461838617921, 0.0415573306382, 0.0377729870379, 0.0359616987407, 0.0379593111575, 0.0344857573509, 0.0423347502947, 0.0417193844914, 0.0394107885659, 0.0317619368434, 0.0268556773663, 0.028041139245, 0.0451260879636, 0.0543921217322, 0.0353399515152, 0.0285625457764, 0.0242937337607, 0.0249943304807, 0.0341786034405, 0.0409904681146, 0.0330669954419, 0.0280226040632, 0.0248961485922, 0.0274426229298, 0.0291754063219], "mean": [0.196444481611, 0.171499714255, 0.256754100323, 0.376488924026, 0.274111658335, 0.128948882222, 0.0912706032395, 0.0996032953262, 0.178198948503, 0.263486981392, 0.219297066331, 0.129453882575, 0.0999286770821, 0.0948012471199, 0.128694981337, 0.15879046917, 0.13922265172, 0.145487397909, 0.177318692207, 0.15719987452, 0.124036051333, 0.111995473504, 0.118601739407, 0.258575379848, 0.391579121351, 0.272201865911, 0.12399944663, 0.0932824313641, 0.0949219092727, 0.159774139524, 0.232611045241, 0.198885142803, 0.124298706651, 0.0958073213696, 0.101786375046, 0.156793698668], "dvar2": [0.0917914435267, 0.0970790758729, 0.105879805982, 0.145123168826, 0.13262039423, 0.0937627255917, 0.0800667628646, 0.102390378714, 0.123776353896, 0.138587445021, 0.131366491318, 0.127507433295, 0.115239232779, 0.104456283152, 0.0980746895075, 0.0978529900312, 0.0909848511219, 0.113506354392, 0.105338968337, 0.106649786234, 0.0868035927415, 0.0743690803647, 0.080165758729, 0.120126187801, 0.132731601596, 0.0910320132971, 0.0752879306674, 0.0637115314603, 0.0684301704168, 0.0870954319835, 0.0979850962758, 0.0841580182314, 0.0739811584353, 0.0684327483177, 0.0760197937489, 0.0756102278829], "min": [0, 0, 0, 0, 0, 0, 0, 0, 0, 0, 0, 0, 0, 0, 0, 0, 0, 0, 0, 0, 0, 0, 0, 0, 0, 0, 0, 0, 0, 0, 0, 0, 0, 0, 0, 0], "var": [0.0573793277144, 0.0431699454784, 0.0652367845178, 0.124793089926, 0.0762616023421, 0.0356360375881, 0.0241997651756, 0.0286307875067, 0.0510197132826, 0.0905681923032, 0.0733330249786, 0.0408444292843, 0.0315524153411, 0.028241449967, 0.0363828279078, 0.0548749268055, 0.0424585305154, 0.0483594238758, 0.0736686736345, 0.0553747862577, 0.0304892212152, 0.0260550752282, 0.0263321250677, 0.0699907317758, 0.127191618085, 0.0743434876204, 0.0323928371072, 0.0255828332156, 0.0229152273387, 0.0480103641748, 0.0832462534308, 0.0592438653111, 0.0312333628535, 0.0224482677877, 0.0232764594257, 0.0367123894393], "median": [0.100341051817, 0.0909464508295, 0.166838079691, 0.245333328843, 0.171722948551, 0.0570792220533, 0.0374528616667, 0.0401776172221, 0.0852406993508, 0.129063904285, 0.0976960211992, 0.0517090931535, 0.0371926799417, 0.0379604175687, 0.0545751228929, 0.060583896935, 0.0554838106036, 0.0558298900723, 0.0542815327644, 0.0533931776881, 0.0597785785794, 0.0508928522468, 0.0573415309191, 0.158056735992, 0.259614348412, 0.171622574329, 0.054381866008, 0.0319145657122, 0.0377487614751, 0.0733643993735, 0.105386704206, 0.100693449378, 0.0645236670971, 0.044346742332, 0.0507065355778, 0.0863819867373]}}, "lowlevel": {"melbands_flatness_db": {"dmean": 0.0235430076718, "dmean2": 0.0350787043571, "max": 0.649939835072, "dvar": 0.000598060374614, "mean": 0.164618179202, "dvar2": 0.00121212867089, "min": 0.00280803767964, "var": 0.00884062983096, "median": 0.140676736832}, "melbands_crest": {"dmean": 3.33410382271, "dmean2": 5.43749713898, "max": 37.0738639832, "dvar": 9.39946365356, "mean": 12.2709436417, "dvar2": 22.6400947571, "min": 1.63601613045, "var": 26.7736339569, "median": 11.166891098}, "spectral_entropy": {"dmean": 0.11425486207, "dmean2": 0.162455171347, "max": 9.82339668274, "dvar": 0.0175240598619, "mean": 7.73583936691, "dvar2": 0.0274251848459, "min": 4.52619123459, "var": 0.357757031918, "median": 7.83519458771}, "melbands": {"dmean": [0.00086656777421, 0.000967794388998, 0.000643738370854, 0.000395399780245, 0.000262640969595, 0.000255090824794, 0.000247559713898, 0.000262259010924, 0.00016287798644, 0.000234857856412, 0.000170502375113, 6.65738698444e-05, 3.44003965438e-05, 2.93725206575e-05, 3.09648748953e-05, 4.78156362078e-05, 3.94749404222e-05, 4.89988888148e-05, 5.03711889905e-05, 2.50174580287e-05, 2.33640021179e-05, 2.06528366107e-05, 1.88217891264e-05, 1.10743139885e-05, 9.95162008621e-06, 1.18115540317e-05, 1.23838135551e-05, 7.57370298743e-06, 4.15125441577e-06, 3.50414393324e-06, 2.29068996305e-06, 2.47494108407e-06, 2.37578319684e-06, 2.07601010516e-06, 1.58200214173e-06, 1.33500032007e-06, 1.10899986794e-06, 8.49370678679e-07, 6.50552863135e-07, 6.26793678293e-07], "dmean2": [0.00146907998715, 0.00160343607422, 0.00107324961573, 0.000649464665912, 0.000428355211625, 0.000414585374529, 0.0004046765971, 0.000410095817642, 0.000249933742452, 0.000360912643373, 0.000262949091848, 0.000105347491626, 5.50782206119e-05, 4.76179920952e-05, 4.96422908327e-05, 7.63172720326e-05, 6.27572226222e-05, 7.87484386819e-05, 8.00554698799e-05, 4.07237566833e-05, 3.88411426684e-05, 3.40257611242e-05, 3.07655209326e-05, 1.80150327651e-05, 1.63260756381e-05, 1.92282350326e-05, 1.97868066607e-05, 1.22506789921e-05, 6.79319919072e-06, 5.74817386223e-06, 3.74959313376e-06, 4.07367315347e-06, 3.91451749238e-06, 3.36289190273e-06, 2.46751687882e-06, 2.05145670407e-06, 1.71258761839e-06, 1.28254885112e-06, 9.69541360973e-07, 9.2914575589e-07], "max": [0.0221656449139, 0.0218749660999, 0.0146614955738, 0.018317533657, 0.0127339670435, 0.0120671913028, 0.00581819238141, 0.0102709447965, 0.00813254527748, 0.00735365878791, 0.00734965177253, 0.00479756481946, 0.00177514750976, 0.00155784923118, 0.00224814517424, 0.00297084450722, 0.00265235104598, 0.00162389467005, 0.00170036347117, 0.00132863654289, 0.000791129539721, 0.000681239063852, 0.000755022454541, 0.000427068211138, 0.000436288799392, 0.000358824618161, 0.000514861836564, 0.00049179472262, 9.17559154914e-05, 0.000176123561687, 8.11357240309e-05, 0.000118973010103, 0.000174903427251, 0.000109218446596, 9.90234984783e-05, 9.59479657467e-05, 6.30203212495e-05, 6.68826396577e-05, 6.50034126011e-05, 5.27262454852e-05], "dvar": [5.64027686778e-06, 4.04645516028e-06, 7.93051754044e-07, 4.55864608284e-07, 2.69784578677e-07, 2.41222551267e-07, 1.72654750941e-07, 2.08999964002e-07, 1.13600698626e-07, 1.9613408142e-07, 1.11743609921e-07, 2.42894344638e-08, 3.90864363098e-09, 3.30711591445e-09, 4.47714887386e-09, 1.70251155396e-08, 6.01398664202e-09, 6.84054457523e-09, 1.01766151062e-08, 2.32915575715e-09, 1.00068819897e-09, 8.1048373568e-10, 1.12800779828e-09, 3.95388083385e-10, 2.45560710654e-10, 2.45624687256e-10, 3.91271764988e-10, 1.40851746933e-10, 3.76339202857e-11, 3.2860793947e-11, 1.49733316024e-11, 2.38452070589e-11, 2.76794108467e-11, 1.83132259357e-11, 1.3371376055e-11, 1.13675787533e-11, 7.05001508561e-12, 5.9478936533e-12, 4.12738766775e-12, 4.25769575846e-12], "mean": [0.000827356125228, 0.00137971353251, 0.00119713309687, 0.000651275971904, 0.000396836316213, 0.00041348231025, 0.00040233778418, 0.000446621270385, 0.000265087961452, 0.000416911731008, 0.000316027697409, 0.000125426246086, 6.09056914982e-05, 5.42452653463e-05, 5.50453660253e-05, 7.69187900005e-05, 7.14112684363e-05, 9.0006768005e-05, 8.88151771505e-05, 4.83842013637e-05, 4.88082805532e-05, 4.28661078331e-05, 3.59380574082e-05, 2.22919297812e-05, 2.12958093471e-05, 2.74751109828e-05, 2.82588862319e-05, 1.67186080944e-05, 8.7823409558e-06, 7.04853300704e-06, 4.34177854913e-06, 4.39896803073e-06, 4.25350435762e-06, 3.8584412323e-06, 3.06532797367e-06, 2.64383311332e-06, 2.28154203796e-06, 1.66062341123e-06, 1.30786361296e-06, 1.24892255826e-06], "dvar2": [1.41827977131e-05, 1.00309453046e-05, 2.11400129047e-06, 1.13591704576e-06, 6.75237401992e-07, 6.08150855896e-07, 4.34616026723e-07, 4.93259392442e-07, 2.62390329908e-07, 4.75510006481e-07, 2.64603102096e-07, 5.9735803859e-08, 9.78117409289e-09, 8.17684675525e-09, 1.08212976357e-08, 4.31262314748e-08, 1.33442181749e-08, 1.75072258912e-08, 2.56620555916e-08, 5.88003645774e-09, 2.62310084764e-09, 2.11650408311e-09, 2.91979795897e-09, 9.60326818067e-10, 6.216308579e-10, 6.42830011444e-10, 9.42624645006e-10, 3.63085256305e-10, 9.41951794342e-11, 8.34073296541e-11, 3.69047153947e-11, 5.80710271536e-11, 6.31813906748e-11, 4.274620935e-11, 2.69729967528e-11, 2.42579706322e-11, 1.53891413501e-11, 1.33981610528e-11, 8.66639225661e-12, 8.40244020195e-12], "min": [5.89949529362e-25, 9.33957472025e-25, 1.0209627162e-24, 1.52313943973e-24, 1.02838915137e-24, 1.30432184918e-24, 1.45114661301e-24, 1.66952293449e-24, 3.05174075514e-24, 1.42548122067e-24, 3.43350525706e-24, 2.21541034217e-24, 3.80399614778e-24, 2.23523441672e-24, 2.90666548759e-24, 4.03471863547e-24, 3.66966772955e-24, 3.33172208433e-24, 3.15073550179e-24, 2.66649146018e-24, 4.15750207435e-24, 3.44295068311e-24, 4.94243405783e-24, 3.18796855322e-24, 4.7857370942e-24, 5.55753533247e-24, 4.30000348599e-24, 3.94496519711e-24, 4.28358926271e-24, 4.55276083091e-24, 6.07735759255e-24, 4.58134007822e-24, 5.66469735328e-24, 4.74525078039e-24, 6.22363685907e-24, 5.26081516374e-24, 4.63605902048e-24, 5.54097990309e-24, 5.16722431151e-24, 6.12324760356e-24], "var": [4.83893563796e-06, 4.24960899181e-06, 1.59858575444e-06, 7.62158492762e-07, 3.69234157915e-07, 3.44693773968e-07, 2.93942832741e-07, 4.63853410793e-07, 1.96921035922e-07, 3.95672088871e-07, 2.88319512265e-07, 6.02514873549e-08, 8.97337315564e-09, 7.37310390519e-09, 1.11421369908e-08, 2.95304332099e-08, 1.44488154774e-08, 1.39576892266e-08, 2.28942003133e-08, 5.32066346537e-09, 2.45874631766e-09, 1.67392222306e-09, 1.90384241705e-09, 7.76651742918e-10, 4.28970831079e-10, 6.95187130084e-10, 1.15118981014e-09, 2.58934595987e-10, 6.51870987745e-11, 4.79946637988e-11, 2.20424945657e-11, 3.27319178706e-11, 4.07874602149e-11, 2.90278408949e-11, 2.50584119427e-11, 2.20605530371e-11, 1.4229619219e-11, 1.15336941386e-11, 9.60226169411e-12, 1.03545947858e-11], "median": [0.000123378471471, 0.000794971536379, 0.000862844346557, 0.000402770267101, 0.000231496393098, 0.000236101463088, 0.000231639147387, 0.000221534792217, 0.000113013826194, 0.000212942046346, 0.000132362285512, 5.64230213058e-05, 3.16538571496e-05, 3.00095161947e-05, 2.70486598311e-05, 2.76540995401e-05, 4.05761165894e-05, 5.16454456374e-05, 3.06230649585e-05, 2.75254042208e-05, 3.80845813197e-05, 3.37944766216e-05, 2.24302111747e-05, 1.35043828777e-05, 1.77513429662e-05, 2.17649212573e-05, 1.70867315319e-05, 1.34609363158e-05, 7.10887161404e-06, 5.53716017748e-06, 3.17390163218e-06, 2.98989425573e-06, 2.90650086754e-06, 2.55396662396e-06, 1.89954289453e-06, 1.59233547947e-06, 1.45988951772e-06, 9.42514134294e-07, 6.81749042997e-07, 6.0474133079e-07]}, "silence_rate_60dB": {"dmean": 0.00577849103138, "dmean2": 0.0115582188591, "max": 1, "dvar": 0.00574554596096, "mean": 0.0679435059428, "dvar2": 0.0131371840835, "min": 0, "var": 0.0633297115564, "median": 0}, "spectral_energyband_middle_high": {"dmean": 0.00203337380663, "dmean2": 0.00310774869286, "max": 0.0465342737734, "dvar": 6.29421674603e-06, "mean": 0.00798913836479, "dvar2": 1.4918900888e-05, "min": 1.18481627014e-21, "var": 3.60015510523e-05, "median": 0.0069447318092}, "erbbands_skewness": {"dmean": 0.296444952488, "dmean2": 0.455669134855, "max": 3.71738743782, "dvar": 0.0762458145618, "mean": 0.145637094975, "dvar2": 0.175499930978, "min": -1.96213066578, "var": 0.347196370363, "median": 0.0862559080124}, "dynamic_complexity": 2.8398501873, "dissonance": {"dmean": 0.0148243866861, "dmean2": 0.0251947306097, "max": 0.500000119209, "dvar": 0.00031444398337, "mean": 0.471298187971, "dvar2": 0.000929005036596, "min": 0.130543544888, "var": 0.000932986557018, "median": 0.478290170431}, "spectral_skewness": {"dmean": 0.175300583243, "dmean2": 0.2828989923, "max": 15.1595458984, "dvar": 0.0688551813364, "mean": 1.5377202034, "dvar2": 0.171526134014, "min": -0.0681333988905, "var": 1.54066324234, "median": 1.37344694138}, "spectral_kurtosis": {"dmean": 1.56301867962, "dmean2": 2.60659742355, "max": 319.617675781, "dvar": 24.9191589355, "mean": 6.43728256226, "dvar2": 66.9873275757, "min": -1.26903152466, "var": 415.219177246, "median": 3.5321931839}, "gfcc": {"cov": [[31674.2265625, -1859.68713379, -4064.73999023, 243.268478394, -1075.41577148, 1127.39819336, -792.858825684, 701.557250977, -603.534057617, 31.1890678406, -604.913452148, 112.152992249, -129.348312378], [-1859.68713379, 1968.7890625, 32.6806182861, 205.130874634, 149.501144409, -423.664489746, 310.639770508, -203.737121582, 112.970359802, -86.0785751343, 111.157867432, -126.245315552, 69.1855545044], [-4064.73999023, 32.6806182861, 1566.64428711, 29.0551624298, 244.749389648, 26.0029182434, 20.100315094, 40.5753974915, 92.2703399658, 77.3328704834, 68.6029205322, 59.6498069763, -34.4975547791], [243.268478394, 205.130874634, 29.0551624298, 308.362548828, 57.4449043274, 66.9859008789, 35.6764373779, 24.7753829956, 23.5225391388, 12.448223114, 13.7553958893, 3.80040049553, 34.6924743652], [-1075.41577148, 149.501144409, 244.749389648, 57.4449043274, 249.03515625, 16.9563026428, 108.828330994, 13.0435647964, 50.4621429443, 7.8625459671, 20.190826416, 4.29285907745, 22.2654247284], [1127.39819336, -423.664489746, 26.0029182434, 66.9859008789, 16.9563026428, 350.205688477, -8.28443622589, 149.473846436, -54.0797996521, 31.1875705719, -18.3131370544, 38.7797737122, -13.0598592758], [-792.858825684, 310.639770508, 20.100315094, 35.6764373779, 108.828330994, -8.28443622589, 230.730819702, -2.1806807518, 26.0402469635, -13.3479261398, 42.6430473328, -9.00442218781, 27.4109668732], [701.557250977, -203.737121582, 40.5753974915, 24.7753829956, 13.0435647964, 149.473846436, -2.1806807518, 183.21081543, 13.5793209076, 46.2123947144, -10.3719472885, 16.9307003021, -11.1513271332], [-603.534057617, 112.970359802, 92.2703399658, 23.5225391388, 50.4621429443, -54.0797996521, 26.0402469635, 13.5793209076, 115.914779663, 39.3173484802, 21.0036754608, -4.48839330673, 14.5155715942], [31.1890678406, -86.0785751343, 77.3328704834, 12.448223114, 7.8625459671, 31.1875705719, -13.3479261398, 46.2123947144, 39.3173484802, 90.491973877, 19.9518318176, 16.5977058411, -1.64110589027], [-604.913452148, 111.157867432, 68.6029205322, 13.7553958893, 20.190826416, -18.3131370544, 42.6430473328, -10.3719472885, 21.0036754608, 19.9518318176, 84.9301147461, 23.2465610504, 10.5923576355], [112.152992249, -126.245315552, 59.6498069763, 3.80040049553, 4.29285907745, 38.7797737122, -9.00442218781, 16.9307003021, -4.48839330673, 16.5977058411, 23.2465610504, 72.4588623047, 14.6671648026], [-129.348312378, 69.1855545044, -34.4975547791, 34.6924743652, 22.2654247284, -13.0598592758, 27.4109668732, -11.1513271332, 14.5155715942, -1.64110589027, 10.5923576355, 14.6671648026, 69.8666687012]], "mean": [11.3124694824, 74.8871612549, -120.01889801, 27.7728538513, -58.7519874573, -0.319630146027, -39.1864700317, 8.60050487518, -22.703332901, 1.16127252579, -23.2706794739, -7.78232765198, -16.5331935883], "icov": [[9.458065324e-05, -0.00011284743232, 0.000241286703385, -4.97461041959e-05, 8.88158319867e-05, -0.000204007097636, 0.000232085003518, -0.000238324588281, 0.000196186549147, -0.000229095996474, 0.000540021050256, -0.000502233859152, 0.000212580067455], [-0.00011284743232, 0.00149531243369, -0.0003651631705, -0.000981095363386, -9.13564726943e-05, 0.00170909333974, -0.00151243514847, 0.000297952996334, -0.000255448743701, 0.00102534913458, -0.00189717044123, 0.00243225321174, -0.000539095839486], [0.000241286703385, -0.0003651631705, 0.00150146428496, -5.37499363418e-05, -0.0007675634115, -0.000568996998481, 0.00102433154825, -0.000579081301112, 0.000203742805752, -0.000910300179385, 0.00100560451392, -0.00202093482949, 0.00142840051558], [-4.97461041959e-05, -0.000981095363386, -5.37499363418e-05, 0.00466198893264, -0.000560723186936, -0.00216428027488, 0.000882229593117, 0.000386905798223, -0.000884521286935, -0.000405037833843, 9.27346773096e-05, -0.000257786217844, -0.00175795564428], [8.88158319867e-05, -9.13564726943e-05, -0.0007675634115, -0.000560723186936, 0.00688985129818, -0.000923392130062, -0.00266919727437, 0.000152955486556, -0.00190794141963, 0.000409063301049, 0.00159709039144, -0.000462662195787, -0.000881338666659], [-0.000204007097636, 0.00170909333974, -0.000568996998481, -0.00216428027488, -0.000923392130062, 0.00802367459983, -0.00198759557679, -0.00387549516745, 0.00349028129131, 0.000128821513499, -0.00156735978089, 0.000986562226899, -1.26610248117e-05], [0.000232085003518, -0.00151243514847, 0.00102433154825, 0.000882229593117, -0.00266919727437, -0.00198759557679, 0.00842754729092, -0.00121747574303, 0.000272034201771, 0.000603372289333, -0.00139975338243, -0.000865885987878, -0.000674909679219], [-0.000238324588281, 0.000297952996334, -0.000579081301112, 0.000386905798223, 0.000152955486556, -0.00387549516745, -0.00121747574303, 0.0107329636812, -0.00334855774418, -0.00231066159904, 0.000441770796897, 0.000807390781119, 0.000608187925536], [0.000196186549147, -0.000255448743701, 0.000203742805752, -0.000884521286935, -0.00190794141963, 0.00349028129131, 0.000272034201771, -0.00334855774418, 0.0151231046766, -0.00644466141239, 0.000108883010398, 0.000918998382986, -0.00172755576205], [-0.000229095996474, 0.00102534913458, -0.000910300179385, -0.000405037833843, 0.000409063301049, 0.000128821513499, 0.000603372289333, -0.00231066159904, -0.00644466141239, 0.0180514939129, -0.00567677104846, 0.000705123180524, 7.59326212574e-05], [0.000540021050256, -0.00189717044123, 0.00100560451392, 9.27346773096e-05, 0.00159709039144, -0.00156735978089, -0.00139975338243, 0.000441770796897, 0.000108883010398, -0.00567677104846, 0.0212263613939, -0.0104059539735, 0.0019571390003], [-0.000502233859152, 0.00243225321174, -0.00202093482949, -0.000257786217844, -0.000462662195787, 0.000986562226899, -0.000865885987878, 0.000807390781119, 0.000918998382986, 0.000705123180524, -0.0104059539735, 0.0243716742843, -0.00712088309228], [0.000212580067455, -0.000539095839486, 0.00142840051558, -0.00175795564428, -0.000881338666659, -1.26610248117e-05, -0.000674909679219, 0.000608187925536, -0.00172755576205, 7.59326212574e-05, 0.0019571390003, -0.00712088309228, 0.0190178267658]]}, "spectral_complexity": {"dmean": 4.25040149689, "dmean2": 6.31934928894, "max": 61, "dvar": 17.0449008942, "mean": 28.6239032745, "dvar2": 33.493347168, "min": 0, "var": 144.626754761, "median": 31}, "spectral_flux": {"dmean": 0.0235693193972, "dmean2": 0.0369044616818, "max": 0.283179998398, "dvar": 0.000698197109159, "mean": 0.0925636515021, "dvar2": 0.0016073489096, "min": 6.36531521936e-11, "var": 0.0019650394097, "median": 0.0890272408724}, "spectral_energyband_low": {"dmean": 0.00491037406027, "dmean2": 0.00798376463354, "max": 0.0910570248961, "dvar": 9.52116897679e-05, "mean": 0.00741945812479, "dvar2": 0.000221262904233, "min": 1.07312204148e-23, "var": 0.000113861387945, "median": 0.00417124433443}, "spectral_decrease": {"dmean": 1.99784344623e-09, "dmean2": 3.1485754004e-09, "max": 2.5117265589e-22, "dvar": 6.48881748799e-18, "mean": -7.07038738668e-09, "dvar2": 1.48973855201e-17, "min": -2.66417945483e-08, "var": 1.52768579348e-17, "median": -6.954052445e-09}, "barkbands_spread": {"dmean": 5.37343740463, "dmean2": 8.19163036346, "max": 92.2929611206, "dvar": 35.6910743713, "mean": 26.5622596741, "dvar2": 76.713722229, "min": 0.819450199604, "var": 137.792617798, "median": 26.3755187988}, "spectral_rms": {"dmean": 0.000663773273118, "dmean2": 0.00102626613807, "max": 0.0102291628718, "dvar": 5.41650308605e-07, "mean": 0.0050738491118, "dvar2": 1.18308093988e-06, "min": 3.14381853883e-12, "var": 2.96499683827e-06, "median": 0.00534549448639}, "spectral_centroid": {"dmean": 239.279266357, "dmean2": 362.25378418, "max": 11676.0429688, "dvar": 70413.984375, "mean": 1736.35205078, "dvar2": 129570.507812, "min": 164.235931396, "var": 1143974.125, "median": 1723.68066406}, "barkbands_skewness": {"dmean": 0.447736620903, "dmean2": 0.685675144196, "max": 11.6868000031, "dvar": 0.263993561268, "mean": 1.16485333443, "dvar2": 0.581393182278, "min": -2.36810922623, "var": 1.32270467281, "median": 0.953638672829}, "spectral_rolloff": {"dmean": 583.032714844, "dmean2": 930.806274414, "max": 19466.015625, "dvar": 798874.75, "mean": 2143.73925781, "dvar2": 1549096.875, "min": 21.533203125, "var": 4726703, "median": 1873.38867188}, "erbbands_spread": {"dmean": 6.50456380844, "dmean2": 9.9490032196, "max": 155.762786865, "dvar": 47.5102844238, "mean": 40.590839386, "dvar2": 99.3983764648, "min": 2.34698295593, "var": 274.991455078, "median": 38.7822799683}, "barkbands": {"dmean": [6.36760451016e-05, 0.00332324486226, 0.00189182511531, 0.00152413442265, 0.0017072717892, 0.00124035670888, 0.00125689583365, 0.00114520534407, 0.00144307233859, 0.000886634341441, 0.000274144869763, 0.000261750479694, 0.000434601941379, 0.000418620038545, 0.000667432905175, 0.00036481602001, 0.000346663815435, 0.000247047661105, 0.00026523086126, 0.00026519538369, 0.000122389101307, 0.000113161797344, 9.25649073906e-05, 7.13493718649e-05, 5.96450045123e-05, 3.75311210519e-05, 1.09212433017e-05], "dmean2": [0.000108330103103, 0.00555927678943, 0.0033000910189, 0.00252623716369, 0.00278116716072, 0.00201885658316, 0.00204642442986, 0.00177334004547, 0.0022268302273, 0.00137819512747, 0.000436705158791, 0.000420424417825, 0.000691916735377, 0.000671031186357, 0.00106841255911, 0.00060287467204, 0.000570624019019, 0.000400778983021, 0.00042900632252, 0.000423707300797, 0.000197830289835, 0.000182851872523, 0.000142801247421, 0.000106239203888, 8.57809354784e-05, 5.3497733461e-05, 1.63831246027e-05], "max": [0.00327204959467, 0.0853590816259, 0.0433174595237, 0.0366890951991, 0.0705375224352, 0.0624924302101, 0.0352056547999, 0.0487953424454, 0.0408035963774, 0.0388583727181, 0.0183222033083, 0.0158401560038, 0.0236135553569, 0.0234650783241, 0.0208724588156, 0.0169298090041, 0.0124649154022, 0.0106415022165, 0.00537974247709, 0.0148462671787, 0.00431160395965, 0.00784293748438, 0.00499776843935, 0.00435388181359, 0.00517452089116, 0.002403188264, 0.000458991766209], "dvar": [3.21934834346e-08, 7.86921955296e-05, 1.09976081148e-05, 5.16470799994e-06, 8.18695116322e-06, 5.86534679314e-06, 4.62696198156e-06, 4.84108477394e-06, 6.84334054313e-06, 3.58489000973e-06, 3.09802771881e-07, 3.10731081754e-07, 1.10613416382e-06, 5.27594295363e-07, 1.50886000938e-06, 3.64900245131e-07, 2.21869541406e-07, 2.15549675886e-07, 1.12256657303e-07, 1.63953245647e-07, 3.90354735202e-08, 5.45484333259e-08, 4.0945039359e-08, 3.50297533203e-08, 3.37797168015e-08, 9.75214042853e-09, 6.47659370578e-10], "mean": [6.76727649989e-05, 0.00331037072465, 0.00278820213862, 0.00247936951928, 0.00277826888487, 0.00200289487839, 0.00202959030867, 0.00180739630014, 0.0025839372538, 0.00162646325771, 0.000472983432701, 0.000480571965454, 0.000711020198651, 0.000768765050452, 0.00119096261915, 0.000731518259272, 0.000735432084184, 0.00050230009947, 0.000663882179651, 0.000644436222501, 0.000265417824266, 0.000220625734073, 0.000191254643141, 0.000160182069521, 0.000128678351757, 6.89748339937e-05, 1.54968693096e-05], "dvar2": [9.34685644438e-08, 0.000193989326362, 3.13311211357e-05, 1.35065010909e-05, 2.02928531507e-05, 1.48659701154e-05, 1.13317892101e-05, 1.09856973722e-05, 1.67794805748e-05, 8.57961367728e-06, 7.45142585856e-07, 7.68920017435e-07, 2.78426819023e-06, 1.20453057662e-06, 3.84926943298e-06, 9.3860103334e-07, 5.72382134578e-07, 5.39049949566e-07, 2.86015307438e-07, 3.99545939445e-07, 9.62145065841e-08, 1.22459809404e-07, 8.3388883354e-08, 7.36117726774e-08, 6.00353402547e-08, 1.88798043865e-08, 1.39600997429e-09], "min": [4.72271844775e-25, 2.32861661523e-24, 1.09555700897e-24, 1.44417613944e-24, 1.0943924925e-23, 5.77205264501e-24, 5.9251042824e-24, 9.91403782536e-24, 1.15762458499e-23, 2.47179561895e-23, 2.54687671778e-23, 2.22410717866e-23, 3.85467351897e-23, 3.75308180278e-23, 4.0121241603e-23, 6.10431675622e-23, 5.71760388761e-23, 5.67736062185e-23, 1.43994605428e-22, 1.56129696909e-22, 2.07160351561e-22, 3.17276927828e-22, 3.99509707098e-22, 6.14862473823e-22, 8.21485970829e-22, 1.37332388569e-21, 1.80727109472e-21], "var": [4.9168001226e-08, 6.96166607668e-05, 1.16646097013e-05, 1.04591026684e-05, 1.40523816299e-05, 8.0471036199e-06, 8.86432189873e-06, 1.04544851638e-05, 1.39077546919e-05, 9.58883902058e-06, 8.13687790924e-07, 7.38421192636e-07, 2.00819067686e-06, 1.25790165839e-06, 3.39300572705e-06, 8.56070414557e-07, 4.82907353216e-07, 3.91740826444e-07, 3.33398389785e-07, 4.25559449013e-07, 6.17897626398e-08, 8.51579642358e-08, 8.08438826994e-08, 7.88351712799e-08, 9.08919659537e-08, 2.01715959491e-08, 1.13986331485e-09], "median": [5.37197411177e-06, 0.00059254898224, 0.00182329292875, 0.00150475127157, 0.00169445120264, 0.00115761684719, 0.00108519312926, 0.000650407397188, 0.00136394356377, 0.000547544099391, 0.000221321446588, 0.00025785039179, 0.000271085300483, 0.000465164659545, 0.00046896294225, 0.000500100315548, 0.000573276134674, 0.000304358458379, 0.000553243560717, 0.000468290643767, 0.000214359446545, 0.000157608708832, 0.000123938691104, 0.000102396603324, 6.44750980427e-05, 2.80197164102e-05, 2.85221403828e-06]}, "melbands_kurtosis": {"dmean": 5.39789390564, "dmean2": 8.48258304596, "max": 335.185180664, "dvar": 158.850906372, "mean": 9.66473770142, "dvar2": 371.853210449, "min": -1.46847105026, "var": 511.77331543, "median": 4.16746997833}, "erbbands_crest": {"dmean": 2.25571274757, "dmean2": 3.65457320213, "max": 27.8449821472, "dvar": 4.85077762604, "mean": 7.77571630478, "dvar2": 11.8910398483, "min": 1.94435656071, "var": 13.6514205933, "median": 6.87411499023}, "melbands_skewness": {"dmean": 0.61718326807, "dmean2": 0.952128589153, "max": 16.4118328094, "dvar": 0.563456773758, "mean": 2.21073722839, "dvar2": 1.2078949213, "min": -0.986191511154, "var": 2.35210680962, "median": 1.90493535995}, "spectral_energyband_middle_low": {"dmean": 0.00488630309701, "dmean2": 0.00768571533263, "max": 0.0821888893843, "dvar": 3.06261572405e-05, "mean": 0.0145330168307, "dvar2": 7.7475568105e-05, "min": 2.03415635155e-22, "var": 7.87488461356e-05, "median": 0.0135809509084}, "spectral_contrast_coeffs": {"dmean": [0.0533492080867, 0.04786644876, 0.0399787351489, 0.0301712155342, 0.0211284048855, 0.0181826073676], "dmean2": [0.0866626799107, 0.0776291638613, 0.0647738426924, 0.0485882349312, 0.0339572019875, 0.0288220532238], "max": [-0.259142190218, -0.423685789108, -0.473321259022, -0.528695106506, -0.571344971657, -0.487225741148], "dvar": [0.00191973836627, 0.00153614999726, 0.00107990356628, 0.000593857606873, 0.00033610581886, 0.0003139548935], "mean": [-0.609350383282, -0.73704046011, -0.748271286488, -0.779743313789, -0.789874792099, -0.75298845768], "dvar2": [0.00486087193713, 0.0039802538231, 0.00277115823701, 0.0015089494409, 0.000780039990786, 0.000734915025532], "min": [-0.976561188698, -0.974548459053, -0.976170003414, -0.973177075386, -0.965990662575, -0.96521294117], "var": [0.00791653618217, 0.00508713070303, 0.0053186295554, 0.00405055237934, 0.00255840155296, 0.00328715913929], "median": [-0.61029446125, -0.742070138454, -0.752079606056, -0.783547103405, -0.792311668396, -0.753514826298]}, "spectral_contrast_valleys": {"dmean": [0.426106929779, 0.355476915836, 0.301296949387, 0.263177335262, 0.218724280596, 0.229030862451], "dmean2": [0.691161453724, 0.563140869141, 0.477323412895, 0.397042989731, 0.315753400326, 0.326528966427], "max": [-5.36571550369, -4.61959934235, -5.26631832123, -5.81773376465, -5.6814827919, -7.64661026001], "dvar": [0.171271130443, 0.127356246114, 0.0910177528858, 0.0831715166569, 0.0755748599768, 0.101368680596], "mean": [-7.72222328186, -6.66975831985, -7.39202165604, -7.54733228683, -7.25633859634, -10.084025383], "dvar2": [0.335915356874, 0.249780386686, 0.167377069592, 0.131299719214, 0.107021853328, 0.181243613362], "min": [-28.3067512512, -28.1638374329, -28.1199302673, -27.6702404022, -27.4404182434, -27.4600315094], "var": [5.24989318848, 5.51884889603, 5.78623342514, 5.8985004425, 6.00998401642, 5.58814764023], "median": [-7.25195884705, -6.23407697678, -6.88361930847, -6.98171806335, -6.6467294693, -9.4139957428]}, "silence_rate_20dB": {"dmean": 0, "dmean2": 0, "max": 1, "dvar": 0, "mean": 1, "dvar2": 0, "min": 1, "var": 0, "median": 1}, "silence_rate_30dB": {"dmean": 0, "dmean2": 0, "max": 1, "dvar": 0, "mean": 1, "dvar2": 0, "min": 1, "var": 0, "median": 1}, "spectral_strongpeak": {"dmean": 0.706742465496, "dmean2": 1.20718550682, "max": 15.1150569916, "dvar": 1.08190321922, "mean": 1.16511881351, "dvar2": 2.77699375153, "min": 0, "var": 1.80182087421, "median": 0.578618526459}, "spectral_spread": {"dmean": 434579.65625, "dmean2": 616235.375, "max": 43175984, "dvar": 532864466944, "mean": 4940551.5, "dvar2": 798905008128, "min": 369670.875, "var": 14395284389900.0, "median": 4431977}, "barkbands_flatness_db": {"dmean": 0.0184169840068, "dmean2": 0.0277304481715, "max": 0.502476513386, "dvar": 0.00033617275767, "mean": 0.110581204295, "dvar2": 0.000720248906873, "min": 0.0228056497872, "var": 0.00533600710332, "median": 0.0901309400797}, "pitch_salience": {"dmean": 0.0740845277905, "dmean2": 0.120034076273, "max": 0.950272679329, "dvar": 0.00471969507635, "mean": 0.591095983982, "dvar2": 0.0117438072339, "min": 0.0841775089502, "var": 0.0119534032419, "median": 0.60205757618}, "erbbands_kurtosis": {"dmean": 0.515724182129, "dmean2": 0.832416653633, "max": 18.0807056427, "dvar": 0.54293692112, "mean": -0.19554528594, "dvar2": 1.30490231514, "min": -1.79295003414, "var": 2.64159584045, "median": -0.600083351135}, "average_loudness": 0.960907757282, "barkbands_crest": {"dmean": 2.6359064579, "dmean2": 4.32173490524, "max": 25.6376266479, "dvar": 7.30547571182, "mean": 8.35422229767, "dvar2": 18.9507637024, "min": 2.38456082344, "var": 15.5219993591, "median": 7.30689620972}, "hfc": {"dmean": 6.24462413788, "dmean2": 9.28783988953, "max": 129.304962158, "dvar": 64.104598999, "mean": 30.2242202759, "dvar2": 135.442672729, "min": 1.10917554927e-16, "var": 305.324462891, "median": 30.1511764526}, "barkbands_kurtosis": {"dmean": 2.11083507538, "dmean2": 3.35792899132, "max": 191.053451538, "dvar": 35.2807235718, "mean": 2.67351770401, "dvar2": 90.4551925659, "min": -1.84010243416, "var": 127.27658844, "median": 0.208672404289}, "erbbands": {"dmean": [0.085065305233, 0.794586718082, 1.89959788322, 3.71627378464, 4.98372220993, 6.87081766129, 7.30813789368, 11.7135601044, 15.84025383, 23.367767334, 20.1823368073, 34.9959220886, 33.877910614, 15.4500703812, 10.9554395676, 10.451007843, 17.2775688171, 19.8246021271, 31.0617904663, 21.9374485016, 18.6420307159, 18.0318260193, 14.7660064697, 11.0063362122, 14.9904088974, 11.4105987549, 5.82860946655, 4.2344121933, 4.18877649307, 3.64802956581, 2.49928212166, 1.83756709099, 1.06938791275, 0.700010955334, 0.446551263332, 0.189571991563, 0.0654088184237, 0.0159631352872, 0.00208841892891, 5.92606738792e-05], "dmean2": [0.14519521594, 1.32482779026, 3.27419781685, 6.27211666107, 8.13782787323, 11.4098310471, 11.9529390335, 19.0649318695, 26.0126113892, 36.7606010437, 30.9177684784, 53.8849906921, 52.2071609497, 24.4378757477, 17.6840076447, 16.6226615906, 27.4403934479, 31.4840278625, 49.7390022278, 34.7056770325, 30.7488689423, 29.466796875, 23.927564621, 17.8271617889, 24.0753421783, 18.1388053894, 9.40279102325, 6.83152294159, 6.82097148895, 5.87181329727, 3.83183145523, 2.78898310661, 1.56951749325, 1.02325320244, 0.640630364418, 0.275520294905, 0.0944433510303, 0.023349173367, 0.0031317116227, 8.90386290848e-05], "max": [1.99955964088, 20.3510417938, 48.1997756958, 78.6755523682, 253.053604126, 259.069824219, 423.843933105, 552.700439453, 414.136993408, 799.514343262, 1016.00854492, 1135.68334961, 1461.1081543, 1069.32788086, 435.814086914, 764.613830566, 810.147094727, 1149.87976074, 1120.46362305, 617.79119873, 707.198547363, 719.053527832, 683.418457031, 503.948150635, 377.381652832, 770.75189209, 203.006393433, 113.576057434, 215.569641113, 246.29006958, 147.571655273, 108.019088745, 73.8544692993, 62.3115615845, 42.7144775391, 14.6564407349, 4.69683790207, 1.0282869339, 0.108959458768, 0.00245410925709], "dvar": [0.0548482611775, 4.38728952408, 13.6439008713, 27.4984798431, 70.1309127808, 155.260681152, 262.220703125, 529.699279785, 756.340515137, 1690.2578125, 1746.22546387, 4231.16699219, 4325.70068359, 1234.92321777, 353.168792725, 612.797729492, 1552.65478516, 1384.19775391, 3037.08789062, 1588.83447266, 741.062683105, 663.657348633, 689.658874512, 299.577941895, 409.191223145, 330.448303223, 82.1629562378, 48.1281585693, 71.616355896, 60.5167655945, 35.2178993225, 19.8456478119, 9.32084560394, 5.21848917007, 1.76513838768, 0.304114162922, 0.0273683443666, 0.00140736997128, 2.38872180489e-05, 1.74687997401e-08], "mean": [0.0778818130493, 0.824232459068, 2.828592062, 6.35773658752, 8.49799537659, 9.98785877228, 10.6564188004, 18.8324680328, 25.0331687927, 40.0790328979, 33.9649887085, 63.0630874634, 63.9864730835, 30.8064670563, 19.7430858612, 20.689868927, 30.903169632, 38.7904968262, 59.8986129761, 44.9373245239, 42.3474159241, 40.6234321594, 32.2018013, 27.2662792206, 38.5623703003, 28.7013835907, 13.8010787964, 8.91069889069, 7.87182092667, 7.14912366867, 5.2022023201, 3.95934724808, 2.29317998886, 1.4980340004, 0.884277999401, 0.352507710457, 0.115752868354, 0.0257179774344, 0.00294880289584, 0.000111508852569], "dvar2": [0.14170396328, 10.7582578659, 37.4008865356, 73.8248825073, 168.781555176, 399.560424805, 666.104553223, 1337.7331543, 1916.36083984, 4064.63354492, 4020.17260742, 10332.8867188, 10258.7226562, 3038.49658203, 904.442749023, 1518.51086426, 3865.17260742, 3173.40161133, 7821.85888672, 4030.64550781, 1936.61645508, 1712.98498535, 1723.35119629, 744.592163086, 1035.24121094, 813.729248047, 202.89201355, 118.161170959, 169.383132935, 136.33795166, 69.7311859131, 42.5525474548, 19.645318985, 10.0675621033, 3.29836821556, 0.591145098209, 0.0541428625584, 0.00288325129077, 5.17822154507e-05, 3.78429518832e-08], "min": [3.72754132657e-23, 7.80676845672e-22, 1.31480287683e-21, 3.78793265521e-21, 1.48805252398e-20, 2.23684856465e-20, 3.2916418168e-20, 6.25451165185e-20, 1.10070765688e-19, 1.40761828901e-19, 4.10326949513e-19, 2.67224160704e-19, 7.54783077005e-19, 8.80734870349e-19, 1.1376146722e-18, 1.07559215289e-18, 1.89092702208e-18, 2.34524956288e-18, 2.6477873564e-18, 2.96711153968e-18, 4.63059553297e-18, 3.62560334876e-18, 5.07322815055e-18, 6.82603172677e-18, 7.28739419496e-18, 6.77083934117e-18, 8.61847090281e-18, 1.05094595498e-17, 1.0040180136e-17, 1.06305050248e-17, 1.11241291912e-17, 8.0678010526e-18, 1.019147147e-17, 8.3091483671e-18, 5.41342851134e-18, 4.39640043563e-18, 2.1414299852e-18, 1.02363011437e-18, 2.47702465603e-19, 2.61065471464e-20], "var": [0.0465895794332, 3.89648556709, 13.5367269516, 52.5700836182, 131.526382446, 227.199356079, 318.614105225, 741.352294922, 1158.6661377, 3479.64794922, 2977.35888672, 8388.30273438, 11158.7597656, 3214.53442383, 730.926330566, 1562.5456543, 3023.04833984, 3413.57275391, 6526.57714844, 3763.42724609, 1971.53796387, 1379.15307617, 1380.30114746, 600.014831543, 1399.3560791, 764.616149902, 141.873214722, 76.3224182129, 103.093650818, 99.4435501099, 69.9389419556, 41.4555244446, 21.1669235229, 13.4580812454, 4.09140014648, 0.585625469685, 0.0575685463846, 0.002850639401, 4.1352945118e-05, 3.01807361325e-08], "median": [0.00875755306333, 0.200181752443, 1.83688259125, 4.27610015869, 5.40483903885, 5.37003231049, 5.99575805664, 10.4244060516, 14.7123270035, 20.7251243591, 15.4355754852, 33.7079620361, 28.016582489, 14.7557601929, 10.5665178299, 11.1635017395, 13.2173500061, 22.9527454376, 32.4908905029, 21.7923927307, 33.0649414062, 32.6730461121, 20.6502304077, 23.5536079407, 28.8060302734, 22.7635726929, 11.7643718719, 6.9066119194, 5.56186628342, 4.85668992996, 3.34009122849, 2.56276273727, 1.33222413063, 0.759900808334, 0.423790037632, 0.153714984655, 0.0452839210629, 0.00768071692437, 0.000518587883562, 5.55191727472e-05]}, "spectral_energy": {"dmean": 0.00783907435834, "dmean2": 0.0123198684305, "max": 0.107251673937, "dvar": 9.56737494562e-05, "mean": 0.0294266343117, "dvar2": 0.00021924583416, "min": 1.01306853337e-20, "var": 0.00024305950501, "median": 0.0292886700481}, "zerocrossingrate": {"dmean": 0.0113535709679, "dmean2": 0.013122192584, "max": 0.52587890625, "dvar": 0.000209433652344, "mean": 0.0786756128073, "dvar2": 0.000246410141699, "min": 0.0048828125, "var": 0.00299670710228, "median": 0.07275390625}, "spectral_energyband_high": {"dmean": 0.000461204821477, "dmean2": 0.000683949212544, "max": 0.0168505366892, "dvar": 6.46694729767e-07, "mean": 0.0012917512795, "dvar2": 1.27579778564e-06, "min": 7.10548307742e-21, "var": 1.67877635